192 25 189 189
43 100 7 69
254 124 240 194
1 20 11 74
232 148 147 105
159 204 170 120
34 108 115 152
240 8 111 184
90 248 137 16
215 114 137 136
116 68 185 26
90 183 19 166
133 108 158 239
165 219 96 223
47 242 122 95
250 60 13 175
169 107 221 108
122 12 116 124
112 62 5 189
38 159 249 151
118 231 115 243
230 54 130 134
117 160 204 170
216 37 95 202
233 52 170 132
208 86 18 200
17 27 115 50
125 205 213 254
179 98 174 170
212 50 79 18
167 107 23 93
108 195 64 141
204 159 69 56
135 205 168 223
61 224 193 118
53 233 149 154
106 43 46 194
213 239 150 11
95 19 208 72
150 210 157 165
111 118 41 94
58 205 8 118
253 76 64 156
250 162 218 242
93 117 232 178
231 28 154 168
92 154 161 62
85 121 174 36
110 246 211 66
71 232 1 55
94 220 75 49
163 168 10 27
46 220 47 134
191 127 83 15
250 26 241 145
130 210 71 218
114 228 72 223
214 253 233 164
109 146 251 134
180 161 153 36
120 73 184 152
215 11 123 182
121 31 27 248
81 244 227 251
253 229 100 244
127 235 198 164
118 212 149 33
249 225 115 95
44 180 197 150
131 139 238 63
96 165 95 163
84 212 58 78
67 203 197 142
146 166 149 199
50 170 179 28
169 14 84 42
33 128 75 17
14 33 124 214
59 176 25 161
101 164 94 169
189 228 100 213
148 164 199 168
133 85 223 187
141 111 195 12
86 129 244 111
106 65 91 101
154 129 106 87
82 54 100 135
179 1 139 254
232 194 212 190
128 214 41 182
38 109 217 173
140 189 139 42
176 38 115 217
252 53 65 19
139 148 21 123
66 149 203 7
30 73 254 75
126 109 31 221
232 217 40 15
31 153 119 214
144 231 10 69
173 77 198 186
58 177 225 160
251 213 255 164
61 25 175 39
7 242 38 25
52 28 203 191
5 146 141 244
113 54 203 138
60 6 160 48
216 186 63 34
142 33 128 226
237 159 66 53
129 126 120 162
81 240 160 82
4 65 34 162
193 79 86 182
44 110 251 1
153 163 11 80
90 230 161 54
95 10 79 120
254 242 96 20
12 149 159 3
227 59 227 235
217 14 172 205
205 106 250 119
8 56 102 157
193 222 15 250
104 169 74 25
71 220 56 202
104 15 152 159
1 9 23 246
18 194 251 152
67 243 1 164
135 131 90 109
233 51 19 121
4 103 66 177
235 107 141 55
37 251 89 77
140 41 146 96
187 11 240 7
3 19 10 20
107 78 169 102
7 115 56 123
167 166 110 82
162 111 113 11
130 149 83 238
75 47 189 112
222 243 243 39
92 9 13 181
8 133 205 131
206 52 210 194
177 186 160 144
232 39 138 148
249 254 200 2
213 95 214 126
36 86 187 53
130 233 42 226
247 10 148 11
7 142 131 237
235 203 41 50
226 21 83 58
53 167 205 2
45 194 175 40
75 62 152 105
154 235 103 145
108 104 164 243
27 197 47 113
207 17 178 86
6 194 78 3
247 204 69 231
136 174 42 225
151 48 168 255
200 39 205 45
136 41 107 255
67 216 93 210
93 214 253 64
150 78 125 192
211 192 243 81
24 62 166 24
92 111 167 252
109 132 234 209
252 133 253 144
103 128 228 244
133 252 185 23
175 232 247 156
126 67 21 84
12 69 56 169
233 151 154 248
146 102 183 205
60 230 160 174
211 53 111 225
153 40 156 147
183 28 183 185
129 196 174 208
186 206 6 1
64 185 97 103
56 26 231 210
217 213 94 204
204 141 118 164
208 51 223 222
61 238 185 205
104 125 29 83
39 58 15 135
219 52 80 176
99 1 211 35
117 206 10 206
103 36 72 93
3 175 47 225
229 21 157 233
38 11 115 169
213 211 44 162
82 47 210 200
28 239 94 250
232 36 225 157
197 192 132 229
149 10 12 245
198 98 15 34
72 157 24 71
138 155 73 162
227 154 146 93
23 91 242 241
167 85 253 243
247 37 84 95
159 137 204 187
209 87 67 153
79 156 222 125
124 163 29 167
201 119 149 155
17 237 20 192
116 27 235 81
54 239 241 248
214 177 126 240
249 252 254 170
0 93 63 228
163 182 23 180
89 216 215 202
168 127 140 63
158 20 62 219
60 131 132 128
40 68 127 254
233 131 118 231
159 28 22 90
206 199 174 135
218 45 35 246
34 162 104 135
71 198 162 185
233 126 19 173
130 173 81 121
189 23 241 6
55 117 119 207
227 238 80 172
186 202 16 88
160 153 221 69
6 86 4 78
158 119 141 157
92 36 246 145
106 86 214 241
145 28 109 246
88 69 239 171
55 9 107 53
232 195 171 62
162 169 47 15
53 203 10 94
228 227 216 242
187 70 205 71
63 17 160 148
135 240 243 169
62 212 102 153
192 249 142 25
110 149 152 139
147 37 206 197
219 116 109 237
32 59 141 22
43 71 97 235
61 102 234 227
218 39 159 249
105 53 81 214
144 165 86 80
5 21 54 17
175 184 199 80
172 91 17 91
108 63 162 186
65 18 130 187
245 230 173 173
40 207 101 50
70 132 62 254
104 199 112 189
69 230 98 76
43 208 165 68
153 84 43 60
209 95 31 189
67 164 221 253
196 249 210 36
202 186 29 1
85 100 16 240
162 212 255 249
126 185 38 109
231 52 131 229
228 178 240 215
166 115 239 45
223 82 114 157
165 157 251 43
100 13 53 114
9 161 114 27
39 15 178 188
153 103 249 36
54 132 81 18
225 25 111 7
224 165 47 81
152 236 139 184
149 189 24 181
158 50 80 244
228 49 48 111
126 249 157 190
245 76 155 212
204 95 167 68
82 195 131 0
75 216 201 215
36 143 77 42
14 127 142 250
128 60 0 159
119 186 215 200
198 187 229 46
225 65 219 114
21 16 143 73
151 162 233 22
248 187 173 75
3 185 133 27
241 77 193 51
106 48 246 120
120 166 104 133
252 5 205 88
79 140 185 251
119 59 99 41
52 147 34 206
159 161 89 70
175 229 51 1
146 113 35 96
34 105 23 214
186 188 58 255
126 171 201 58
83 30 131 150
236 126 250 215
122 238 167 99
209 178 66 187
61 104 49 142
80 53 141 59
70 200 64 7
215 24 149 3
29 84 160 7
86 17 154 0
168 91 239 140
29 33 211 236
43 222 0 52
243 173 148 112
75 62 48 212
230 134 181 237
124 123 239 126
8 104 109 44
103 239 12 193
76 137 27 182
196 238 74 17
215 39 80 28
87 150 205 176
205 214 29 87
78 31 121 253
200 54 140 27
193 3 26 89
115 127 112 218
184 37 118 245
117 202 49 163
160 115 71 118
177 55 219 160
44 170 157 55
179 92 226 208
2 206 164 40
235 79 243 43
232 250 170 96
86 134 11 64
241 16 78 158
208 158 53 78
227 97 204 153
137 136 239 237
149 186 78 147
218 144 94 27
162 51 107 5
9 120 43 27
47 79 229 136
227 134 252 232
13 145 95 52
165 207 77 7
152 147 28 222
111 105 104 56
202 250 171 176
90 50 101 212
160 130 13 210
128 173 6 236
123 194 208 121
22 249 89 120
10 18 163 228
132 190 219 114
198 220 71 229
91 193 6 29
122 33 55 184
127 82 183 3
67 4 116 34
157 237 197 161
67 53 101 10
123 98 219 193
24 225 162 87
61 79 94 19
40 78 164 27
181 186 11 134
97 199 162 218
13 103 144 220
77 71 159 80
111 128 110 59
138 212 145 66
125 124 151 36
55 130 184 138
5 173 130 53
134 141 220 207
230 71 133 68
172 28 28 229
253 187 117 80
109 148 79 27
242 206 102 233
66 57 254 173
133 37 109 152
203 87 145 206
3 249 3 243
222 177 29 47
40 25 150 235
113 243 163 93
180 198 169 39
93 8 118 81
96 89 211 48
251 35 60 159
228 131 38 43
86 251 162 167
97 121 78 182
10 238 127 191
93 225 130 174
116 193 167 192
201 149 61 190
248 60 93 154
147 181 30 165
248 72 211 73
152 51 3 50
21 56 27 92
223 177 70 106
169 3 136 155
23 202 85 26
141 78 144 137
54 129 0 208
136 141 84 233
62 228 196 151
180 84 46 71
176 124 152 116
139 12 75 97
215 99 187 127
53 180 134 148
66 178 92 68
188 32 141 79
26 188 203 173
249 197 177 89
101 67 82 78
33 189 164 38
183 25 180 6
121 153 206 84
219 176 98 130
24 65 122 148
30 149 55 46
242 38 192 241
55 117 69 46
239 94 110 229
192 183 50 149
218 118 105 2
10 147 109 207
124 108 185 16
132 87 218 231
132 197 184 155
193 29 240 123
186 204 223 59
226 67 55 125
93 179 109 82
142 120 127 244
70 144 115 224
196 209 100 143
243 172 14 215
230 173 115 233
31 168 234 116
100 191 237 208
51 3 117 178
118 6 88 132
194 148 7 113
76 209 133 93
235 133 224 185
159 107 25 240
30 192 83 19
12 251 56 160
35 56 215 68
212 103 152 224
209 62 192 218
151 33 17 33
82 254 131 100
50 26 0 84
142 106 6 2
64 95 213 249
158 245 38 34
175 217 102 53
210 229 184 214
139 72 124 69
68 153 167 22
143 186 110 153
163 191 164 78
126 114 186 154
124 243 139 98
255 118 3 174
232 252 157 91
150 139 163 177
95 118 92 245
246 178 252 157
149 69 92 122
81 78 150 18
153 17 156 73
85 229 34 24
106 141 107 8
151 2 209 253
12 106 224 68
59 148 247 180
246 113 108 66
255 88 110 69
181 137 19 172
214 68 107 2
184 116 199 226
59 251 136 131
92 162 185 80
175 115 37 185
18 163 114 50
156 197 79 231
59 20 27 222
121 214 116 144
181 138 132 145
201 202 127 107
10 201 152 110
60 8 66 38
243 141 178 130
126 159 5 157
60 184 80 223
235 248 2 99
126 191 135 112
196 193 162 124
203 110 34 203
67 213 134 229
146 48 3 28
76 119 45 223
140 219 103 43
65 98 81 219
59 118 7 194
105 166 59 226
43 202 68 204
248 150 216 82
148 206 247 172
53 33 147 101
5 218 165 76
181 152 78 100
217 121 99 39
21 100 151 221
167 239 165 93
105 77 79 39
199 141 23 98
1 231 182 44
35 189 226 130
37 64 2 72
93 50 119 254
224 248 151 84
165 40 53 15
8 106 217 36
34 32 39 188
200 149 144 87
22 121 178 108
121 115 30 212
251 180 139 169
199 195 215 68
218 126 233 249
5 121 34 3
243 132 23 11
176 119 205 136
118 7 123 69
20 64 105 114
255 75 148 130
59 71 46 232
3 95 222 19
12 181 34 147
229 121 78 213
153 225 4 41
229 153 143 128
80 171 251 90
20 118 16 191
72 8 107 206
232 173 116 13
121 209 51 96
65 206 223 49
64 143 156 68
224 76 163 26
206 67 228 63
161 53 134 255
11 164 228 41
46 84 188 140
66 198 26 43
190 187 155 204
163 146 70 66
23 252 75 136
102 115 18 30
243 157 226 95
145 159 64 44
54 6 154 212
127 100 4 132
161 126 75 24
35 147 233 74
0 230 159 228
62 22 16 28
168 113 100 224
83 156 81 198
255 112 71 128
222 139 77 80
139 87 62 31
99 11 89 35
34 144 252 40
173 115 216 207
162 17 133 56
122 101 245 53
98 18 0 181
209 214 200 48
176 185 142 170
175 106 205 165
157 105 38 162
188 106 222 67
136 67 145 123
107 109 204 120
92 34 54 30
22 142 197 30
254 124 67 25
59 213 53 228
20 114 150 222
130 237 154 13
57 174 126 209
93 14 1 204
57 17 160 43
50 48 122 244
244 83 221 67
46 24 211 169
85 87 111 146
176 45 21 51
88 97 216 147
181 203 84 68
126 64 14 41
30 36 5 46
82 250 39 22
120 169 233 73
109 241 119 229
79 192 162 119
131 9 177 153
67 133 227 52
239 247 199 68
99 97 127 118
52 97 103 233
104 5 7 129
59 116 74 138
178 37 48 31
79 75 113 70
2 72 36 186
190 181 89 148
57 3 63 191
79 250 211 163
236 85 26 118
138 242 187 54
115 43 117 68
83 234 159 48
251 201 193 35
37 84 92 140
145 159 229 171
88 33 127 177
138 234 114 211
166 199 94 66
173 165 7 18
174 218 161 50
238 27 65 76
179 20 135 96
223 90 15 29
13 131 164 36
213 172 29 247
15 82 55 190
255 164 186 87
248 51 254 203
48 121 236 143
224 81 63 87
152 238 246 232
75 147 80 170
86 175 246 98
166 219 238 155
155 108 26 180
28 21 73 7
96 153 143 85
169 227 235 251
246 33 235 151
105 169 107 202
83 94 237 200
138 220 15 203
1 240 145 157
54 248 110 28
143 38 91 88
132 229 0 169
87 33 31 21
162 159 251 50
122 75 163 164
205 4 208 83
173 14 218 185
80 239 45 20
154 129 191 181
163 99 108 3
252 250 166 210
61 180 103 186
29 155 235 201
117 179 80 64
213 127 176 42
227 67 68 44
167 199 111 10
48 207 159 23
210 64 121 171
128 84 120 182
191 176 61 219
31 107 165 68
236 166 223 180
128 208 123 127
133 1 142 178
17 190 184 223
132 48 240 33
166 63 94 141
45 91 69 53
118 140 85 160
129 208 32 207
46 112 208 12
134 7 252 140
58 154 55 177
112 125 13 59
61 50 129 113
215 23 76 229
120 249 38 238
243 200 227 180
76 88 211 118
96 91 73 0
225 5 139 58
223 80 142 168
50 120 140 152
13 123 9 4
62 171 237 216
147 22 147 236
88 246 237 130
238 58 71 111
108 214 229 237
126 139 217 247
19 33 174 223
72 56 55 187
197 214 212 181
132 204 63 144
18 55 242 144
98 232 158 71
196 78 151 110
173 178 34 128
179 6 51 87
28 196 144 32
223 89 141 43
214 245 88 254
181 212 200 251
31 99 232 9
16 190 147 106
197 206 193 29
31 186 57 97
169 40 124 40
208 227 38 101
191 128 162 98
223 22 76 1
248 116 193 55
3 168 247 234
72 37 135 215
185 238 212 122
114 163 187 36
69 209 117 47
59 1 36 224
195 152 6 87
4 181 148 120
91 229 188 191
74 91 141 75
164 108 23 103
195 230 186 94
142 212 232 223
178 98 220 233
17 243 92 204
112 215 133 20
137 149 198 73
228 75 220 208
18 249 182 143
158 27 1 184
197 138 213 219
85 180 134 122
176 80 40 218
32 160 77 47
255 65 155 60
15 158 140 187
136 223 103 211
104 23 118 49
173 165 91 249
152 240 142 96
220 51 166 16
1 233 55 72
86 60 20 6
97 176 11 190
133 25 51 77
184 205 224 129
142 159 15 245
66 107 194 158
113 10 119 86
222 67 114 8
181 80 161 14
211 63 2 145
32 17 221 28
161 113 130 31
19 60 73 0
135 9 172 226
121 238 12 240
10 181 66 190
182 247 194 142
130 95 84 83
82 111 197 225
157 209 123 171
150 108 13 20
59 243 120 249
60 77 232 63
79 69 170 29
202 171 194 176
48 81 214 10
25 244 202 31
29 180 160 203
130 127 183 27
17 101 242 136
31 158 121 39
150 220 143 32
252 85 8 144
223 135 227 82
73 179 90 162
45 72 173 89
218 134 157 233
241 171 31 125
41 147 229 210
185 35 169 79
16 29 30 118
195 217 249 236
68 178 83 215
205 22 47 96
39 72 48 194
118 82 169 174
177 184 130 130
60 208 175 99
127 68 254 160
10 188 224 96
220 254 34 134
197 139 92 247
206 1 239 138
39 119 154 44
233 191 190 7
66 150 184 112
55 112 124 82
159 39 52 95
55 243 67 90
233 133 23 248
156 116 100 154
108 227 36 254
3 203 151 22
69 54 80 54
36 94 20 172
127 199 248 44
229 112 217 224
252 50 182 234
43 108 103 30
233 177 164 37
176 96 204 30
242 1 165 130
196 148 105 131
43 117 1 52
0 174 74 53
129 244 57 231
11 27 143 121
249 142 188 47
209 68 31 11
179 179 63 139
131 252 219 98
135 139 161 133
117 44 8 249
0 9 9 49
207 106 12 254
33 65 73 58
42 234 244 213
91 122 229 7
41 59 111 63
140 131 169 106
128 74 107 66
178 71 113 131
142 126 222 217
172 215 81 103
246 211 65 11
52 119 16 87
185 54 168 75
102 53 78 203
33 51 81 13
17 18 8 241
231 236 176 231
31 47 235 231
215 65 8 151
100 207 77 185
83 132 35 157
203 93 9 163
44 178 165 204
99 188 212 236
161 24 37 76
29 98 129 71
6 144 126 64
34 65 183 160
167 80 89 87
84 120 3 31
208 30 29 195
136 65 81 136
120 238 9 16
129 168 25 233
32 132 129 123
117 113 239 55
14 97 156 75
233 56 238 38
54 120 217 143
80 235 222 39
157 123 91 58
86 146 13 114
8 79 238 86
161 227 237 213
196 78 180 186
107 209 236 81
106 25 105 138
72 109 58 245
181 93 116 105
146 11 136 102
57 228 91 246
140 27 163 251
211 95 6 231
242 251 56 66
17 86 10 237
88 216 18 53
124 118 10 59
44 242 49 1
98 164 207 254
173 11 90 167
246 101 94 216
146 125 109 218
31 227 98 119
171 129 205 171
92 132 36 158
181 157 74 76
151 37 130 108
253 132 111 54
192 94 186 192
109 122 253 53
193 28 62 5
183 82 175 239
69 69 105 236
230 82 163 47
175 254 138 80
0 184 178 172
205 97 35 198
20 187 212 190
201 12 222 52
162 191 93 173
77 97 212 91
237 91 222 135
221 56 222 179
86 179 14 19
47 16 30 6
97 62 21 16
153 138 230 105
20 247 135 253
96 86 153 217
156 249 236 101
152 203 232 156
136 235 228 196
55 106 38 187
52 187 7 122
8 51 228 120
118 174 39 30
42 123 121 57
197 224 151 6
254 112 87 148
209 243 121 230
157 20 155 31
72 252 217 166
71 3 33 254
67 77 146 223
183 47 10 124
66 241 124 166
124 202 33 53
83 32 36 209
97 195 36 14
127 66 130 192
226 166 10 233
109 212 50 225
216 253 37 43
243 187 104 183
197 163 221 170
46 135 214 231
249 16 65 67
96 178 45 96
160 54 244 39
58 17 37 182
21 142 145 74
151 68 57 99
153 101 57 17
67 231 120 143
249 59 115 99
71 177 182 48
130 54 124 185
80 64 242 185
27 196 135 156
57 192 123 120
138 44 232 36
133 219 222 147
170 93 194 208
108 70 230 82
23 176 160 62
73 164 20 9
106 155 156 26
230 79 170 217
219 13 247 131
220 31 97 30
12 241 182 199
107 96 99 166
61 73 179 224
188 157 134 107
88 148 177 33
57 48 205 70
137 81 150 157
146 116 151 142
219 67 119 84
120 138 32 4
195 201 203 157
49 59 206 89
1 250 247 37
237 11 64 77
78 117 21 178
162 228 157 193
211 33 195 76
159 129 75 0
212 195 216 16
118 219 252 103
74 125 159 4
232 27 100 80
221 125 136 11
212 236 128 192
124 157 129 79
134 80 229 91
206 179 210 236
147 95 95 38
226 69 171 111
65 33 117 187
27 247 200 110
78 251 246 186
202 192 59 66
245 3 4 88
253 217 253 99
241 3 162 134
143 96 161 120
178 77 6 197
21 205 109 108
245 155 239 18
121 106 64 175
38 22 36 244
214 137 196 235
187 35 12 3
66 95 197 80
34 54 150 95
211 225 209 117
180 83 50 127
33 193 150 175
2 73 215 253
141 56 77 36
109 244 225 1
80 199 152 108
122 135 80 247
182 220 98 35
52 206 32 63
202 178 197 216
98 26 210 63
15 69 95 94
140 94 94 68
6 227 199 48
90 247 109 57
78 233 150 40
201 45 205 42
202 214 157 115
112 70 6 9
242 58 202 133
96 174 219 235
112 154 7 232
117 1 176 144
241 154 241 104
53 40 248 59
209 74 215 80
111 191 24 166
240 245 112 177
214 65 65 63
30 130 135 252
227 128 81 237
124 101 244 164
229 84 199 186
93 86 240 201
194 30 134 31
180 220 120 40
113 104 234 89
132 155 187 82
123 68 34 7
25 71 86 147
245 113 95 73
195 169 1 207
244 184 222 193
102 255 213 103
32 19 212 100
58 209 96 11
192 47 107 154
244 172 191 52
2 252 212 59
34 110 1 66
116 205 154 241
245 243 148 52
117 68 121 25
213 27 246 88
228 127 110 6
7 14 30 197
235 14 219 222
48 46 0 215
7 69 199 222
38 29 248 243
78 240 38 245
155 69 166 162
32 160 246 173
248 212 109 16
73 251 196 9
169 249 53 32
242 144 49 205
43 176 110 65
53 36 143 247
52 208 64 150
165 51 34 68
128 25 5 108
26 4 178 68
183 20 248 191
25 243 201 53
236 48 217 248
94 152 238 18
12 112 251 31
44 98 223 251
228 122 76 221
207 65 104 125
184 104 245 25
127 53 255 210
129 88 177 209
90 91 140 19
167 103 78 21
20 130 124 114
152 44 150 167
171 170 230 124
115 199 12 248
120 28 10 49
43 137 79 137
145 206 102 41
186 62 249 66
61 218 194 115
190 135 51 255
216 249 210 251
61 123 14 151
61 146 42 178
58 86 155 207
13 98 169 37
209 249 238 15
99 105 173 222
125 24 154 192
39 216 49 225
214 166 200 247
187 252 44 167
121 251 84 91
51 142 66 71
1 19 227 106
195 27 229 10
119 31 44 114
70 5 152 249
160 178 222 160
255 168 195 167
229 9 28 15
242 155 28 211
148 184 180 28
122 138 114 103
107 15 158 209
248 54 191 64
145 1 240 240
61 176 159 232
102 147 91 253
184 32 107 91
85 199 5 253
87 221 164 87
252 70 221 194
83 97 213 213
194 208 115 217
255 18 235 23
221 249 215 252
61 56 108 78
120 44 129 157
137 83 114 201
87 115 124 189
118 19 182 230
209 1 61 56
16 17 40 101
231 116 61 131
153 122 195 149
251 69 123 61
171 158 77 6
32 51 82 29
124 177 162 74
208 83 179 104
191 116 35 173
44 96 149 107
118 179 91 9
218 151 211 182
112 151 103 169
171 103 197 203
121 243 23 121
120 51 112 200
242 253 67 24
176 238 214 255
143 27 12 52
46 204 165 151
173 156 136 73
120 220 84 193
74 119 219 220
62 95 20 83
139 161 123 189
195 104 196 2
229 69 77 216
205 47 162 59
123 122 221 118
60 111 103 33
242 35 132 154
37 84 107 101
218 209 172 41
120 137 139 75
252 201 113 174
137 238 77 120
211 207 106 45
200 187 38 6
84 16 14 85
9 29 241 148
164 73 240 107
187 197 198 47
147 103 187 34
172 176 76 40
136 224 215 7
128 225 151 72
193 138 130 234
99 54 125 40
103 104 90 218
127 169 136 151
113 36 108 47
160 98 144 200
123 127 64 116
61 254 46 74
61 97 83 62
67 230 216 10
212 243 136 73
228 202 196 55
42 157 144 149
222 129 220 24
206 167 117 60
150 74 253 55
64 229 26 188
166 192 147 63
44 26 4 102
198 158 94 226
176 113 78 89
55 179 182 176
36 144 156 159
80 91 34 196
8 177 8 250
162 210 218 48
194 217 80 74
37 188 41 140
113 25 47 122
242 132 212 114
62 198 24 252
234 29 234 1
140 103 175 143
110 197 162 74
244 117 20 106
138 76 100 218
216 11 48 85
231 216 61 85
193 155 46 10
112 120 50 9
169 203 247 56
4 74 22 143
149 19 57 167
109 240 184 252
19 187 143 99
233 235 81 39
120 69 102 36
233 224 70 15
75 111 85 11
97 161 255 132
51 156 169 149
126 120 39 187
207 26 217 218
132 151 149 224
23 8 107 219
212 147 220 200
57 172 95 178
99 129 182 91
107 117 37 18
169 128 105 167
154 208 67 201
124 31 77 56
50 145 64 177
112 114 48 191
224 7 25 243
243 33 240 63
88 224 163 105
72 117 141 220
41 2 194 177
4 95 24 38
71 15 137 68
177 208 45 231
50 138 194 26
17 169 151 44
191 249 233 165
248 147 144 23
179 107 192 100
112 147 26 234
101 97 235 38
94 108 16 150
140 202 99 50
173 145 200 198
89 223 199 85
110 55 45 76
208 171 81 69
1 178 5 28
236 108 198 96
27 241 12 251
200 255 177 27
205 4 118 51
200 192 46 177
56 56 117 226
196 225 16 115
149 250 238 176
155 42 53 247
26 178 208 12
231 188 222 87
242 167 228 229
189 30 23 225
149 15 55 126
208 70 225 201
185 115 191 161
142 92 223 220
111 104 217 173
223 216 231 136
65 72 245 206
236 171 43 180
237 151 115 161
116 81 226 152
1 198 50 47
187 245 15 187
161 8 178 162
247 64 163 53
95 201 252 112
238 135 210 89
224 52 108 132
188 206 43 74
96 166 26 193
165 18 22 34
124 55 35 177
233 77 61 238
116 77 97 12
31 42 155 46
243 236 235 254
194 67 127 217
99 161 39 245
166 88 62 193
222 149 149 234
222 34 209 141
38 251 155 187
48 59 167 28
57 198 217 76
17 218 90 93
171 163 175 214
233 20 16 166
230 160 217 43
184 91 61 88
212 241 156 23
241 39 92 96
67 174 52 244
77 45 115 147
180 224 87 34
176 110 69 239
26 147 191 15
237 161 46 83
168 192 132 12
247 143 158 22
197 157 221 149
194 162 22 75
55 253 15 220
26 64 40 96
234 213 48 205
175 41 48 236
198 124 97 248
47 49 142 136
237 216 75 243
62 104 167 57
99 30 41 243
56 237 156 121
191 156 108 3
72 66 105 171
176 148 95 61
83 6 214 239
56 60 193 236
10 48 227 14
99 2 209 224
163 144 135 213
220 160 117 87
103 122 47 143
53 172 80 36
139 44 20 190
90 47 15 14
199 206 7 144
224 238 186 244
72 101 40 194
100 21 194 85
133 131 76 25
72 129 88 108
33 251 201 237
127 157 32 116
71 142 102 94
247 186 31 82
80 192 208 55
173 33 2 54
41 229 11 228
235 104 207 229
47 201 9 128
235 35 140 181
148 133 201 152
252 144 45 14
119 165 45 116
207 112 102 6
123 204 236 19
55 123 8 159
10 183 101 228
155 206 64 94
58 209 63 117
166 131 144 12
184 114 6 54
224 246 150 177
81 108 22 240
239 74 132 242
165 195 21 200
98 160 142 82
66 43 244 218
104 184 238 4
148 150 102 192
118 2 215 88
10 82 73 109
247 253 246 238
136 227 176 151
210 37 165 97
167 229 29 194
35 133 22 205
20 1 111 6
203 209 217 43
234 250 193 52
34 105 92 26
54 40 26 69
56 10 199 100
98 10 125 40
187 8 89 59
71 27 96 5
236 87 233 59
118 15 91 120
36 235 110 193
36 72 104 222
39 153 61 76
104 188 175 125
194 58 242 203
140 197 192 222
129 173 191 169
19 120 175 83
148 80 65 77
28 233 140 179
98 105 76 199
37 183 105 10
71 191 176 148
75 79 151 216
73 137 29 189
20 57 99 113
53 225 105 19
20 175 117 92
191 56 251 232
172 127 83 33
64 24 217 222
37 153 84 253
127 4 223 130
3 21 51 135
247 180 227 160
205 198 0 172
255 238 184 8
40 22 27 183
207 64 17 241
166 197 200 42
159 84 130 250
120 26 78 216
143 88 112 64
120 234 158 240
32 71 68 230
56 68 147 97
80 209 143 120
91 31 164 134
47 152 137 46
132 216 146 56
111 120 24 34
248 51 171 48
218 228 191 46
229 215 186 215
220 90 226 39
217 168 234 10
5 33 218 88
162 83 50 193
127 189 159 167
152 82 210 230
93 236 27 208
37 167 184 242
170 32 31 35
166 197 59 124
23 119 110 185
50 49 175 17
207 231 25 30
136 243 157 192
2 41 139 82
143 232 7 70
252 69 195 181
137 80 42 234
82 53 215 144
139 29 93 196
232 131 85 195
175 121 227 65
87 175 130 86
219 228 167 167
11 35 182 107
12 159 83 222
114 51 4 61
166 117 5 213
195 57 130 218
6 17 110 3
175 253 193 135
161 113 181 246
155 230 255 32
154 105 0 81
154 86 159 56
175 214 214 211
244 16 75 32
245 161 110 114
29 3 77 41
46 192 3 189
107 227 164 206
212 247 230 225
17 242 8 199
6 86 72 53
17 98 87 50
143 38 235 222
19 48 48 96
76 9 136 212
126 127 12 104
167 19 187 195
110 202 78 106
63 111 31 55
142 228 233 193
242 40 122 106
116 105 174 37
200 255 154 149
110 76 140 213
185 185 230 232
6 22 239 9
170 40 89 210
92 158 255 43
252 141 250 240
247 200 86 73
189 44 140 133
110 41 184 231
41 176 63 163
2 125 182 230
59 3 73 69
48 192 46 204
165 134 201 141
124 39 248 201
168 15 112 125
144 83 41 223
182 165 161 16
110 226 3 251
16 26 115 139
225 29 218 142
206 147 140 11
36 41 30 148
152 11 58 12
69 94 4 8
83 26 10 161
134 60 204 23
95 198 175 206
43 151 189 220
15 181 101 31
210 56 19 80
200 249 243 149
5 53 240 103
21 4 85 131
152 58 103 109
60 117 27 107
220 94 134 139
67 188 57 32
89 244 38 111
166 75 21 143
77 23 118 79
102 145 104 140
32 35 194 69
238 202 13 174
202 127 215 223
230 60 14 211
71 163 125 191
62 1 240 223
61 201 29 10
134 210 23 215
214 220 51 226
228 236 150 43
246 145 174 121
16 188 233 195
249 243 31 216
152 78 241 167
182 165 154 206
237 106 99 100
158 170 181 65
190 126 57 172
67 176 232 51
235 195 175 0
72 94 90 52
126 51 112 58
224 103 213 149
60 82 115 212
184 95 220 160
21 222 26 14
52 164 102 83
0 207 253 151
90 202 231 97
119 222 99 171
231 169 41 49
157 102 149 247
123 239 86 230
121 38 65 237
154 240 18 80
163 211 92 180
22 19 147 121
101 71 42 84
82 206 91 32
3 178 20 71
59 181 13 54
92 9 185 139
223 140 122 162
163 205 98 187
162 52 37 23
90 139 254 40
144 57 145 248
59 220 109 136
188 14 230 163
81 128 170 71
142 182 77 182
150 46 207 229
80 119 4 117
139 245 80 19
253 201 58 190
149 148 132 19
0 11 1 179
78 109 103 146
29 169 149 204
102 104 151 96
5 33 158 195
110 146 249 32
90 199 237 247
94 205 244 40
71 146 11 37
76 61 159 179
238 153 197 75
235 149 98 232
253 98 7 199
109 29 30 215
134 243 209 58
6 206 220 6
173 155 182 12
68 223 40 39
192 124 22 58
159 70 84 134
137 78 166 138
200 163 96 95
134 45 52 43
191 134 165 106
226 252 45 120
193 79 245 212
88 225 88 158
7 45 51 169
141 199 65 76
156 213 52 222
96 219 195 147
189 189 135 25
30 112 210 167
158 171 150 43
204 205 231 151
54 175 217 205
4 11 196 53
101 130 234 251
243 172 31 67
101 236 174 40
54 74 158 225
9 216 154 25
177 148 178 29
255 192 32 194
234 15 237 221
216 83 54 151
136 6 182 181
240 104 11 108
235 27 88 192
197 190 158 166
231 56 25 73
130 35 127 139
165 239 75 130
46 190 31 225
189 107 12 253
44 69 131 241
227 93 134 133
219 2 143 184
24 215 248 148
231 70 89 121
223 62 38 163
125 211 93 31
230 129 9 234
250 70 114 16
173 47 197 112
99 22 100 107
50 255 101 25
187 197 143 18
121 244 200 54
221 203 69 125
198 96 222 195
149 72 205 19
162 58 136 85
52 147 129 168
145 247 195 130
60 31 163 184
243 57 85 208
109 132 29 237
217 155 100 113
249 174 13 71
146 123 85 150
201 36 145 222
125 236 31 130
11 96 27 1
79 214 106 218
157 163 176 48
154 150 103 8
31 26 184 173
33 65 48 63
54 131 27 14
136 25 139 144
68 246 222 59
228 198 10 200
115 241 98 170
119 7 220 161
105 111 2 172
25 243 195 151
107 91 146 143
134 114 250 237
70 157 176 161
213 220 218 176
107 191 73 155
34 214 207 210
223 38 114 240
192 190 140 81
149 98 91 220
159 159 190 7
3 220 127 169
125 0 129 17
147 146 144 169
91 27 149 25
246 87 115 225
235 100 145 231
41 58 145 136
178 140 239 156
185 37 178 175
0 104 96 217
239 119 81 255
30 27 213 129
254 149 248 71
212 159 38 157
23 127 79 120
54 53 151 219
49 20 67 160
135 184 220 19
148 43 140 40
188 41 20 104
205 185 178 226
127 252 172 41
37 117 209 127
204 181 245 97
127 180 0 23
49 119 97 224
227 105 155 197
73 133 138 0
116 244 150 154
4 143 192 62
163 248 214 174
224 172 21 250
74 34 27 251
163 204 124 90
52 223 71 109
21 51 207 33
208 75 211 145
209 231 172 10
153 170 226 93
51 111 217 139
237 127 174 184
187 120 155 40
11 212 203 24
153 18 155 174
224 70 229 181
110 35 244 250
133 255 240 240
62 84 63 156
74 210 63 76
194 165 181 173
22 118 28 18
176 204 208 34
132 191 174 77
49 108 157 254
172 103 1 126
12 149 204 157
81 180 172 40
152 207 83 117
26 163 207 87
130 36 8 242
50 13 183 128
124 104 218 30
103 64 255 90
76 84 105 196
64 74 203 51
144 193 203 233
183 139 96 129
228 215 145 20
38 208 78 45
240 96 69 191
113 91 168 122
249 119 143 109
187 205 208 140
182 176 201 0
89 211 22 49
30 168 254 226
160 54 247 191
246 34 23 43
26 107 170 14
15 139 210 251
255 158 139 13
24 48 224 221
189 149 29 247
109 242 125 126
47 53 230 170
82 38 242 244
129 93 16 231
217 160 116 17
162 197 92 142
7 73 78 238
8 183 67 73
88 184 103 163
93 62 95 99
208 160 242 36
70 63 117 101
13 84 141 155
103 244 116 201
40 133 10 113
213 201 254 167
103 87 18 155
190 234 112 26
84 129 219 136
253 224 246 178
103 198 238 141
63 214 19 189
48 27 68 89
143 236 2 180
254 160 1 254
121 109 85 155
47 97 134 243
244 100 55 208
231 246 180 250
20 231 22 134
24 238 61 187
180 123 241 121
108 70 21 3
119 133 244 218
137 133 32 100
192 195 139 226
240 67 194 66
161 236 14 30
91 5 197 164
25 36 228 2
58 141 78 153
53 202 71 174
157 234 140 181
130 187 107 205
129 65 79 12
129 57 22 150
160 167 137 122
46 18 60 200
168 199 110 240
71 110 114 135
40 77 166 38
2 112 180 65
254 92 45 31
223 21 8 206
123 233 155 84
35 13 22 89
116 208 100 59
89 53 161 211
203 21 115 8
220 235 137 3
64 146 133 80
51 231 94 98
127 176 62 132
152 91 42 150
10 252 9 31
144 43 128 115
217 242 61 112
155 143 3 222
158 97 12 3
190 128 112 62
203 157 246 84
234 209 64 229
6 48 89 112
2 117 248 27
77 228 198 100
41 58 192 111
58 0 115 116
152 168 140 201
107 141 10 252
43 217 80 242
123 164 147 153
25 117 106 142
232 156 211 184
180 169 246 223
9 23 2 98
44 222 100 15
180 241 34 96
146 174 238 224
215 81 200 87
23 99 142 183
112 107 69 78
237 97 77 35
90 207 179 248
237 41 221 120
97 222 136 7
100 200 231 67
6 64 164 87
85 127 47 202
179 22 162 58
48 213 47 132
149 65 105 127
182 117 10 167
247 61 62 181
135 82 14 242
154 187 170 171
214 99 90 248
91 73 138 108
197 203 226 172
79 38 203 114
98 202 129 38
123 175 37 180
229 21 4 145
61 237 32 54
79 37 174 107
175 53 239 16
200 2 37 156
46 54 233 127
119 63 124 131
17 62 112 100
30 254 70 199
221 145 3 60
235 187 136 95
166 123 198 72
158 246 7 131
160 78 77 51
192 94 157 6
206 69 127 143
195 7 103 248
183 96 46 127
42 26 125 48
129 47 253 252
146 224 190 193
241 31 19 251
126 126 139 78
191 86 111 202
163 133 139 195
167 70 223 191
117 43 92 26
216 227 105 146
210 237 169 142
221 107 179 43
240 173 242 212
20 1 238 164
145 58 87 157
41 119 229 111
93 99 180 216
200 160 45 35
104 169 218 246
65 108 97 204
237 189 0 188
203 42 69 155
70 216 164 149
162 39 5 37
217 164 1 70
111 156 128 76
51 232 148 220
234 29 200 108
39 8 51 163
73 238 67 12
54 15 200 121
242 187 177 253
183 214 138 135
36 29 0 181
74 237 178 78
136 15 36 88
125 140 34 8
170 236 237 86
78 132 145 193
25 66 101 88
35 12 28 181
214 226 61 155
162 187 117 79
47 63 98 105
35 242 121 91
103 13 2 95
34 218 8 230
163 241 132 22
79 55 236 35
31 131 202 40
144 72 186 84
35 122 221 3
106 67 144 134
3 26 176 91
31 127 159 150
58 171 164 199
170 222 132 41
137 216 127 247
34 240 211 111
55 65 126 79
228 16 135 229
77 245 128 156
248 87 97 96
133 104 36 250
5 44 198 138
60 163 167 232
51 55 16 222
108 21 1 219
83 184 77 95
232 146 135 10
86 154 45 196
213 189 207 32
86 64 141 235
227 250 161 162
179 163 31 64
44 200 3 179
147 253 245 220
11 166 84 235
8 187 153 2
119 79 88 67
196 22 59 188
119 203 43 251
236 41 148 110
213 150 135 130
251 85 61 36
14 171 188 6
84 75 201 148
4 230 216 115
94 81 226 136
212 17 127 88
160 173 86 8
85 85 106 135
114 226 1 125
73 26 77 248
187 109 197 100
67 157 82 128
158 212 246 74
142 139 86 73
123 219 252 119
48 66 3 74
223 36 204 101
86 100 35 96
184 115 40 46
242 27 84 158
242 100 192 37
92 96 185 181
228 213 229 94
227 182 63 79
89 75 248 184
75 99 203 89
110 214 78 46
232 179 121 41
49 81 229 57
158 221 51 171
150 119 143 253
155 107 231 68
127 170 176 18
222 207 153 5
81 117 185 19
28 177 30 192
194 136 213 190
233 234 81 99
199 148 197 138
36 58 140 86
205 16 146 83
176 137 50 100
188 103 11 209
2 78 107 23
23 173 245 10
78 81 102 29
212 126 80 25
107 182 145 159
1 10 16 149
202 251 204 63
17 54 154 52
75 104 247 216
61 80 43 132
131 98 135 7
41 140 238 54
221 131 99 198
200 182 5 210
217 62 177 31
18 138 50 80
202 77 70 163
23 113 91 190
108 30 119 120
15 167 143 105
10 169 40 125
104 133 239 49
157 183 205 178
180 202 104 35
188 210 233 12
17 166 239 235
46 59 244 236
188 203 84 154
216 153 17 174
1 164 117 185
91 234 196 123
128 200 152 165
106 44 201 16
96 158 54 179
140 196 252 243
45 111 60 90
71 69 62 212
197 245 220 228
104 27 109 201
227 208 92 160
24 69 238 131
8 26 107 240
130 226 51 139
55 184 155 60
178 176 199 102
158 177 76 117
74 32 78 192
189 174 68 203
87 159 33 7
51 127 64 145
91 232 9 228
173 138 215 147
223 176 227 222
168 51 38 63
175 218 53 22
231 172 164 92
250 115 87 166
168 62 178 36
8 114 185 137
20 8 227 26
147 114 13 137
201 227 103 71
120 21 113 48
237 47 147 67
244 125 64 56
240 121 114 123
98 210 9 122
187 1 13 42
151 176 227 38
149 208 157 41
51 91 143 176
54 56 209 67
45 22 221 30
143 143 11 209
47 117 53 226
241 130 61 168
92 160 174 154
78 10 97 97
34 231 66 235
244 143 30 53
105 28 172 37
118 122 4 113
104 115 185 59
128 15 133 134
8 166 238 143
193 19 29 90
205 211 135 4
193 112 10 98
235 31 46 21
143 10 189 100
28 153 34 86
193 117 192 6
5 82 231 156
99 100 84 170
201 108 146 180
239 16 9 170
213 190 123 93
244 64 22 29
16 80 113 4
112 195 13 6
215 147 7 213
80 134 233 100
175 131 145 107
218 70 2 28
64 142 217 200
187 144 140 85
97 74 243 237
196 196 202 131
7 69 209 231
175 5 19 100
107 232 5 179
108 137 4 216
208 165 26 94
32 51 6 34
228 14 27 156
57 214 60 66
194 35 210 3
127 5 118 119
171 232 232 45
17 173 200 176
239 197 102 31
120 105 99 76
203 3 251 195
106 131 95 43
154 45 90 251
60 135 223 165
121 147 65 182
224 36 202 180
40 66 179 254
20 228 102 224
43 7 246 29
219 0 219 244
25 159 236 148
228 27 179 95
212 24 62 85
117 207 104 173
182 54 198 8
59 154 195 227
191 144 26 14
148 106 107 141
31 233 55 51
185 73 160 120
199 91 13 246
51 172 31 100
90 148 157 150
137 177 8 122
236 235 89 80
117 28 69 41
97 117 111 146
164 198 131 44
53 188 206 131
114 23 97 11
111 113 159 21
135 141 190 152
202 84 93 181
162 63 214 64
241 210 220 199
86 207 81 131
217 12 137 133
25 85 207 199
242 138 168 248
157 152 90 230
172 165 185 95
136 86 138 120
83 189 246 92
249 156 119 98
108 59 98 183
88 88 76 235
203 236 98 5
253 211 100 55
129 82 96 81
158 113 72 212
10 171 117 166
253 155 71 50
24 97 153 11
210 211 121 22
64 140 3 88
127 240 177 71
138 133 186 135
185 221 27 202
80 7 165 228
12 162 159 74
54 106 58 2
98 105 117 189
231 138 45 184
40 80 23 199
230 144 95 247
196 164 199 153
135 83 8 214
139 108 191 242
105 166 245 143
18 173 199 138
83 116 209 60
14 117 251 170
109 23 230 38
234 154 145 46
89 201 253 1
74 27 201 183
130 18 203 100
184 91 20 28
217 236 177 97
46 151 161 43
214 141 166 31
237 224 25 190
198 170 99 145
94 206 186 36
225 65 142 83
252 201 64 101
178 124 162 243
82 247 52 28
246 110 129 83
92 15 249 160
73 150 101 82
154 156 194 74
187 181 37 222
70 109 182 77
42 97 85 106
63 208 136 214
208 139 128 5
80 87 156 246
48 35 207 212
50 73 57 7
78 218 40 9
152 75 130 151
113 217 103 19
134 254 182 131
0 92 228 245
53 79 33 183
166 201 103 50
194 247 130 131
41 237 245 33
95 56 159 43
126 109 65 249
144 249 97 28
194 115 44 14
181 99 119 135
218 204 129 12
125 71 240 47
215 211 54 150
147 3 44 204
119 29 7 209
178 241 160 190
44 241 183 121
118 142 54 131
158 161 204 63
225 223 29 130
53 89 174 101
184 39 172 32
231 225 229 242
132 134 40 65
247 52 140 57
199 106 241 182
150 6 120 40
3 151 130 68
20 109 95 177
83 123 94 157
103 145 4 174
51 161 190 52
249 96 232 240
12 97 228 26
228 26 101 48
211 228 158 86
250 62 21 86
25 131 26 250
57 95 95 38
57 178 41 238
8 207 121 214
145 122 18 101
155 245 168 219
218 3 146 124
44 169 86 228
20 134 84 96
135 232 169 224
194 28 6 107
172 166 253 68
3 93 188 91
31 126 188 104
127 235 11 65
90 156 247 6
241 107 55 224
178 176 110 93
170 121 50 222
78 229 65 191
5 235 148 96
217 38 89 79
254 231 208 116
162 21 130 134
119 181 50 181
204 154 2 102
63 23 15 172
160 72 197 18
141 44 41 255
130 126 168 20
107 39 45 80
136 74 128 144
229 80 36 249
228 250 1 70
56 205 38 236
60 232 244 107
237 145 163 218
7 255 207 179
99 114 251 254
189 23 139 52
1 21 189 94
82 63 17 250
27 83 5 59
209 36 64 161
188 162 38 214
118 9 161 102
175 94 14 139
171 83 27 144
232 59 220 72
163 63 27 211
207 151 172 62
195 158 61 220
215 206 110 8
19 202 43 147
235 17 163 87
220 156 98 13
232 129 171 2
33 168 28 229
134 211 115 185
190 136 3 45
219 214 143 121
80 177 55 8
251 223 88 85
54 52 232 12
12 184 136 147
44 131 2 108
24 70 225 215
112 146 1 209
58 221 167 125
29 42 186 127
31 166 68 223
80 239 1 247
209 236 100 52
253 249 151 44
1 210 131 193
137 183 222 137
146 220 127 82
97 233 127 164
56 219 18 126
44 174 250 144
117 165 134 15
183 39 102 221
84 101 229 85
215 60 65 244
197 69 181 10
94 214 215 54
144 36 19 157
147 218 78 119
18 120 201 133
178 59 150 167
15 154 63 15
169 43 47 90
48 87 241 18
249 222 82 67
185 109 152 224
30 106 131 148
175 28 15 160
18 211 58 163
188 123 167 47
126 243 158 129
246 209 149 128
3 143 60 153
224 61 203 148
222 165 64 14
227 243 148 106
210 85 32 56
158 200 9 169
56 84 243 217
218 177 6 187
240 164 195 81
69 146 29 164
248 16 168 33
140 133 238 244
149 183 181 6
61 28 120 62
134 56 213 99
155 214 147 95
178 244 37 251
43 27 58 55
62 101 203 185
224 70 122 119
137 108 239 131
160 209 124 65
125 73 118 81
224 168 39 2
101 5 59 80
193 142 100 22
119 242 179 103
10 226 190 104
11 186 250 69
131 59 18 221
161 116 114 222
226 254 185 64
141 111 93 160
199 87 228 89
159 10 246 82
57 176 221 50
180 171 74 174
210 52 190 161
46 243 181 205
204 174 120 102
213 84 42 62
11 222 65 111
113 206 64 162
246 244 30 162
119 48 206 86
252 18 130 142
47 232 11 77
4 145 159 225
45 232 14 139
174 203 148 178
142 138 203 206
43 231 88 21
42 201 54 254
240 215 42 84
204 102 157 235
50 206 145 17
240 30 142 241
176 89 205 213
78 37 185 206
9 98 221 9
158 178 77 75
76 124 26 221
133 23 54 155
88 193 132 98
159 111 220 25
221 136 86 1
111 3 250 176
92 106 36 160
158 54 130 170
232 112 92 117
31 46 62 64
174 144 86 225
21 67 228 227
88 14 122 22
150 61 178 213
26 29 16 49
192 14 220 237
72 165 209 114
112 133 152 96
138 18 178 192
153 171 214 138
199 43 16 251
253 224 222 36
76 44 51 41
37 253 133 150
155 56 226 236
226 117 16 1
191 36 113 161
154 117 0 34
178 125 225 253
139 224 99 44
68 56 127 180
59 215 197 123
23 153 18 171
160 176 215 142
89 62 108 210
217 146 52 20
109 64 18 71
32 192 55 189
34 186 74 116
211 199 185 167
37 96 181 158
104 201 120 42
203 226 153 153
215 153 20 210
137 12 233 105
74 124 198 65
167 157 38 5
153 218 221 83
39 159 197 233
21 226 95 60
50 17 71 169
9 59 144 10
76 80 30 70
117 121 244 26
92 102 130 171
122 169 233 230
11 112 20 146
214 117 157 246
83 186 80 249
151 91 97 38
55 21 178 6
79 219 251 180
183 81 170 197
49 82 233 242
134 136 190 27
118 11 70 60
182 252 247 247
234 23 245 90
111 205 63 231
30 221 97 131
253 218 251 225
20 231 215 234
70 166 220 236
209 124 136 14
0 68 228 90
177 164 249 124
20 136 66 188
65 24 88 192
186 94 162 82
243 222 166 44
170 76 193 30
142 31 14 125
40 89 90 169
203 61 193 17
174 222 71 199
193 205 88 60
156 67 92 46
28 118 68 144
241 66 216 61
221 70 230 236
37 106 222 234
193 242 215 214
205 223 10 188
46 156 193 22
49 134 200 89
105 0 10 3
62 174 210 178
241 111 225 85
254 114 53 142
201 97 195 245
225 60 188 47
208 55 56 149
215 155 19 84
230 76 171 177
46 255 71 70
77 254 2 176
57 188 12 234
169 35 76 208
132 117 65 16
117 116 156 134
141 170 90 163
199 15 46 64
25 236 182 232
209 50 205 98
122 61 185 46
108 73 100 120
180 26 46 104
98 90 126 98
212 137 87 0
69 232 45 103
128 105 177 30
210 193 198 152
31 144 13 44
54 226 253 223
163 94 229 183
236 229 178 125
19 143 163 57
214 232 106 181
104 101 181 30
189 209 142 109
137 79 250 242
251 142 95 67
172 191 123 145
169 113 63 96
80 47 207 84
44 133 168 250
49 123 186 183
23 1 226 130
62 244 229 148
113 237 142 129
8 93 245 65
171 116 90 62
45 54 157 62
228 175 219 229
155 252 113 55
173 60 17 241
239 243 244 213
205 55 170 114
123 158 137 117
48 245 134 83
125 240 192 219
119 18 63 173
82 32 211 27
176 2 48 114
255 68 100 108
228 71 146 242
186 145 72 252
174 107 152 74
12 144 80 62
232 242 105 70
122 6 216 196
254 103 45 134
86 192 90 63
147 111 3 191
104 136 105 51
222 174 218 69
29 66 249 138
0 125 106 59
166 253 6 84
156 137 161 47
71 72 186 39
72 74 234 189
47 58 80 128
117 143 194 3
211 13 234 137
134 163 106 170
93 150 34 65
113 245 22 205
58 82 61 93
173 250 7 160
220 176 57 180
105 225 20 136
100 42 240 99
69 27 46 51
66 35 35 213
170 97 172 220
35 225 14 191
244 71 37 129
247 153 237 168
9 254 123 142
81 147 5 23
22 140 163 118
19 218 2 13
237 7 150 194
155 162 178 246
217 56 85 140
35 79 77 165
132 123 141 185
158 188 100 141
28 2 171 43
221 68 202 114
9 193 147 171
117 154 67 206
12 123 238 251
62 155 231 46
139 243 50 244
254 152 53 3
132 48 33 22
107 174 12 79
208 89 236 216
135 6 200 169
120 216 225 84
41 147 73 44
202 102 225 202
221 17 103 137
94 137 201 35
232 169 116 105
217 163 236 167
57 115 4 20
225 21 118 5
21 65 30 28
65 153 186 235
126 254 60 1
109 182 206 129
22 131 242 66
187 144 6 176
125 2 56 117
137 173 81 232
9 59 233 57
60 116 37 239
66 167 120 92
43 196 93 64
179 49 226 203
92 7 76 227
61 84 35 44
1 166 102 24
192 252 124 127
99 23 221 36
204 82 202 224
161 145 15 236
209 27 50 64
2 148 58 227
61 221 118 130
153 243 150 211
105 161 215 34
242 12 96 76
168 147 11 227
36 158 172 235
224 55 141 36
178 68 230 202
234 46 254 120
246 241 9 28
59 25 1 179
188 158 229 187
151 216 90 17
74 159 242 29
115 238 150 105
215 14 24 147
244 241 105 190
73 203 6 126
100 235 126 105
176 13 174 210
123 220 223 128
27 20 126 48
125 153 141 70
194 156 172 84
194 115 5 153
171 172 248 240
238 177 18 188
66 40 165 31
197 240 202 55
122 95 113 49
151 12 26 133
26 205 167 8
60 30 0 34
246 156 69 34
225 96 139 163
65 210 111 59
118 71 6 76
211 165 52 153
72 38 41 195
56 20 93 183
89 215 142 183
71 86 239 197
223 81 121 96
152 163 78 171
114 172 49 49
23 122 232 239
7 157 34 175
203 170 170 3
3 19 77 193
6 22 177 146
99 234 188 12
132 223 0 4
252 135 105 245
129 50 205 202
62 153 128 111
161 85 219 218
147 172 254 123
137 197 36 118
93 127 200 125
171 102 46 168
114 109 71 203
115 83 195 57
199 92 221 149
26 240 200 214
242 199 149 40
195 201 119 235
152 239 82 89
215 54 41 211
207 175 18 210
151 187 49 149
205 229 110 16
191 188 147 2
249 89 42 141
35 238 105 220
100 91 6 244
121 7 89 169
234 74 135 23
42 48 60 41
128 141 248 224
118 214 199 116
89 28 206 35
202 23 230 16
93 180 238 227
122 149 85 173
146 134 145 24
240 228 159 41
53 181 209 206
230 132 83 80
51 105 139 82
125 5 51 105
195 143 70 131
130 76 163 208
218 52 75 183
223 253 122 254
249 122 188 223
240 133 191 82
1 182 188 247
63 191 190 222
40 76 195 115
139 101 191 44
10 239 108 89
22 203 27 55
206 206 250 129
115 141 23 234
179 39 20 236
47 132 234 103
72 102 111 131
30 95 42 215
198 17 147 243
177 179 151 253
124 244 108 75
183 0 178 201
28 87 128 35
28 101 101 121
26 41 205 61
145 126 34 215
85 226 103 132
213 101 89 250
86 75 143 18
200 98 68 235
138 145 224 15
153 198 66 1
25 232 238 127
202 59 14 126
85 72 80 77
244 100 46 39
141 197 4 54
205 122 195 161
171 140 63 88
224 46 107 179
94 46 169 100
144 45 169 236
207 62 165 118
38 5 158 165
41 230 209 215
171 176 107 140
197 182 175 38
200 197 12 16
150 0 209 120
219 125 244 61
218 203 142 199
216 202 126 81
140 86 211 17
152 153 156 29
123 1 75 49
164 13 81 214
105 169 96 158
149 8 242 25
177 21 125 73
92 35 215 222
138 122 24 234
117 76 18 229
191 178 0 97
229 142 165 124
0 238 228 77
164 197 117 111
20 107 64 136
176 171 144 66
4 135 32 69
71 14 222 136
235 144 131 24
24 187 246 94
143 25 81 226
167 181 21 79
129 115 37 2
139 83 80 98
17 215 215 20
153 158 34 175
173 238 225 56
19 102 32 145
221 2 180 52
47 217 85 172
3 18 180 193
204 62 86 151
7 217 112 223
117 13 248 121
155 143 89 141
156 18 40 182
57 87 200 148
73 54 82 226
135 102 31 216
84 147 132 62
79 207 106 187
137 97 43 117
204 141 84 27
32 163 72 249
225 172 34 126
87 140 64 248
24 176 97 192
90 95 114 69
8 144 183 0
233 121 170 137
69 76 135 47
138 212 184 222
119 185 105 221
215 68 18 109
19 233 65 13
198 236 94 250
212 178 233 163
91 93 80 146
211 142 88 143
19 244 188 114
173 192 122 244
114 246 237 33
128 121 158 29
24 114 221 192
181 105 113 31
108 224 138 119
22 28 80 137
193 158 157 62
160 94 214 233
39 6 227 20
37 186 166 116
155 170 100 132
170 172 202 17
106 140 77 108
115 119 228 244
145 13 246 108
24 198 194 208
13 193 57 236
119 127 239 243
195 104 211 158
144 122 230 2
236 212 250 15
39 43 254 52
231 200 13 141
19 219 52 158
64 235 21 135
92 210 154 74
65 20 92 243
148 111 138 129
71 207 41 210
185 104 143 96
54 143 240 136
187 221 205 194
33 120 68 188
133 64 13 71
17 233 67 105
241 127 137 1
61 33 255 29
250 30 180 235
114 66 193 213
95 200 26 217
33 108 67 24
134 34 70 118
83 49 231 253
59 29 69 3
49 85 86 254
193 167 102 115
248 161 63 42
25 23 47 120
117 113 246 251
122 251 12 30
202 189 52 155
141 140 124 177
23 165 80 253
75 143 206 81
128 227 248 162
57 27 182 37
253 110 32 9
4 135 182 182
134 112 142 239
215 183 121 171
69 232 34 157
173 235 254 106
174 155 141 45
219 33 102 216
80 205 83 21
22 201 8 200
155 42 24 148
122 19 179 114
165 136 121 148
180 19 164 165
183 90 61 200
80 227 226 129
244 31 141 160
13 222 95 91
103 47 25 155
200 206 34 214
164 145 15 162
43 230 77 35
107 207 42 178
164 48 198 174
226 104 203 75
85 250 167 11
171 27 15 82
210 134 134 233
70 156 16 59
253 196 157 161
145 5 7 173
244 126 5 66
56 188 65 46
160 222 80 69
27 238 188 5
150 165 84 232
222 214 85 169
6 163 178 59
147 210 212 94
29 190 210 200
37 107 34 3
189 125 34 104
59 132 199 8
250 136 59 188
2 224 194 41
145 27 99 197
26 20 93 96
148 104 75 203
95 235 228 131
142 149 241 184
98 148 123 87
62 237 124 164
54 75 121 209
101 133 193 230
255 93 146 98
119 78 191 98
80 147 201 97
8 77 45 81
83 177 189 29
78 166 227 135
97 110 120 30
194 225 7 126
124 201 114 107
155 28 28 253
88 2 97 121
34 9 77 217
207 111 82 66
170 166 233 198
160 183 134 211
3 96 224 105
133 145 226 91
136 216 243 139
233 33 217 95
248 51 5 62
173 66 146 196
253 27 31 240
231 228 180 252
97 238 57 59
193 233 73 18
217 233 137 181
214 165 231 181
70 52 4 113
128 42 42 107
250 254 54 205
242 87 251 178
68 224 236 2
224 251 252 113
138 155 97 84
139 252 226 147
19 50 49 18
252 221 14 16
240 151 54 209
79 222 209 114
218 105 153 164
234 220 164 221
48 245 123 249
15 167 36 251
166 11 59 8
107 107 211 125
227 133 78 58
235 136 146 230
117 161 135 30
251 31 37 113
100 240 38 74
185 42 97 97
150 32 16 138
33 137 150 195
197 44 52 142
214 156 28 51
160 163 48 33
234 172 212 76
134 198 179 18
3 61 23 141
58 154 179 66
246 53 9 24
212 102 78 175
155 241 26 30
93 208 90 90
191 25 241 233
67 114 52 249
189 119 143 177
101 160 4 203
11 240 197 190
160 181 190 105
119 181 7 122
179 189 224 232
134 44 84 192
104 179 245 145
175 150 177 195
99 200 69 134
17 63 137 198
125 129 3 252
93 169 154 127
20 80 32 38
222 179 190 64
173 95 83 44
237 56 220 76
79 141 12 3
235 95 175 54
137 39 201 22
226 13 183 52
117 196 162 8
196 92 68 139
172 65 43 1
230 252 189 227
144 47 22 187
51 17 173 85
193 229 220 26
58 187 251 210
209 54 62 240
205 95 140 80
209 46 243 137
175 133 178 78
107 97 174 222
224 108 15 77
96 89 208 224
30 46 159 105
234 13 96 182
170 63 90 74
185 118 253 196
6 61 80 48
64 71 115 210
179 154 90 16
101 64 34 155
149 180 25 69
219 228 201 154
169 68 213 16
45 39 46 107
202 178 225 160
89 0 24 219
167 249 94 106
255 63 51 160
202 95 245 41
152 203 242 196
116 0 219 59
92 45 175 58
156 14 131 67
170 94 250 252
220 116 206 218
221 154 242 129
95 27 178 255
159 69 17 90
11 78 6 1
233 33 204 254
161 219 124 73
245 11 119 237
202 233 152 200
88 15 211 138
36 231 81 130
197 73 63 123
150 38 208 227
190 179 112 47
158 122 93 59
160 251 136 168
7 58 74 106
237 206 235 196
134 217 173 108
91 117 3 140
83 104 171 24
52 9 177 169
210 143 128 84
213 17 215 46
137 57 73 42
127 99 248 36
179 100 32 121
224 222 50 40
164 250 38 100
119 239 121 183
209 23 199 60
13 222 75 192
86 79 36 184
225 28 9 82
176 65 30 249
181 55 78 218
41 239 142 46
206 36 2 47
26 27 218 15
10 132 146 1
144 180 34 119
231 81 21 73
113 193 64 205
137 157 237 110
32 34 16 243
50 232 5 118
100 98 76 164
8 115 102 63
192 175 236 249
129 231 244 216
152 150 249 35
247 88 36 50
158 75 98 189
35 145 176 68
90 43 86 155
73 158 222 17
16 36 252 155
169 234 89 56
19 129 28 182
160 161 214 23
36 92 70 6
170 245 13 184
212 131 90 54
125 96 67 175
67 168 212 134
112 103 155 58
34 189 24 175
152 42 159 207
40 168 48 81
28 8 250 23
17 137 197 174
179 55 238 72
221 51 63 104
103 101 87 91
77 228 37 206
35 197 142 214
25 221 180 164
218 151 120 124
134 178 192 181
76 101 70 233
205 113 179 69
240 252 76 10
239 10 194 209
249 90 111 197
150 245 31 133
215 46 168 39
91 165 173 40
63 187 35 63
31 242 124 17
143 12 65 219
140 28 180 67
203 236 75 123
105 193 29 169
98 253 117 158
214 40 141 65
149 18 58 139
183 130 190 99
201 251 97 4
24 41 72 182
100 195 96 98
41 9 210 6
178 18 61 208
226 25 194 220
253 24 12 23
104 66 49 88
206 183 45 85
145 207 163 8
78 135 126 216
50 245 199 234
78 0 144 134
159 107 207 126
198 124 148 42
105 210 147 139
245 0 48 174
78 235 223 163
233 101 8 195
121 41 203 184
53 209 153 169
14 92 209 3
8 133 88 222
73 95 93 82
192 201 193 48
91 62 83 247
170 154 125 3
118 133 225 53
137 140 161 115
106 211 207 159
240 108 209 220
210 40 110 148
81 76 156 80
109 250 220 239
125 233 221 118
155 56 254 133
50 12 169 112
71 245 161 199
36 126 111 9
86 151 18 197
207 35 254 220
130 225 22 179
121 177 196 175
113 209 232 61
49 3 198 33
111 132 8 136
5 203 92 83
81 125 89 229
3 200 103 153
145 88 39 57
175 164 108 140
51 107 160 249
135 24 69 135
66 185 53 127
50 95 118 206
66 40 194 231
94 79 210 241
66 101 125 247
137 128 206 0
229 88 74 25
153 155 96 229
222 152 232 237
61 148 248 98
159 69 195 250
65 3 7 133
247 83 89 226
109 227 216 33
219 155 195 143
160 58 209 183
221 82 178 46
204 33 136 185
128 180 197 32
10 211 178 80
231 68 41 75
142 40 20 199
200 199 203 24
110 245 174 213
8 55 88 27
52 209 199 111
217 222 162 244
80 56 44 236
20 46 35 30
47 203 200 129
250 29 113 253
152 64 67 77
7 217 186 67
225 249 226 240
105 97 192 115
169 218 235 181
158 203 116 237
177 190 90 143
251 115 11 103
118 58 80 208
101 17 20 26
65 221 37 21
33 77 87 91
193 81 124 135
116 203 72 218
244 224 92 198
246 61 20 234
26 224 100 219
194 154 43 253
230 68 244 40
80 7 158 169
20 62 30 35
92 155 136 45
198 187 75 38
15 19 126 192
52 127 89 86
204 38 2 215
19 172 171 2
168 237 82 149
28 80 141 92
237 144 173 112
97 235 155 150
195 27 145 230
216 7 29 79
228 35 195 102
82 238 54 80
50 42 55 27
233 194 52 3
78 245 108 79
153 97 194 166
88 47 248 132
37 194 208 135
91 168 46 233
44 13 37 158
215 19 143 172
72 61 56 183
240 146 106 170
155 169 119 130
232 182 202 38
32 77 121 101
243 71 129 146
100 88 237 174
21 44 203 108
54 174 209 66
45 120 85 1
122 53 149 103
96 42 157 132
95 222 215 130
117 23 215 42
235 255 134 149
44 38 72 85
237 223 103 71
233 37 23 230
43 162 200 242
20 238 173 195
74 85 103 146
195 156 117 91
0 140 92 196
228 139 63 18
52 25 132 13
252 224 150 209
203 55 27 228
141 75 223 192
72 91 80 220
196 249 210 6
10 178 162 206
148 209 215 170
15 79 130 22
173 194 108 119
22 18 209 18
240 250 17 144
49 201 135 148
29 248 202 69
40 255 242 44
71 90 242 42
154 163 194 175
1 126 33 171
210 172 254 114
157 74 31 49
172 19 192 50
138 254 230 177
224 108 213 107
95 237 218 71
67 0 20 115
224 73 130 184
162 101 18 102
82 180 43 62
137 7 156 138
236 67 7 208
92 180 43 165
64 235 217 230
193 179 131 212
31 182 252 8
142 169 15 147
84 56 93 201
3 107 74 100
155 183 145 100
197 52 219 60
224 142 161 128
25 17 85 116
187 37 56 102
181 76 13 91
243 139 193 56
127 47 125 174
107 63 29 44
79 239 60 234
103 179 164 211
239 27 186 105
223 243 243 90
69 206 67 164
18 73 113 255
161 172 33 149
55 90 246 239
6 16 194 110
253 184 90 110
64 254 34 153
151 180 203 108
209 110 133 89
61 169 69 203
101 46 135 117
88 93 89 161
92 238 59 83
161 4 89 9
88 26 8 136
254 85 31 193
52 86 149 222
34 157 46 99
49 175 244 248
113 62 178 241
167 174 88 197
42 194 145 245
222 137 224 96
96 38 93 87
48 48 174 151
198 206 179 129
234 245 89 56
235 246 55 243
38 15 146 153
255 202 127 31
224 38 175 227
46 179 100 142
74 37 112 15
142 102 237 37
85 213 22 184
139 190 204 178
50 47 87 204
16 143 43 13
88 161 245 110
28 185 164 60
7 50 86 69
20 185 231 205
238 41 15 235
198 94 8 59
205 115 226 185
152 181 52 62
56 201 50 114
121 218 179 171
0 5 29 1
129 46 40 161
120 246 188 238
49 111 74 232
160 91 210 116
13 248 108 95
15 0 168 240
233 86 121 208
6 222 168 170
88 152 114 153
63 124 188 105
71 115 100 248
178 108 33 219
75 225 238 155
135 242 63 51
70 46 95 78
187 251 43 203
113 235 167 22
131 248 243 7
252 65 125 34
87 248 201 116
95 23 19 89
173 53 35 195
131 4 192 52
117 165 214 30
94 0 222 29
198 179 160 120
31 139 253 225
115 74 218 201
99 131 72 208
72 126 40 21
205 81 217 1
231 163 86 49
244 91 228 94
141 9 138 63
210 94 211 163
169 216 35 107
217 58 139 208
38 227 216 63
103 206 11 253
164 75 121 149
49 215 21 165
86 59 235 17
123 84 165 57
104 11 103 55
34 135 24 78
93 89 65 164
199 169 251 7
183 192 7 174
249 240 127 88
97 141 77 102
24 133 183 143
101 28 205 40
242 230 156 231
233 165 130 128
231 109 53 135
254 149 69 8
27 153 27 111
36 31 130 235
166 174 184 96
138 154 251 158
254 31 56 243
127 165 251 125
50 50 32 167
150 211 32 7
242 238 3 48
14 249 55 241
218 82 82 33
202 91 208 29
250 54 251 192
0 222 141 226
149 40 217 107
26 231 188 67
217 162 5 171
158 32 11 169
182 234 56 103
132 189 212 211
162 36 244 49
155 66 121 218
6 218 225 102
13 45 86 248
185 3 161 127
198 124 58 125
244 8 146 179
219 20 172 237
103 71 83 71
180 39 78 119
207 116 17 124
59 23 239 185
152 208 138 208
174 116 64 250
93 30 20 117
160 231 138 68
19 249 114 91
120 80 242 78
87 77 12 241
136 235 182 99
35 86 207 228
117 45 219 170
110 0 226 235
183 214 65 234
136 23 211 30
11 83 7 126
120 77 220 60
30 134 175 87
177 206 104 140
31 214 12 0
46 90 141 20
62 121 77 221
136 142 185 136
116 166 130 180
83 79 189 23
3 111 161 34
57 171 46 75
111 236 124 132
169 44 204 246
78 202 9 181
67 130 11 231
143 168 53 2
165 206 135 134
127 212 31 67
171 180 212 232
190 117 118 11
7 47 156 98
234 35 76 28
151 63 90 151
70 227 12 131
15 245 254 29
233 210 94 148
81 119 182 34
61 18 5 62
206 139 239 155
234 195 103 185
220 235 141 159
225 211 233 226
143 95 34 6
55 9 30 190
215 59 33 119
164 89 203 39
1 134 168 100
107 240 126 47
246 201 47 207
163 174 226 66
167 15 237 242
61 163 11 95
5 155 167 218
3 142 248 145
70 166 236 217
199 73 14 226
71 204 69 2
141 12 218 125
234 252 162 201
44 100 248 75
99 180 216 172
23 110 191 119
179 17 29 11
0 122 215 224
243 34 224 34
84 163 245 77
251 151 97 39
232 216 30 182
188 1 212 20
161 204 67 241
176 86 33 109
35 7 157 251
53 230 179 203
41 33 133 178
165 68 8 126
42 78 179 7
196 165 252 1
98 222 229 176
143 59 48 199
190 210 169 127
169 17 214 91
240 188 46 15
41 131 112 69
231 157 209 42
54 190 1 198
134 141 15 112
23 230 68 83
19 211 203 239
253 144 79 164
146 251 140 169
140 210 25 40
99 194 61 31
222 41 165 187
201 54 31 199
104 36 38 120
1 167 149 202
195 175 66 24
88 141 207 229
26 123 74 170
72 153 4 222
132 213 13 193
240 135 227 175
1 242 1 213
221 166 10 16
245 170 138 139
140 219 60 13
75 187 15 114
185 121 17 119
199 86 252 232
66 83 250 83
9 80 64 49
170 177 138 166
207 124 188 190
229 234 216 143
223 222 180 63
184 231 104 142
55 48 33 139
153 148 244 215
11 74 176 199
202 239 179 89
144 156 240 220
207 12 110 228
150 150 156 216
220 240 219 254
214 173 50 94
200 80 83 220
79 195 66 37
246 170 152 136
86 225 112 14
45 218 182 35
80 213 148 220
205 94 74 3
225 24 84 182
247 148 46 81
2 91 96 106
131 97 155 67
190 86 102 113
195 239 125 170
68 234 35 46
237 58 184 28
45 233 127 239
89 209 94 249
175 152 202 107
226 33 20 7
254 222 53 98
63 126 162 239
197 109 243 196
17 146 121 142
44 165 175 131
71 71 5 118
125 189 220 187
118 211 62 52
202 101 174 207
40 38 128 108
32 136 239 246
50 166 47 43
56 221 239 223
109 186 214 229
199 175 174 147
15 32 10 168
241 245 203 109
174 108 195 43
245 235 165 136
253 4 99 159
226 142 16 144
218 114 81 157
64 103 67 81
38 96 22 133
23 251 37 252
165 210 155 255
136 136 254 154
120 84 30 253
89 62 47 206
139 99 79 191
217 113 42 38
128 217 34 150
156 129 11 58
39 26 168 110
89 154 109 186
152 239 121 64
132 106 152 196
6 119 194 103
32 100 108 1
196 188 35 208
150 109 238 138
216 88 235 132
159 195 71 60
189 24 216 174
248 202 79 66
82 183 133 219
11 73 249 176
0 98 252 42
167 79 142 169
86 37 172 94
66 195 250 195
109 88 26 135
73 24 87 195
119 109 120 28
144 179 25 227
255 165 14 167
255 163 164 0
124 205 184 208
207 42 97 127
173 231 245 212
113 220 127 178
2 98 166 22
24 103 92 182
110 210 231 71
155 156 185 90
162 215 193 19
248 94 98 50
76 62 249 148
128 122 186 212
245 44 137 9
247 92 182 255
112 88 178 28
174 54 217 93
155 52 25 150
28 213 96 43
130 154 138 79
20 135 13 193
150 221 122 225
159 191 34 43
134 92 229 216
59 5 31 198
45 238 80 107
196 33 165 3
94 115 57 113
246 252 255 235
158 156 199 221
222 195 88 206
181 223 21 44
231 45 239 178
225 119 80 1
35 114 195 239
23 172 107 105
132 16 107 107
208 208 209 222
47 167 170 55
191 95 72 140
179 202 61 188
65 248 201 124
113 79 228 170
134 185 130 201
203 80 161 26
202 70 46 5
224 23 254 72
73 145 248 178
64 157 218 29
55 95 102 10
158 94 77 57
91 2 12 212
203 184 155 193
13 185 159 2
143 157 29 101
225 17 239 149
219 10 207 210
253 110 125 170
179 53 239 239
17 22 178 102
20 16 91 251
129 90 87 227
209 7 173 119
203 73 81 25
0 218 155 199
230 152 3 33
74 179 53 233
247 66 4 98
138 151 43 207
71 16 21 88
222 47 30 76
119 35 166 150
245 133 145 102
197 119 28 229
37 54 116 204
202 165 60 176
10 166 124 76
242 24 159 146
88 208 45 88
135 123 155 74
253 143 82 114
54 57 160 73
211 208 182 83
139 101 112 77
119 245 125 160
229 67 1 192
185 237 205 37
179 178 110 133
117 39 25 157
206 151 176 134
61 11 188 240
153 152 129 65
176 149 116 186
195 231 227 252
41 92 150 130
207 83 45 253
217 52 128 246
74 72 105 5
82 147 137 226
70 40 117 39
169 14 68 28
90 52 42 237
134 229 242 31
49 222 99 219
123 36 11 47
131 91 3 193
165 131 148 237
240 91 191 188
60 45 233 77
219 239 171 238
174 212 98 116
43 188 28 59
165 179 47 97
204 241 253 219
0 6 197 56
49 164 130 28
241 234 134 240
95 102 25 82
72 126 165 151
142 63 104 229
195 145 154 22
93 86 8 106
123 179 207 131
204 253 118 234
163 36 7 216
216 160 9 131
206 121 187 122
11 142 51 185
115 226 137 238
207 141 40 30
24 161 142 71
105 138 187 119
24 17 60 56
245 208 243 168
91 13 91 151
138 88 117 112
50 233 211 32
239 75 245 213
67 3 3 233
106 50 235 173
107 211 151 246
110 2 225 158
59 69 236 166
148 198 38 186
161 54 172 59
141 192 231 109
112 221 29 196
243 177 201 109
167 15 25 110
133 164 210 116
115 177 165 84
121 150 154 74
108 152 14 232
146 47 19 67
84 132 51 215
228 41 125 151
159 64 170 121
58 169 242 24
15 2 61 71
59 39 169 191
80 201 121 24
149 201 174 83
230 116 132 134
184 195 173 14
94 250 103 185
74 127 203 128
142 187 212 194
187 53 122 98
216 228 178 203
232 30 232 147
106 70 78 85
216 3 126 232
91 77 235 247
190 41 45 255
116 23 96 185
82 95 188 163
63 192 36 198
170 235 153 12
24 6 147 206
199 47 236 148
135 28 135 92
172 197 165 245
190 16 252 5
23 151 127 125
233 185 0 5
184 252 139 45
30 15 226 40
51 104 209 227
7 49 244 8
241 155 228 45
58 73 29 127
193 33 37 154
175 73 240 229
139 149 255 195
22 169 241 66
85 11 228 90
191 117 97 102
85 165 53 228
233 18 53 181
7 186 101 254
250 208 121 33
88 17 172 122
6 46 227 62
151 73 174 167
226 14 196 216
223 27 119 229
141 131 118 201
211 133 156 45
39 233 91 26
