85 31 7 85
115 65 224 72
225 10 160 229
0 200 234 137
130 204 14 58
245 109 80 55
21 82 99 48
202 158 106 170
133 216 40 64
66 91 148 62
170 142 47 27
39 25 100 244
17 7 54 114
24 227 208 75
59 171 24 121
174 29 29 30
88 138 105 102
133 203 164 73
188 214 78 214
127 87 159 166
195 106 33 241
81 108 104 83
129 69 186 22
9 148 190 166
148 65 126 49
121 111 10 24
27 75 148 87
255 113 55 69
42 156 48 11
131 58 47 23
42 150 68 13
13 151 163 192
175 191 38 231
36 48 128 109
227 40 109 250
87 58 59 95
231 125 144 67
59 39 193 255
202 233 126 132
189 118 15 181
196 83 60 212
40 16 164 149
53 255 87 211
243 192 206 13
105 252 240 59
189 154 163 21
34 205 27 43
116 167 125 44
249 38 248 125
235 153 7 59
173 214 30 238
34 132 3 243
181 43 197 243
179 138 136 34
197 251 5 239
75 51 141 183
161 53 238 44
11 245 199 18
34 239 178 117
16 156 226 58
15 227 232 62
194 151 51 91
129 170 85 49
169 215 62 148
254 176 223 75
215 253 91 233
242 101 79 72
156 109 151 177
13 100 239 98
125 206 234 15
239 74 59 232
57 215 51 231
149 50 252 185
251 187 7 215
168 83 77 242
29 60 116 149
193 147 142 55
251 63 225 58
46 200 132 233
69 20 34 115
107 132 108 157
9 133 41 167
72 35 201 12
250 116 55 141
8 192 215 173
99 166 105 237
74 11 188 224
87 164 220 77
99 179 62 118
103 121 45 156
95 151 196 162
24 132 122 57
106 52 130 77
14 171 144 110
140 239 166 102
130 132 118 156
79 63 84 124
22 107 243 186
83 214 35 237
195 69 174 111
194 81 248 175
126 8 204 32
27 0 190 167
234 92 102 25
252 199 31 222
122 164 72 135
167 222 0 1
251 92 65 54
64 191 216 70
88 154 17 40
11 235 242 213
250 243 249 18
179 189 35 76
60 11 135 61
64 89 221 198
140 110 137 97
147 203 234 32
44 34 122 94
212 67 231 176
111 246 63 35
76 11 12 50
144 100 61 217
157 111 136 50
155 8 189 154
36 128 13 191
60 209 192 206
83 151 114 68
33 51 13 250
61 99 17 142
244 22 130 103
49 193 49 220
30 68 197 46
54 89 148 48
222 213 155 93
25 42 106 34
15 65 46 210
124 57 168 211
181 83 11 23
61 35 221 151
215 110 160 129
169 157 66 54
9 78 185 229
103 45 226 216
96 98 81 3
35 75 43 249
222 59 131 21
28 56 213 124
40 88 221 108
208 45 247 49
54 127 104 74
79 34 184 72
20 138 250 241
149 252 195 106
157 122 188 184
95 146 130 126
100 226 172 218
104 157 155 175
165 128 152 51
31 129 53 162
11 33 32 86
203 39 76 156
243 43 179 8
56 21 12 16
95 126 130 68
120 167 13 168
149 57 47 15
171 55 84 178
72 222 254 186
87 98 17 83
37 58 92 212
8 90 153 82
206 152 176 70
114 240 118 98
69 100 220 35
82 255 42 26
23 98 39 3
215 115 237 149
106 13 213 151
73 36 35 131
113 64 34 3
200 79 40 74
74 108 124 135
168 171 205 69
81 14 112 150
44 143 65 201
250 198 241 91
130 116 45 110
70 191 25 208
131 162 198 210
166 148 55 175
209 22 145 10
249 94 129 44
201 171 15 148
243 5 225 89
99 181 206 18
107 37 239 239
112 33 63 29
9 183 182 139
65 174 219 6
34 254 70 131
97 199 26 114
51 115 115 212
175 181 41 56
123 53 132 64
197 76 132 218
136 55 59 76
72 233 153 227
13 50 130 195
149 238 151 224
57 110 101 175
240 208 27 134
139 145 253 195
88 71 17 94
76 166 208 39
114 237 70 96
110 65 239 237
206 242 113 182
19 254 143 222
18 8 53 106
149 240 173 239
112 111 133 192
112 172 35 0
164 112 208 150
54 205 88 141
181 103 42 21
207 19 245 251
176 152 217 41
11 79 116 213
25 19 11 83
160 129 189 189
207 28 16 154
1 82 57 194
151 68 166 5
251 29 224 161
232 55 183 67
70 38 173 23
133 13 114 72
78 102 75 23
68 167 232 90
23 188 241 213
94 48 215 126
83 152 47 86
4 0 219 176
110 146 65 23
238 132 195 210
17 129 223 204
174 130 104 97
112 157 241 253
60 54 188 138
27 244 137 122
109 113 137 39
240 56 53 37
75 221 148 154
246 240 198 153
33 50 177 237
180 94 99 9
53 163 1 78
72 4 22 114
43 184 163 32
204 185 239 54
175 39 163 127
99 15 248 139
106 151 123 8
25 233 30 219
228 252 197 240
231 34 66 173
65 46 187 29
60 106 1 60
154 59 166 3
16 25 6 222
157 161 63 77
203 20 89 33
197 176 186 141
239 138 196 179
9 106 23 164
50 120 13 148
51 74 18 10
213 8 80 205
252 161 57 96
161 130 207 71
89 192 217 197
232 92 15 174
79 190 251 117
128 148 2 141
115 106 50 56
211 122 11 249
210 98 23 254
231 237 155 192
54 252 5 142
159 184 35 236
107 108 252 120
235 39 87 34
229 0 252 222
165 214 137 108
237 116 99 73
153 41 78 28
142 115 105 85
254 254 93 72
210 157 72 72
188 204 147 59
131 126 71 147
77 241 92 29
189 168 120 168
138 24 216 135
219 10 157 236
161 244 173 5
44 168 66 85
126 7 206 151
204 148 201 131
116 125 2 206
4 13 144 97
181 98 237 236
165 136 137 17
191 144 250 58
54 179 219 93
154 169 42 190
237 82 163 222
129 110 173 226
123 139 145 225
135 127 191 251
3 165 28 188
37 144 128 233
66 20 38 224
31 161 85 0
166 251 160 93
230 95 173 242
20 27 182 116
22 89 37 166
22 103 164 53
47 71 14 216
69 58 55 13
52 26 145 221
86 152 227 12
242 226 178 222
69 241 8 117
225 180 134 63
93 64 180 19
170 227 50 217
26 46 80 140
78 223 121 119
134 48 149 173
81 72 168 69
199 169 5 83
123 179 235 73
90 213 164 164
120 20 108 40
44 22 178 173
191 120 210 137
9 160 42 96
21 218 88 188
93 223 87 118
64 220 37 57
240 157 222 97
55 62 134 101
127 207 21 70
224 33 32 228
56 236 200 127
25 69 153 188
200 20 127 249
250 47 121 8
155 163 211 196
77 53 238 2
70 182 17 34
240 44 209 161
10 245 115 159
24 171 41 67
210 210 186 239
36 26 183 156
148 200 71 240
52 100 175 234
182 237 1 95
202 74 153 212
248 12 37 232
18 172 244 189
11 136 108 136
113 43 193 146
58 38 252 58
114 118 52 92
88 36 234 92
250 209 179 86
11 72 251 219
177 91 29 248
46 50 151 67
246 106 29 253
90 193 61 225
86 99 75 229
5 236 186 123
108 191 211 72
90 129 147 2
183 101 157 146
243 253 119 208
238 169 239 191
108 202 155 162
183 65 163 114
101 93 151 169
183 195 14 7
15 136 43 144
203 60 34 27
164 75 192 23
201 208 33 104
9 173 167 159
182 36 131 242
215 149 179 77
46 2 215 143
233 253 101 220
100 254 148 146
118 17 102 27
114 108 204 203
24 184 242 201
60 129 191 213
183 5 192 163
67 229 59 247
191 14 108 66
224 236 185 233
204 236 254 152
227 145 75 52
32 161 35 241
83 97 2 123
128 34 48 8
163 218 28 122
102 34 30 138
4 25 104 210
52 128 217 130
26 149 245 246
79 226 131 88
218 39 28 204
117 195 175 57
29 163 198 162
253 106 29 75
171 190 189 102
171 198 110 87
159 232 32 226
169 231 202 110
172 172 153 235
118 6 237 84
236 7 244 97
109 113 75 228
147 191 245 2
76 154 29 3
245 115 54 230
78 123 102 113
123 14 62 130
119 209 29 77
222 212 243 83
212 255 76 140
90 34 34 110
69 135 90 125
34 224 205 192
154 254 1 12
234 151 237 129
108 187 254 201
151 116 143 43
249 92 155 154
185 179 165 199
252 206 135 245
18 46 14 75
155 172 73 129
189 110 143 220
225 219 87 10
224 24 225 47
108 58 33 180
185 138 14 30
156 25 66 39
255 151 149 39
79 250 105 232
74 103 25 242
218 175 56 99
78 246 99 1
219 74 154 33
222 202 122 62
15 120 88 78
131 245 60 47
189 93 200 210
145 81 123 98
221 159 254 31
231 88 139 195
77 203 191 12
134 12 22 194
1 119 96 189
177 15 41 176
108 221 42 217
22 50 115 201
5 105 30 118
13 10 209 39
217 101 217 147
109 220 155 221
226 64 195 5
138 78 194 192
218 168 139 178
23 197 50 159
15 162 122 183
246 41 204 244
44 159 162 214
148 134 157 114
77 255 241 87
107 177 198 219
232 130 143 101
103 197 169 76
186 243 90 146
21 125 90 3
242 150 240 31
48 71 254 157
15 78 78 220
53 81 65 29
175 148 73 130
53 131 2 229
109 247 203 106
208 16 132 223
150 110 91 236
176 170 6 7
218 71 234 174
1 139 158 125
16 45 212 249
211 191 61 77
63 252 241 117
114 89 80 211
95 214 156 187
215 208 25 102
96 211 100 165
153 173 226 246
186 154 207 4
249 109 25 239
5 203 179 50
106 233 2 70
251 130 103 148
150 230 51 72
172 243 134 215
139 190 189 78
254 50 180 59
150 222 53 90
20 222 225 89
61 203 166 50
172 194 53 205
74 54 124 139
214 70 6 148
149 192 2 58
152 235 149 195
49 5 91 99
244 243 216 136
157 62 203 41
72 155 76 22
129 252 184 40
247 5 148 133
40 195 254 126
178 87 248 97
192 28 242 93
30 108 251 234
228 50 67 13
52 206 142 139
58 26 71 209
99 109 118 182
238 90 49 40
133 81 185 78
24 108 11 103
1 205 95 91
1 160 220 59
251 175 60 253
196 40 246 66
52 43 155 228
198 151 108 25
138 217 193 70
128 60 112 164
149 113 153 144
140 51 147 102
249 203 184 132
18 109 18 150
207 106 3 161
143 32 215 156
131 99 104 90
103 111 113 166
114 103 192 239
246 29 45 238
149 215 120 245
89 202 12 111
139 3 11 143
178 182 62 144
56 162 18 191
28 56 50 32
7 57 230 214
203 196 104 6
230 194 227 134
199 199 215 81
37 220 98 109
6 13 132 157
157 184 131 112
42 174 175 215
77 56 223 168
16 119 186 211
222 228 233 72
118 255 183 139
27 123 229 217
131 200 239 23
57 232 253 58
199 168 77 98
60 153 116 46
228 97 76 107
133 185 197 134
154 239 7 6
252 97 2 184
150 165 184 50
105 110 92 253
45 93 51 228
238 240 87 21
102 243 43 105
246 225 66 92
85 32 248 123
17 23 36 44
32 242 203 19
58 50 55 104
172 156 209 25
13 180 180 18
238 155 250 245
215 10 153 69
156 114 192 43
39 169 124 1
50 149 152 25
166 42 101 243
59 133 181 141
119 42 88 49
176 140 105 4
145 149 88 144
41 109 89 53
236 125 11 253
13 223 81 209
2 118 49 140
217 134 8 197
40 122 92 4
203 167 64 121
252 57 137 8
117 191 63 84
40 186 26 95
60 78 173 106
221 113 35 247
122 172 52 64
23 52 165 60
108 198 132 79
112 220 246 39
216 242 94 227
196 193 22 112
196 64 148 83
138 147 0 52
165 230 90 244
182 212 95 157
236 99 103 28
77 62 129 130
147 129 131 123
236 215 123 11
143 214 107 240
80 82 232 188
254 231 234 77
1 158 48 50
89 52 194 248
243 254 3 39
173 82 238 254
162 101 91 148
38 182 23 125
180 247 115 230
200 187 244 248
253 132 140 6
19 13 50 101
108 127 37 135
83 227 174 112
192 77 128 163
40 154 57 133
123 83 214 185
206 221 89 240
147 65 86 241
170 189 250 77
72 225 199 31
132 61 26 222
136 162 180 178
47 150 247 204
159 157 208 223
236 243 124 6
226 238 115 238
73 84 54 94
204 3 56 201
224 227 82 36
63 236 252 209
105 58 194 123
232 3 31 233
199 201 239 23
89 235 183 213
71 190 129 207
240 32 131 116
243 106 22 197
87 197 32 161
115 79 202 176
3 85 119 158
21 143 139 118
73 17 173 79
230 66 87 57
150 232 136 179
185 129 143 191
230 57 0 118
226 160 29 245
227 141 19 137
7 187 109 131
137 193 46 243
103 252 193 123
171 11 84 135
74 9 203 162
96 18 19 135
6 148 132 42
171 123 105 32
240 225 105 84
202 107 104 188
103 237 15 120
148 170 178 201
187 58 230 173
29 148 95 27
156 237 114 166
26 95 108 186
245 206 206 0
235 183 80 82
119 164 137 85
216 3 10 172
146 231 25 96
37 236 88 39
149 82 32 11
166 36 84 191
83 94 141 63
42 205 141 171
222 132 41 36
244 178 140 109
254 217 91 138
10 63 84 213
36 149 41 183
7 248 212 184
56 105 222 132
250 183 188 193
243 227 122 161
155 251 172 214
65 30 79 50
136 203 207 243
97 68 149 105
41 227 83 130
85 208 63 144
243 71 105 167
75 73 10 136
21 254 170 167
209 170 240 146
117 24 132 95
102 32 128 92
123 210 106 61
37 84 119 12
5 139 166 64
41 65 190 13
10 250 166 40
200 9 151 83
123 48 217 63
143 138 109 140
27 186 166 230
18 96 145 232
202 144 213 190
225 249 171 117
214 186 222 51
114 221 252 171
62 38 108 21
71 166 4 174
45 193 21 147
13 215 165 8
201 125 117 247
100 165 85 12
241 19 129 82
23 54 56 22
31 30 125 245
244 184 244 34
191 28 150 96
67 170 44 95
46 2 19 159
215 226 221 112
32 31 10 17
111 200 113 181
27 130 253 146
28 227 255 58
132 209 213 81
69 226 147 179
149 153 165 20
243 41 61 197
169 240 141 250
128 168 243 12
53 176 84 31
253 197 109 16
210 154 234 5
242 10 174 232
93 225 253 91
78 93 200 10
197 181 219 0
235 2 182 101
22 235 99 185
208 242 140 188
40 199 146 195
23 164 59 10
77 102 233 189
36 1 32 50
200 220 39 75
121 151 42 157
186 158 149 240
175 161 208 254
133 197 135 1
170 29 69 56
253 19 217 93
80 56 88 34
242 112 196 31
252 1 222 213
55 185 156 1
155 182 119 252
191 246 46 234
4 59 208 2
75 16 96 97
36 16 103 74
174 204 79 128
250 29 216 234
78 248 41 174
192 244 140 5
16 118 217 124
238 85 32 11
22 160 143 177
114 183 155 68
247 136 78 10
154 99 53 217
228 126 44 183
187 9 125 11
242 30 56 125
157 202 158 25
60 162 125 205
128 153 223 129
77 40 220 239
32 12 228 73
226 191 213 126
46 170 66 250
89 25 111 79
115 29 3 170
129 203 167 160
54 56 30 71
229 202 94 103
119 207 96 99
237 248 116 254
216 192 44 89
11 67 240 151
173 5 18 77
173 141 6 230
240 99 197 74
231 178 239 206
188 177 180 200
201 103 106 81
38 125 139 100
37 152 59 183
51 156 77 190
43 7 64 27
181 238 18 141
73 3 187 245
36 253 232 90
25 107 32 240
184 48 59 138
189 39 141 142
74 112 55 255
240 156 139 32
164 38 135 59
212 66 81 224
242 109 98 246
33 6 158 105
195 249 171 36
42 142 70 0
2 222 3 66
108 215 119 156
194 223 139 187
89 16 209 221
246 35 54 176
59 38 49 188
216 149 205 246
58 46 211 181
73 170 142 230
86 18 70 143
111 175 107 192
51 250 38 207
140 86 73 167
6 49 245 21
116 56 25 28
47 44 207 146
201 217 233 192
58 233 138 70
129 45 125 89
178 54 28 245
148 220 128 178
190 174 115 62
190 229 132 238
243 89 185 48
240 19 246 211
79 48 194 70
247 14 5 222
190 27 26 68
15 35 12 152
11 69 109 31
196 173 66 80
57 75 29 186
113 116 165 138
71 126 84 175
7 77 44 223
151 69 86 24
160 148 65 154
207 82 218 252
229 30 166 141
74 180 127 153
217 74 17 85
78 4 105 157
100 70 177 168
199 24 12 76
33 31 88 237
74 195 250 63
29 232 253 252
159 19 151 39
37 244 115 142
89 146 15 31
166 242 72 69
182 97 55 223
193 92 41 177
65 6 51 92
107 20 49 68
130 20 67 39
17 12 112 120
86 110 52 147
255 52 241 112
9 75 138 90
65 222 248 133
8 69 84 144
61 221 19 61
113 28 112 163
246 196 34 193
39 19 175 137
163 50 150 160
236 94 194 132
1 243 246 89
155 159 61 10
230 147 194 87
99 141 88 216
129 106 4 138
176 213 98 241
18 46 232 22
221 96 124 57
154 109 6 28
180 46 22 13
204 251 158 108
70 106 88 153
72 87 87 139
166 215 193 176
214 105 229 5
214 27 18 59
160 13 239 99
229 26 162 179
248 97 144 175
101 69 244 229
114 59 195 87
56 74 64 11
227 39 83 8
117 18 234 144
19 2 138 9
121 169 106 52
3 173 252 108
65 218 141 243
255 67 236 138
53 60 142 124
77 111 188 38
7 250 80 36
91 182 132 167
141 222 179 91
131 226 60 48
181 250 168 176
149 37 210 105
138 113 249 244
84 178 141 68
59 210 38 211
202 161 42 45
70 61 196 36
44 108 119 57
117 186 96 223
148 228 215 173
188 7 84 65
131 84 218 158
134 26 228 74
46 117 241 56
85 95 82 3
35 89 28 175
109 252 146 0
111 125 89 189
216 236 131 201
165 124 45 91
177 26 38 235
200 123 64 154
94 178 216 123
24 13 175 39
135 64 246 196
210 54 134 146
146 135 246 14
215 192 248 116
55 50 135 220
90 18 239 58
82 229 68 33
77 147 153 34
182 8 232 24
233 145 87 253
233 108 8 38
20 114 127 191
150 205 91 27
16 234 78 26
194 8 0 97
23 68 36 81
111 175 106 129
10 97 23 219
116 150 202 39
188 112 198 150
107 211 193 201
161 117 82 243
169 237 143 115
159 187 15 148
105 9 172 123
91 112 217 176
162 199 22 65
255 19 240 252
33 149 85 220
80 221 174 166
123 109 28 249
100 216 249 182
137 198 194 23
97 82 229 235
133 201 251 233
246 99 236 6
81 197 72 130
151 237 194 217
81 67 251 186
98 175 45 0
121 143 93 186
28 224 172 122
206 113 124 247
221 19 180 166
28 155 48 233
131 64 66 187
207 68 243 171
231 187 44 87
7 211 17 83
116 178 121 247
241 221 136 74
225 151 14 9
129 214 66 176
62 237 248 186
226 24 80 41
231 235 10 179
237 129 237 102
125 31 219 210
95 143 16 94
73 65 244 118
204 135 240 90
155 136 93 58
183 28 188 54
62 172 178 226
218 135 106 205
230 196 243 230
13 110 131 79
82 90 15 186
200 130 72 197
70 211 98 117
39 203 249 2
228 90 189 75
226 117 34 200
191 230 113 136
169 177 142 227
180 40 233 109
242 198 179 219
127 26 206 32
247 209 206 129
97 156 76 50
25 62 37 132
221 173 74 70
221 111 237 114
212 184 81 148
153 147 154 122
212 142 242 254
151 45 23 78
254 172 68 172
219 0 57 237
46 113 29 246
47 0 108 153
136 120 28 201
38 232 94 163
14 169 40 103
93 37 227 210
113 64 183 87
237 47 23 103
228 244 105 76
239 201 102 125
59 57 151 132
178 84 33 228
234 224 154 95
91 228 93 165
52 252 158 189
11 39 74 105
234 194 243 120
239 236 173 39
159 201 219 148
95 97 69 112
206 165 230 185
234 176 71 88
101 46 106 148
118 80 76 108
13 148 62 126
16 40 153 58
100 21 34 19
75 18 247 247
64 58 81 82
40 42 119 44
235 111 120 138
182 178 98 25
24 188 166 161
180 84 38 205
138 58 204 44
60 79 97 33
255 184 166 16
80 241 158 217
78 84 176 233
15 15 111 77
133 146 196 9
50 217 2 247
182 39 31 234
100 25 108 155
117 82 128 122
118 56 44 76
189 160 66 229
191 56 253 195
64 165 218 154
67 3 207 9
109 248 212 62
46 28 9 212
195 148 211 236
59 97 151 78
75 109 154 66
253 104 117 169
202 53 219 231
243 43 162 187
80 169 156 200
124 173 90 137
198 1 23 151
60 32 79 111
233 51 243 255
124 207 203 101
95 222 206 169
115 68 182 57
37 53 59 20
53 0 54 41
150 27 92 25
47 74 215 242
154 64 38 33
40 20 11 127
68 71 13 135
111 53 108 249
81 51 197 62
186 222 167 251
174 125 89 146
31 79 199 182
120 21 82 251
241 26 2 157
11 100 199 6
10 65 4 1
93 159 174 168
106 30 254 133
34 221 221 36
70 198 192 155
108 98 95 108
186 52 218 99
19 133 48 116
117 38 141 159
125 3 90 10
239 105 145 79
128 219 44 33
238 143 221 103
251 255 213 182
109 80 213 9
210 240 57 208
151 154 213 167
98 227 240 17
200 82 11 134
39 246 129 70
32 20 242 32
62 133 122 184
170 139 108 133
200 103 191 199
11 45 235 193
181 186 246 154
192 77 69 248
233 77 192 171
27 28 75 38
144 1 32 33
165 177 14 83
83 53 244 79
203 62 244 10
103 224 156 70
188 41 112 229
115 169 188 225
160 41 153 76
112 169 61 204
184 32 173 12
28 247 170 234
171 255 73 150
165 157 170 145
126 111 202 158
58 23 206 124
194 60 22 173
220 200 169 49
157 181 147 102
153 169 156 64
218 218 161 202
163 172 183 83
186 29 111 226
70 218 89 216
42 7 164 203
60 167 207 231
159 135 86 73
239 36 92 88
14 230 58 39
145 13 129 177
114 251 121 181
63 130 73 160
65 179 120 174
240 131 32 242
210 253 112 36
37 31 6 116
124 66 198 148
69 72 23 242
28 190 123 200
106 192 37 150
132 171 137 67
47 246 48 177
230 179 86 177
224 130 24 241
166 110 178 244
151 190 115 110
167 171 176 79
147 27 11 94
197 197 86 217
150 77 40 45
170 11 133 59
67 227 242 161
126 216 26 211
85 5 21 20
156 151 224 224
205 80 63 189
183 184 172 88
55 11 52 97
12 139 238 54
85 105 57 16
174 166 77 140
138 80 60 57
53 224 74 146
91 171 23 220
166 3 185 229
123 186 54 248
217 166 18 125
49 45 163 169
149 150 60 57
81 147 7 173
223 205 133 151
32 24 117 222
240 97 69 102
226 84 39 230
204 109 177 100
3 155 50 187
245 36 157 244
142 88 206 4
155 94 228 91
136 226 93 18
234 153 91 81
195 78 167 242
104 234 116 3
187 249 182 23
105 236 210 158
92 108 27 112
201 206 24 27
0 57 196 15
122 12 34 22
43 23 39 154
61 56 169 255
5 164 34 1
152 71 119 94
102 6 165 14
55 109 92 205
15 101 11 176
125 94 109 235
202 1 174 44
248 192 5 78
28 32 217 96
148 186 38 216
18 113 116 157
4 157 68 27
119 163 79 16
210 213 29 2
35 238 154 193
40 20 6 2
76 152 0 53
242 57 210 14
29 203 162 231
132 134 92 147
90 177 80 254
236 123 152 31
119 122 65 219
92 132 90 129
204 210 172 67
5 224 22 205
187 94 209 57
74 172 132 207
244 148 192 214
4 70 24 157
184 49 156 19
8 225 53 237
229 142 87 174
160 241 116 182
129 13 142 30
58 161 236 206
179 217 50 222
181 47 81 26
141 17 190 212
98 50 203 19
206 2 183 41
54 34 240 225
135 233 5 203
97 68 208 61
98 10 147 17
80 139 86 215
199 208 242 50
133 252 173 218
64 99 23 143
196 168 189 178
191 73 199 115
245 170 126 50
204 51 1 23
6 81 143 164
225 29 219 31
191 95 115 134
88 233 58 56
225 43 120 132
205 154 90 62
15 177 108 100
123 47 250 150
174 240 15 48
128 248 214 83
161 198 1 136
78 157 51 37
126 22 204 187
38 125 242 52
196 165 159 151
74 70 243 163
154 162 101 20
36 17 140 81
107 140 169 67
112 7 75 239
118 34 36 195
41 239 148 19
243 2 9 168
145 141 62 167
210 255 78 134
182 101 91 3
107 46 0 116
186 181 243 66
10 78 181 93
86 134 69 19
185 152 129 193
49 18 24 227
134 65 167 25
240 172 195 148
102 169 39 137
105 207 36 200
0 212 162 239
123 208 98 105
84 50 57 151
212 127 29 35
232 14 162 5
97 143 21 96
98 123 79 17
16 212 226 14
99 4 219 162
187 55 71 128
22 175 216 232
183 241 34 141
117 166 31 156
150 22 108 33
97 250 158 170
229 229 32 231
85 1 156 212
187 200 5 249
164 104 113 196
110 49 25 115
69 131 162 86
255 211 12 168
6 238 226 226
131 85 24 57
80 149 242 66
101 91 79 190
104 211 241 138
77 35 128 234
75 51 181 19
184 129 163 171
221 249 81 149
103 231 234 0
164 87 127 69
81 215 208 222
109 245 237 0
35 107 140 60
6 134 190 196
48 225 84 85
43 77 72 98
192 126 37 23
87 118 104 134
61 118 219 26
101 50 52 215
76 166 46 1
129 143 250 18
19 199 24 80
146 73 55 185
18 244 47 54
47 18 48 206
59 244 78 252
146 84 54 75
129 186 77 132
175 134 206 92
152 193 205 230
79 227 78 39
32 190 13 61
102 235 92 1
227 87 174 186
4 249 237 175
105 242 163 226
140 180 36 173
199 94 41 242
62 209 41 151
10 21 148 206
95 82 218 194
233 248 147 6
76 135 119 175
30 22 44 135
88 127 115 13
233 223 192 177
6 242 151 245
205 234 198 87
214 146 37 115
26 86 113 19
209 27 53 253
28 22 21 45
142 106 241 159
58 59 119 155
107 74 100 49
97 215 82 218
76 44 154 222
65 72 240 248
169 229 87 20
119 73 63 88
42 228 196 243
133 200 218 226
130 77 123 238
33 87 116 110
166 58 37 116
248 83 136 179
29 242 242 160
27 120 147 72
90 148 34 3
219 97 106 146
157 65 117 106
248 76 252 161
62 139 193 241
145 194 226 54
177 223 56 178
50 109 75 9
210 111 110 6
234 122 211 154
46 161 167 162
143 82 224 170
66 166 177 138
86 180 138 143
164 224 43 206
50 223 99 211
36 74 107 98
240 132 172 233
205 124 199 9
56 81 227 14
3 115 74 153
55 194 99 252
94 86 132 147
112 82 175 96
41 92 175 43
67 97 113 183
47 112 94 197
15 252 32 27
196 248 187 158
38 71 70 41
35 38 195 3
194 19 204 140
131 140 104 180
80 79 182 253
58 25 191 4
31 98 25 248
167 89 99 235
166 126 225 69
108 152 184 255
187 151 134 46
26 226 25 70
7 124 252 210
165 71 223 107
253 220 150 111
219 234 240 201
44 233 108 180
204 174 237 245
84 29 69 19
39 81 82 185
208 29 136 74
225 77 98 61
255 33 26 144
200 20 93 91
127 21 36 240
182 96 84 246
193 186 118 141
253 131 57 18
233 210 215 165
90 68 20 151
47 50 213 107
218 1 161 196
250 124 144 108
144 71 182 128
2 249 201 190
59 136 120 27
4 227 58 175
249 186 226 255
136 44 112 65
45 134 209 196
33 213 177 180
83 191 139 222
253 198 93 195
215 232 34 201
176 193 227 74
106 49 231 94
198 227 116 96
5 15 206 36
211 49 11 23
138 245 200 36
119 14 77 249
99 235 139 225
19 124 194 135
162 51 62 190
92 239 165 182
9 210 79 158
22 166 87 136
192 222 86 167
181 109 40 1
141 243 89 99
166 110 242 208
249 78 233 81
13 212 0 235
19 152 22 75
80 131 9 102
227 114 40 47
242 26 65 63
153 1 223 174
226 46 75 128
177 243 233 117
153 231 174 72
231 213 112 119
139 253 176 198
103 185 142 98
153 4 86 26
90 51 177 175
203 15 127 191
215 178 64 131
95 4 112 116
8 24 3 224
142 20 209 74
33 101 48 70
130 172 145 165
130 37 12 123
226 234 211 247
175 117 5 106
237 235 106 148
131 248 13 123
183 77 142 223
244 239 67 107
143 46 144 242
30 203 95 73
18 149 5 251
221 26 186 4
72 204 86 127
1 60 26 143
24 10 86 119
111 136 231 69
162 140 241 93
8 95 133 128
225 218 195 232
111 254 194 135
102 220 251 173
12 123 115 57
122 140 214 48
159 109 151 44
221 74 234 211
232 186 239 239
205 133 212 184
13 152 202 157
229 102 23 164
69 160 166 31
246 217 153 102
194 185 137 56
219 60 160 221
58 50 161 38
139 224 223 196
99 234 7 57
19 17 183 189
83 42 255 65
147 54 61 155
109 147 36 111
36 145 254 69
96 55 165 149
82 25 52 228
202 29 255 135
173 161 192 184
221 22 212 94
212 78 253 79
110 14 151 18
124 5 149 242
205 212 221 145
67 240 136 46
16 228 44 24
73 80 246 194
161 101 176 24
193 89 213 38
30 134 206 232
29 7 108 141
132 101 211 94
225 201 108 5
148 111 150 71
97 206 210 16
172 2 27 5
161 180 218 103
141 33 83 109
122 228 88 197
21 107 180 189
237 197 128 141
87 5 217 27
182 13 66 29
109 118 69 106
125 26 139 236
34 12 101 194
97 207 7 104
1 181 30 177
142 86 14 8
209 133 46 204
241 241 33 213
203 254 166 146
29 91 200 112
227 252 168 4
208 104 220 223
245 206 84 72
126 228 224 212
168 59 159 198
178 144 128 155
145 252 165 191
170 80 88 205
9 188 117 254
14 29 150 203
191 95 215 76
82 43 207 76
231 83 251 155
163 253 176 123
244 85 149 47
103 242 254 12
50 32 6 83
124 54 220 201
150 2 123 48
87 208 245 242
74 146 9 3
19 226 72 173
59 24 139 162
251 163 196 240
182 247 145 6
161 67 243 246
118 215 191 209
136 214 244 71
56 30 29 150
187 74 86 198
163 109 77 176
1 144 238 157
75 207 213 191
146 42 55 223
132 254 127 232
249 107 138 139
107 189 3 174
199 29 13 142
240 109 135 129
163 24 55 29
89 209 4 9
114 7 207 64
20 125 138 80
8 50 249 146
181 114 222 222
233 251 67 28
87 170 214 207
187 226 168 254
215 201 235 236
43 226 18 201
247 136 106 150
152 190 11 167
3 149 8 249
11 103 236 146
137 182 75 75
230 216 38 1
225 103 200 161
203 245 225 43
33 16 52 243
116 228 205 125
200 63 151 241
69 162 101 31
190 159 155 112
113 104 117 222
46 58 133 7
174 56 128 36
224 137 38 100
31 86 126 248
145 44 41 84
214 42 229 46
116 84 154 150
49 36 3 108
177 31 23 162
143 245 58 126
177 227 10 9
96 246 82 11
90 178 18 65
241 92 65 134
196 159 251 218
224 202 47 46
167 85 88 113
71 70 192 116
251 173 65 18
234 19 97 199
67 12 162 153
172 199 85 181
218 77 141 165
249 88 118 209
53 166 69 240
78 54 104 179
157 88 28 204
144 227 61 91
134 29 130 128
101 148 23 135
130 178 215 22
148 221 159 186
33 134 223 38
231 56 211 65
76 230 105 245
132 13 85 57
183 162 23 239
84 193 70 82
27 153 177 9
19 214 238 208
200 123 160 246
154 138 73 149
126 81 182 177
178 179 36 109
146 149 139 240
113 122 29 119
38 21 22 167
40 12 229 98
252 143 119 44
240 126 201 132
13 124 95 85
109 18 75 163
39 221 181 187
80 202 148 45
48 59 48 93
61 136 74 43
3 215 202 101
126 180 215 134
195 4 167 177
169 0 239 218
93 72 232 3
58 127 69 0
131 202 73 184
142 53 218 197
4 181 150 196
82 195 178 122
227 66 54 191
250 1 188 23
127 155 140 69
59 173 190 87
77 111 54 82
91 208 149 40
25 52 250 233
80 31 222 219
92 31 161 106
178 154 108 105
44 45 137 233
252 66 202 195
39 184 79 208
36 234 76 1
221 20 93 245
207 65 136 119
15 193 2 18
86 6 95 125
92 15 132 18
57 143 206 80
62 135 111 127
214 150 206 188
22 75 112 193
135 179 240 235
227 242 243 189
222 136 93 72
6 207 124 124
156 214 169 175
37 7 239 213
82 173 43 82
60 47 17 184
164 114 255 22
105 11 122 71
237 138 236 176
89 228 51 32
147 66 69 225
197 93 207 77
24 6 185 199
179 127 163 95
22 107 217 38
142 12 41 158
70 146 87 182
43 126 168 126
28 255 77 144
142 47 76 133
141 124 162 151
31 55 92 85
226 174 240 66
72 60 74 2
177 55 113 103
85 186 136 142
239 170 86 205
56 133 237 229
212 156 95 171
213 198 222 120
216 135 92 218
178 15 172 120
100 40 195 11
155 229 207 19
115 143 69 245
117 2 99 56
195 172 157 154
146 75 176 141
97 117 37 115
13 125 196 245
78 182 62 56
252 178 43 45
177 121 126 101
104 57 219 175
90 22 25 119
177 11 44 227
139 197 59 150
134 230 154 223
251 103 113 13
220 47 93 153
228 15 46 56
31 67 130 152
253 135 35 88
14 178 196 69
239 237 26 131
192 149 140 166
15 66 238 116
204 28 19 131
181 180 217 224
15 244 72 110
229 175 50 160
91 196 205 184
239 19 33 5
148 226 158 176
144 61 55 13
209 16 134 165
116 140 210 76
76 121 18 227
193 234 78 173
209 235 219 151
79 77 198 200
23 201 114 142
14 234 157 27
44 167 235 228
228 127 106 236
125 132 63 7
245 229 168 127
65 210 231 11
194 136 244 63
212 45 180 252
246 200 160 150
1 247 119 59
6 103 115 222
25 3 33 154
38 202 215 15
12 195 22 181
65 143 180 231
188 98 89 93
27 127 241 4
27 243 60 218
223 225 142 247
0 203 154 143
192 0 233 136
54 213 60 56
228 184 2 169
142 25 106 250
145 209 158 135
21 106 44 57
73 15 27 89
37 9 52 250
156 180 42 99
46 164 49 138
247 251 172 102
240 45 31 0
33 235 184 208
24 255 30 239
107 173 83 198
205 142 15 36
232 34 114 157
226 152 60 195
234 20 54 48
233 3 47 188
25 89 8 63
239 163 48 193
112 142 101 47
64 127 33 44
214 222 72 168
63 179 204 15
156 24 11 225
198 227 48 13
217 165 217 138
103 232 6 162
211 4 33 84
35 214 231 13
82 167 74 223
163 140 0 122
150 151 144 149
132 191 43 120
229 251 61 225
134 25 249 60
234 110 117 6
29 103 99 223
207 184 83 67
194 82 63 178
204 178 228 172
241 210 67 188
251 93 144 81
202 42 48 0
224 24 80 240
101 226 217 210
240 67 110 154
31 182 83 228
129 35 226 202
198 183 216 144
4 128 104 116
136 167 14 57
233 104 110 148
137 63 145 131
62 252 163 140
179 107 61 92
70 127 196 137
140 238 129 217
58 149 219 212
18 225 202 37
79 98 14 234
101 27 228 82
78 6 235 253
1 223 229 144
88 121 184 198
166 168 234 179
166 181 171 109
134 152 195 41
227 237 77 198
182 136 186 177
56 197 47 100
213 192 75 222
165 254 90 51
58 140 35 131
155 181 128 212
205 0 18 121
145 158 119 117
117 10 79 48
110 156 34 86
33 237 8 51
24 247 228 224
82 68 142 22
99 220 84 44
247 229 171 201
229 121 166 6
17 255 179 123
120 195 140 176
227 247 174 176
100 73 74 72
67 240 179 119
34 20 99 41
227 129 106 26
161 15 172 164
222 216 7 157
126 95 157 29
239 247 61 90
16 156 230 218
120 98 35 43
60 15 29 162
195 253 92 221
59 244 198 105
67 76 235 162
176 126 148 191
76 10 186 185
194 187 207 94
21 38 194 67
61 140 136 208
38 1 42 156
33 210 110 128
32 234 139 24
188 226 73 28
94 212 75 221
232 35 47 245
160 23 18 202
163 192 127 167
251 58 51 99
15 21 20 17
155 87 220 173
213 138 6 133
158 232 129 9
251 240 197 31
203 133 209 151
228 244 21 113
58 248 11 175
202 179 238 141
249 205 5 176
143 176 198 129
191 182 182 207
119 245 131 17
255 253 33 100
228 150 94 173
161 250 11 49
132 195 67 112
108 89 16 198
140 27 66 30
87 22 49 59
9 117 134 136
184 90 110 113
72 206 139 93
181 174 75 24
232 133 141 253
65 94 142 248
82 72 211 235
179 158 181 68
230 62 46 170
84 58 0 186
247 0 59 200
179 188 165 76
55 127 43 195
63 105 143 190
185 235 161 82
27 230 125 56
31 77 24 182
251 162 13 129
22 130 173 160
146 104 88 157
151 114 59 129
41 116 89 209
151 230 205 47
89 124 31 133
41 252 63 27
40 76 5 63
109 80 243 60
39 237 75 13
239 165 229 212
220 64 183 134
99 33 154 190
161 176 178 8
61 187 240 109
66 54 21 114
148 255 196 211
253 78 23 9
187 142 47 254
74 37 157 118
81 39 115 207
153 233 191 41
181 158 179 220
124 44 24 65
127 105 47 191
146 170 164 197
193 237 146 28
9 8 142 239
121 105 203 97
88 9 192 12
175 200 23 13
103 142 74 188
154 159 17 119
19 179 237 199
26 33 171 44
95 114 170 131
105 39 73 3
54 16 195 114
11 210 227 238
5 215 1 25
0 171 191 226
135 97 233 239
203 193 41 233
145 117 70 184
172 146 222 36
8 120 6 27
48 208 214 206
96 85 41 238
255 109 149 177
79 158 6 139
42 149 94 197
174 195 38 186
75 185 202 69
202 195 124 242
97 230 42 45
152 246 105 26
121 76 155 216
43 79 223 2
171 112 235 136
95 137 253 17
229 167 39 20
79 95 123 75
90 221 217 58
193 108 158 44
246 117 57 218
170 134 13 59
214 180 203 253
93 5 174 204
202 61 227 186
90 205 101 148
177 58 250 114
46 162 204 145
160 105 50 36
1 83 193 74
35 113 153 8
104 144 139 101
86 30 221 178
233 22 24 196
27 112 26 25
161 207 185 68
48 157 235 169
225 16 167 198
54 10 186 235
79 20 212 191
13 251 126 98
21 116 157 200
36 167 207 78
21 252 27 41
153 174 41 192
19 139 36 15
15 100 192 107
229 81 121 241
5 55 136 196
66 215 8 253
105 96 185 32
51 206 222 28
195 225 195 83
198 111 241 43
56 163 176 202
119 110 74 239
143 207 27 178
46 93 106 39
154 231 241 164
64 89 50 46
252 101 210 164
240 148 141 215
107 145 1 189
92 167 59 177
196 122 56 17
139 169 99 26
139 142 143 255
15 35 6 191
28 168 150 200
100 19 93 7
54 137 22 193
202 92 254 249
31 79 101 226
18 41 64 247
94 85 248 12
64 26 59 11
124 126 92 227
121 217 19 6
158 213 147 133
23 167 21 208
215 88 108 99
201 2 189 148
41 125 178 86
138 9 29 231
143 75 16 171
8 104 41 36
147 121 180 228
156 252 107 140
233 130 93 219
74 142 209 131
140 51 232 236
184 186 120 186
242 231 135 124
186 218 170 229
0 131 95 182
181 117 83 197
109 177 151 9
185 251 46 3
99 232 250 236
134 243 74 121
38 22 212 77
61 134 210 63
245 213 57 65
145 241 46 196
126 6 13 65
147 74 86 165
28 18 215 17
226 200 94 212
72 85 169 95
136 47 66 19
115 152 231 93
18 122 164 52
233 35 224 80
28 230 112 180
69 33 220 174
253 225 229 68
197 7 1 137
148 243 236 36
24 62 58 127
200 92 244 234
237 200 23 212
50 204 47 228
61 155 154 68
51 156 211 249
180 226 56 47
191 52 59 185
164 99 247 94
19 59 245 132
3 179 27 212
210 18 254 171
87 134 47 70
49 86 211 117
207 167 83 212
103 147 220 75
22 197 25 168
220 31 209 158
39 118 198 132
115 142 124 102
34 13 103 156
148 114 59 97
31 33 61 226
107 226 28 34
248 77 124 76
13 196 182 144
9 88 240 164
41 233 200 48
251 194 121 12
3 160 4 131
167 57 58 165
229 200 53 252
64 20 203 225
19 160 79 16
97 190 179 10
19 195 53 54
58 134 199 61
230 239 133 206
33 195 202 164
135 88 95 10
4 53 134 30
76 51 51 97
125 235 71 77
120 206 162 181
57 7 229 243
102 226 195 13
135 152 177 137
52 165 177 251
143 69 43 203
245 21 35 23
220 92 21 56
36 41 80 253
153 60 118 24
201 228 65 24
42 127 118 92
154 3 195 208
191 166 68 190
20 58 232 30
11 212 48 24
245 212 149 165
12 245 130 201
233 78 215 131
88 87 7 138
156 173 66 19
254 237 161 73
29 63 255 20
245 245 49 149
23 11 170 248
24 115 56 89
124 21 103 133
219 45 59 251
19 221 192 59
202 192 91 70
182 225 112 17
48 210 226 16
244 160 130 124
252 134 100 60
247 182 123 135
239 79 196 193
63 237 194 185
154 169 246 136
90 149 46 187
128 67 186 138
89 132 41 221
207 113 50 29
166 84 190 126
102 127 5 180
142 54 21 79
43 34 43 185
33 112 135 115
119 218 22 138
173 82 227 120
6 226 254 31
153 84 109 14
127 118 50 48
247 109 110 197
46 203 115 143
60 41 234 158
152 70 69 232
157 189 78 156
143 140 19 42
79 3 100 183
111 201 114 172
11 51 32 255
137 169 60 228
51 49 48 255
252 72 78 244
20 188 166 120
78 162 153 163
115 247 72 130
204 191 197 159
197 243 200 173
110 20 124 214
60 242 170 87
187 90 227 228
75 153 71 103
119 165 151 116
240 206 172 85
247 104 30 215
106 33 148 153
187 210 218 197
131 152 208 135
52 187 12 246
193 159 61 193
148 59 69 171
54 105 3 238
65 85 159 184
68 115 98 157
168 33 40 74
61 44 207 176
255 78 251 76
164 240 171 87
211 114 235 244
69 127 146 137
72 130 148 166
207 185 82 254
77 85 176 212
219 208 90 56
126 92 112 21
246 92 47 136
246 214 173 203
132 242 229 167
140 135 40 255
114 121 144 102
75 86 100 204
210 135 165 176
183 92 205 198
222 134 194 46
158 146 197 128
62 35 5 184
77 19 57 224
192 186 0 21
173 132 45 221
6 213 112 100
238 6 109 220
229 200 120 71
180 94 190 171
67 190 123 24
189 196 203 205
8 81 49 137
243 28 216 148
49 233 209 196
133 72 77 247
38 33 194 243
103 189 134 187
86 178 100 9
18 93 111 24
181 39 143 171
219 140 208 8
153 103 240 57
34 160 155 216
116 99 106 86
78 36 129 194
123 20 173 170
120 149 247 221
46 138 93 203
107 27 66 128
221 55 160 223
11 198 128 167
37 237 238 162
122 120 78 116
156 115 13 149
213 9 27 189
28 60 41 47
255 189 56 166
222 116 48 67
254 137 56 48
76 216 232 204
6 110 231 131
168 227 172 27
112 62 210 162
121 109 7 183
199 33 212 75
184 117 43 197
124 152 99 28
176 40 73 156
189 192 84 202
200 250 81 31
104 111 243 79
131 27 185 179
210 233 102 70
153 234 48 93
59 144 198 3
186 238 33 231
39 159 234 9
242 67 2 122
37 251 105 149
200 62 116 54
205 89 164 66
225 93 221 38
102 113 170 15
70 253 242 223
246 44 63 111
120 117 134 16
208 50 121 176
165 194 226 230
123 8 128 175
64 251 187 206
57 165 41 37
110 241 203 184
90 254 196 143
187 81 205 163
48 170 213 196
31 249 138 156
39 159 156 127
206 79 253 185
31 165 192 152
68 255 138 234
122 249 179 17
124 229 4 177
115 52 92 43
13 60 235 228
42 140 72 59
238 117 240 80
35 155 36 68
76 22 216 236
195 145 100 136
170 40 45 61
240 40 82 44
171 168 195 31
139 179 72 181
123 41 187 99
4 66 12 14
65 153 9 217
39 115 184 32
136 182 106 155
6 214 7 71
158 142 64 35
118 14 212 133
36 165 244 111
141 52 134 9
19 180 177 243
115 170 70 243
131 15 110 193
82 249 162 241
145 6 6 1
212 210 255 140
245 204 253 181
140 87 178 152
231 98 144 43
253 106 20 147
58 137 112 129
249 145 87 165
126 230 210 2
190 107 211 166
153 206 43 16
119 92 48 42
54 176 50 124
210 166 55 87
142 29 79 175
127 18 10 191
202 17 128 190
85 230 52 111
23 101 138 228
54 14 88 223
46 43 167 12
116 147 26 130
186 137 181 235
98 134 89 180
41 193 67 37
193 55 164 103
61 146 164 222
38 237 190 178
228 211 220 232
105 1 249 66
184 21 119 13
155 64 15 171
178 59 85 23
220 121 147 4
245 211 222 214
89 79 140 158
92 112 140 222
187 114 141 179
4 1 245 163
137 243 170 230
227 26 241 166
241 29 151 227
54 237 154 244
254 109 70 93
182 36 62 206
53 187 241 193
221 203 15 152
62 219 122 50
225 54 247 88
13 86 93 65
63 92 151 45
152 67 16 57
186 161 173 8
220 252 140 227
238 111 226 31
215 64 87 54
218 228 136 152
176 27 115 35
126 29 222 199
223 232 111 235
22 119 197 200
10 22 170 66
44 87 52 223
214 80 148 69
121 199 254 158
20 48 245 253
30 40 203 105
125 180 112 4
28 189 63 150
174 31 44 10
87 148 171 33
82 111 218 219
84 115 187 45
247 211 118 222
147 14 51 174
166 22 206 86
68 195 132 47
220 244 14 117
110 4 194 36
206 48 221 3
132 194 38 135
148 215 87 176
173 114 48 102
62 116 173 27
7 144 144 127
108 13 248 30
165 41 204 192
134 32 104 7
126 216 57 130
153 8 49 195
95 225 171 42
124 89 26 147
201 232 138 193
33 229 0 68
96 199 242 169
121 11 174 198
53 244 217 225
1 196 151 101
85 61 117 49
161 105 170 147
95 55 101 219
178 177 88 137
211 14 153 82
183 217 66 22
129 47 168 124
203 179 213 195
207 60 250 49
157 215 57 211
99 36 85 47
178 104 157 129
101 127 163 130
191 95 83 88
206 159 31 210
55 50 0 217
89 172 210 185
171 44 159 31
205 171 45 51
189 36 156 186
213 178 240 188
137 132 121 7
140 246 242 141
54 154 209 217
149 52 68 38
19 171 14 73
240 5 55 47
5 212 25 249
146 1 234 207
43 215 31 166
64 93 116 152
215 115 202 71
110 13 167 150
121 177 107 17
3 200 104 179
19 124 78 122
79 101 142 112
133 167 155 156
173 79 219 145
65 216 221 16
93 129 100 97
147 181 4 102
131 252 67 2
82 126 56 169
154 16 243 151
92 11 206 196
55 107 178 233
204 159 6 160
30 186 196 161
137 99 109 222
2 32 234 32
75 79 247 94
188 173 102 61
246 96 32 94
216 73 240 224
135 4 13 74
25 160 7 27
231 60 152 78
151 22 27 219
255 244 50 177
88 106 32 154
62 103 46 90
11 69 40 79
127 64 127 48
4 185 25 91
200 175 204 77
140 195 66 159
178 255 125 79
188 55 208 244
108 142 27 170
223 53 190 205
53 195 57 77
235 12 236 219
164 5 48 57
74 143 75 220
142 73 223 108
3 135 173 72
34 23 225 100
243 223 67 141
221 228 76 130
182 66 239 47
27 188 22 233
78 212 177 129
44 125 10 164
144 161 105 159
68 47 177 86
106 174 198 133
13 1 10 73
15 157 128 33
154 91 184 54
143 39 9 70
221 27 227 103
121 28 243 53
48 23 219 16
170 208 85 39
2 1 146 83
22 244 97 120
168 70 64 223
146 212 116 56
191 140 129 232
55 27 237 255
25 132 230 153
154 222 49 130
12 85 74 180
124 143 201 158
81 52 123 71
10 138 175 224
236 188 93 135
132 111 187 12
242 179 97 124
182 201 227 163
209 158 214 205
230 118 43 184
88 30 251 183
125 75 102 79
98 44 161 53
69 249 73 200
55 124 209 171
198 88 57 251
169 213 215 74
45 73 105 37
109 175 169 79
165 88 238 197
28 252 86 111
150 221 166 113
11 159 112 6
20 127 187 66
129 108 114 159
151 15 40 25
236 43 46 205
77 125 37 44
121 137 60 99
198 232 78 216
34 245 22 96
35 99 76 10
139 138 77 15
5 99 227 77
40 161 83 195
252 176 204 97
56 175 205 8
158 53 75 235
9 233 170 51
212 170 92 183
190 181 169 9
150 160 158 0
206 141 153 190
86 42 152 238
122 181 177 93
5 167 2 126
14 95 125 21
167 136 243 4
151 156 241 188
44 42 215 34
157 204 204 214
150 181 84 65
214 242 155 122
197 196 55 199
180 192 250 113
82 30 149 223
131 74 97 117
68 246 113 49
61 127 36 160
148 203 30 241
222 151 22 195
175 31 171 132
137 7 125 198
139 164 132 145
158 163 61 125
39 93 34 237
248 137 110 203
58 185 27 112
136 116 190 201
141 103 15 183
86 25 233 12
156 26 81 50
147 5 71 173
33 101 28 16
36 47 202 193
189 243 139 97
89 22 190 84
58 58 156 93
162 249 11 124
183 16 122 112
53 196 166 42
212 101 201 190
129 54 4 64
14 198 85 125
16 112 107 157
102 188 255 240
194 249 250 142
1 45 244 148
4 153 76 169
74 216 62 129
206 67 79 2
32 215 159 181
34 244 156 89
33 198 162 98
8 219 177 175
10 198 117 126
96 45 112 216
20 186 181 135
52 62 152 148
178 177 179 26
151 2 37 151
250 150 202 125
34 185 200 226
96 76 34 226
198 82 248 108
111 124 197 68
110 118 3 233
138 85 40 52
208 145 211 103
24 13 215 96
16 26 249 50
218 176 229 241
53 4 213 163
163 61 235 161
146 222 105 28
61 18 72 27
50 193 208 106
193 171 174 107
194 60 206 174
21 176 69 25
15 68 214 158
146 241 205 197
224 12 247 111
7 175 48 68
216 195 118 177
164 85 35 188
236 127 181 240
72 246 215 210
248 232 84 213
4 190 201 37
193 198 104 246
96 127 155 129
176 88 75 172
152 150 72 68
174 57 214 37
11 14 239 173
124 51 233 174
70 37 51 44
190 250 2 49
89 142 59 38
71 105 28 40
106 17 37 230
4 56 10 191
229 75 72 109
46 70 68 75
206 163 235 78
1 84 66 178
174 208 194 155
164 7 188 188
115 4 146 52
44 193 42 188
75 163 183 150
216 204 166 133
16 253 207 3
80 46 25 64
52 74 96 147
230 21 30 240
42 60 237 98
57 133 236 188
76 7 38 228
76 163 55 225
152 157 118 211
131 88 254 28
77 90 142 146
12 157 125 192
82 86 201 3
142 35 50 112
112 6 136 244
197 87 254 233
215 92 107 158
45 239 184 107
133 191 0 195
234 144 111 179
136 16 41 39
138 209 200 238
250 121 136 43
45 58 246 189
86 142 93 209
174 97 231 113
234 166 130 141
67 255 107 81
145 52 232 129
26 185 99 166
163 117 69 231
223 18 190 246
148 29 184 48
49 208 232 251
22 242 12 112
57 44 238 250
203 184 51 147
80 33 88 54
55 28 205 138
203 156 120 176
67 117 174 98
1 150 231 150
47 59 169 7
151 134 90 233
63 238 137 233
197 22 232 55
22 156 90 12
234 200 185 22
246 105 224 212
94 199 55 223
178 32 23 188
224 134 68 115
13 112 29 0
66 154 202 177
123 229 91 213
183 172 18 18
92 83 91 61
207 117 96 192
209 96 109 152
20 21 69 74
91 14 14 21
137 160 25 184
36 198 106 233
171 218 31 128
168 246 240 228
224 47 106 179
167 30 61 132
187 198 117 193
128 44 85 18
210 68 47 234
80 45 204 103
51 12 131 171
207 84 121 183
222 42 95 6
233 15 243 20
66 12 231 40
230 73 111 218
59 141 38 146
107 255 221 97
220 105 48 48
131 68 210 85
61 165 205 175
9 194 88 247
25 15 37 180
85 19 62 173
180 209 22 213
90 142 158 40
112 153 108 5
147 109 169 70
128 208 176 228
177 145 136 239
192 236 234 86
171 67 223 31
189 131 94 252
110 136 57 110
43 246 113 98
121 125 43 186
84 23 12 70
129 157 129 50
93 220 117 130
42 41 183 210
229 24 48 72
38 3 191 66
190 100 127 58
76 224 42 33
145 11 12 194
100 189 159 112
200 118 6 173
17 252 242 61
101 140 214 152
137 142 229 149
230 238 58 37
90 101 181 13
3 168 175 213
85 66 243 103
10 105 42 250
221 43 220 129
80 61 159 246
110 80 79 47
140 79 73 51
73 62 134 234
48 198 98 4
30 5 218 152
155 174 21 22
39 166 207 40
46 19 226 151
84 37 45 69
80 85 153 88
23 141 213 224
211 77 214 89
42 19 33 10
186 122 66 230
136 182 48 190
66 38 149 11
164 77 167 83
170 196 35 250
156 15 34 117
33 109 253 1
233 40 87 192
122 40 161 89
211 58 85 156
176 160 50 198
101 156 124 82
110 177 100 92
120 60 67 176
98 113 244 107
127 7 75 137
35 19 117 213
225 228 3 175
216 185 192 180
61 173 58 139
33 58 46 207
86 198 210 215
81 121 133 165
227 214 174 157
243 38 163 114
37 46 156 123
25 151 14 103
226 26 28 161
24 106 122 38
143 56 207 243
3 196 99 143
52 163 138 159
224 185 10 58
31 231 177 132
52 43 133 78
101 182 42 225
154 51 116 93
153 124 23 171
83 1 212 61
88 96 181 235
243 251 62 206
176 8 139 198
17 93 231 187
188 80 125 180
202 125 0 212
111 214 78 149
196 37 103 129
8 58 111 31
58 238 65 43
210 172 41 45
119 141 52 8
21 50 235 138
30 40 218 232
202 81 118 98
237 254 100 144
134 56 141 193
246 8 68 127
88 102 244 99
170 126 185 234
12 247 28 174
251 103 11 76
53 88 169 178
188 170 201 216
23 145 89 88
43 70 33 37
10 56 120 165
151 82 185 212
132 109 127 16
233 226 239 21
223 80 119 161
173 62 66 42
122 24 95 232
231 102 80 245
184 227 1 80
88 66 74 225
219 206 126 180
10 61 37 187
56 105 95 35
239 48 17 247
33 211 201 219
242 19 200 132
85 165 124 112
99 34 166 255
47 190 175 190
188 129 251 85
221 162 179 184
75 7 81 26
37 108 141 185
202 45 95 31
105 56 8 38
168 42 57 99
9 48 208 91
166 164 174 24
167 1 38 58
25 72 116 58
235 93 13 232
122 55 95 23
222 91 66 194
17 16 32 143
18 235 84 24
197 181 0 21
10 188 210 216
42 155 156 62
105 249 151 19
3 89 40 243
17 39 36 57
12 70 18 48
236 207 156 76
83 106 211 254
25 62 129 103
105 72 43 2
101 199 124 99
94 77 144 6
235 183 211 162
244 184 224 193
254 109 79 118
124 161 115 194
37 219 89 127
240 59 83 236
62 40 58 226
38 177 105 29
193 94 223 23
138 176 209 65
135 251 36 71
178 8 236 36
168 222 247 122
98 232 209 159
10 178 21 214
166 48 24 3
237 25 28 222
148 231 222 250
231 204 55 120
50 60 3 131
33 141 38 106
154 182 114 158
197 107 194 226
64 149 167 119
209 192 102 86
122 204 68 146
109 182 242 26
203 11 174 197
252 32 7 179
13 125 32 30
237 154 236 145
25 201 92 249
222 95 168 66
232 149 36 8
59 44 206 102
69 13 132 28
41 55 239 240
156 59 107 229
134 135 177 13
182 3 36 56
108 145 96 50
84 95 131 97
138 161 127 126
35 135 240 196
207 192 29 151
45 40 104 110
197 4 209 148
210 36 160 121
63 177 61 47
239 191 200 70
128 156 103 152
224 205 118 160
135 167 165 159
222 92 65 127
219 142 81 208
183 133 177 219
209 158 152 8
76 132 63 130
169 5 161 65
191 32 62 84
194 94 14 33
163 210 163 86
135 198 250 44
75 84 178 251
134 166 89 93
237 40 36 169
178 71 174 82
79 185 173 99
212 203 168 89
88 243 240 255
146 36 24 3
104 174 14 121
195 164 85 137
160 94 135 15
199 182 93 197
117 41 144 247
211 66 186 86
103 222 167 208
125 124 112 230
95 16 88 141
178 68 151 229
108 35 168 13
81 24 175 199
83 162 190 14
206 43 254 83
180 155 229 176
16 198 115 120
174 242 38 71
12 1 167 228
173 117 164 185
235 200 123 233
41 91 96 99
243 120 102 219
177 49 220 49
210 241 105 162
119 21 211 141
96 11 109 73
235 76 12 31
203 38 201 141
162 162 2 57
232 232 30 183
222 167 163 213
85 125 254 45
122 29 68 29
167 20 164 113
120 79 15 238
237 171 34 178
234 77 104 140
253 95 38 163
91 192 79 228
43 142 9 63
26 80 198 215
162 8 121 171
239 203 10 163
68 211 1 234
88 42 202 42
157 147 253 49
35 236 68 77
156 107 105 224
202 231 233 61
159 125 108 0
249 0 196 161
237 118 68 36
10 109 234 130
225 74 160 109
214 30 90 84
189 115 164 41
54 213 148 130
40 234 189 45
225 203 161 33
11 135 76 127
135 45 228 232
122 242 190 139
56 225 184 50
99 189 47 126
36 227 222 96
22 151 26 201
227 27 250 100
84 70 162 243
185 132 221 46
131 146 20 7
39 18 97 238
224 143 132 168
137 136 162 165
185 113 246 105
178 115 165 140
161 33 150 221
176 147 97 161
73 37 54 173
39 183 123 13
36 57 182 36
161 8 38 133
113 251 176 163
165 159 36 97
81 22 147 243
228 19 182 33
7 103 116 243
153 200 19 64
121 195 252 69
49 255 117 108
166 97 30 83
31 221 109 47
169 176 115 156
98 237 124 205
16 182 137 244
38 206 51 241
189 191 251 36
19 169 15 28
165 179 248 53
31 207 48 135
27 183 26 32
1 192 226 95
197 203 141 20
4 4 124 141
137 34 179 125
118 190 185 48
87 25 230 211
64 149 92 255
123 106 89 85
55 88 79 19
0 67 230 242
127 154 205 9
35 181 65 225
220 203 142 239
139 67 77 162
79 166 241 176
226 71 39 182
7 238 178 97
93 80 218 91
179 168 114 51
142 113 55 237
166 147 211 188
206 7 130 105
124 117 16 64
206 14 151 43
133 25 144 144
89 182 32 45
104 11 93 42
158 235 85 54
29 197 119 28
171 153 2 175
73 101 166 123
213 91 247 83
250 131 151 217
249 104 100 149
76 27 241 227
156 52 127 225
183 98 129 70
103 70 103 253
195 171 223 39
232 109 10 19
231 178 35 24
84 7 98 112
233 160 185 78
90 215 160 12
62 189 118 29
40 74 147 241
132 70 50 135
105 221 184 187
158 60 35 42
179 221 156 144
43 110 186 243
18 134 189 52
120 142 104 247
144 107 23 141
27 179 95 231
130 97 53 39
129 190 205 148
85 177 23 71
164 199 217 63
67 79 64 9
235 88 56 15
148 159 236 129
23 147 229 70
210 62 135 32
98 168 41 164
155 4 55 16
28 124 39 236
226 62 220 28
53 82 73 5
71 172 12 152
245 250 126 70
43 43 57 104
245 187 138 220
120 221 212 117
244 196 153 186
109 243 92 11
139 74 252 239
255 213 138 131
206 28 207 74
180 198 124 176
9 202 21 118
162 226 80 97
57 66 202 10
50 51 172 104
17 23 171 95
183 143 229 230
182 103 212 86
56 94 34 232
24 24 60 171
62 196 201 133
143 159 245 82
173 141 9 94
181 28 151 36
131 203 10 31
167 31 70 85
185 214 28 60
186 76 93 107
169 38 139 1
88 172 80 132
43 160 246 33
123 213 41 12
197 219 230 96
54 84 212 182
203 101 98 49
47 12 217 38
120 129 41 97
207 12 206 220
56 16 79 227
45 54 82 241
186 217 55 30
91 138 166 221
27 106 84 193
22 102 123 32
46 116 198 229
166 85 31 161
49 21 92 12
219 89 142 138
138 41 69 96
8 84 14 87
50 34 218 49
156 232 97 169
115 110 67 221
162 153 102 252
43 195 216 49
151 171 135 220
108 171 55 222
148 163 212 98
7 43 6 172
91 174 35 201
220 121 40 78
177 92 17 96
88 173 169 87
245 235 255 236
216 231 198 147
29 160 255 183
36 198 54 200
248 209 251 144
184 16 122 180
147 230 94 78
195 135 8 192
149 132 245 175
157 7 144 143
234 129 124 130
56 215 53 57
161 27 171 126
3 205 51 254
117 200 79 56
25 5 93 225
7 234 128 73
219 219 181 103
138 251 76 91
240 204 174 48
23 170 77 162
82 137 198 130
199 77 178 235
47 142 4 124
71 210 59 171
177 105 63 246
127 25 52 82
187 39 189 217
87 198 12 23
190 27 229 35
173 101 173 158
196 246 10 204
119 121 10 23
224 142 108 142
14 182 245 109
93 25 106 121
230 147 116 157
2 90 198 85
42 148 59 33
49 236 98 58
69 86 68 163
52 76 109 117
167 138 192 157
242 45 123 187
51 18 161 107
129 226 142 139
100 119 9 8
52 251 37 16
247 229 13 177
157 212 78 142
197 77 64 30
155 49 195 193
128 135 244 51
224 52 54 31
188 101 5 123
212 236 192 69
108 91 20 41
214 4 19 46
50 70 201 128
206 218 164 81
235 127 179 97
101 18 251 229
133 128 6 237
60 78 109 174
253 141 78 80
222 23 170 252
227 72 50 119
60 223 22 89
223 21 43 102
129 47 37 92
125 9 222 130
98 22 191 165
170 233 208 185
91 209 99 238
138 172 43 110
82 42 120 17
77 154 216 184
156 225 74 170
100 239 252 21
151 198 228 75
105 62 59 254
251 227 158 222
62 15 205 96
188 112 252 221
94 218 211 165
122 243 182 76
43 72 158 132
179 127 239 62
178 203 82 226
121 11 23 180
177 217 26 92
28 85 14 231
231 67 240 60
228 73 107 110
3 131 70 56
29 5 144 27
31 98 191 107
150 172 36 122
123 76 15 62
45 50 29 33
252 156 141 185
97 143 192 109
58 65 18 86
221 254 3 224
45 66 145 150
126 107 92 101
8 238 232 242
1 108 96 126
190 143 176 146
160 112 167 129
200 162 76 2
206 24 218 108
92 81 40 98
129 148 124 74
2 30 156 73
139 161 164 245
27 33 3 24
40 210 192 53
144 61 244 252
178 102 214 25
34 39 78 168
89 234 206 174
85 240 251 235
50 58 175 157
111 130 107 93
177 42 163 174
128 18 29 61
4 149 97 187
137 94 171 69
94 192 65 177
76 179 150 27
229 182 197 172
205 91 148 66
86 130 252 64
210 105 194 76
112 55 171 222
24 249 248 16
31 170 53 228
169 202 81 84
195 54 123 152
235 236 231 98
45 195 63 110
141 75 141 49
72 45 65 212
132 71 188 147
189 60 3 9
207 167 204 20
247 7 96 153
113 187 203 46
168 103 208 168
24 190 76 205
13 123 223 147
158 133 184 7
91 41 129 171
66 76 2 86
163 110 182 242
46 216 254 180
33 132 255 155
232 176 132 86
1 89 19 68
71 223 24 52
49 57 184 71
215 152 235 2
8 228 70 138
18 45 8 97
3 220 161 4
37 64 100 185
199 123 103 250
142 221 244 19
194 223 22 177
73 85 222 77
174 143 19 59
152 83 119 35
187 211 104 161
54 46 182 25
104 77 214 237
26 225 194 60
245 152 99 114
82 252 11 15
154 63 174 216
55 196 159 2
213 229 204 91
127 71 13 244
71 153 122 134
81 107 10 47
107 79 244 239
134 118 225 172
248 93 196 78
158 47 250 85
98 192 63 155
164 142 170 44
218 130 8 255
98 183 189 230
175 239 186 171
136 1 152 4
152 57 5 248
137 116 132 174
249 200 201 10
2 78 255 76
84 26 167 66
40 0 186 196
225 190 36 26
200 79 29 231
10 18 49 71
74 22 83 108
55 207 12 100
184 223 142 235
100 22 230 238
234 237 231 222
132 34 30 216
50 40 175 17
129 183 10 87
195 32 234 227
123 33 80 141
213 110 147 102
106 164 79 185
229 68 82 134
38 10 93 231
124 164 230 3
17 0 202 235
138 121 37 61
235 122 237 73
142 113 13 241
209 197 53 171
47 185 181 129
208 56 169 24
103 183 109 209
155 109 106 140
195 197 245 50
7 219 124 165
161 119 43 19
95 251 206 197
9 140 239 152
146 249 191 2
217 1 225 217
4 218 39 69
210 231 236 32
10 134 213 80
33 40 159 74
190 100 220 121
232 66 236 127
188 45 206 139
96 24 157 230
100 150 237 30
214 52 123 203
97 51 121 210
71 187 61 214
126 102 130 83
54 12 156 186
26 205 75 243
96 123 131 31
197 142 152 240
89 41 31 147
43 127 250 195
183 44 93 152
98 253 123 117
184 98 235 130
197 128 19 254
147 53 109 220
120 47 194 219
44 21 3 101
54 33 191 205
128 219 61 181
185 160 247 225
71 160 85 129
187 96 74 212
150 178 90 250
52 16 156 109
70 84 60 239
187 14 183 66
115 82 136 226
142 170 229 212
28 129 16 38
65 245 246 220
28 103 179 214
48 51 39 5
253 102 104 132
103 69 84 239
39 30 171 243
119 124 101 3
80 36 88 72
20 188 57 240
75 8 127 1
124 45 3 178
191 185 154 150
196 126 176 81
195 208 24 183
134 42 50 164
109 177 100 109
188 163 99 143
146 239 91 151
37 161 160 225
31 94 118 173
245 125 40 179
64 202 17 231
250 25 207 3
125 135 96 36
81 178 54 206
2 184 37 151
57 45 134 125
117 106 68 101
74 20 196 113
169 89 88 60
189 196 69 144
96 48 127 168
14 77 101 227
191 250 10 18
23 133 210 234
219 173 233 209
136 189 107 165
126 13 243 73
172 93 189 194
182 103 20 0
9 242 226 164
45 48 137 234
135 253 26 180
9 142 161 207
240 116 188 165
12 105 186 16
195 167 145 193
2 133 217 61
233 88 150 82
3 118 255 76
78 14 238 99
201 184 108 132
184 43 27 29
8 156 172 37
26 129 183 103
154 77 172 200
231 11 18 227
74 59 176 180
210 84 110 198
118 166 215 95
200 234 172 77
134 99 89 44
50 63 186 194
117 76 225 39
211 22 149 34
127 22 116 47
61 127 92 221
93 143 173 16
193 71 118 184
139 61 216 183
157 86 243 139
251 215 135 116
127 139 198 217
146 210 168 69
232 75 24 13
195 224 132 68
76 255 25 232
216 221 66 8
12 183 114 13
115 85 33 105
86 29 164 125
99 127 117 196
174 1 228 230
0 113 217 103
234 180 158 103
39 195 81 6
138 20 90 184
73 163 93 92
119 30 218 166
41 215 198 119
65 228 50 138
75 242 30 188
136 88 211 154
200 123 33 109
142 101 64 85
49 183 120 46
232 215 122 76
150 78 36 83
3 143 58 173
125 165 240 77
48 85 169 218
93 243 222 94
108 244 89 223
33 122 227 140
122 164 96 52
184 100 187 41
172 47 216 11
70 86 115 36
223 2 172 180
83 147 39 154
191 121 162 170
227 49 201 24
42 8 67 199
151 89 118 191
207 79 72 238
196 18 24 129
12 48 208 137
27 137 113 48
237 186 18 207
146 171 87 193
116 224 211 111
1 1 165 44
94 254 8 229
85 34 128 219
187 67 163 122
251 109 17 160
228 137 53 171
125 14 99 114
148 13 231 4
162 186 185 151
125 36 209 236
106 74 19 157
238 118 0 214
252 9 194 44
113 249 194 41
125 169 81 134
97 13 28 15
98 163 22 123
118 225 205 226
66 130 15 240
184 158 179 80
87 225 225 95
136 114 168 130
42 156 36 118
73 133 234 160
226 62 14 211
33 87 186 38
249 215 36 167
187 218 33 208
148 60 28 121
127 24 75 31
126 20 160 113
69 24 135 135
145 253 94 23
34 179 108 105
139 58 163 25
35 157 82 250
18 175 236 4
24 101 130 40
148 244 218 50
110 238 140 220
35 116 103 115
37 150 33 103
64 192 94 223
139 143 246 217
131 66 136 138
154 26 198 100
48 95 49 149
22 212 153 179
53 104 70 147
128 193 60 22
132 168 233 59
14 254 33 147
56 233 229 205
131 121 207 28
137 137 103 158
55 137 74 7
9 69 8 173
37 194 160 85
99 113 45 242
39 186 252 239
170 35 135 119
244 219 74 118
215 63 189 74
203 47 140 123
84 113 136 167
147 241 61 125
98 62 162 66
204 153 198 93
63 219 162 88
24 252 12 242
243 20 135 5
185 129 123 85
86 230 174 242
219 250 214 235
104 137 24 162
25 98 186 43
114 7 202 98
70 118 192 167
227 194 251 155
12 226 97 1
151 234 86 1
201 82 226 28
194 38 186 147
95 195 108 193
248 67 172 169
110 179 90 135
182 2 249 143
145 173 233 21
234 49 185 49
192 62 227 122
249 245 82 164
112 243 160 147
188 106 74 212
32 38 213 119
171 161 171 6
18 118 20 119
90 107 173 153
158 17 21 38
155 44 71 130
73 131 44 233
120 76 208 36
30 21 127 12
93 108 178 246
42 129 247 131
200 222 25 99
143 112 169 195
153 24 110 81
254 8 31 45
243 105 207 142
115 48 167 154
73 158 1 9
103 93 116 13
153 107 81 57
111 51 143 228
62 62 7 127
51 114 41 186
245 1 48 230
5 138 105 45
21 120 252 65
3 254 254 43
102 60 36 115
45 173 196 82
19 140 48 57
136 229 66 138
142 134 129 120
3 145 15 24
242 12 98 57
41 165 43 98
199 105 50 141
245 90 210 237
69 240 13 87
228 114 83 175
14 72 231 116
53 141 244 13
120 94 145 77
228 68 16 230
80 216 76 130
208 176 220 3
13 171 39 202
65 124 161 100
212 45 8 218
229 233 128 217
21 55 31 97
99 170 227 43
113 106 120 79
114 39 201 4
5 133 20 93
18 133 78 222
20 245 139 224
79 130 111 223
69 226 171 59
228 60 36 17
177 166 54 173
102 35 61 113
49 238 222 18
224 79 117 192
47 251 1 168
78 124 45 253
241 33 18 108
151 35 233 11
121 1 225 22
153 87 170 232
63 131 170 14
37 188 66 201
178 7 164 61
136 223 79 92
140 54 240 101
160 179 183 239
196 155 237 230
218 84 184 129
8 212 187 3
42 98 15 255
180 60 29 45
72 143 206 53
36 74 74 46
99 42 169 99
247 214 182 110
60 94 6 192
184 118 141 190
120 222 83 63
130 253 24 235
147 144 131 22
122 83 116 223
128 177 25 191
210 7 151 75
181 219 78 251
89 223 160 125
144 90 110 243
201 24 159 147
117 225 199 248
84 109 91 140
44 195 83 206
184 251 28 14
101 185 231 57
21 247 255 220
218 155 157 199
62 80 170 216
120 247 185 235
173 138 168 89
59 120 247 157
246 103 71 20
191 180 191 24
39 196 101 35
240 249 169 179
96 204 197 226
239 137 184 154
99 251 31 162
235 111 191 16
150 200 18 147
243 134 128 76
40 69 42 209
25 11 173 243
38 203 127 118
137 53 116 158
54 180 93 52
60 229 50 22
60 119 180 254
163 2 32 20
8 134 7 41
76 189 191 164
198 92 243 103
220 180 150 204
238 111 41 37
71 238 219 119
98 240 137 169
84 114 49 88
174 89 4 108
60 148 45 151
134 74 80 62
16 181 231 96
40 100 141 182
224 198 178 237
247 233 94 212
139 22 74 195
72 212 113 128
158 33 174 136
142 139 229 33
125 67 43 2
4 3 173 246
70 163 118 1
92 53 51 94
66 184 55 12
12 212 180 16
70 106 158 149
89 157 169 243
218 140 97 115
170 195 147 72
109 189 178 255
128 65 142 167
223 96 76 253
164 56 62 6
71 149 164 241
9 150 190 168
107 32 38 133
120 208 213 148
32 37 205 220
58 26 0 103
156 123 84 142
19 159 216 129
197 18 166 110
38 166 118 152
50 249 23 65
137 165 37 239
184 73 105 46
251 105 74 238
246 39 180 78
101 72 6 90
226 110 70 56
19 111 72 121
157 213 146 227
237 216 96 25
172 231 243 212
246 7 178 155
200 226 168 181
23 169 78 170
100 109 52 13
104 249 240 35
141 172 153 155
211 155 12 122
191 133 45 165
126 10 83 27
106 167 200 200
49 9 176 158
198 219 37 130
202 181 242 97
66 250 216 174
141 103 230 117
190 136 244 43
104 111 133 96
199 95 70 162
48 155 174 203
144 72 167 156
221 229 29 144
251 218 70 68
80 153 65 243
9 233 48 181
149 70 241 65
73 209 53 162
56 23 204 240
136 84 58 152
101 126 8 95
94 200 91 222
198 241 103 128
49 16 120 179
151 14 150 124
163 45 59 227
109 199 110 0
0 13 33 226
154 3 183 63
17 40 183 165
102 210 240 77
240 44 134 32
157 113 177 235
226 119 21 87
92 160 125 202
242 59 114 171
21 180 156 160
170 5 170 216
101 32 208 93
227 248 242 153
17 163 226 114
61 117 249 7
167 211 17 166
136 220 249 234
87 200 43 133
166 252 79 18
171 255 63 98
6 230 75 73
35 7 125 8
