31376 3801 
36816 219 
38862 12224 
1060 43078 
23128 1950 
1116 59292 
26908 37818 
60750 12960 
24219 7680 
4209 6097 
5590 31020 
4503 4142 
43400 15640 
8352 41693 
3564 3660 
2369 8370 
30240 38220 
357 4956 
6579 26568 
37558 18460 
38590 1829 
10208 1232 
16716 18326 
56166 25546 
35571 14100 
15088 49020 
41125 18050 
22989 780 
25916 10879 
5900 13616 
344 25984 
17170 9398 
1755 20882 
14322 33124 
1928 10873 
48216 18905 
8832 32144 
2758 18308 
38896 16867 
13014 15276 
9480 648 
25810 2860 
28458 37488 
4836 18683 
11210 8515 
11618 370 
26510 17384 
17706 21021 
37523 7958 
31395 16284 
12328 2220 
24684 10406 
28841 2277 
3692 2268 
6840 1960 
8955 11900 
1044 27930 
15708 1742 
7878 33516 
14022 27030 
58716 3480 
8710 23808 
1757 29488 
832 3078 
9620 448 
10626 19000 
7452 19404 
13224 15656 
15768 25480 
10974 704 
20125 4628 
11505 687 
4750 248 
6014 27456 
2457 14980 
21870 486 
38110 1978 
2640 22836 
34128 13015 
22077 23980 
13216 37800 
30514 9656 
33072 62001 
49335 22620 
36764 43240 
64 32116 
54189 18620 
17974 31160 
6890 2322 
49644 24960 
22797 13112 
7350 17941 
41832 12903 
45770 42355 
10659 2244 
280 16650 
12960 12183 
9361 5797 
27331 855 
58190 27572 
28362 30688 
21411 3792 
50640 16566 
7648 8260 
20992 41500 
4025 5432 
23896 18462 
25312 3020 
16898 632 
10902 1612 
22656 4550 
14496 874 
128 31374 
1710 1776 
9996 756 
3108 4475 
37332 45750 
38704 2500 
4998 4731 
8436 2584 
18334 9114 
6873 19840 
8536 17688 
27004 6960 
20244 28520 
30940 5888 
21504 4788 
12506 708 
1075 900 
3528 22646 
1370 2544 
17808 43848 
3003 13965 
14013 13189 
34354 20651 
44022 2420 
868 924 
8586 38380 
43000 20412 
16100 15552 
13580 27888 
17214 19669 
5724 6468 
3850 2090 
4482 7597 
4165 6642 
336 27552 
13490 6144 
5781 8880 
31930 24192 
7194 41850 
2900 38080 
4212 2058 
3472 272 
22500 4344 
15114 31671 
2055 41480 
9918 20776 
13680 5040 
9494 43890 
30723 9690 
2035 256 
9150 17632 
7693 11524 
10472 1548 
32810 20425 
1105 15390 
16200 3819 
7735 25441 
43500 51744 
22479 6552 
26904 27000 
16848 15372 
1530 6727 
16587 13775 
39644 38304 
10800 24750 
10212 12862 
9494 16974 
26268 34881 
21513 3927 
43945 612 
11476 1379 
10044 549 
24411 21063 
24780 22017 
11407 31980 
42653 3775 
2814 32004 
2793 9700 
1148 14144 
14472 7424 
50851 31020 
19750 0 
53874 29202 
44732 1196 
45212 399 
6655 9828 
35802 8800 
2044 4368 
1904 22379 
6118 392 
19026 17013 
17302 10400 
20083 18711 
3456 3026 
43134 55845 
1190 672 
48195 6194 
9682 9800 
45770 5432 
34958 4216 
28905 30580 
46452 7564 
5475 27709 
21456 36432 
13120 32032 
1776 39508 
1155 2394 
40716 9494 
9027 22413 
1880 645 
5832 50112 
52670 5928 
4020 33086 
36036 19964 
24300 28896 
5040 53590 
26230 11502 
180 12948 
15762 3354 
16588 35750 
20880 23120 
32 12008 
7304 7626 
642 51067 
8398 31008 
3174 9000 
16732 480 
35649 6342 
3204 1690 
25662 16928 
40176 3034 
11100 2057 
12936 24963 
40530 10250 
3956 3480 
53136 1368 
32943 2210 
26596 8216 
42720 12960 
3434 9348 
58280 4440 
20034 12582 
45372 47817 
31941 14184 
34650 2192 
7527 8004 
3816 232 
320 45612 
12360 45069 
13160 57630 
46592 26508 
17673 6603 
9776 1974 
15544 24964 
3078 4968 
34506 893 
18400 5920 
1980 19536 
18800 1972 
48300 8526 
13192 20200 
110 7696 
10725 14896 
24219 8557 
14818 46222 
20750 27022 
22140 10502 
25724 31152 
3675 28520 
5244 9024 
5402 20496 
216 2170 
2453 280 
8700 50290 
3604 12312 
12397 18592 
3726 8118 
44280 49910 
7946 29870 
20382 20855 
3060 26010 
15309 51546 
5100 29452 
7161 8183 
19947 9630 
6336 16048 
2214 26125 
0 10200 
15048 6496 
37674 2304 
32370 16046 
33796 1311 
9919 33440 
42456 7011 
280 1750 
5500 47264 
31164 174 
1216 138 
21762 16488 
24552 26790 
6161 2375 
1960 3360 
4320 12915 
1862 6786 
31150 51546 
776 30380 
26378 43316 
17010 8525 
3408 14400 
8640 35960 
10640 3008 
900 17963 
5423 30114 
7524 38500 
36290 17136 
304 31641 
774 10260 
13398 22264 
13013 26160 
19968 7525 
43758 40894 
26520 15808 
1456 26536 
6720 780 
22050 20088 
35319 15680 
1159 5289 
506 34444 
12864 24840 
24640 12100 
27136 26406 
25604 24926 
3784 45365 
15200 4760 
17679 50820 
12240 5160 
27456 25112 
26840 26559 
8844 5160 
510 4526 
3111 891 
12337 18396 
20592 19280 
5040 3664 
20736 16965 
1872 19188 
502 1886 
1339 23324 
18392 7582 
25425 20125 
59045 999 
30226 26180 
4224 11123 
50225 31440 
35984 6630 
2980 22701 
5888 2640 
19521 32430 
16632 11472 
27306 24804 
12220 17015 
6400 2144 
24541 4554 
38868 5724 
2370 780 
30880 55615 
43092 1064 
34532 6784 
8533 15295 
43862 39435 
3726 14 
10240 4700 
24480 15696 
3822 26220 
9450 252 
13680 4510 
22765 31833 
12616 12198 
6670 14762 
3249 648 
1242 8436 
1169 7140 
8236 49400 
1376 10152 
7938 1071 
34338 31372 
8820 6664 
12800 10502 
30843 14396 
2150 4343 
2312 4995 
6600 0 
15194 1360 
4089 5005 
25610 4114 
3801 36210 
25476 21021 
3654 2895 
12376 15113 
14022 26656 
2992 2499 
2646 17667 
15946 16280 
23146 120 
18486 3406 
17204 2058 
8619 22344 
2604 10812 
25217 29704 
399 7387 
13 29205 
27900 48175 
12720 780 
7003 41000 
25488 3388 
26671 9211 
3922 23904 
5544 13505 
9540 58310 
5797 42560 
2760 14490 
819 24990 
28574 1326 
18762 20160 
24150 920 
37310 1920 
5712 522 
7820 966 
22644 46782 
8400 10816 
55692 9064 
33540 1690 
2112 43719 
9799 273 
1859 22302 
35868 42816 
348 24624 
26220 43452 
4743 11205 
580 9225 
4048 4950 
6205 26106 
20880 11250 
15458 1463 
6264 319 
7488 28000 
377 4720 
17424 18860 
5430 27724 
24638 7565 
19359 33920 
17372 12282 
10620 18178 
11232 31248 
14300 33532 
2400 13970 
19158 49572 
14440 510 
11446 36547 
6600 8600 
34368 1273 
3127 26535 
9295 1300 
19200 4110 
9672 2820 
2600 84 
52785 10168 
12420 1434 
10439 392 
19536 5704 
51562 1568 
45934 3480 
2257 365 
5050 16 
17300 10240 
8680 1716 
21024 4160 
2888 15906 
9028 741 
4248 14040 
20710 20000 
4690 22032 
11526 7000 
7360 34408 
10360 22960 
3240 3395 
15318 18124 
38247 2232 
26928 35084 
6630 6844 
7200 4068 
6244 4182 
26322 14552 
330 14832 
32370 7905 
21756 4680 
5530 31104 
3287 1225 
4879 14994 
1152 28884 
27738 25760 
217 4844 
25764 1298 
705 13020 
24265 29312 
31356 29972 
4180 3915 
15012 34749 
6390 12319 
15912 1080 
364 3629 
15030 12688 
15785 20833 
6215 5994 
17479 18786 
26950 34600 
2640 6846 
11400 50290 
14110 58500 
328 24244 
17649 7918 
26432 1472 
11837 46168 
18178 26352 
35898 12420 
16767 6720 
17760 15616 
28080 11682 
8460 68 
4753 9350 
4758 6370 
3150 26216 
13464 47941 
12376 600 
11454 7128 
12500 3780 
4147 4318 
16405 6960 
20868 5239 
30222 22320 
29468 8372 
22080 29680 
10790 33120 
8855 27550 
49280 2512 
3922 3465 
1146 41748 
6804 4181 
45492 25610 
3784 17220 
4983 1254 
5280 11544 
2924 16240 
62238 59220 
32900 2730 
201 11526 
2715 9912 
2750 2282 
3456 23838 
13098 40934 
46002 1888 
45140 27144 
30318 21877 
46046 1644 
5243 8496 
3698 1750 
42586 27945 
2771 511 
7708 5589 
15400 32853 
2400 21312 
5148 7840 
17400 19873 
11966 3969 
19176 24024 
11040 22862 
8344 20916 
5763 721 
16616 1395 
1080 5394 
8100 20988 
23652 5160 
620 15563 
25500 11050 
32881 19008 
4368 28884 
240 68 
4500 14224 
2520 40512 
17250 1175 
16720 7560 
1127 2520 
11041 13589 
20655 10201 
206 10530 
984 36860 
13050 8320 
24200 4071 
4590 7897 
6902 9216 
18905 42300 
14880 4700 
29440 920 
33200 30 
14240 3445 
1890 5085 
192 23030 
6800 14445 
9831 2537 
14028 22040 
59048 28985 
40579 3120 
26962 10064 
18700 24073 
4632 26208 
42680 5876 
8823 20710 
71 14268 
14210 35525 
9315 657 
830 23199 
1890 50752 
15900 18042 
2752 17135 
52920 17004 
8160 24544 
12125 8132 
16614 22648 
20600 1505 
59738 23547 
9312 38080 
18480 2020 
11858 11403 
3510 4532 
16912 45720 
876 31950 
27808 27176 
12699 10707 
4680 9856 
27492 3795 
3648 51000 
60264 9603 
3024 15132 
23560 1695 
4350 8178 
24304 1476 
47385 14645 
1130 21672 
27963 27798 
23980 17710 
40414 12474 
1749 5088 
574 15453 
32944 41610 
2835 21146 
945 1876 
26220 63240 
10626 34300 
33748 30940 
9610 37828 
2888 4836 
4860 80 
7750 21492 
1460 3944 
27000 2079 
2040 44215 
31570 3657 
66 21663 
3870 31500 
17784 40656 
4350 4788 
30525 25800 
9724 56772 
49184 23140 
39767 31476 
44528 126 
858 1440 
10449 2788 
11109 21600 
43056 5060 
28800 2016 
28712 0 
33855 40950 
23587 24525 
27492 36800 
3360 29412 
17808 13860 
25944 3010 
12240 2093 
6440 14850 
3168 28841 
1080 5500 
1818 2001 
66 23482 
34882 17919 
1001 28274 
4407 34272 
7000 3904 
1207 17840 
1656 48995 
7050 3392 
59724 35490 
17013 9750 
20414 47355 
37062 20096 
52250 4560 
1727 15496 
8957 26600 
5952 104 
34580 17765 
10168 12561 
4620 16348 
1212 3720 
0 1969 
3105 4669 
3078 25877 
53088 19050 
13680 49820 
4176 27255 
21414 3432 
32640 47940 
9632 2010 
23769 50600 
42427 13806 
37720 7029 
1450 5555 
18360 15990 
30318 36936 
9280 23184 
2752 14040 
5568 4920 
2376 42728 
4998 7040 
7980 4053 
1040 22836 
3536 7440 
1928 5925 
11147 44345 
6120 4440 
60512 11880 
3328 6216 
17248 11232 
32580 32616 
6468 1908 
7378 7198 
25652 25894 
4384 2680 
28860 24180 
20045 693 
1947 8774 
45888 1914 
38136 6192 
654 27664 
9504 12544 
54752 16280 
9306 407 
66 3600 
11562 16250 
13182 18942 
17500 17374 
25740 148 
20900 38380 
7144 836 
7810 8120 
12246 28960 
7350 27000 
4048 25190 
39159 17850 
10248 8288 
37962 9761 
144 9362 
8378 5960 
4199 3286 
3243 41678 
2553 48682 
660 12690 
19364 20328 
1854 5516 
357 34189 
26840 11844 
25530 14210 
20930 10120 
41082 38055 
5264 3904 
29304 30888 
21084 28060 
14784 10500 
17688 5795 
688 23364 
30448 12768 
18426 1115 
4326 31228 
16562 17820 
17751 360 
666 31725 
13312 45450 
8346 3504 
10668 17820 
17556 13728 
11745 12348 
19344 24182 
47838 26880 
5432 760 
6762 3029 
14880 4403 
24236 1792 
640 23352 
40508 33276 
1898 7276 
20736 31096 
24 31845 
8500 30438 
8170 6970 
6510 1417 
40404 53037 
16290 13905 
12168 12400 
17556 10191 
15774 8296 
39176 3895 
30114 51744 
10665 935 
12714 56896 
309 7575 
2771 1860 
20562 20984 
34615 30420 
7455 42158 
16016 23009 
328 10224 
8960 5727 
36936 37047 
13962 15190 
17424 2573 
35133 49494 
16280 28160 
8547 1007 
15563 14469 
8480 3159 
10950 37884 
4140 16215 
9306 33368 
25702 2041 
4402 34587 
33638 44238 
6771 28792 
21582 4250 
61200 11628 
1350 19228 
28500 4590 
2256 13778 
24750 1330 
18105 1152 
54750 47808 
17496 15120 
28375 2240 
14664 13824 
30441 6006 
13632 3835 
2484 23958 
1014 2814 
254 15762 
19038 12410 
1147 19686 
26250 5720 
8463 10496 
3444 14656 
33024 40515 
13293 51120 
37430 1488 
19402 19564 
49324 6474 
28120 4648 
55200 2304 
16102 2584 
410 9361 
16353 750 
4450 1612 
37758 27612 
664 23400 
22185 17536 
7735 32333 
51975 14307 
57040 4042 
20152 7097 
11187 11163 
3016 42315 
21364 234 
14280 29172 
8388 34320 
800 2115 
15656 2875 
13370 1008 
34476 21582 
3692 22057 
1936 16032 
4752 2860 
18900 1615 
2964 825 
12642 8704 
26376 9153 
23310 3634 
5920 3024 
18480 24336 
5481 28080 
36036 215 
748 1824 
19668 9504 
3650 19500 
5920 4466 
6292 16758 
1344 5796 
4872 22140 
4100 3956 
24960 22620 
39215 7728 
6870 2652 
1074 20790 
27432 24192 
35574 16732 
15036 2587 
3465 4114 
37829 27738 
3159 13770 
14007 16616 
32813 17920 
8968 4464 
32802 2310 
6328 388 
11172 1827 
1395 3420 
7178 1152 
50640 0 
25312 3927 
2970 1360 
17264 31146 
1680 44835 
20196 8284 
11856 8358 
13288 6750 
2193 11232 
1710 8384 
31044 9072 
54 4309 
3852 14976 
33415 2486 
10710 11395 
208 4230 
25885 35148 
77 37523 
1407 432 
2870 16456 
15045 33210 
1408 12456 
20430 2852 
9375 31510 
2988 5476 
21091 35308 
40596 2990 
39445 24644 
11000 34579 
15368 2700 
2964 17328 
6834 20944 
27729 418 
23968 11220 
28836 10268 
14027 6672 
7480 3990 
6798 35642 
20874 87 
16109 2967 
6230 11895 
658 49742 
9792 2080 
53460 12512 
1958 14875 
17670 451 
60 23936 
20196 39560 
1209 7722 
4346 7626 
17955 970 
9516 3744 
24215 858 
75 856 
8695 27105 
29913 11648 
32395 180 
14457 28728 
1176 13356 
19992 51957 
28067 7930 
41328 3726 
11544 11523 
55081 4400 
6344 21528 
23142 11772 
36540 4446 
10764 918 
3230 3768 
320 7956 
25724 24525 
45695 2808 
220 24648 
24544 34344 
2738 38793 
33605 39117 
9028 16482 
40824 5712 
44720 19296 
37412 47628 
18528 21025 
21930 13104 
44528 11907 
35728 12000 
3885 24339 
20815 29120 
5762 319 
4050 53594 
9504 2500 
37392 3486 
31290 28625 
23217 22880 
7526 3819 
1512 49088 
22515 27911 
50470 1088 
22477 5043 
4030 7095 
102 10584 
876 0 
3249 39098 
8375 33372 
20882 1120 
16368 4672 
114 12529 
39117 5044 
24970 12224 
7360 6880 
25773 26696 
7544 17860 
3795 53900 
12586 5740 
37840 1552 
7560 5320 
15048 957 
20701 5336 
5950 36239 
9128 19600 
15219 19040 
28388 4828 
12432 12168 
25704 4928 
2640 7174 
39894 2880 
6464 34905 
46 23664 
4480 259 
24045 9559 
46872 11387 
31752 19764 
24955 28800 
14168 17160 
10400 6517 
19055 11016 
19888 44377 
8878 8064 
38 43475 
1630 27875 
21042 2639 
16320 12882 
26750 9991 
5544 342 
6050 36695 
923 5390 
3510 15842 
13720 5405 
13664 3968 
27720 7650 
31326 462 
4464 322 
32631 44440 
58716 18352 
37490 37230 
47960 14664 
3243 64008 
150 51736 
5544 48995 
39721 11400 
37758 2910 
15130 26970 
25300 23436 
11594 12665 
10440 6391 
8750 4664 
3024 8917 
306 9036 
9333 18522 
16660 33291 
20805 2548 
6422 10878 
26520 9800 
55860 10512 
1629 2537 
18050 4446 
33142 6450 
18180 8904 
420 5372 
382 23046 
11180 23086 
4838 13124 
1764 21867 
13559 13983 
2160 2310 
39559 49 
16530 14400 
5324 11248 
949 1980 
19760 20600 
11220 1716 
21012 1360 
3904 1914 
6119 13630 
19604 11178 
24336 7786 
8450 840 
98 22977 
16224 12792 
33 15000 
6106 53848 
8550 4608 
49500 20400 
25625 3534 
50490 47 
39026 19760 
11542 9114 
2310 47311 
22032 17068 
26966 15800 
1635 5148 
25300 3723 
3648 10560 
38406 3575 
3944 6090 
810 13266 
10044 1111 
22422 165 
3276 2970 
7050 10547 
2052 20007 
25785 5406 
32617 26015 
39668 18526 
42000 42924 
5328 37650 
7192 32294 
3002 14938 
3808 4693 
25375 4914 
10106 1292 
22135 12150 
14308 5100 
1690 3648 
2695 25594 
1056 10368 
7371 3808 
38448 3190 
19006 7240 
34825 1335 
828 249 
4824 17780 
8892 1025 
6864 15717 
38701 25740 
13224 36176 
10176 41076 
20048 11050 
19800 8733 
15035 2688 
29929 1326 
14809 28875 
3744 7176 
39155 332 
9472 60960 
20999 25308 
12141 490 
29400 7482 
4784 8096 
1221 36432 
4644 5616 
54253 7920 
4446 4482 
31717 1520 
324 26426 
47066 418 
3090 17766 
14022 7047 
16218 8515 
12325 32660 
12934 25088 
55080 2448 
23085 36477 
14688 23154 
4998 40260 
3757 19125 
25942 0 
24840 6750 
960 6528 
37392 10252 
58539 10624 
25530 39176 
36344 29145 
7224 2450 
350 27120 
3330 14476 
14280 10355 
5049 1752 
32026 5544 
30855 4343 
28917 3243 
27027 24780 
16732 21669 
4238 648 
26568 21060 
11041 43120 
8528 90 
2397 26855 
42008 3798 
4920 43776 
6148 24600 
165 28776 
40080 35953 
19965 12506 
29928 23400 
51465 34626 
30494 30690 
5460 2890 
14280 24112 
1586 4692 
9906 1141 
28336 18723 
7820 2688 
14495 56865 
24640 36300 
19355 26070 
23364 1920 
22176 12740 
21735 4144 
475 22538 
24960 29406 
35811 15096 
3240 4575 
7068 11286 
35175 6681 
25877 11765 
17301 18408 
26894 19092 
13580 0 
7888 20670 
42588 9550 
3745 24687 
12896 996 
41548 10164 
22952 19817 
1035 23214 
0 8932 
5700 4888 
4428 5396 
44390 702 
6105 29143 
37128 22620 
5632 18426 
43248 36720 
13904 120 
26384 7912 
7442 8784 
840 15435 
0 1680 
13440 29696 
20328 5800 
18018 16256 
3780 3420 
512 7490 
17670 26076 
18421 37052 
20280 13689 
8400 6441 
17604 55189 
3154 32743 
108 8307 
11570 47124 
629 30734 
45732 3332 
17139 6200 
239 21168 
12862 25344 
18096 584 
16965 22875 
3752 15215 
15345 9116 
31680 35478 
19186 41250 
15012 12152 
188 24178 
10896 27390 
4060 17112 
1456 2405 
40725 12996 
28215 2680 
3615 3999 
15246 8525 
6688 4480 
39780 10086 
0 20700 
23562 525 
51543 13120 
13184 4332 
9676 3312 
1086 36423 
48805 5320 
5376 34933 
16800 6119 
6600 19588 
2709 41796 
4150 840 
25359 1452 
52460 49938 
5208 10614 
684 9971 
14256 4712 
14490 22022 
18144 7644 
17152 25546 
16350 1746 
981 1755 
4884 15134 
32045 357 
6996 17280 
50007 17582 
13824 44946 
6776 36051 
45854 3120 
17724 29512 
5184 9135 
23030 6751 
55822 48645 
19594 1000 
4047 30160 
20128 10234 
10250 7363 
12958 4930 
10092 1444 
37136 21539 
16366 15162 
45435 31248 
3773 27777 
48564 2379 
388 3876 
7035 34034 
53280 40710 
15134 7344 
45120 24552 
11715 768 
1848 18067 
1936 10624 
2652 10720 
5247 4446 
17472 48020 
1978 14579 
5456 27025 
11421 43139 
189 2916 
27580 14910 
18040 4794 
588 21413 
22321 1342 
26352 41750 
19075 32412 
12804 14210 
10205 516 
6437 27993 
26606 2325 
1408 7328 
3234 39840 
19270 77 
19624 41440 
11187 4592 
1710 9576 
1980 22506 
25527 2835 
6413 15336 
19344 1768 
9288 5600 
291 17640 
13806 13860 
4640 46436 
17936 2576 
8379 29256 
2057 9869 
12792 30448 
52624 7614 
36252 2482 
4587 1845 
21783 0 
0 4977 
58548 43896 
15687 5880 
43338 3294 
18315 2961 
784 10058 
31785 5544 
2520 6930 
39377 17172 
21500 16720 
22820 4794 
8073 966 
7267 34404 
14454 8778 
1674 13563 
3168 144 
3276 36640 
23280 728 
28892 23618 
5520 6665 
35697 858 
12980 7216 
27118 1659 
32918 54978 
20874 49776 
16380 62250 
9737 36190 
2321 13334 
0 10416 
19942 2976 
24225 14193 
34800 1344 
27966 7350 
2553 52341 
25185 8190 
52900 38556 
13167 3069 
5650 6825 
2475 21350 
11625 41881 
33728 44954 
2490 27300 
9159 20703 
6164 1071 
16044 18468 
24200 30645 
5922 7452 
3984 9675 
16 2760 
12600 6314 
14454 27648 
45435 35784 
1728 9916 
1656 1287 
9380 31521 
4648 546 
7308 25990 
2613 1012 
17360 2492 
22990 119 
4408 23782 
1220 1158 
13398 22379 
33350 8316 
1665 651 
1860 12508 
13770 621 
4757 16000 
18375 2847 
21060 4047 
11692 5782 
5358 5084 
19210 2162 
7600 1125 
22752 5400 
32895 10070 
1276 18802 
29670 3795 
9320 7134 
14924 9150 
43250 14664 
57750 16568 
15946 9559 
6696 9805 
931 49374 
13090 2508 
4418 8201 
418 50400 
12700 11011 
15000 3315 
10764 1962 
20097 19234 
29736 17664 
20223 36816 
43215 24276 
10816 8000 
5740 38640 
42008 10382 
11820 26712 
10800 2961 
22581 8694 
50625 18190 
41584 11446 
2142 27263 
4116 14274 
23320 3425 
2303 35144 
25544 4636 
9715 6768 
4446 8901 
621 6160 
2904 56133 
10880 1537 
3800 3618 
56882 214 
14852 0 
22624 2988 
34020 18774 
570 36477 
5760 15908 
20492 14364 
27360 24616 
29808 23085 
1092 21945 
131 8178 
21896 6160 
44460 24743 
2754 16796 
45784 13992 
3658 300 
0 26640 
33540 31284 
0 8987 
14430 15996 
12189 19380 
164 46215 
4590 24973 
9702 8856 
13860 78 
13869 29256 
45828 14690 
12100 25654 
21150 11074 
490 21528 
2210 7659 
11269 9028 
25519 20706 
1536 5822 
62220 6536 
40970 29540 
1512 1810 
23674 24495 
36432 9044 
52704 30458 
2775 28980 
1066 7221 
4125 680 
16432 19448 
20727 6272 
5112 4662 
12638 12870 
1850 4991 
10602 11752 
20882 29526 
3015 21902 
30294 7098 
2225 11639 
29512 9796 
37914 1778 
6450 3718 
5226 18018 
396 16023 
17630 24582 
4872 16638 
47092 40600 
6160 3080 
9828 14861 
17712 3870 
1360 23828 
1246 1482 
2525 18200 
5018 32240 
3136 6223 
2232 394 
2448 40560 
1395 5650 
31440 12702 
31098 27417 
59976 21175 
2486 1764 
8118 17278 
19968 7776 
5781 3300 
50702 29359 
9525 68 
3828 120 
14448 25594 
58080 11560 
6474 3480 
4732 4508 
8658 3620 
9379 49680 
33496 191 
648 38088 
19596 7688 
29232 40530 
5994 54510 
9108 6360 
39008 9512 
7176 4925 
3640 28196 
2940 24220 
45652 3936 
41652 11650 
2160 48792 
22204 3496 
32000 14340 
7480 41268 
6438 26864 
9656 7056 
1456 40144 
249 29410 
3456 17110 
8468 8357 
45901 2904 
5850 5206 
6021 4563 
3150 1250 
45630 5346 
37209 1560 
2436 18415 
1256 27604 
51706 46400 
52580 28272 
29046 38801 
43384 5985 
3630 28178 
23628 32032 
5400 11466 
1632 60240 
8428 1728 
13246 0 
34776 21888 
13800 107 
7568 14112 
8096 6528 
10366 26565 
48360 21182 
9400 27306 
30504 20160 
15048 4880 
31623 40590 
23427 455 
9882 57885 
44800 14456 
42098 18178 
27328 560 
25235 50235 
19096 19683 
20737 988 
28980 4032 
3350 10291 
5256 33902 
0 10512 
17063 39744 
17625 49235 
17574 9680 
8280 7020 
840 7533 
10824 10912 
2886 11737 
2453 13520 
15811 1920 
56865 1134 
15276 28750 
18788 27060 
43050 14 
10170 16506 
14112 5129 
952 17510 
33319 43600 
34080 22352 
13680 38979 
15494 4232 
10528 11925 
33856 22800 
11160 1496 
21978 17850 
16320 16920 
5664 24961 
17017 7848 
6784 1320 
13542 20100 
56105 22646 
4970 23300 
51308 38456 
176 8142 
15120 37968 
8772 18048 
14896 210 
139 47232 
7952 23373 
639 26164 
4120 45136 
3367 3440 
38367 34932 
10138 18404 
1274 0 
44390 430 
1312 51493 
16867 20709 
15609 12324 
21780 12358 
6912 26533 
8262 6096 
9984 3276 
4420 10074 
26680 5472 
46440 410 
7476 12720 
10797 47515 
2318 6912 
0 19176 
21248 46513 
28782 2110 
11472 19701 
832 2425 
1880 17250 
7935 6512 
48314 13064 
49735 1800 
1395 1596 
2926 10208 
13090 4602 
3060 39200 
6650 13776 
29230 42084 
14595 156 
3584 3429 
5143 27200 
40089 6960 
16200 11664 
40250 2590 
572 40762 
29754 2961 
8208 13505 
34572 44520 
9828 30504 
17050 7548 
4900 41164 
45000 6764 
19300 1296 
2754 9804 
8323 1070 
32264 38976 
2844 41958 
35908 40140 
45562 17864 
1420 19118 
27940 24252 
9211 39360 
1680 23400 
10664 33383 
9801 6256 
4864 51815 
5358 188 
10092 13440 
2064 2747 
18204 328 
30954 27963 
25172 6780 
8815 23218 
10229 12064 
16665 8427 
11039 0 
16498 14740 
7313 2208 
6554 31042 
3335 25935 
5440 192 
10147 12960 
25466 9295 
51360 8450 
9443 16450 
28764 38802 
22610 6300 
14976 36465 
910 14495 
1638 2940 
24576 14112 
28650 53946 
5508 2397 
23976 26167 
9922 27974 
14522 6741 
8214 24320 
16815 55750 
13560 640 
3752 28520 
17020 16215 
17171 52668 
22774 24480 
8729 9702 
4202 10296 
9379 19210 
33495 702 
48256 15872 
871 8365 
21150 50752 
14448 44720 
480 6156 
41612 10773 
0 7922 
1980 33276 
23868 320 
30378 14204 
12824 23925 
16380 18060 
28908 18532 
23430 28470 
25560 8944 
29184 30301 
1015 24130 
197 14110 
14136 11682 
17876 27474 
10795 2516 
48578 26216 
20424 12210 
4532 11368 
8300 43472 
668 36225 
55692 17702 
3225 91 
17490 3078 
1638 49725 
16848 15244 
10350 0 
38016 31623 
27900 16992 
840 6723 
3894 35750 
704 31275 
7544 28912 
2556 34980 
1113 49506 
16985 376 
21774 42354 
41184 52668 
15540 10948 
22440 10440 
28980 2032 
11304 18012 
11640 6394 
21560 1716 
5100 4446 
4380 22659 
20720 33672 
31800 45080 
4104 18450 
22833 31941 
24940 1008 
21600 4550 
476 9457 
44132 23240 
2881 22936 
15436 45080 
5320 13520 
13695 17442 
36575 9805 
28485 37164 
38014 44308 
9312 16660 
35096 17280 
1482 8308 
38760 57820 
16434 24160 
178 27948 
7920 792 
86 41541 
8827 340 
9604 10500 
2277 26696 
26199 27435 
16892 10400 
43434 19224 
23275 1170 
27604 43848 
41 21330 
24034 32175 
6812 11176 
8400 30500 
4940 3542 
6142 1272 
10363 38626 
28650 35728 
20385 6138 
231 4224 
4293 44642 
43263 5822 
36556 3584 
7772 24480 
24038 1296 
17088 7440 
5472 5015 
8424 18909 
3120 10442 
12753 5353 
1810 8772 
6840 30430 
11640 36504 
928 25752 
24465 41241 
15792 2280 
4554 15308 
25576 4462 
9945 750 
1947 3408 
2990 52664 
4200 21000 
12319 11712 
3159 5400 
20128 2356 
1080 1190 
4140 45780 
394 1881 
145 2112 
22875 45288 
486 14694 
18810 48076 
20737 6322 
2232 46366 
13764 6834 
35485 16380 
29760 26596 
9792 7875 
47034 6965 
27115 360 
9272 19890 
10132 32912 
17794 2240 
6832 1620 
5664 4928 
49464 22057 
16560 27048 
48150 14469 
1155 45080 
12625 10540 
39330 2088 
9660 1539 
49374 11446 
36260 13464 
840 4674 
45212 2706 
14981 12152 
25676 17612 
2442 17920 
54064 31414 
34254 16830 
1112 38240 
96 7050 
41760 10800 
1974 46604 
9342 32504 
3680 8064 
470 9504 
38982 1342 
1140 4420 
805 12529 
13616 9174 
380 13589 
392 13468 
8976 11600 
5146 19888 
62250 33078 
28956 1458 
12420 12738 
808 27880 
462 15128 
6636 27852 
1870 32208 
33354 1917 
23068 25955 
2822 37297 
19448 9519 
552 4704 
2988 27048 
13340 5500 
10669 450 
6750 3345 
31098 36800 
3135 4862 
3168 44604 
6636 8848 
4080 3168 
6800 147 
1880 25905 
12524 10440 
1275 2304 
35420 2632 
513 432 
792 4160 
13248 27348 
40320 2268 
45747 10653 
11214 11544 
30384 16720 
1974 19964 
5586 10659 
24973 2849 
9676 7733 
2256 6808 
4503 10295 
145 17500 
13920 5880 
7040 29032 
28368 32886 
25 8358 
760 11680 
25872 35850 
22144 13923 
18060 2934 
24308 4459 
40080 26244 
24639 1820 
46008 38233 
27577 2464 
14345 11696 
30551 12707 
819 230 
23288 5022 
11920 3564 
2655 35112 
9246 48068 
3498 2170 
26936 3450 
10143 17808 
14400 7482 
42244 18189 
188 2869 
10752 25853 
22464 16744 
24745 19865 
4725 22680 
16929 4350 
125 560 
46552 25380 
1350 2704 
15834 22736 
28773 15872 
676 711 
945 2366 
18832 9321 
14136 5145 
18476 40740 
24948 48464 
7412 42904 
820 8640 
6966 36936 
8710 93 
6273 18696 
12545 1032 
41958 2200 
29824 15405 
10710 14885 
2139 10626 
7548 6500 
6534 48829 
1498 10692 
20145 1703 
34476 9393 
22078 13172 
6956 41724 
17640 26288 
9120 621 
17856 0 
38552 4760 
36693 52459 
4896 8464 
726 16324 
15792 3657 
13420 19716 
13090 31104 
32640 34226 
27608 14456 
17822 10488 
23690 26432 
49056 18358 
11571 4180 
837 18688 
3672 23345 
11319 728 
14640 21423 
20496 11834 
3744 18480 
41764 30855 
8745 3528 
24883 3880 
28830 3388 
34484 3108 
26656 690 
10368 12400 
13275 1744 
30590 555 
1080 36695 
50184 2680 
9280 25742 
8268 14787 
31490 8448 
45080 10388 
7605 16566 
3240 2240 
27966 16434 
2951 23400 
11935 7887 
27742 21924 
4662 1506 
35316 1080 
3108 1292 
9792 7452 
4192 480 
9216 26741 
22776 40132 
30875 912 
7462 2032 
2332 1584 
6724 14000 
2024 19220 
2907 5248 
20916 282 
490 18245 
3250 22542 
11770 33288 
39283 15904 
2834 20178 
9170 7047 
10350 12180 
8393 45747 
14022 8480 
27832 8496 
35532 31800 
21168 35190 
3066 2295 
432 9100 
29736 50848 
13870 27590 
22890 4995 
3465 9393 
6438 220 
48410 44719 
26625 10664 
10750 10472 
4935 5760 
8814 2880 
24759 7182 
4428 11398 
9216 1778 
8432 60258 
2750 19039 
34776 12896 
7215 7488 
7452 3472 
40544 6864 
39936 3655 
6880 6324 
2618 35640 
2688 5445 
53799 11086 
4674 24600 
21300 21004 
15708 5000 
34903 9139 
2691 38024 
11868 25252 
4293 34827 
58928 15147 
2788 45080 
37408 1656 
5680 3021 
23500 1485 
39283 56750 
10947 5408 
23200 19205 
17424 41160 
33485 20562 
17664 44454 
54675 7884 
6561 61740 
14784 45171 
10887 37584 
17145 1848 
51754 1510 
23542 11430 
17787 10902 
3924 387 
594 5312 
3450 3069 
12213 17630 
44506 22294 
32283 5989 
4508 13776 
6789 5950 
19869 16458 
20535 19239 
27720 14707 
3360 34604 
6150 8736 
33495 47808 
336 9360 
4371 29095 
40740 29120 
3577 7525 
8658 15433 
19159 3872 
27219 10176 
0 6992 
624 23940 
10648 47685 
25020 31831 
38584 36852 
23345 1320 
3550 60 
14800 39435 
4575 3567 
11625 6783 
34404 7670 
127 3154 
34408 6853 
10032 14351 
24969 19684 
8274 2096 
16480 24920 
11623 8442 
29760 570 
7938 12690 
51448 10024 
3384 7503 
9540 18900 
6528 24102 
224 3584 
33660 29312 
17925 44082 
2272 852 
8250 8763 
7560 31752 
5814 5247 
24900 14715 
35938 15322 
20672 50394 
18088 31616 
5129 0 
3961 5969 
9200 7316 
1988 9880 
7216 11220 
2444 27412 
27600 14100 
1734 59040 
19404 34463 
14784 20246 
25992 5206 
13135 8554 
2530 21714 
6084 5824 
36808 34965 
10500 32364 
11766 15244 
135 9408 
34740 22660 
328 25296 
6528 1629 
11242 1120 
6262 368 
21538 4290 
7776 13920 
21105 240 
29670 20580 
0 960 
4560 21560 
588 20382 
33696 16133 
20496 2145 
13272 1140 
1456 53240 
23816 30590 
28416 4788 
4844 3210 
3944 34848 
2530 6313 
7056 3094 
5313 9164 
2960 715 
36616 28920 
2093 1968 
10404 1955 
10920 6248 
2882 23400 
43036 8188 
38305 17 
16281 4816 
130 3636 
972 9680 
30723 6920 
11025 8576 
8160 12529 
5616 984 
34827 2688 
2842 2992 
5022 16660 
2592 15438 
16328 25172 
23436 2982 
12928 2136 
2520 6045 
684 12352 
38794 29925 
2961 11457 
18034 57912 
12444 34125 
22610 27816 
23936 960 
20819 24625 
13826 650 
6072 10593 
30895 0 
3465 2519 
21164 1236 
8364 41420 
4532 4686 
8820 4158 
33600 40132 
42 24168 
21504 17556 
29949 3256 
3572 7568 
32620 22657 
29624 29280 
1007 105 
30967 1105 
19425 16791 
39840 21945 
28083 34850 
7704 22176 
1719 9877 
34680 23861 
27429 33580 
9440 23865 
4459 3525 
45580 14630 
25707 4900 
11826 2822 
38595 9384 
48068 6068 
1221 8154 
41002 9213 
33970 27492 
12654 16348 
1880 3420 
34342 4081 
46224 19434 
32320 3762 
20691 33904 
1953 60516 
32708 12956 
608 35133 
32844 2537 
20691 14803 
18644 825 
14000 4510 
7514 54936 
20384 15246 
15150 15015 
1564 18216 
31178 1683 
31248 2100 
6448 24400 
29484 5461 
1302 7257 
23326 7198 
27 8036 
10836 25 
1536 22072 
28152 48000 
572 39900 
3405 8648 
3549 58292 
2486 975 
25092 12284 
15000 13824 
9918 43931 
9165 16146 
33115 39468 
8385 19008 
16748 45864 
45548 180 
14352 28928 
24786 48441 
2982 17888 
4320 34980 
13446 2486 
41406 38718 
4475 30738 
22896 1914 
55056 25920 
24955 18480 
2679 444 
37107 1350 
11154 1876 
4450 21660 
17250 10108 
21560 41106 
16290 12250 
13330 21945 
36636 36018 
20619 36135 
3875 41302 
10368 3960 
30044 31563 
37884 7840 
11692 11550 
11280 210 
37599 42781 
32890 14652 
14964 14535 
27606 8855 
5124 803 
24282 20332 
10206 14430 
24252 4292 
6600 2780 
30744 24139 
10160 21200 
26350 22538 
27313 5887 
4134 42250 
24924 2150 
5640 25215 
25883 9612 
4032 11286 
6048 286 
26961 21146 
10560 21420 
24684 12367 
26460 7050 
25750 41125 
16728 1288 
33180 25553 
3920 5635 
58081 4214 
31800 21462 
3542 16549 
35185 14453 
5624 4352 
13920 3219 
16536 2938 
3400 5406 
6580 18972 
9425 6216 
2220 330 
32110 10335 
47196 12384 
16320 18250 
29792 32 
21412 14457 
6357 30728 
44688 12600 
39744 19458 
14732 144 
32770 3990 
30030 12950 
24003 5767 
5460 4212 
10656 120 
25434 12688 
16915 10439 
17533 25551 
468 22140 
31222 18616 
134 18939 
32944 35150 
38016 21944 
5487 40228 
86 12935 
28776 12100 
13260 43362 
27548 282 
32256 3390 
8400 31382 
41184 17466 
50760 59262 
177 24435 
756 59532 
20064 6290 
22040 9560 
30600 1885 
45864 5394 
3388 32964 
56882 28072 
1722 7744 
8547 8650 
15040 33072 
52328 22152 
22776 3870 
10184 132 
24500 13527 
6318 1340 
12784 12264 
5940 6804 
1710 840 
1232 34804 
810 45360 
22204 42180 
31787 3255 
13120 54036 
924 6844 
36582 9853 
35263 26445 
7623 13596 
9918 13390 
2356 8260 
25420 1360 
237 10040 
10653 648 
18785 1872 
28944 51272 
3555 15423 
27054 26487 
48057 4646 
9768 21801 
14070 16875 
20227 29106 
31536 7168 
33000 53130 
2280 21583 
223 34710 
48384 4360 
7140 24038 
17548 4956 
3840 38106 
17017 0 
26928 32760 
2924 4004 
455 59989 
5688 1560 
20358 16472 
18818 36675 
28350 8580 
5358 11529 
630 7565 
14940 15222 
21809 19836 
29866 21735 
2450 244 
24108 24708 
3400 16016 
45978 5900 
28842 5200 
7605 46168 
2964 28539 
1596 3312 
6566 1425 
2982 34827 
7068 4346 
4601 1320 
21978 605 
2432 21330 
15972 3220 
15407 19855 
1200 9317 
144 9452 
10200 21504 
450 34048 
1156 24274 
17010 39592 
19053 4176 
1360 22022 
408 17325 
645 17762 
29100 38220 
11040 30832 
14933 7449 
21385 24386 
44576 52658 
1026 7920 
13054 18495 
14194 19669 
39040 3132 
48636 4346 
5920 6765 
10502 176 
8526 36816 
19264 8424 
20805 20064 
26649 36134 
10672 1260 
11999 35964 
28539 32283 
26992 639 
8299 34344 
5831 3315 
37450 18796 
4575 7490 
5100 32929 
7224 13936 
24255 1914 
21240 12060 
43077 20962 
10416 16756 
1284 15987 
6006 42120 
9842 9751 
17516 10647 
139 16289 
1547 8325 
441 476 
37440 32110 
13923 4356 
31062 16128 
46995 11413 
20700 17472 
13110 42639 
19608 1904 
3888 29580 
380 2726 
1392 2016 
19764 13776 
9165 1781 
34850 6412 
10140 970 
1040 888 
2774 5289 
1106 12825 
42978 11413 
19305 1898 
3484 1296 
0 3116 
12792 49115 
5406 30940 
11844 24254 
15180 39159 
4386 2550 
750 6360 
3876 6864 
1904 16650 
5830 37736 
15158 22504 
5236 25850 
6889 20100 
28223 5626 
13662 24990 
6850 6592 
8268 33075 
15423 1305 
58080 53502 
864 18492 
17184 21018 
1785 6355 
8901 42024 
42244 312 
6450 46795 
13760 39878 
16080 9348 
5520 504 
22770 16512 
17664 25254 
70 28417 
2958 25071 
15694 6350 
24750 1863 
8066 16065 
36179 10036 
4488 4050 
14651 36675 
20286 18656 
2760 5828 
29393 8400 
5670 17000 
23290 3325 
11760 3696 
4784 594 
4795 7396 
644 22950 
1767 23104 
464 33972 
4047 19344 
51302 32387 
2255 27115 
25553 36806 
2272 5044 
1875 2660 
21420 43719 
41172 210 
3260 52328 
25326 22925 
15372 5696 
13080 6696 
3234 3379 
7316 49572 
46605 28044 
37365 31146 
18318 3420 
2914 9750 
330 23800 
47064 1785 
2090 19332 
5432 13280 
18648 38905 
8957 15288 
10750 22680 
6396 23556 
6360 8125 
18396 6375 
25863 48070 
4760 990 
6235 2220 
1386 50128 
169 3822 
17043 44004 
93 2646 
16948 14773 
10600 32760 
33756 1224 
39179 23925 
23718 26462 
6882 24500 
38766 17568 
31450 75 
12878 15826 
11396 5160 
17319 47322 
888 18216 
2190 6314 
26455 20022 
14766 33150 
18560 40 
47280 12144 
2888 3052 
44421 48564 
4185 18616 
616 27985 
6820 2686 
51205 3861 
3626 10414 
51465 54356 
20416 972 
27225 11395 
3262 1386 
11232 4085 
9082 12084 
21242 8100 
26691 17544 
23711 4100 
5763 21106 
14432 12804 
29835 24633 
11613 29606 
2691 11227 
21037 46367 
17825 6320 
44280 5082 
8991 25585 
14833 12960 
2400 2124 
37842 1040 
936 14835 
6696 22816 
32336 12816 
18528 29260 
32399 22176 
2982 6556 
5957 43512 
2574 32184 
15660 108 
16362 376 
1309 1921 
3318 47970 
39123 4900 
35400 52140 
15252 39825 
27948 14637 
29056 18090 
31831 56316 
52920 24024 
21565 22440 
16236 1326 
1785 1407 
36984 25650 
2210 629 
24624 23085 
5005 31752 
30723 23608 
9870 35872 
2604 36134 
8695 36952 
7232 25276 
15582 860 
7150 12649 
180 13137 
13978 14025 
46765 5589 
1290 13167 
7192 8550 
36096 2790 
5088 5134 
31659 48642 
13359 16128 
12445 16725 
12876 8670 
3619 14910 
38592 2660 
14706 36675 
32899 11280 
12305 1680 
24480 11816 
41296 6550 
22601 19440 
1210 0 
2996 11658 
5248 2184 
42303 13132 
4872 29120 
5130 240 
2502 9315 
25272 516 
60214 33884 
600 3920 
7820 13500 
348 5882 
13224 7260 
38403 10431 
19028 7530 
3366 14195 
2604 1118 
7236 41358 
14873 6525 
35970 25239 
3320 29756 
37513 3432 
14042 7735 
30502 9100 
2280 37125 
20043 1890 
724 27200 
11869 8965 
56523 12320 
34272 12998 
6870 6006 
14525 22248 
12480 4025 
57750 11515 
36575 9387 
7585 6780 
8976 23125 
26937 48000 
21600 2640 
1484 47073 
8480 20088 
3075 15250 
52710 1824 
4452 4960 
19513 8610 
16074 7560 
23532 37064 
46031 11011 
1808 15743 
36036 12665 
26884 16652 
41724 43000 
28435 3384 
438 5616 
522 350 
30660 23956 
69 9638 
146 9639 
7689 5100 
43537 39600 
14570 2622 
4524 15066 
22260 5664 
20604 3074 
20250 1808 
13983 2226 
6660 219 
20286 38178 
33600 384 
13348 3186 
16416 58292 
600 2813 
10500 20655 
25912 19296 
5133 43228 
32560 15435 
19817 8364 
4779 28250 
18338 50561 
6728 1296 
815 2982 
22632 4016 
43143 33649 
11100 2440 
12948 14475 
6882 1305 
1008 168 
832 55615 
558 7644 
9971 19580 
2882 1995 
6032 27450 
4602 8316 
10769 7412 
21375 9858 
12138 0 
14186 45933 
24360 26670 
28556 27772 
37191 40950 
12656 28124 
7260 32860 
1620 4248 
13230 10944 
27030 12136 
26312 6800 
25016 369 
46607 2340 
26578 47752 
288 14076 
34344 38048 
34456 32508 
4956 6636 
2862 23153 
24265 10074 
22250 9164 
66 912 
1860 6100 
1792 4332 
40748 24864 
35720 10918 
20646 18183 
41418 2200 
10403 23544 
8400 1287 
18879 3960 
24750 36210 
525 38038 
50525 8320 
49647 615 
6075 16056 
23424 43440 
84 22339 
204 33060 
10502 37200 
9408 6579 
5187 3420 
4949 2862 
16128 91 
864 13496 
13983 9052 
1715 7945 
20774 30438 
5313 37128 
7560 35700 
17388 6596 
6786 1120 
900 9256 
235 8350 
2828 2376 
32231 7320 
1506 20748 
5720 11284 
52152 47941 
570 14495 
2800 8788 
2800 4998 
3224 30301 
11594 12308 
14742 47838 
47244 28258 
47336 616 
10080 1314 
24442 9590 
11591 17298 
3608 3193 
4028 34744 
4446 41216 
14605 11440 
12220 3696 
43105 3978 
20862 51170 
5694 6080 
25038 46552 
6300 20099 
27559 5313 
45720 11403 
4144 8544 
32856 22879 
1778 6360 
3332 33383 
2867 27280 
30912 26076 
1575 12400 
25625 7625 
35964 19200 
7068 1152 
24381 37286 
4002 23316 
23160 5675 
23607 28564 
19136 40290 
26908 26937 
10260 51204 
880 8284 
134 12036 
240 11520 
6895 14555 
21364 1368 
1330 11096 
4716 4218 
2250 11900 
4940 27566 
59024 5304 
40414 42688 
36764 42075 
168 17120 
2142 15950 
24570 9324 
3770 25410 
1326 567 
9960 2914 
2926 5313 
50600 45872 
2844 50953 
9405 13860 
47124 13908 
1782 9399 
7791 10560 
23650 396 
36058 6667 
53568 20094 
196 32640 
8056 494 
14112 10716 
2100 24073 
27118 15660 
5616 26640 
28826 4386 
28275 8600 
45590 5016 
6985 10496 
13199 19536 
4100 2470 
4108 2604 
10788 49600 
4655 3358 
16020 2006 
8908 20088 
490 17388 
40548 35639 
10602 14168 
14819 19932 
19019 760 
21894 8466 
21200 5500 
29106 34717 
16675 2070 
21828 2720 
21063 384 
18972 68 
5800 2616 
1140 14336 
5488 42579 
22010 2086 
6045 8340 
10868 318 
13970 24278 
2299 30876 
21216 35616 
4620 23427 
6370 17748 
4012 10464 
3850 11781 
23760 6693 
480 54531 
2088 43560 
44154 18507 
50370 1368 
20904 26136 
32218 17170 
20301 7216 
20038 17766 
25584 1666 
20160 30846 
1488 1122 
1085 2530 
38718 20328 
23345 20034 
23959 11550 
2590 12992 
9240 5928 
2907 51465 
3936 12420 
10879 33620 
32804 5254 
6554 4960 
9581 13774 
7832 12772 
3190 3450 
5428 23030 
43800 35964 
12152 37824 
45080 18675 
15200 2940 
18834 21714 
13520 48960 
11438 1611 
51816 2664 
36188 24165 
16056 19560 
9384 32472 
2904 486 
32292 10368 
380 8970 
12062 6882 
5840 140 
34194 45582 
16458 120 
6552 12400 
29250 2516 
25066 23244 
51788 5662 
3300 530 
1620 24111 
14652 13312 
44073 21420 
23765 27178 
3312 42525 
13938 26884 
4887 4920 
2262 34196 
4896 29524 
37500 6624 
48114 4640 
702 10873 
162 0 
360 18711 
2805 34080 
7140 32274 
3538 2976 
529 880 
23868 968 
8890 24616 
18542 26390 
460 46604 
19240 34336 
12045 14790 
8736 10807 
24130 10764 
4368 16393 
40542 23465 
4851 31960 
16864 1700 
1054 57112 
18880 13130 
1328 7344 
17100 32604 
1311 10808 
6946 4048 
11008 52 
32508 12772 
11232 17856 
52208 9331 
15617 582 
828 4768 
28495 41625 
15554 3519 
45562 10570 
16500 10403 
5611 26600 
6318 17672 
16044 18624 
435 18432 
3528 10001 
6300 33170 
52650 11330 
21311 5356 
36450 2080 
34798 44421 
26410 12090 
42940 581 
4992 4032 
7783 38637 
1164 684 
11076 5460 
4708 12985 
10922 48930 
2208 18576 
52785 27485 
620 972 
11985 14400 
23712 25752 
11832 10340 
24823 6424 
60945 14883 
585 51060 
3382 39758 
20274 2538 
651 11457 
29750 40590 
24249 6072 
5124 18020 
1517 12712 
15276 2622 
8015 6656 
13370 1976 
15622 14003 
12166 2295 
280 3726 
9506 1080 
55440 7592 
31265 36520 
30956 7161 
3498 24274 
11830 24708 
15555 17625 
31350 7409 
4532 5694 
6160 27690 
5453 3560 
45 3492 
8591 26598 
15433 5986 
52216 37053 
29397 36612 
6372 2695 
35800 924 
41800 21728 
39975 284 
1470 7 
15392 17730 
1353 18720 
624 6477 
1056 21836 
11781 1792 
6625 96 
2304 5476 
13800 11152 
25800 14091 
41961 19754 
47040 7590 
18200 41630 
627 2128 
5460 8437 
14098 7378 
8987 17613 
53320 5190 
21470 24490 
12784 26136 
4104 12900 
2100 11748 
4584 30392 
13317 3630 
18960 24500 
11315 791 
144 13200 
8241 391 
19305 10137 
33750 34452 
27840 11221 
24080 23343 
4680 3696 
2793 3808 
4452 11648 
9450 20618 
16125 4950 
40664 12584 
26827 15562 
8664 16808 
21716 9456 
2171 39388 
16856 210 
31603 7160 
20502 270 
25398 5900 
16200 10890 
31892 28320 
0 1313 
10275 14245 
33166 10962 
930 32565 
37136 27450 
6424 28036 
2604 37250 
6745 14630 
0 19116 
2850 59944 
20740 8692 
1615 1071 
47918 1903 
7031 15925 
3400 12556 
33360 43380 
22560 5959 
13200 4680 
27010 5050 
36512 7676 
53535 4294 
2624 17028 
21500 5280 
1600 30176 
918 57096 
2943 3822 
7785 5184 
1820 41496 
5187 2150 
9869 15652 
11286 6708 
7808 50848 
15695 36966 
10692 35520 
2670 24582 
28560 3478 
17388 138 
21728 13065 
20045 8470 
12879 10440 
10127 4452 
4500 23500 
26970 15732 
3956 4292 
15982 5940 
56100 29050 
1880 64009 
4242 32660 
4522 11900 
309 30810 
3507 24396 
18832 12816 
43255 32900 
19992 4042 
10738 8760 
1876 17808 
2960 35938 
21771 7632 
2225 11797 
15960 9384 
6052 9028 
13612 2240 
21054 12844 
13095 5940 
23836 42898 
28536 27560 
125 345 
1251 18032 
35604 15912 
55080 25085 
11097 48825 
44226 23424 
22545 164 
30316 30960 
17658 364 
19176 10017 
7245 17784 
1800 2331 
48462 12672 
10919 928 
22344 6900 
1026 408 
1666 19068 
31360 6165 
11960 596 
19210 6210 
30080 19090 
61503 31161 
17889 11520 
18343 4872 
22841 961 
26040 9804 
49725 10374 
34611 5676 
19367 21924 
1078 25993 
46428 13275 
4554 16988 
14570 42000 
16592 4059 
213 10656 
60750 24325 
846 17856 
4640 28892 
38805 37114 
989 16851 
6230 32226 
6120 5451 
0 19500 
26474 36504 
1362 37791 
4998 39648 
27060 1134 
4234 9860 
1300 5251 
1558 1330 
32116 1079 
20020 3483 
36848 12240 
8897 16562 
41656 10206 
2106 11224 
17919 21358 
2016 31050 
21744 13208 
7410 790 
5472 45793 
3088 18079 
1582 6510 
4011 4556 
12180 32283 
1960 36000 
43152 1592 
1562 2033 
34800 11655 
6048 48972 
15651 1309 
20083 8880 
1688 385 
9245 48760 
29605 1428 
177 10944 
44019 33534 
40508 18221 
2926 31920 
3185 1160 
814 1872 
51528 14651 
9398 8232 
1950 3045 
23520 43188 
256 2712 
14606 1936 
20349 3312 
5412 9180 
800 5320 
48672 9646 
16614 16502 
167 35088 
3965 5292 
14964 234 
715 37914 
2200 5358 
17945 37001 
7650 6076 
7840 34020 
7400 5202 
1235 17420 
18252 16940 
21728 2451 
12300 7852 
24156 53568 
3363 4860 
3392 30378 
37584 21312 
37290 1700 
33499 14873 
14924 33620 
1593 450 
39458 43400 
32943 17765 
13716 19046 
42180 24660 
3875 5890 
380 13340 
11880 10374 
4972 8424 
1062 34655 
27189 37680 
16425 22655 
80 12246 
15145 14625 
1275 39412 
29051 57204 
47564 105 
2071 1776 
25270 26871 
5974 20900 
12282 14740 
7800 35739 
16200 2718 
9102 994 
2750 12300 
15387 531 
9000 8262 
714 752 
20976 5544 
3116 0 
21140 13054 
1368 2117 
13104 46410 
11448 34056 
25896 25199 
24970 1710 
9632 30750 
16113 570 
1782 8473 
525 4950 
9844 42960 
45682 23520 
1890 14280 
5145 21659 
138 15525 
25857 28050 
31372 38528 
10033 51012 
34542 26386 
32766 24804 
122 4224 
33227 33201 
1001 5824 
41860 25651 
4100 25488 
17066 11856 
3016 43983 
8008 9945 
18705 8346 
16800 20928 
56448 7945 
22200 39798 
19780 16470 
4224 51940 
15920 23120 
22185 58928 
27136 3360 
27117 9856 
19600 6930 
205 3525 
17536 7360 
11360 12720 
3136 12221 
26537 7488 
6975 13184 
6390 17160 
44958 102 
10731 21749 
18326 14105 
35321 13725 
34692 4176 
6313 32160 
9800 20825 
31133 39690 
20740 9264 
6688 31275 
684 11220 
33345 19152 
10868 7695 
10250 2730 
8910 4600 
828 19565 
19304 22935 
1584 12060 
11834 1092 
9855 32929 
506 493 
2709 32648 
20022 26492 
3174 36000 
4182 6254 
28178 40572 
28427 615 
21728 11760 
31242 7398 
15980 11648 
30785 410 
2646 7344 
11872 31310 
14250 3825 
8949 35420 
9125 2088 
31000 19550 
30378 38988 
30360 2541 
6784 6600 
18060 13104 
11340 444 
25974 2124 
1377 24192 
1830 19536 
3432 19370 
18228 28200 
50652 4320 
17760 12685 
4095 12320 
3280 14508 
27071 3026 
1400 29540 
23504 1638 
35340 13888 
11716 240 
24289 7920 
5950 44944 
12995 10878 
15180 117 
17384 52 
900 5440 
39672 0 
4416 1344 
37752 7000 
1197 3536 
12750 2448 
21939 5499 
8437 10948 
948 11023 
35938 6586 
22200 13800 
23183 20060 
7880 53340 
1600 53820 
24276 91 
630 20955 
2442 22134 
12528 19824 
9150 5232 
4356 10366 
10220 2430 
1200 12032 
9625 25676 
12261 1520 
2047 924 
4180 2750 
8178 5888 
41360 7437 
16488 7112 
44694 25235 
2405 46060 
4788 19890 
4620 12741 
33572 39591 
10250 1694 
9042 10659 
6981 180 
29070 15367 
18400 12060 
5520 1458 
15912 2420 
13195 5520 
25857 4386 
42300 4636 
26162 8066 
39974 16109 
471 12915 
23142 2987 
15841 4108 
4326 24534 
1666 20592 
38024 4956 
30070 764 
5301 6960 
55250 36051 
17040 1845 
6090 3417 
32032 3825 
39516 18560 
27612 11514 
27398 47368 
4796 9538 
13246 36344 
3400 32370 
1368 27468 
40018 25920 
436 19380 
7409 3364 
4998 1326 
6110 13120 
9944 10918 
2967 672 
11466 1344 
9296 3572 
1037 10868 
980 4960 
8904 9804 
363 27709 
37350 18565 
1140 1281 
14060 16560 
492 153 
4769 6460 
0 5643 
33072 49450 
2090 35344 
704 12692 
20034 24840 
25461 18532 
35112 37785 
652 7298 
564 50976 
8610 11025 
5243 28614 
19234 42750 
6912 32631 
1392 17708 
54466 27398 
61008 13750 
4655 36714 
31850 9282 
55454 15300 
12180 16284 
35040 36616 
420 39767 
560 31124 
18616 58302 
43215 31620 
10275 13851 
16100 40290 
51756 31152 
34010 12660 
43979 41410 
5390 36200 
47500 33858 
8370 33127 
28855 696 
4930 58 
5396 10108 
41881 5152 
37206 25960 
2646 6966 
16660 31248 
19890 5846 
3864 9504 
1140 10804 
47196 42750 
144 4465 
48175 784 
570 17608 
134 15561 
43316 1449 
2656 3081 
2754 46002 
16224 44640 
2983 5480 
15232 37620 
474 880 
3888 1781 
1936 1134 
17200 17670 
6325 18180 
19005 7802 
16616 20460 
26058 13260 
3190 33072 
9990 22876 
34354 17578 
950 980 
10450 31647 
13398 10556 
2398 1045 
12768 18 
24054 37125 
3690 22848 
627 3534 
5278 10044 
10120 8568 
29110 1624 
7920 6893 
15312 16482 
16543 25155 
3599 6630 
13965 20808 
54502 156 
18270 19456 
36424 29610 
13735 16362 
2562 18288 
7657 5750 
18600 24064 
736 6290 
21567 18584 
41449 12640 
4420 3397 
24846 4508 
932 6777 
1136 4545 
15051 5907 
21658 41239 
20580 12512 
12384 7676 
16767 1352 
13277 6075 
17712 12040 
28750 1458 
1683 860 
340 15250 
21400 860 
5633 9758 
17980 26264 
16340 3600 
5762 9672 
34974 33462 
33448 27020 
9000 2250 
252 24883 
1710 42042 
19250 30622 
9453 32195 
30105 33631 
4644 3528 
19890 20992 
25230 20049 
6392 14022 
2048 41108 
5396 49608 
37275 13299 
3312 8176 
24766 17170 
2528 40533 
24288 15725 
18460 33950 
15834 10797 
19995 833 
12320 39360 
36208 1140 
1950 25764 
7743 12814 
42822 870 
22920 9828 
4524 15600 
8541 38130 
32007 15795 
30590 9288 
58320 3212 
14356 159 
30100 2183 
6160 10336 
40480 1692 
8917 1864 
14112 375 
22098 5396 
28920 8555 
2784 14091 
26760 924 
15488 32100 
2000 8910 
41300 5618 
5696 13090 
32736 30780 
3950 24089 
3328 7980 
14112 11591 
24104 41856 
20000 24885 
2686 23532 
13992 30360 
41580 1748 
976 17980 
7170 37524 
10191 1715 
828 25671 
19980 44650 
40874 7820 
20 11891 
15725 7482 
17711 4080 
44772 246 
3570 1599 
50481 23276 
31784 2592 
12191 1680 
5301 3795 
29744 45704 
34881 7488 
30636 7140 
16296 31350 
11124 46464 
2366 2976 
3612 900 
17000 49329 
17568 3942 
7140 8160 
35640 18810 
2604 304 
18278 0 
176 8463 
8428 2790 
2616 23182 
14522 34200 
48856 7645 
38872 48306 
23876 2352 
6370 41832 
350 13104 
10197 10005 
244 41583 
20586 11234 
26496 12155 
34830 0 
1491 33936 
2640 20085 
2040 564 
11070 8695 
3800 22656 
43338 4347 
4732 9300 
28431 15000 
30132 22922 
5762 608 
770 19572 
12838 31266 
516 17646 
55696 25650 
351 56700 
7020 4728 
2784 18100 
32005 6804 
15633 175 
35404 29184 
24650 34881 
18396 6075 
2604 11266 
4248 10212 
5760 14784 
41736 16695 
1430 43844 
3486 18816 
4015 15747 
29040 9000 
28032 48616 
728 7056 
29952 23124 
15770 45540 
39155 33900 
25048 25272 
16434 2460 
17750 2880 
12480 19314 
2016 31620 
59290 33136 
18060 2508 
33900 1004 
36354 4379 
37280 1711 
28680 8910 
1573 4031 
551 35 
4050 16274 
43056 10608 
28700 12264 
11475 41567 
0 15840 
7170 1134 
1558 610 
1139 5676 
54432 32319 
14007 38000 
14070 320 
180 51624 
1000 11956 
13340 1824 
12028 12628 
20306 32250 
20496 2596 
9614 43677 
2014 30104 
4128 3625 
20300 1547 
30523 7918 
0 33938 
16543 2745 
9499 38236 
19306 22236 
14040 21600 
51192 1261 
4050 21056 
6318 30294 
37910 1872 
9261 11544 
25498 46200 
9450 18648 
384 10355 
23871 20286 
19321 9450 
25239 30222 
14025 37555 
9424 47175 
22050 37995 
1054 16060 
13390 7140 
12154 24948 
7200 3172 
43290 3339 
17355 224 
53984 16740 
14240 17355 
28400 17595 
12750 49115 
3675 18875 
25715 20838 
3318 3114 
18471 2204 
22454 6386 
1170 39044 
13384 16359 
14382 15222 
49266 6256 
22385 6400 
46535 22236 
21420 43600 
31584 50358 
41814 25594 
3 9792 
15965 3510 
15344 380 
9102 2436 
28215 684 
11172 16274 
44164 7995 
22400 17030 
35024 437 
8330 18095 
2364 56406 
43056 37500 
10152 37596 
19504 11180 
3286 17649 
6292 6868 
9990 6102 
6533 480 
14337 2356 
9632 1880 
14432 23092 
11640 1800 
19873 24897 
17115 4726 
23653 6100 
10519 38880 
13310 57658 
7812 48822 
4176 8904 
1850 37128 
9350 2679 
5232 9720 
15410 840 
37515 59738 
47750 48906 
34200 36616 
37682 31465 
1701 28841 
4896 20889 
549 4485 
5828 11730 
56700 6204 
52998 23904 
16544 7569 
15730 2958 
12648 4488 
51726 1269 
16940 24642 
23128 18468 
32536 5934 
38584 1751 
5304 22040 
20384 32277 
34804 12947 
31465 28120 
25875 3915 
11385 44642 
36456 7030 
22960 0 
24087 6032 
5056 49374 
2108 23463 
53599 31977 
22896 2916 
36960 7493 
47286 21546 
4266 6480 
3630 22540 
4042 26760 
7194 7242 
969 328 
4680 10220 
47477 40590 
13612 25272 
1370 1269 
3808 4284 
