148 212 21 181 
177 208 1 219 
254 153 191 64 
20 53 181 238 
196 118 30 65 
9 124 243 244 
124 217 191 198 
243 250 96 135 
207 117 60 128 
69 61 91 67 
215 26 132 235 
79 57 218 19 
175 248 85 184 
116 72 173 241 
33 108 183 20 
103 23 155 54 
140 216 182 210 
21 17 21 236 
43 153 216 123 
211 178 142 130 
170 227 59 31 
44 232 16 77 
84 199 98 187 
222 253 241 106 
213 167 60 235 
184 82 215 228 
235 175 95 190 
97 237 65 12 
209 124 43 253 
100 59 74 184 
2 172 116 224 
170 101 74 127 
13 135 106 197 
217 66 169 196 
241 8 131 83 
246 196 95 199 
64 138 196 164 
197 14 92 199 
187 208 167 101 
54 241 228 67 
120 79 8 81 
145 178 22 130 
186 153 213 176 
93 52 119 157 
190 59 65 131 
74 157 74 5 
110 241 106 164 
227 78 231 91 
157 239 173 46 
161 195 177 92 
92 134 12 185 
187 132 86 121 
191 151 253 9 
52 71 14 162 
57 120 70 28 
199 45 119 100 
29 36 147 190 
231 68 26 67 
202 39 252 133 
171 82 255 106 
233 252 116 30 
67 130 192 124 
251 7 152 194 
52 16 38 81 
52 185 16 28 
253 42 95 200 
81 92 77 252 
174 76 103 152 
72 219 182 140 
93 118 8 88 
125 161 26 178 
177 65 3 229 
250 19 1 248 
62 97 192 143 
189 13 140 107 
90 243 3 162 
206 185 46 43 
48 55 132 173 
216 158 95 137 
223 99 110 218 
118 112 210 180 
209 146 68 142 
159 208 249 249 
195 253 156 145 
182 202 188 230 
1 64 148 217 
223 243 98 190 
86 209 152 205 
65 106 129 18 
252 197 160 156 
149 153 149 88 
150 49 233 77 
252 166 51 253 
230 199 215 197 
187 57 132 17 
10 28 222 75 
135 96 93 131 
37 253 31 187 
151 181 19 45 
230 253 122 226 
163 174 224 137 
117 183 79 48 
240 211 66 251 
239 32 70 118 
128 164 250 166 
161 25 97 56 
206 116 102 181 
113 224 151 20 
142 119 158 4 
46 237 52 31 
192 118 26 175 
151 96 38 23 
4 32 189 166 
57 30 222 8 
147 68 189 4 
37 84 25 179 
204 183 183 250 
164 236 25 100 
98 51 19 249 
148 57 17 152 
89 206 62 147 
237 29 155 128 
97 88 132 134 
172 157 58 120 
84 241 115 248 
221 140 92 64 
192 112 57 84 
169 74 236 3 
25 43 150 6 
72 49 134 169 
137 10 48 53 
168 106 174 252 
91 33 245 57 
173 81 121 109 
193 178 193 107 
253 174 110 22 
217 4 28 33 
53 162 202 190 
172 250 243 84 
100 161 81 192 
194 70 249 112 
151 114 221 89 
36 159 196 33 
77 50 55 38 
54 83 71 107 
245 17 41 162 
12 28 246 112 
190 71 48 128 
141 41 240 37 
155 206 126 192 
109 66 225 186 
116 25 224 170 
108 39 21 98 
56 62 4 68 
90 250 181 24 
66 229 153 207 
15 137 244 170 
87 114 106 196 
180 76 126 40 
101 94 210 209 
133 231 51 190 
37 55 2 128 
50 183 152 116 
157 49 67 172 
187 56 86 18 
170 193 215 95 
13 85 135 114 
180 90 67 57 
65 119 247 103 
174 250 231 224 
177 127 84 78 
177 152 250 108 
208 81 126 122 
18 85 217 31 
171 97 145 95 
187 212 152 252 
75 144 99 250 
138 74 218 59 
202 47 138 123 
199 132 231 151 
213 101 17 231 
187 235 6 102 
76 151 197 7 
108 93 3 183 
237 103 177 119 
177 140 179 123 
187 61 246 130 
193 221 25 151 
67 42 126 254 
21 133 100 97 
28 41 104 136 
134 108 64 116 
211 241 235 132 
125 158 0 56 
219 246 186 157 
212 211 52 23 
254 178 21 19 
55 121 117 84 
162 221 220 40 
73 28 156 28 
14 136 161 139 
38 161 196 2 
151 126 159 107 
82 211 130 80 
133 151 99 189 
16 216 17 178 
182 237 219 255 
10 119 28 24 
255 189 163 38 
94 103 40 245 
230 199 97 56 
154 227 136 31 
123 235 220 139 
196 237 62 122 
219 25 121 229 
144 149 253 144 
82 160 182 176 
8 222 166 238 
165 7 38 63 
234 174 94 101 
153 59 241 93 
40 47 215 3 
72 81 232 216 
230 229 104 57 
134 30 233 142 
252 143 124 161 
150 162 224 129 
80 63 230 233 
122 215 71 162 
6 30 166 78 
111 142 39 86 
116 143 143 250 
174 120 136 170 
8 4 76 158 
166 44 31 246 
107 6 223 229 
221 38 136 228 
69 46 50 180 
188 89 10 48 
233 153 42 151 
18 178 65 26 
182 141 184 92 
186 216 82 37 
222 50 11 187 
88 147 159 157 
193 210 82 125 
43 92 174 20 
246 216 171 8 
139 237 34 65 
122 218 158 52 
178 240 90 144 
34 101 76 123 
248 235 24 185 
189 106 54 233 
199 228 253 189 
189 169 197 72 
150 231 137 16 
193 39 69 116 
24 159 4 58 
4 80 181 252 
60 206 181 249 
56 235 226 255 
208 224 188 141 
137 129 213 31 
104 94 47 42 
134 116 158 158 
19 162 216 23 
243 142 19 47 
92 200 40 148 
180 11 148 132 
235 80 17 116 
210 230 147 58 
68 194 100 202 
55 2 104 74 
165 65 98 152 
207 117 199 43 
62 239 191 242 
250 83 118 229 
164 135 89 118 
109 236 176 177 
175 21 124 230 
23 228 48 188 
37 146 84 244 
8 27 31 70 
11 223 56 5 
50 174 235 214 
53 68 76 162 
49 253 83 224 
18 207 198 41 
180 246 230 217 
137 58 206 145 
86 237 215 97 
204 15 102 255 
189 81 213 242 
150 34 148 199 
31 231 167 49 
183 109 90 107 
99 64 68 236 
123 18 125 209 
0 84 50 204 
99 152 203 32 
234 161 18 128 
195 166 71 226 
142 238 19 69 
91 109 176 190 
174 244 171 41 
7 40 250 7 
125 44 211 224 
196 159 1 174 
64 19 46 3 
186 117 229 72 
99 248 141 190 
101 61 125 19 
49 40 60 56 
80 54 63 205 
98 19 174 39 
178 175 213 242 
194 4 245 124 
121 218 196 221 
210 81 155 55 
142 24 75 192 
64 135 248 145 
190 56 94 32 
75 12 71 253 
187 29 239 126 
33 228 250 154 
190 191 119 144 
16 19 199 159 
43 18 95 108 
154 87 253 88 
143 91 120 218 
104 192 215 35 
221 198 161 254 
170 156 152 104 
91 16 248 107 
35 192 10 78 
210 105 186 108 
193 183 196 80 
19 61 43 123 
253 2 158 218 
201 64 216 115 
220 112 220 55 
128 212 162 163 
148 173 242 103 
22 172 211 215 
100 152 40 119 
213 83 242 210 
85 144 172 30 
208 132 146 172 
244 110 227 117 
66 134 24 215 
51 10 62 73 
183 17 33 27 
169 73 146 126 
156 132 80 241 
20 252 16 229 
128 162 145 117 
16 117 234 82 
251 2 41 46 
13 103 119 196 
121 152 223 34 
225 113 161 125 
245 241 111 9 
238 127 238 110 
33 128 227 49 
245 205 131 240 
208 173 30 221 
20 149 161 141 
46 128 176 15 
241 81 141 230 
66 252 239 48 
123 222 159 156 
94 130 205 83 
80 80 67 32 
253 97 253 18 
246 158 159 36 
30 79 52 15 
160 193 245 227 
189 228 19 56 
194 178 212 32 
53 161 115 133 
241 182 165 239 
23 162 1 14 
64 160 50 94 
240 102 109 144 
39 98 115 228 
70 135 28 9 
57 240 41 110 
145 157 243 131 
83 152 114 107 
58 115 121 122 
19 171 216 3 
18 69 148 57 
167 7 30 238 
142 58 247 200 
43 32 54 188 
189 42 63 17 
194 177 124 253 
36 245 119 56 
160 80 59 178 
149 207 236 61 
215 10 43 101 
68 34 45 111 
66 100 44 0 
142 107 17 80 
29 141 77 65 
130 197 121 34 
21 181 213 170 
132 193 231 91 
203 18 193 15 
52 238 127 119 
82 171 119 224 
22 136 49 51 
21 126 117 151 
67 238 185 88 
163 142 3 40 
79 234 131 26 
253 68 42 49 
51 169 168 133 
84 31 102 106 
167 151 158 188 
21 19 83 89 
1 13 177 165 
155 180 205 235 
159 80 5 156 
149 47 205 200 
216 118 77 44 
149 179 151 61 
74 53 249 96 
72 77 185 73 
90 106 238 245 
31 187 224 190 
12 230 90 161 
21 39 105 238 
157 182 26 51 
106 177 112 180 
230 105 20 46 
182 205 120 16 
56 102 6 87 
34 230 21 46 
204 111 207 226 
150 56 208 52 
238 234 103 88 
156 215 13 130 
64 33 177 247 
239 41 7 39 
143 13 126 177 
244 147 223 192 
2 174 162 152 
230 114 204 213 
93 51 45 249 
10 58 123 75 
92 44 66 75 
85 73 114 229 
87 240 150 75 
131 118 11 133 
36 174 29 11 
32 234 224 125 
29 13 118 40 
72 242 115 164 
30 181 239 116 
254 97 89 85 
81 239 160 212 
101 172 89 138 
90 118 149 122 
96 117 248 126 
130 110 166 202 
96 25 110 127 
206 93 243 204 
190 76 34 15 
59 194 227 161 
110 60 43 200 
179 192 67 19 
53 59 145 183 
169 55 130 10 
80 240 137 30 
78 124 235 12 
200 13 28 3 
207 255 164 62 
60 207 6 239 
143 73 2 196 
132 148 124 46 
203 254 56 28 
238 193 58 60 
61 37 73 5 
50 101 8 2 
100 173 64 160 
124 70 143 12 
144 146 208 20 
38 76 66 241 
74 122 13 57 
59 72 117 120 
109 190 125 160 
35 134 162 136 
51 226 40 175 
40 184 187 184 
74 140 205 112 
216 15 97 35 
138 111 92 197 
183 209 62 36 
144 187 196 179 
65 102 59 116 
72 100 36 113 
28 223 41 102 
107 246 214 68 
6 55 103 144 
166 195 85 93 
148 147 130 36 
79 70 216 144 
173 19 5 245 
119 41 102 147 
8 144 249 116 
134 207 184 140 
7 31 28 173 
226 114 11 118 
5 141 155 84 
211 115 229 128 
134 234 118 254 
19 220 145 27 
108 139 143 243 
90 71 127 97 
102 156 15 72 
14 26 191 19 
167 90 104 122 
205 77 251 83 
55 113 81 74 
77 227 101 186 
110 245 173 200 
60 44 42 163 
200 57 235 214 
83 170 234 250 
4 82 116 209 
159 111 37 214 
224 118 32 46 
89 133 232 199 
122 149 144 183 
193 186 90 138 
243 69 96 70 
240 74 64 244 
156 180 198 59 
36 235 17 4 
97 49 50 187 
183 26 130 49 
175 18 232 113 
204 66 251 191 
136 91 5 120 
166 69 108 66 
250 50 126 30 
29 143 34 127 
193 85 58 120 
111 188 169 31 
207 146 144 155 
212 139 91 92 
230 96 212 140 
166 65 207 160 
115 77 190 145 
220 224 16 157 
53 74 21 165 
6 191 196 213 
81 84 113 37 
223 204 130 197 
44 86 82 210 
151 33 114 11 
110 48 156 74 
17 172 232 70 
246 253 235 252 
188 175 210 13 
3 67 51 226 
15 181 168 59 
11 250 14 163 
27 128 174 137 
177 74 211 194 
246 187 8 236 
185 244 232 117 
163 186 131 167 
253 182 137 12 
107 49 72 118 
43 86 25 70 
214 199 207 135 
17 163 73 7 
94 82 243 23 
70 220 141 233 
150 16 144 148 
198 26 160 49 
75 232 167 119 
62 193 189 21 
136 141 156 154 
48 230 161 142 
56 149 166 126 
113 51 103 7 
67 248 155 9 
18 60 58 93 
36 225 212 99 
162 146 120 43 
31 20 197 79 
250 102 221 50 
251 131 176 108 
182 24 116 249 
16 15 2 34 
75 60 127 112 
30 84 211 192 
230 75 235 5 
95 176 84 90 
23 49 140 18 
181 61 127 107 
85 243 101 101 
2 103 135 78 
164 6 190 194 
90 145 130 64 
220 110 69 59 
30 153 149 53 
203 34 72 128 
95 199 235 180 
186 80 25 188 
184 160 10 92 
166 200 30 1 
89 160 65 53 
14 135 113 45 
32 6 98 235 
40 170 107 135 
113 87 59 43 
167 84 232 95 
244 242 187 155 
187 217 156 20 
122 221 74 136 
100 187 181 133 
193 24 112 234 
194 220 113 52 
51 173 95 218 
1 71 58 246 
58 245 145 245 
207 45 9 73 
10 83 209 111 
14 135 244 208 
159 100 186 97 
64 43 149 115 
216 245 78 218 
60 136 208 118 
125 97 107 76 
142 117 149 152 
200 103 7 215 
238 251 167 141 
96 97 238 160 
140 132 20 101 
121 98 63 181 
234 15 44 103 
112 151 180 254 
12 73 150 213 
176 158 172 158 
153 83 43 249 
180 26 154 64 
158 174 165 23 
16 228 204 250 
243 248 97 99 
144 21 97 156 
95 248 113 15 
150 29 174 47 
112 217 41 36 
243 195 101 145 
113 10 168 129 
239 117 123 226 
109 220 70 253 
242 167 154 81 
159 11 96 53 
41 14 101 153 
232 142 190 219 
81 35 109 194 
45 21 67 28 
138 190 255 248 
154 69 245 140 
236 143 221 140 
155 62 193 196 
76 38 93 52 
180 27 16 5 
62 125 199 108 
146 10 136 29 
200 135 21 99 
204 10 239 185 
154 205 69 53 
11 6 249 87 
45 86 140 225 
114 156 231 176 
25 174 28 171 
185 165 200 129 
44 221 228 249 
232 212 178 130 
161 247 183 172 
253 176 3 42 
6 143 12 120 
43 243 41 68 
161 69 240 90 
234 184 220 23 
150 192 16 126 
148 194 0 53 
185 183 225 182 
103 229 225 109 
116 237 230 160 
224 15 228 129 
84 212 220 63 
141 184 86 35 
120 102 161 13 
40 161 66 225 
88 36 151 191 
9 120 44 125 
101 18 29 69 
33 2 199 118 
214 163 181 99 
91 11 134 211 
113 39 224 153 
200 35 122 32 
71 17 223 80 
138 12 205 239 
30 235 53 64 
237 252 182 195 
159 107 39 250 
118 173 205 231 
213 174 128 157 
209 250 190 24 
11 157 104 149 
169 53 133 200 
32 186 8 13 
182 190 209 85 
41 248 79 159 
165 28 134 122 
202 6 24 155 
0 214 179 11 
115 27 161 29 
81 38 229 113 
224 237 127 150 
171 80 235 212 
72 58 115 237 
86 249 104 33 
255 128 188 255 
86 112 10 201 
139 171 230 220 
209 203 78 177 
184 205 71 99 
29 50 55 101 
108 170 82 195 
163 186 228 162 
58 160 161 144 
16 172 90 156 
87 64 120 41 
12 198 218 196 
147 34 40 176 
84 95 21 193 
10 104 132 173 
34 104 80 93 
8 241 237 25 
157 71 181 245 
136 45 30 148 
244 248 88 135 
26 128 56 111 
224 77 48 234 
181 180 151 216 
28 231 53 36 
217 34 61 118 
106 242 107 242 
32 137 134 20 
130 222 155 156 
95 211 11 63 
33 59 41 214 
239 192 174 11 
168 227 48 129 
6 109 247 112 
96 99 98 128 
236 232 148 110 
198 47 11 37 
3 22 100 36 
82 141 250 65 
78 169 77 246 
140 125 119 146 
234 110 2 74 
209 100 202 190 
76 94 44 19 
142 55 56 145 
78 157 181 160 
42 175 225 120 
88 46 110 229 
171 229 119 150 
84 122 224 37 
222 171 227 43 
9 16 62 151 
71 118 40 149 
19 221 53 62 
141 23 182 229 
69 37 202 241 
10 66 135 94 
188 103 132 154 
18 103 197 28 
119 3 179 191 
122 220 84 141 
185 138 203 70 
161 130 44 230 
167 246 215 177 
56 94 16 244 
198 148 143 216 
251 84 244 115 
88 168 50 210 
132 134 95 61 
16 43 132 177 
173 176 152 84 
166 111 5 223 
206 21 211 148 
169 98 108 165 
183 97 24 15 
9 74 225 141 
208 64 202 225 
107 78 146 24 
254 42 108 165 
154 114 132 104 
135 87 252 49 
186 104 214 113 
201 238 128 210 
56 97 95 8 
161 42 233 13 
120 124 37 119 
166 146 28 64 
4 160 168 139 
247 164 188 177 
13 146 34 214 
128 162 169 184 
3 8 193 165 
50 170 178 171 
38 215 34 205 
105 62 13 109 
222 182 249 213 
90 181 135 103 
72 169 62 200 
76 231 129 79 
239 66 244 34 
236 166 205 19 
126 239 224 231 
45 237 85 11 
163 78 224 254 
3 103 101 75 
17 163 20 93 
138 149 172 122 
215 161 156 195 
71 105 214 197 
88 182 173 133 
164 2 144 71 
80 112 69 83 
216 171 159 233 
78 179 70 217 
72 242 83 31 
147 239 226 219 
88 185 160 176 
111 77 53 19 
79 197 91 159 
53 160 243 13 
75 146 246 154 
69 60 115 141 
47 198 172 194 
181 142 157 13 
71 62 189 183 
139 242 202 219 
183 37 122 236 
198 109 250 17 
255 240 171 68 
45 30 209 92 
228 125 30 153 
12 188 166 83 
250 99 10 133 
85 213 96 12 
250 219 249 192 
72 243 210 72 
227 125 140 16 
156 94 108 128 
219 139 26 231 
71 192 59 65 
36 69 198 121 
26 39 134 21 
2 127 213 74 
114 167 146 85 
37 31 102 193 
125 210 65 88 
93 91 64 164 
28 123 229 64 
192 172 185 219 
211 63 240 213 
190 197 31 48 
109 178 134 146 
209 236 83 78 
190 148 166 28 
240 230 192 12 
97 166 76 34 
82 5 253 37 
69 237 250 3 
178 25 52 31 
203 186 177 156 
166 4 234 100 
153 145 128 137 
119 65 149 217 
231 225 251 57 
230 248 94 43 
229 88 47 151 
113 99 183 61 
29 104 217 195 
109 196 39 6 
85 168 143 204 
233 36 165 208 
5 160 9 235 
152 103 23 125 
191 70 21 48 
169 204 109 198 
52 71 137 161 
11 176 167 96 
88 54 44 65 
90 210 17 95 
114 26 75 11 
129 98 136 64 
168 157 113 81 
105 222 23 158 
37 160 63 48 
80 231 144 169 
29 189 234 120 
143 252 215 1 
22 34 12 152 
132 149 216 44 
50 73 125 156 
40 148 58 77 
52 121 126 133 
96 14 46 126 
203 24 246 90 
20 205 92 43 
240 104 195 116 
253 155 161 48 
229 30 204 13 
179 6 90 231 
127 216 108 224 
231 154 94 178 
179 84 13 199 
33 105 242 17 
209 181 134 207 
81 39 255 54 
69 203 67 248 
209 157 224 80 
118 76 48 93 
231 142 15 154 
226 28 97 4 
133 84 21 87 
9 155 38 90 
194 37 144 8 
240 211 0 193 
113 224 17 231 
45 66 68 20 
208 83 174 179 
112 15 183 245 
99 204 76 109 
104 114 199 42 
151 88 50 135 
43 51 72 156 
19 90 131 64 
156 199 84 108 
27 2 31 139 
18 214 128 117 
163 205 226 11 
63 170 53 215 
2 104 94 45 
155 167 202 174 
1 77 239 157 
21 67 9 48 
70 41 187 88 
255 59 205 162 
8 176 173 72 
90 227 31 92 
75 125 137 230 
36 83 148 37 
161 131 194 182 
199 204 230 13 
245 161 101 244 
220 50 151 229 
226 68 45 60 
39 76 152 114 
201 34 88 238 
117 237 19 22 
112 214 204 55 
162 178 68 151 
83 169 139 48 
220 34 21 190 
103 66 251 142 
142 147 1 87 
181 89 69 43 
70 89 65 183 
47 14 238 209 
192 51 104 20 
220 243 68 184 
22 89 119 125 
155 114 11 41 
5 12 128 187 
102 198 230 172 
31 39 99 78 
53 82 31 246 
133 135 10 97 
122 78 26 144 
167 145 13 66 
3 25 107 8 
37 235 195 139 
177 169 56 208 
209 155 30 6 
237 61 252 114 
196 6 212 63 
84 238 207 251 
127 221 61 130 
246 168 138 27 
148 78 167 69 
247 223 22 200 
122 52 207 104 
114 203 218 54 
210 174 117 38 
156 69 34 27 
34 95 157 24 
8 40 51 156 
118 218 225 109 
185 247 54 52 
44 5 156 158 
208 118 212 162 
37 74 201 193 
143 235 221 177 
74 122 201 82 
162 252 238 24 
215 208 134 144 
199 188 196 243 
193 96 145 145 
215 102 52 252 
176 253 189 63 
232 154 240 50 
21 185 133 183 
181 115 208 140 
67 86 29 11 
18 225 254 211 
66 144 100 25 
246 152 21 166 
149 210 229 125 
109 213 176 130 
142 53 57 67 
168 9 208 236 
95 237 247 113 
206 245 68 16 
133 169 41 123 
65 62 33 215 
17 6 84 126 
219 4 0 105 
57 57 173 226 
67 125 206 162 
106 197 20 56 
186 88 73 64 
1 114 187 67 
177 221 26 194 
227 110 64 191 
115 64 40 172 
121 213 142 188 
82 92 95 188 
33 115 245 220 
203 62 28 205 
176 215 16 97 
180 42 35 152 
152 99 87 11 
163 127 184 29 
85 70 217 167 
163 56 100 196 
171 89 160 119 
151 188 68 71 
148 84 169 72 
126 204 224 22 
48 55 34 211 
183 218 240 12 
32 202 179 195 
2 23 136 174 
112 40 37 7 
229 105 79 121 
189 248 193 59 
196 162 81 244 
217 115 200 144 
77 184 156 110 
130 80 49 133 
103 185 51 216 
226 88 223 199 
193 46 64 126 
38 1 185 235 
163 10 223 125 
126 167 13 203 
96 170 57 226 
250 107 103 97 
36 154 57 6 
242 25 205 179 
71 13 49 110 
15 234 89 178 
245 56 47 115 
224 61 62 64 
231 120 34 225 
227 138 66 7 
36 124 14 23 
149 219 202 220 
233 252 74 248 
230 163 170 219 
220 218 78 188 
23 141 252 254 
5 30 223 232 
168 33 239 205 
157 253 228 50 
217 174 15 194 
170 89 186 145 
253 100 108 217 
62 187 149 85 
72 145 83 77 
175 50 53 88 
84 36 37 241 
34 9 36 251 
183 51 189 98 
140 119 243 137 
219 95 98 26 
26 247 111 98 
136 195 175 56 
245 228 144 73 
9 181 59 43 
190 95 38 117 
146 227 215 30 
90 202 168 53 
42 10 79 68 
2 191 167 138 
130 86 194 119 
59 82 193 68 
7 252 111 197 
91 149 59 237 
120 18 11 210 
221 179 7 7 
190 87 75 192 
22 242 74 152 
73 13 15 132 
95 208 200 103 
204 55 44 39 
204 103 20 68 
122 32 22 87 
211 29 94 145 
116 169 81 138 
156 156 34 229 
169 50 105 8 
2 49 111 207 
104 156 246 52 
3 11 120 125 
43 142 212 254 
171 50 144 32 
220 225 170 120 
125 205 93 38 
255 198 47 1 
247 158 208 95 
58 199 147 62 
210 11 187 253 
153 144 251 68 
194 139 100 158 
109 15 22 234 
220 115 17 219 
57 64 220 48 
222 173 143 25 
116 34 87 70 
45 18 67 198 
162 62 11 101 
202 111 3 55 
126 26 33 90 
141 50 53 199 
114 18 247 81 
191 135 106 51 
169 193 121 215 
211 188 157 118 
250 168 219 196 
24 222 251 150 
248 29 241 134 
79 38 77 194 
56 68 19 247 
203 125 42 117 
62 163 76 17 
95 233 135 90 
146 98 30 170 
65 26 64 57 
55 49 191 134 
88 12 72 144 
81 91 136 28 
216 178 145 22 
86 221 40 181 
199 175 15 89 
18 46 3 83 
72 67 140 127 
117 76 5 205 
88 78 93 169 
169 229 198 130 
152 87 152 238 
53 192 163 252 
112 179 85 130 
225 88 213 41 
155 97 168 16 
173 173 221 6 
251 59 175 165 
32 117 39 184 
205 191 166 2 
128 74 254 240 
253 83 114 222 
171 71 7 70 
168 175 87 86 
92 52 92 88 
111 11 253 144 
129 36 72 78 
227 239 80 99 
57 78 83 54 
161 197 20 76 
12 27 146 181 
202 233 11 38 
30 103 126 141 
114 123 29 243 
159 102 65 131 
85 145 230 142 
223 58 196 128 
255 216 204 12 
243 95 193 189 
72 204 227 102 
51 98 244 165 
221 17 153 125 
119 218 0 204 
108 230 90 75 
32 30 204 32 
246 152 44 233 
247 237 166 64 
185 138 166 236 
236 154 145 201 
172 42 70 35 
5 70 240 113 
45 74 188 77 
105 136 109 95 
33 153 73 24 
134 239 88 63 
121 255 43 101 
153 189 47 69 
231 117 105 236 
188 89 93 233 
163 26 54 12 
162 164 108 195 
61 181 220 196 
164 52 3 30 
51 47 131 205 
236 178 18 211 
40 123 192 228 
212 29 205 120 
55 3 132 218 
167 240 157 229 
165 121 169 74 
174 172 104 225 
219 235 174 199 
158 193 155 198 
60 91 170 17 
120 119 137 176 
122 13 138 34 
254 39 7 163 
161 176 237 79 
92 85 48 56 
65 223 255 223 
160 154 165 220 
245 79 237 110 
198 118 30 64 
132 168 98 130 
207 105 37 112 
25 19 191 118 
104 240 174 169 
207 173 136 111 
72 45 75 61 
124 57 171 66 
175 201 131 51 
113 229 181 65 
79 219 177 104 
238 113 222 86 
97 140 0 48 
58 136 159 130 
182 234 191 50 
35 107 117 211 
52 248 6 166 
221 188 231 44 
151 152 149 133 
9 115 219 106 
0 219 154 58 
100 57 188 26 
36 123 76 71 
230 193 26 27 
185 33 193 151 
221 168 195 116 
64 88 249 74 
204 212 180 204 
176 79 6 20 
136 194 46 172 
61 122 244 36 
60 14 63 245 
47 0 140 12 
168 80 128 232 
168 121 50 116 
78 231 64 254 
54 70 18 190 
8 64 107 70 
186 95 106 246 
109 169 236 157 
169 120 169 81 
200 42 57 113 
163 108 229 241 
83 38 239 137 
108 1 71 117 
65 178 187 252 
17 37 242 127 
206 222 28 119 
87 197 200 31 
239 1 144 147 
109 118 132 192 
156 116 73 8 
117 145 125 183 
67 56 179 85 
93 165 212 43 
132 240 162 219 
181 106 250 165 
108 139 56 217 
1 188 154 157 
48 227 165 166 
116 35 93 184 
91 16 13 185 
181 225 228 57 
209 135 20 134 
241 15 43 93 
154 99 55 155 
32 209 56 80 
180 221 246 41 
0 83 225 92 
99 238 21 25 
207 249 82 160 
128 103 38 114 
118 82 207 16 
181 6 171 213 
215 227 38 140 
192 28 181 193 
112 150 29 211 
132 50 236 83 
43 63 243 172 
166 25 30 28 
107 237 44 33 
244 215 246 203 
186 28 87 122 
57 12 59 169 
162 88 124 38 
138 105 121 182 
168 108 98 78 
134 128 106 241 
109 150 18 97 
109 9 45 39 
37 132 161 94 
145 221 7 51 
53 132 90 192 
237 211 118 149 
64 216 227 198 
88 77 183 197 
227 202 39 80 
211 84 119 248 
216 24 87 105 
245 94 157 43 
226 247 235 207 
202 97 100 10 
57 71 208 145 
148 136 86 119 
82 125 199 37 
209 62 29 170 
87 116 19 76 
211 176 119 181 
167 98 133 114 
195 233 124 252 
49 77 141 197 
213 228 61 39 
97 4 76 51 
67 105 221 154 
222 240 230 177 
161 94 102 72 
192 235 186 132 
213 55 128 6 
132 14 203 89 
242 8 128 83 
13 204 134 80 
53 99 234 19 
84 208 196 245 
46 43 61 239 
22 248 115 235 
47 243 241 179 
1 189 12 243 
197 140 71 210 
88 205 34 141 
49 12 161 133 
221 101 122 11 
144 183 250 167 
175 109 146 222 
97 132 145 98 
65 157 86 6 
41 157 217 129 
106 251 15 155 
8 176 32 229 
21 154 240 166 
82 235 77 1 
88 223 224 185 
99 113 28 164 
15 114 171 56 
15 132 186 121 
127 201 21 135 
121 53 108 142 
208 93 52 34 
72 129 35 160 
97 3 90 196 
117 118 105 132 
232 20 188 247 
152 118 112 23 
63 133 159 184 
187 11 71 139 
104 123 173 176 
253 208 81 94 
212 171 34 73 
33 139 205 9 
159 137 0 55 
0 112 79 63 
246 238 248 177 
249 63 60 98 
186 233 18 183 
185 99 21 141 
14 56 214 47 
195 163 56 99 
45 56 154 45 
169 233 108 159 
215 100 80 209 
163 140 51 94 
117 69 21 46 
169 43 188 183 
99 146 231 38 
54 31 137 99 
88 36 144 1 
13 252 160 229 
97 240 182 4 
124 233 98 241 
46 120 31 215 
163 219 143 6 
110 118 44 164 
149 182 7 237 
218 151 238 231 
147 142 204 244 
126 130 249 250 
107 91 235 154 
211 11 113 118 
230 0 124 84 
118 169 248 12 
95 255 249 57 
150 232 32 42 
118 237 30 245 
111 23 239 219 
115 219 117 70 
230 230 189 204 
231 57 33 93 
226 25 105 65 
25 99 122 175 
75 155 217 193 
136 248 182 247 
15 166 210 130 
129 71 201 103 
46 134 51 21 
191 84 114 162 
110 220 227 135 
63 94 54 138 
249 16 75 129 
8 2 120 23 
168 75 154 41 
146 99 144 192 
233 195 213 168 
24 72 74 134 
36 46 13 99 
140 67 237 133 
83 56 6 91 
58 126 115 226 
201 13 11 92 
112 155 28 89 
95 242 1 119 
58 76 253 94 
122 10 193 6 
77 174 139 161 
230 145 252 33 
15 111 3 217 
124 15 53 236 
170 81 69 9 
67 71 128 125 
147 125 219 13 
135 156 19 213 
74 158 118 49 
47 114 82 62 
226 85 23 94 
100 76 75 15 
158 144 24 225 
215 153 95 106 
22 58 119 158 
215 138 115 33 
40 233 82 87 
91 164 150 61 
250 173 156 94 
250 231 109 152 
119 134 121 79 
31 216 185 53 
19 49 211 234 
187 70 11 228 
47 94 59 139 
2 209 200 252 
127 100 91 121 
75 200 17 195 
78 138 18 109 
99 203 163 118 
252 118 96 184 
189 107 156 236 
201 215 119 204 
169 64 200 40 
164 35 161 240 
236 178 179 58 
60 197 168 159 
144 75 21 141 
193 117 69 126 
225 225 107 170 
184 226 118 97 
34 63 137 199 
98 42 183 78 
220 106 137 25 
47 49 184 191 
124 206 76 61 
67 145 188 36 
114 39 207 43 
9 69 140 44 
132 22 243 231 
64 170 53 29 
20 190 54 67 
239 238 2 107 
188 79 169 0 
224 101 36 83 
140 243 126 149 
57 10 193 189 
32 180 164 97 
94 218 126 114 
152 180 181 136 
162 184 243 95 
7 156 95 231 
1 131 58 141 
119 184 35 176 
195 228 109 227 
153 18 68 247 
236 194 106 132 
118 31 12 25 
215 0 120 222 
156 215 198 158 
90 0 43 209 
185 78 129 124 
51 239 95 204 
1 164 195 237 
102 45 113 221 
77 126 246 36 
126 110 3 26 
69 201 184 159 
201 228 113 130 
50 242 254 101 
225 94 49 226 
2 245 207 104 
34 65 69 111 
191 59 148 61 
169 151 87 238 
96 16 142 41 
244 255 172 38 
241 170 140 211 
8 189 181 10 
178 133 115 213 
198 184 68 133 
244 216 194 157 
111 25 140 207 
41 26 249 29 
25 165 68 10 
79 208 221 88 
141 147 98 64 
24 213 21 222 
142 89 99 130 
50 37 31 161 
62 171 113 104 
197 106 133 222 
15 201 233 94 
153 198 182 39 
89 25 103 113 
238 124 79 124 
213 178 254 7 
215 30 169 22 
201 26 126 143 
132 3 109 147 
205 86 241 102 
29 168 141 118 
193 244 232 175 
112 55 44 70 
234 42 77 193 
72 246 215 18 
16 85 161 148 
89 14 39 38 
101 25 140 130 
193 26 248 130 
14 224 49 127 
24 93 197 2 
136 18 195 208 
9 155 226 25 
240 131 174 73 
146 213 111 247 
238 252 121 175 
22 113 49 36 
82 99 163 106 
192 104 108 72 
123 47 25 132 
202 251 157 187 
127 75 4 17 
33 116 8 15 
112 129 191 134 
242 240 170 68 
83 78 174 20 
182 26 92 49 
74 117 181 20 
113 83 207 240 
158 212 1 191 
72 9 207 184 
138 142 62 124 
126 232 193 210 
54 111 230 237 
138 66 30 212 
184 212 232 41 
39 184 25 197 
140 26 133 212 
35 84 140 173 
226 202 41 96 
178 234 50 233 
90 24 214 228 
91 244 184 19 
200 160 60 239 
88 85 181 228 
111 58 184 146 
142 68 63 112 
14 104 208 193 
83 3 170 173 
27 128 145 118 
116 73 137 61 
233 197 44 66 
26 225 38 137 
27 223 27 169 
35 90 25 50 
195 234 243 22 
237 157 195 8 
29 84 127 145 
157 8 206 134 
206 251 200 232 
220 239 114 248 
206 141 161 241 
232 187 35 171 
165 22 193 146 
179 132 154 208 
216 25 98 117 
34 48 251 240 
43 196 216 8 
179 74 0 129 
216 161 114 192 
92 150 107 1 
172 44 147 96 
176 46 48 136 
71 146 253 105 
195 248 89 238 
188 50 246 111 
124 246 240 84 
152 99 20 244 
249 127 246 165 
171 137 5 91 
183 54 227 255 
200 224 104 139 
217 194 122 149 
244 112 5 112 
103 245 197 255 
88 217 243 81 
89 233 247 4 
115 252 96 42 
50 67 41 251 
36 146 134 253 
84 0 146 72 
113 151 184 216 
141 125 215 229 
87 202 55 176 
180 46 180 39 
42 20 81 93 
88 123 88 124 
13 222 121 97 
223 11 169 80 
163 97 40 48 
223 255 21 54 
201 76 230 125 
122 154 164 165 
175 246 2 7 
113 90 131 126 
56 252 223 23 
7 136 103 170 
233 143 218 200 
142 240 254 88 
60 228 213 183 
127 122 92 46 
112 94 53 225 
184 184 95 240 
180 62 8 187 
198 111 102 175 
255 64 120 141 
48 118 229 109 
91 187 36 218 
53 128 8 165 
222 61 134 150 
245 229 134 169 
35 142 100 233 
254 202 152 253 
11 16 138 59 
135 112 168 226 
43 204 188 96 
76 196 5 42 
1 139 192 246 
112 71 159 147 
213 3 124 211 
206 20 208 217 
37 91 20 172 
203 189 142 246 
137 74 86 214 
14 91 0 15 
230 193 5 86 
8 164 233 221 
167 101 177 117 
121 129 78 158 
220 99 74 167 
32 216 157 169 
34 243 127 48 
78 128 63 52 
65 68 138 73 
232 115 38 144 
216 215 5 82 
89 84 240 53 
183 59 221 215 
19 122 128 54 
110 0 102 188 
128 166 241 193 
234 123 10 211 
239 48 99 199 
8 104 25 97 
188 10 150 115 
69 115 74 88 
238 203 142 92 
203 245 24 75 
155 9 12 133 
133 22 88 116 
70 187 59 78 
36 85 175 224 
95 70 84 164 
185 158 252 167 
105 139 3 52 
128 28 127 27 
37 139 160 170 
161 249 30 232 
180 90 54 216 
175 230 185 14 
44 13 178 229 
171 174 141 21 
57 144 73 185 
172 201 212 210 
84 117 124 246 
110 155 222 34 
245 20 251 164 
250 180 178 38 
193 100 12 108 
18 153 129 76 
41 203 5 214 
148 218 168 232 
79 36 222 189 
191 188 223 180 
209 218 88 203 
142 10 242 79 
110 254 188 129 
151 61 205 192 
8 210 150 156 
172 62 133 251 
99 99 184 34 
32 152 215 241 
114 47 188 1 
58 174 80 168 
172 12 41 67 
74 246 4 82 
201 154 239 117 
217 116 113 60 
215 41 94 247 
193 53 232 52 
101 165 53 159 
83 133 71 0 
146 113 67 220 
103 71 46 48 
226 29 166 187 
145 23 247 105 
64 85 96 2 
139 73 54 240 
238 107 143 65 
240 214 65 130 
71 133 94 175 
204 141 223 174 
170 133 105 60 
156 96 165 221 
182 5 223 65 
78 21 49 60 
128 192 126 112 
150 191 243 222 
68 81 141 17 
222 108 191 137 
242 41 197 142 
137 106 107 63 
111 74 128 190 
95 177 250 223 
113 120 80 8 
56 67 230 124 
148 115 141 115 
223 77 252 209 
118 193 96 255 
43 203 63 154 
22 191 88 117 
113 83 85 226 
203 165 234 3 
232 208 128 124 
67 13 239 35 
90 235 244 208 
172 84 208 215 
32 15 114 54 
206 202 171 63 
29 0 34 233 
165 12 236 141 
221 108 10 32 
122 249 67 212 
229 56 165 145 
140 117 105 172 
132 219 226 82 
165 142 146 195 
142 180 172 52 
192 152 193 157 
5 203 190 127 
197 1 83 170 
57 248 59 198 
109 164 114 241 
127 85 68 37 
227 214 232 113 
138 148 165 74 
44 103 232 49 
50 166 176 247 
167 4 161 225 
252 221 167 106 
129 25 91 1 
110 159 38 81 
117 14 195 255 
162 104 74 206 
207 50 0 2 
216 176 249 127 
180 155 96 177 
120 7 27 249 
33 118 250 143 
22 32 225 139 
46 164 139 208 
12 213 159 220 
7 159 222 223 
79 215 94 4 
114 191 181 234 
198 208 228 231 
70 222 119 92 
255 88 232 45 
252 115 254 8 
72 157 228 79 
60 194 46 139 
154 140 143 12 
75 68 247 18 
20 219 249 91 
185 112 183 184 
200 159 230 196 
18 228 205 90 
129 177 169 189 
116 215 72 14 
100 216 26 175 
28 17 193 49 
236 187 140 166 
43 67 94 244 
227 68 184 245 
40 133 80 169 
55 249 102 171 
209 175 185 53 
135 211 228 163 
229 166 212 209 
97 96 119 140 
164 214 128 135 
26 57 124 67 
190 204 236 245 
198 83 160 151 
2 89 204 137 
45 176 44 18 
86 1 227 183 
97 91 68 5 
49 196 140 75 
253 9 142 188 
213 123 177 155 
206 82 50 208 
171 254 89 216 
175 133 234 5 
134 206 189 232 
41 1 237 90 
197 122 165 195 
131 52 127 88 
175 48 244 125 
130 38 77 46 
37 166 6 212 
43 241 217 178 
191 150 154 232 
151 135 66 93 
1 231 32 132 
27 159 221 202 
207 209 71 82 
247 148 128 28 
58 134 240 102 
119 202 24 54 
96 178 30 248 
57 96 85 59 
72 117 191 99 
20 156 46 227 
109 117 53 101 
10 181 129 68 
60 114 170 179 
60 194 234 156 
116 8 148 174 
105 233 233 177 
94 168 20 114 
69 66 86 178 
184 139 23 194 
65 153 6 125 
11 177 48 71 
115 26 227 232 
35 120 150 140 
97 127 61 192 
39 81 50 108 
148 136 31 76 
20 54 14 85 
207 20 210 218 
197 2 33 57 
29 5 33 64 
125 183 204 222 
54 9 158 93 
90 209 202 238 
89 233 58 109 
31 72 194 239 
93 148 201 34 
151 235 91 180 
240 124 244 109 
51 192 75 105 
201 234 199 35 
187 145 18 20 
122 76 130 153 
149 68 136 242 
217 82 20 112 
61 112 36 45 
236 24 154 32 
216 229 137 161 
207 80 196 138 
225 214 159 91 
35 33 245 184 
101 125 170 62 
207 190 174 12 
46 210 57 27 
234 211 59 194 
185 196 99 136 
21 40 19 246 
254 178 82 33 
211 71 217 56 
196 131 119 148 
66 37 160 112 
248 218 139 226 
173 198 165 102 
139 8 239 160 
48 2 150 47 
180 232 80 135 
47 42 191 244 
173 54 136 239 
92 40 96 84 
2 235 54 176 
178 219 22 61 
228 5 221 20 
7 115 67 187 
92 148 66 139 
190 2 127 107 
56 7 91 148 
48 187 232 50 
166 31 226 88 
250 249 149 222 
254 114 243 6 
230 54 193 66 
202 4 205 136 
6 77 244 62 
84 79 211 132 
10 187 183 176 
218 153 9 213 
146 158 179 145 
17 166 151 247 
221 88 57 167 
92 6 48 98 
83 36 161 168 
115 116 44 125 
47 227 45 10 
125 54 223 15 
213 146 160 230 
57 55 221 22 
144 22 189 236 
28 237 79 112 
17 240 24 132 
100 68 1 147 
40 47 157 165 
101 124 180 58 
15 85 32 72 
140 253 94 28 
19 27 9 48 
9 88 160 26 
72 184 159 172 
252 160 63 36 
207 221 201 53 
89 126 111 104 
211 144 176 95 
141 14 124 161 
42 133 209 51 
221 113 77 37 
41 236 209 37 
141 16 74 92 
237 19 145 71 
145 1 175 100 
145 96 196 30 
110 64 191 152 
197 144 203 162 
1 25 199 42 
5 152 80 146 
168 154 239 150 
173 128 221 63 
129 140 163 18 
236 103 49 91 
167 240 243 108 
129 191 14 130 
216 213 173 221 
109 253 112 22 
151 95 172 68 
223 137 131 97 
21 39 115 2 
142 164 93 54 
149 80 162 22 
15 177 152 231 
134 69 197 244 
66 53 10 217 
148 182 30 115 
63 161 212 84 
200 72 86 87 
236 179 141 129 
4 47 151 19 
224 48 251 103 
117 192 91 184 
245 101 145 137 
27 175 252 90 
81 209 174 25 
25 5 112 5 
184 253 135 188 
45 30 208 13 
78 203 116 196 
139 207 124 128 
52 13 9 79 
189 5 169 14 
214 88 39 239 
93 152 245 21 
149 124 210 194 
154 162 208 233 
109 68 173 248 
20 41 120 72 
54 129 152 243 
134 65 1 93 
153 41 76 246 
193 65 12 86 
189 222 25 88 
128 233 65 237 
45 238 229 65 
23 93 138 77 
222 34 65 100 
99 66 193 253 
107 14 243 44 
79 255 131 13 
221 156 101 93 
133 166 74 178 
148 47 244 171 
140 126 248 106 
160 57 207 3 
124 144 0 231 
158 244 20 238 
243 151 251 209 
51 96 46 184 
6 121 106 154 
168 94 69 53 
220 61 159 124 
119 110 128 243 
255 128 218 157 
116 238 139 104 
133 134 57 184 
230 103 112 236 
224 219 134 137 
57 203 190 22 
9 93 146 128 
204 18 115 203 
147 77 104 7 
60 244 111 193 
122 168 122 97 
16 234 77 240 
197 212 121 255 
159 55 21 168 
149 167 40 97 
186 155 44 77 
233 148 84 37 
136 196 230 3 
108 96 100 124 
75 177 109 16 
133 230 15 37 
30 36 205 179 
204 246 20 134 
145 64 211 122 
212 39 159 93 
235 134 96 88 
230 196 212 49 
117 65 66 251 
40 81 32 70 
118 237 249 66 
227 13 200 117 
77 155 239 33 
194 143 126 174 
21 222 6 251 
162 218 45 24 
28 111 19 68 
192 51 138 54 
32 131 120 4 
144 64 121 221 
219 104 254 158 
247 125 76 12 
91 82 8 254 
44 53 22 72 
164 41 140 100 
92 22 155 124 
153 19 128 41 
84 249 6 47 
98 5 205 89 
130 25 102 221 
107 110 219 152 
163 241 224 71 
26 109 171 118 
131 70 243 29 
90 115 70 174 
109 77 221 207 
82 171 40 212 
196 142 177 48 
252 141 200 159 
126 168 230 153 
21 146 15 153 
216 2 182 50 
118 252 224 227 
73 190 178 155 
105 218 111 45 
105 33 93 101 
174 37 5 44 
206 235 197 227 
125 213 124 86 
215 50 136 77 
47 105 48 120 
39 226 20 144 
189 131 189 38 
164 27 139 82 
64 144 127 14 
124 68 242 249 
25 110 79 241 
161 216 62 208 
65 111 72 104 
81 92 248 14 
224 181 52 132 
208 192 215 17 
80 86 31 204 
154 17 198 180 
128 21 165 33 
237 227 241 46 
82 57 150 164 
150 142 178 118 
68 231 250 20 
167 209 37 247 
39 69 196 194 
86 138 118 214 
159 27 247 141 
254 232 187 81 
34 82 245 184 
224 167 46 36 
142 40 57 53 
250 94 45 33 
163 241 227 250 
123 89 208 26 
116 200 167 115 
176 99 196 210 
181 185 138 149 
96 184 186 239 
225 243 36 219 
81 81 252 245 
66 224 239 189 
57 191 216 174 
135 127 33 56 
226 229 10 151 
158 149 45 254 
77 231 237 46 
218 18 9 43 
99 6 32 166 
230 15 99 31 
207 59 205 86 
187 238 142 157 
211 153 53 113 
46 98 112 123 
73 93 170 35 
111 179 78 211 
185 111 121 159 
126 220 191 77 
24 140 164 211 
123 50 112 78 
203 165 192 249 
7 48 117 80 
141 31 115 253 
210 194 208 140 
49 73 43 175 
37 234 253 61 
119 161 16 242 
211 129 64 159 
38 0 152 46 
48 13 126 190 
44 242 187 255 
180 139 139 229 
212 182 148 249 
161 145 55 24 
50 71 10 6 
200 74 165 239 
75 61 29 123 
75 155 57 119 
141 244 118 65 
127 1 38 83 
184 187 77 89 
76 132 113 127 
203 123 133 148 
197 42 131 16 
103 160 140 178 
59 197 42 201 
186 160 10 57 
162 49 141 90 
236 218 179 56 
94 36 183 41 
159 60 189 100 
102 64 117 206 
224 1 128 28 
198 170 229 128 
75 239 186 237 
32 71 71 12 
33 250 69 127 
30 252 168 189 
57 102 33 159 
166 150 109 135 
151 238 163 94 
152 136 222 227 
119 152 208 152 
223 23 164 0 
17 233 127 47 
230 40 236 31 
142 14 190 52 
164 44 187 60 
26 94 154 178 
230 120 150 94 
17 102 246 240 
126 154 241 143 
132 112 191 106 
152 171 137 38 
185 71 91 94 
115 22 154 141 
117 52 64 91 
172 214 185 189 
60 175 174 186 
74 159 74 206 
15 9 56 168 
180 193 206 110 
8 41 204 124 
64 102 9 181 
154 73 16 70 
31 202 4 92 
121 178 22 195 
81 96 145 96 
105 201 8 30 
138 215 140 147 
0 88 15 64 
190 24 245 88 
98 6 158 129 
208 162 221 73 
84 244 13 165 
84 158 6 190 
104 14 220 242 
229 104 133 230 
192 148 38 126 
173 28 214 15 
34 116 144 242 
23 110 59 107 
98 72 17 182 
231 23 116 79 
37 80 65 11 
184 199 241 120 
91 23 246 8 
51 204 23 85 
65 168 71 88 
22 131 195 120 
203 212 46 178 
235 163 1 17 
243 67 28 172 
10 13 36 101 
36 27 110 88 
231 133 173 40 
45 245 128 67 
120 68 187 67 
24 234 246 4 
141 247 21 128 
58 49 44 68 
62 81 170 98 
108 24 186 83 
157 104 124 203 
93 252 14 213 
64 202 24 89 
180 14 93 65 
6 114 193 64 
163 238 133 225 
63 47 67 171 
71 254 254 228 
102 122 175 195 
119 190 152 183 
136 176 16 60 
191 109 125 197 
223 62 5 130 
44 138 99 107 
185 167 22 0 
165 21 229 11 
143 148 206 6 
82 102 190 218 
22 206 22 213 
60 147 154 27 
210 160 158 254 
42 1 106 228 
168 128 228 77 
149 201 88 37 
94 38 43 176 
140 233 139 163 
184 161 120 244 
53 19 15 7 
179 173 5 221 
175 111 193 87 
240 166 165 133 
111 253 170 205 
36 214 126 176 
191 9 83 119 
170 204 107 223 
223 123 230 146 
40 236 111 215 
91 49 47 75 
215 212 209 70 
209 123 20 245 
81 146 166 17 
155 249 136 69 
197 244 37 164 
111 11 54 151 
247 166 111 83 
215 158 158 174 
114 111 244 67 
235 8 57 60 
154 223 77 53 
216 214 123 158 
202 160 66 57 
171 121 208 163 
31 63 246 246 
221 148 164 79 
4 152 147 239 
161 204 43 59 
171 121 113 131 
79 236 33 25 
140 100 82 55 
221 34 218 252 
98 208 242 63 
101 150 143 105 
46 34 88 207 
238 131 11 153 
252 124 28 75 
104 62 100 244 
162 182 43 127 
217 6 123 59 
214 109 122 59 
3 9 164 49 
43 252 1 25 
128 12 178 124 
136 207 200 240 
13 44 228 175 
227 15 46 188 
21 169 247 236 
22 113 39 25 
123 204 74 166 
200 75 192 72 
87 114 197 223 
65 141 207 78 
185 179 253 156 
195 43 88 216 
212 79 196 234 
193 236 3 60 
184 78 226 128 
153 162 201 241 
21 142 208 86 
27 160 165 212 
83 162 113 22 
206 201 239 162 
25 179 141 218 
159 144 22 87 
222 248 216 120 
155 161 105 176 
47 57 6 74 
217 171 30 45 
78 143 67 28 
89 50 190 114 
230 75 76 133 
220 98 221 186 
90 181 50 245 
86 155 165 133 
213 172 207 174 
87 237 219 165 
125 31 193 214 
81 128 72 55 
203 148 189 167 
246 154 98 80 
79 148 70 165 
48 235 42 5 
151 249 179 239 
230 143 148 99 
174 86 57 255 
214 129 55 161 
21 244 73 11 
142 171 92 221 
63 162 130 111 
141 172 116 37 
165 40 20 139 
183 168 239 101 
254 40 100 212 
170 155 118 191 
143 191 203 29 
106 39 250 169 
201 124 25 86 
40 141 123 205 
181 143 89 108 
56 72 209 54 
112 54 11 26 
209 129 218 97 
64 165 126 170 
204 121 83 149 
245 108 235 30 
250 103 235 175 
246 68 28 46 
140 237 101 253 
35 112 23 245 
241 241 86 49 
150 212 219 98 
77 46 247 67 
155 227 97 149 
74 76 68 64 
145 96 111 29 
78 212 26 113 
68 50 102 53 
35 188 102 186 
145 65 28 222 
111 20 33 10 
247 130 159 65 
207 228 129 96 
68 240 125 146 
196 152 4 8 
202 106 61 237 
39 163 167 184 
228 196 150 84 
216 184 94 207 
58 254 16 9 
226 145 105 38 
130 231 185 70 
127 189 79 73 
39 140 54 78 
48 222 6 20 
162 157 104 122 
85 199 73 143 
197 89 153 167 
234 2 205 108 
233 134 179 104 
67 2 177 107 
142 232 185 190 
198 192 211 104 
93 59 226 178 
2 43 65 199 
132 218 110 110 
221 60 219 198 
194 142 47 6 
144 224 113 30 
200 42 221 142 
234 176 246 71 
235 216 249 238 
3 59 181 135 
21 36 246 242 
96 209 185 34 
95 232 40 239 
200 153 13 145 
196 234 31 174 
154 22 246 134 
238 239 116 242 
42 41 121 64 
77 111 50 173 
64 235 208 159 
211 248 142 156 
146 156 45 86 
134 76 4 33 
98 250 167 81 
234 27 67 20 
68 188 84 146 
44 135 63 108 
114 15 12 70 
8 154 226 154 
54 15 240 189 
91 244 222 190 
239 133 15 217 
160 82 237 228 
14 66 118 58 
201 182 167 59 
197 179 129 205 
77 99 103 132 
114 87 65 206 
76 31 140 59 
164 155 20 68 
237 1 40 251 
67 159 54 12 
85 221 72 26 
144 201 232 221 
45 79 97 159 
167 162 109 243 
193 249 46 101 
148 66 169 129 
67 210 125 135 
113 179 147 198 
144 219 224 32 
165 200 253 210 
24 95 113 191 
1 223 178 195 
216 224 40 109 
34 210 238 101 
164 107 236 21 
30 128 219 174 
91 187 206 0 
132 204 210 156 
43 68 91 44 
35 13 239 251 
237 24 104 15 
234 87 116 142 
194 97 163 225 
225 126 143 60 
57 94 61 189 
42 15 89 85 
83 180 129 118 
193 113 114 174 
137 218 189 115 
49 50 1 244 
147 164 213 116 
34 100 176 91 
194 237 25 236 
253 114 65 80 
39 195 199 232 
52 57 151 189 
19 84 48 69 
134 49 57 25 
213 14 141 247 
114 62 82 53 
43 107 33 40 
222 99 121 5 
38 64 237 90 
121 132 23 140 
217 71 209 95 
120 10 121 77 
24 6 68 139 
68 150 192 112 
2 225 152 224 
68 17 229 106 
81 210 196 202 
87 219 87 48 
34 40 143 154 
51 8 231 75 
15 43 214 83 
194 150 195 196 
120 92 164 188 
109 137 39 191 
91 235 137 178 
199 224 226 233 
9 114 132 60 
122 107 135 137 
151 94 221 89 
244 160 29 108 
252 193 41 106 
74 80 41 165 
59 178 88 2 
147 58 236 156 
172 112 216 39 
219 95 176 114 
189 141 203 178 
46 232 30 42 
169 71 148 243 
151 189 153 211 
112 241 213 3 
43 193 159 216 
49 119 255 13 
214 175 127 148 
61 75 70 107 
51 100 149 221 
172 42 208 67 
231 105 22 87 
90 236 90 134 
173 249 94 223 
112 93 236 71 
12 107 219 73 
182 33 180 234 
133 74 199 49 
116 151 117 91 
1 139 179 91 
119 13 225 37 
7 63 4 119 
156 240 190 169 
91 153 242 18 
186 167 252 64 
241 195 113 101 
90 230 192 91 
114 115 183 233 
129 152 14 136 
216 18 255 116 
2 190 29 94 
87 16 112 18 
183 108 82 168 
47 195 13 137 
170 205 229 28 
65 156 5 194 
52 20 74 12 
38 73 129 41 
7 158 135 95 
174 247 113 101 
99 195 13 146 
134 26 27 48 
232 0 76 41 
156 82 235 209 
102 53 221 140 
126 94 181 134 
253 60 229 171 
51 86 17 150 
25 30 40 159 
57 68 208 33 
68 28 74 225 
110 53 178 212 
106 143 97 232 
238 22 110 235 
83 83 150 134 
169 167 29 194 
198 69 98 255 
137 50 32 206 
78 106 175 189 
159 97 145 9 
240 242 241 222 
9 96 201 92 
179 96 226 93 
7 255 31 205 
69 129 204 206 
179 236 156 2 
86 75 191 245 
172 80 254 157 
67 240 123 76 
80 69 168 3 
165 138 96 172 
138 128 122 207 
1 70 157 181 
51 58 183 137 
133 118 127 50 
198 125 207 9 
109 74 85 189 
143 253 193 52 
136 33 225 18 
161 91 225 163 
161 126 88 212 
184 15 94 62 
133 221 112 75 
90 63 85 200 
137 170 133 25 
168 70 77 48 
104 46 66 9 
137 35 172 43 
161 4 255 90 
19 93 152 152 
58 8 228 149 
71 57 93 208 
227 226 233 139 
41 55 187 145 
101 253 154 239 
32 71 26 194 
75 25 28 95 
119 180 247 177 
188 219 70 3 
20 163 211 248 
134 189 131 175 
244 63 64 89 
60 218 72 93 
33 98 31 109 
124 59 204 243 
239 195 164 171 
159 235 174 179 
142 129 171 20 
62 47 195 50 
110 3 140 170 
222 212 7 255 
55 38 108 179 
97 56 166 80 
252 74 251 155 
53 169 78 196 
43 250 216 105 
41 156 156 151 
159 40 65 125 
252 73 125 51 
111 233 230 209 
34 140 33 30 
215 29 185 12 
198 7 208 241 
1 169 91 42 
69 247 193 228 
31 3 98 27 
76 223 79 187 
200 53 140 234 
194 174 8 153 
203 193 165 145 
201 118 131 202 
31 222 245 100 
213 182 72 244 
185 170 15 5 
137 94 193 82 
148 77 60 86 
251 69 239 198 
6 148 88 207 
10 219 154 41 
185 143 141 142 
69 214 130 255 
128 145 4 10 
240 197 92 132 
19 152 218 14 
221 201 213 228 
93 45 179 104 
8 77 145 193 
220 31 79 34 
245 209 33 117 
98 37 127 82 
235 219 214 254 
116 176 12 81 
121 225 53 215 
14 233 63 22 
54 208 215 19 
239 38 53 228 
247 86 90 90 
123 217 172 102 
181 131 100 41 
51 113 122 173 
82 176 132 97 
153 195 119 207 
147 79 226 131 
117 23 103 109 
109 193 199 233 
155 115 79 80 
246 180 121 42 
37 243 215 119 
163 91 216 60 
30 80 12 177 
159 238 52 20 
6 156 129 115 
93 72 92 248 
188 172 72 178 
96 193 220 133 
181 179 252 88 
14 213 149 44 
37 161 222 196 
143 18 216 149 
174 90 9 12 
162 101 4 94 
17 77 17 113 
14 237 246 195 
161 243 28 175 
200 177 220 237 
82 186 177 225 
204 137 119 123 
227 128 135 134 
229 139 228 247 
216 245 104 231 
227 95 170 132 
82 198 51 26 
119 15 7 201 
201 184 171 150 
65 34 17 37 
162 152 171 135 
35 143 126 252 
133 231 227 104 
70 141 236 152 
84 31 178 203 
47 185 149 248 
113 64 142 178 
98 159 215 4 
55 130 139 91 
18 10 87 151 
241 58 255 55 
199 235 207 27 
10 129 231 57 
58 124 50 171 
188 192 93 30 
96 53 34 151 
183 173 242 201 
183 73 96 168 
131 95 223 75 
74 174 102 85 
47 77 142 105 
201 192 20 133 
129 114 163 225 
167 197 120 94 
115 107 40 42 
180 136 211 56 
232 178 131 50 
97 233 135 144 
55 22 250 0 
214 14 134 87 
128 41 56 39 
239 177 134 98 
28 174 140 208 
54 95 8 30 
18 139 81 115 
117 216 3 172 
238 253 172 197 
12 50 28 140 
92 85 180 75 
6 58 173 34 
232 57 242 30 
153 251 61 171 
134 142 30 251 
102 33 167 85 
31 84 26 43 
134 54 183 226 
139 107 45 145 
165 218 179 141 
20 166 172 173 
161 233 88 39 
119 118 35 221 
151 202 50 182 
30 76 225 165 
131 153 135 14 
4 181 160 170 
143 83 55 163 
249 227 80 154 
204 168 194 67 
30 229 33 182 
175 83 108 206 
160 78 115 35 
231 250 49 235 
175 209 149 63 
37 205 226 30 
176 51 185 125 
219 123 192 250 
96 225 176 15 
53 28 221 213 
106 80 248 81 
75 41 61 250 
251 210 57 32 
159 28 62 80 
79 247 205 42 
114 141 36 210 
111 212 226 164 
241 191 121 91 
16 113 173 91 
154 234 85 149 
188 143 181 92 
171 244 172 250 
235 121 36 94 
6 73 48 117 
29 18 25 14 
210 146 106 226 
3 23 61 158 
1 146 51 189 
33 233 25 204 
221 197 198 200 
62 235 38 69 
52 87 186 81 
105 212 96 59 
102 202 29 106 
225 90 8 226 
237 59 159 14 
36 185 219 1 
126 161 202 189 
140 240 2 192 
71 188 18 177 
144 114 236 247 
60 10 97 29 
100 105 255 81 
164 158 96 201 
87 59 202 214 
220 148 147 105 
133 149 41 204 
81 59 125 226 
173 106 217 233 
116 58 6 216 
163 5 42 71 
164 138 16 251 
197 219 209 161 
111 100 10 244 
249 52 193 75 
111 62 45 29 
168 6 6 28 
64 13 245 227 
18 31 42 182 
169 59 178 110 
22 131 15 133 
232 26 122 225 
78 59 44 189 
121 89 218 34 
95 225 62 159 
238 51 130 0 
82 173 183 251 
232 105 105 254 
236 121 131 212 
147 253 182 225 
56 226 158 178 
60 121 212 155 
90 18 59 72 
70 189 72 152 
106 255 148 82 
104 253 80 85 
118 212 41 9 
209 223 234 10 
194 137 188 254 
2 144 153 92 
162 212 164 232 
146 236 129 252 
236 21 79 84 
18 159 169 137 
115 211 146 69 
178 125 79 116 
6 11 114 8 
155 12 100 61 
224 8 38 114 
244 167 111 224 
188 190 53 206 
93 222 87 209 
177 234 22 100 
103 101 216 109 
112 75 117 11 
87 217 72 55 
225 110 170 213 
21 25 182 209 
215 235 160 52 
201 247 5 123 
225 27 223 72 
128 183 181 240 
2 42 251 89 
3 68 145 228 
178 59 186 200 
84 112 153 43 
91 57 95 36 
49 101 159 18 
128 126 91 1 
54 16 241 56 
59 237 146 62 
49 35 35 227 
94 221 171 178 
77 69 221 168 
126 60 204 175 
161 108 194 34 
234 29 35 32 
45 20 89 104 
1 235 167 50 
14 202 22 108 
167 193 30 244 
6 251 156 133 
55 104 52 217 
212 246 251 191 
19 30 223 65 
50 56 169 52 
35 80 102 49 
26 124 157 193 
62 187 181 68 
182 81 201 238 
186 254 199 142 
244 194 77 8 
224 45 73 18 
101 242 70 137 
67 173 186 93 
41 88 31 103 
19 212 172 202 
38 117 184 224 
115 127 110 104 
65 188 112 33 
233 185 51 78 
171 122 215 238 
39 146 76 80 
234 107 184 253 
63 100 199 101 
217 127 69 77 
254 180 181 63 
112 37 96 89 
222 148 167 137 
14 127 120 53 
17 196 133 251 
47 61 248 110 
161 192 212 123 
63 25 200 62 
205 125 125 61 
162 222 150 128 
114 62 9 128 
189 129 181 206 
69 58 201 116 
120 193 227 25 
129 183 148 193 
208 92 255 158 
217 124 219 123 
90 114 251 204 
176 5 76 109 
134 1 59 204 
60 4 64 180 
197 35 205 71 
218 98 8 171 
190 7 73 152 
131 36 19 222 
150 15 170 70 
20 247 179 154 
248 238 102 52 
242 167 232 184 
202 182 255 165 
24 7 80 214 
14 153 110 145 
189 130 111 84 
145 26 154 165 
17 78 63 9 
60 166 62 47 
77 38 231 23 
220 230 188 244 
237 12 203 251 
165 57 140 99 
187 252 183 76 
22 81 241 39 
159 49 48 220 
215 110 11 36 
149 242 59 113 
216 248 102 197 
4 49 192 170 
106 76 13 38 
72 196 114 94 
21 100 133 181 
149 182 145 108 
36 156 144 185 
142 203 43 102 
195 145 43 200 
194 235 114 44 
55 127 82 128 
67 197 222 88 
41 100 13 190 
26 158 42 62 
58 186 248 200 
133 35 46 73 
180 89 17 118 
68 131 162 124 
2 245 252 69 
186 218 157 227 
62 171 161 88 
73 203 151 132 
133 143 76 10 
178 123 83 102 
212 100 220 25 
231 126 149 233 
115 145 46 45 
107 204 16 170 
119 177 2 192 
124 153 68 1 
40 145 12 218 
12 95 64 224 
196 28 249 171 
155 142 149 14 
31 195 60 139 
143 76 53 6 
254 55 199 122 
209 11 124 249 
156 136 212 168 
231 20 137 171 
49 130 87 204 
17 236 218 48 
175 22 187 63 
99 240 69 97 
40 12 219 249 
24 87 242 180 
223 198 93 199 
219 230 114 12 
104 201 216 121 
181 178 170 101 
201 101 164 44 
86 233 141 126 
246 104 119 14 
192 105 194 159 
48 31 102 11 
5 217 23 110 
162 239 231 88 
161 145 189 106 
247 97 150 77 
74 35 203 64 
140 66 78 76 
171 17 235 219 
48 82 230 54 
43 253 164 205 
236 139 37 142 
29 226 248 20 
67 143 97 142 
178 44 206 62 
110 29 138 25 
46 118 245 94 
200 219 148 243 
217 56 192 197 
196 230 83 225 
200 76 245 12 
219 86 154 141 
130 104 204 240 
133 86 9 179 
204 254 18 148 
218 166 135 179 
223 72 120 163 
46 204 132 246 
24 121 2 243 
207 156 128 81 
5 76 65 138 
163 74 62 111 
73 80 4 35 
246 139 214 213 
211 78 120 1 
26 252 248 50 
117 250 37 68 
151 166 149 156 
242 214 38 149 
33 100 5 106 
180 9 141 171 
148 99 128 104 
177 249 105 204 
245 97 254 107 
92 36 175 243 
202 69 143 188 
27 181 82 60 
26 87 166 206 
96 51 121 244 
150 250 92 72 
243 198 20 232 
39 18 83 131 
54 3 118 0 
72 5 189 99 
187 15 160 213 
102 70 163 198 
122 29 186 16 
23 23 88 10 
221 108 242 4 
127 70 136 181 
73 254 182 145 
4 115 244 191 
130 148 148 232 
219 55 174 85 
84 104 101 107 
127 190 117 92 
42 104 97 169 
174 233 95 247 
231 21 136 235 
136 124 170 10 
17 62 242 236 
118 160 65 202 
8 166 54 136 
100 171 228 143 
19 69 56 193 
46 151 184 22 
172 64 1 52 
189 172 62 206 
234 48 186 96 
208 251 43 217 
161 97 97 6 
12 69 149 32 
139 205 225 185 
101 154 207 17 
218 209 70 151 
125 132 101 103 
181 31 200 133 
26 243 94 188 
84 191 194 96 
5 87 128 144 
36 98 73 137 
252 25 155 214 
234 225 110 103 
101 211 206 26 
243 150 160 13 
137 254 201 221 
190 139 62 195 
226 190 83 7 
32 156 144 28 
181 43 243 159 
12 97 6 114 
52 213 140 39 
107 44 53 245 
43 254 210 233 
138 16 172 108 
207 255 115 239 
155 4 12 81 
47 255 240 60 
96 247 174 148 
204 58 188 55 
103 241 44 146 
239 255 123 121 
15 39 230 222 
38 89 206 193 
93 218 18 141 
217 3 201 57 
250 119 205 198 
177 137 253 24 
122 42 170 106 
41 37 227 56 
76 201 23 114 
35 229 52 128 
191 70 13 152 
73 214 209 67 
77 158 9 255 
40 7 23 162 
49 194 12 90 
231 240 146 52 
185 169 166 220 
142 218 93 77 
33 106 229 106 
65 182 174 142 
85 183 141 125 
190 165 31 239 
103 44 73 78 
28 220 130 213 
133 41 178 20 
3 15 97 36 
121 71 143 186 
253 61 73 82 
244 214 207 179 
123 239 162 226 
27 236 49 55 
200 179 12 77 
220 190 97 224 
205 195 4 71 
10 147 1 7 
208 74 90 197 
33 41 120 156 
24 26 127 51 
6 176 106 206 
99 119 28 64 
53 125 32 3 
64 36 74 74 
184 75 82 136 
150 172 77 183 
213 197 83 238 
224 210 33 230 
130 140 181 230 
3 209 38 56 
78 70 59 143 
106 133 217 34 
209 43 171 103 
215 248 30 173 
190 113 155 158 
68 188 132 198 
72 57 172 75 
10 210 132 89 
24 191 232 131 
69 193 165 22 
237 80 125 196 
73 155 113 7 
12 12 165 80 
201 41 23 17 
99 195 93 109 
150 225 198 174 
160 174 49 229 
112 215 251 93 
39 120 33 112 
19 147 119 32 
159 28 112 104 
70 135 122 169 
75 215 22 225 
184 221 143 88 
139 193 62 251 
152 57 88 191 
178 122 48 197 
13 167 229 172 
196 86 21 10 
221 143 179 40 
102 201 9 30 
166 153 118 50 
90 180 45 242 
238 134 177 160 
0 225 101 13 
137 75 185 77 
161 206 87 126 
93 10 167 195 
211 176 225 122 
73 88 172 163 
12 217 149 250 
95 71 154 95 
40 0 108 177 
75 38 254 236 
244 85 106 82 
95 17 21 51 
194 247 173 11 
79 89 175 91 
50 68 86 146 
139 240 241 180 
240 94 101 59 
132 100 39 120 
185 146 202 25 
163 224 76 101 
215 249 113 38 
82 32 129 132 
100 215 22 240 
200 8 164 184 
102 9 244 234 
109 27 98 39 
173 45 64 81 
13 140 182 228 
133 39 10 215 
71 139 91 172 
99 114 156 43 
122 64 227 224 
73 215 202 183 
243 44 222 160 
89 30 241 102 
170 168 74 47 
207 84 6 23 
224 97 195 67 
211 95 110 77 
159 81 45 232 
41 247 159 28 
36 125 188 125 
155 174 228 69 
86 46 116 37 
131 122 60 99 
220 255 166 175 
94 20 253 253 
101 42 230 142 
34 133 170 70 
3 103 195 158 
21 167 228 107 
214 88 144 89 
211 205 188 175 
204 98 94 43 
118 91 40 219 
134 14 106 168 
148 20 238 151 
123 177 53 144 
89 25 251 47 
114 140 136 69 
89 68 244 37 
166 82 80 28 
174 121 247 52 
135 97 220 27 
118 202 178 241 
123 232 130 212 
1 125 3 115 
9 139 184 98 
207 172 136 117 
255 216 145 173 
81 137 225 217 
234 189 244 96 
135 167 82 2 
143 212 215 144 
81 218 4 91 
102 188 189 53 
105 69 171 104 
30 60 21 111 
197 246 72 176 
179 61 16 58 
228 98 60 115 
54 19 3 136 
238 7 227 84 
196 160 137 45 
230 52 149 4 
113 170 115 54 
160 188 230 83 
249 247 141 221 
89 201 80 144 
221 83 24 203 
91 251 31 31 
155 168 76 129 
221 225 133 78 
139 249 132 43 
181 107 126 174 
98 11 139 187 
212 219 75 177 
46 99 124 137 
94 155 168 250 
68 244 123 33 
213 1 111 96 
250 243 139 175 
94 9 93 192 
20 232 124 233 
195 199 154 241 
43 23 123 137 
178 35 131 246 
24 255 23 237 
0 134 78 250 
122 217 169 216 
227 6 153 247 
238 21 224 177 
220 123 162 7 
146 29 145 68 
65 20 59 89 
19 82 70 19 
217 148 13 83 
110 182 43 81 
188 196 72 170 
217 41 91 182 
164 254 189 54 
27 78 122 92 
99 181 181 118 
8 252 138 225 
144 151 52 254 
78 95 79 10 
36 152 181 253 
193 16 179 101 
14 113 155 42 
191 21 134 34 
203 60 153 211 
56 35 180 200 
186 232 199 8 
71 22 19 107 
174 200 105 111 
216 28 212 231 
141 111 17 77 
133 151 111 80 
211 8 35 11 
43 215 212 230 
191 155 238 6 
177 1 114 96 
201 219 207 162 
247 164 137 133 
19 154 210 152 
49 65 232 5 
74 11 16 117 
226 228 91 161 
127 74 168 49 
75 26 145 21 
245 96 183 236 
4 64 113 24 
218 67 176 11 
133 153 16 207 
164 33 68 135 
5 160 40 133 
234 208 182 53 
234 71 74 223 
167 1 204 172 
65 61 196 27 
129 116 39 6 
13 55 213 178 
88 25 57 94 
185 97 227 163 
50 153 217 28 
224 35 252 135 
37 200 51 102 
5 247 130 134 
108 169 140 121 
224 97 43 57 
123 100 151 52 
198 122 216 248 
19 177 20 243 
212 16 122 249 
216 174 96 222 
165 226 100 17 
139 241 139 107 
82 182 164 205 
27 59 2 225 
181 218 217 200 
139 237 187 95 
254 54 89 214 
228 185 180 137 
155 25 155 38 
10 38 145 92 
220 54 42 247 
113 44 216 39 
6 177 239 145 
159 171 240 157 
225 73 115 197 
2 40 78 157 
65 233 195 75 
15 85 167 236 
139 209 227 252 
253 188 35 3 
109 19 148 12 
190 133 169 159 
206 29 100 209 
69 178 110 134 
156 50 209 171 
135 120 151 18 
74 123 14 71 
55 50 75 164 
69 223 177 3 
100 90 162 51 
119 6 4 188 
184 114 66 84 
164 19 0 43 
140 151 61 214 
18 76 29 73 
126 104 238 195 
72 159 198 172 
249 104 223 113 
110 227 45 38 
86 112 123 250 
131 123 38 15 
18 99 229 37 
175 3 110 45 
107 92 240 179 
251 182 96 245 
30 63 102 140 
35 147 179 121 
3 46 115 135 
169 153 150 187 
253 124 224 172 
127 79 218 234 
171 202 158 167 
129 254 156 159 
61 2 44 96 
149 223 217 153 
13 77 32 182 
230 182 113 227 
50 82 144 177 
161 106 156 76 
52 58 243 181 
56 143 85 117 
145 129 214 39 
96 175 192 109 
252 224 35 227 
150 148 198 201 
230 86 122 135 
192 22 212 245 
80 199 170 136 
87 255 254 232 
128 212 15 224 
131 207 77 128 
175 112 99 70 
5 41 15 235 
128 137 115 64 
160 71 53 240 
14 224 121 101 
223 119 78 96 
75 93 64 206 
45 142 78 220 
254 177 34 3 
219 49 239 91 
187 98 155 91 
169 209 75 183 
177 196 29 144 
59 107 240 134 
200 49 85 245 
191 163 210 189 
85 244 193 48 
38 176 139 225 
18 38 60 187 
247 135 114 168 
76 143 57 135 
250 41 14 195 
90 99 184 25 
6 138 215 91 
127 152 139 165 
72 22 134 90 
61 194 21 52 
73 135 221 149 
23 22 29 17 
63 43 212 154 
142 141 179 148 
23 138 240 150 
34 123 59 106 
146 193 196 207 
131 217 3 205 
97 224 98 120 
246 127 137 54 
170 94 208 56 
235 131 205 2 
14 189 153 48 
56 212 155 202 
150 95 153 25 
57 157 230 154 
125 73 18 116 
200 155 170 115 
249 122 171 228 
253 120 231 11 
53 128 60 110 
84 215 56 234 
54 210 4 111 
111 234 9 236 
51 27 96 252 
183 10 111 176 
132 26 149 130 
147 124 141 200 
252 201 54 80 
160 111 59 215 
65 63 70 176 
41 80 156 93 
107 253 89 34 
7 200 211 140 
226 104 14 117 
228 155 62 224 
101 116 48 5 
227 107 220 36 
170 35 212 212 
115 113 49 222 
110 138 1 117 
82 212 1 52 
60 15 170 32 
171 232 0 16 
92 48 21 64 
156 242 100 70 
21 57 26 136 
170 75 102 24 
213 103 141 39 
59 143 92 119 
158 6 151 73 
238 151 89 74 
200 111 138 100 
97 239 170 118 
40 197 254 210 
16 100 234 230 
204 119 13 7 
6 105 127 165 
111 22 238 93 
174 72 168 118 
183 50 218 24 
33 132 142 73 
73 140 27 90 
240 5 64 188 
125 77 196 131 
183 67 40 38 
89 23 132 7 
95 44 125 22 
94 87 46 128 
220 188 201 37 
72 229 127 56 
234 191 245 103 
13 185 235 196 
252 19 234 85 
42 110 93 137 
154 218 159 249 
50 205 121 14 
137 66 51 209 
39 179 10 18 
114 255 121 127 
184 100 67 180 
120 46 9 162 
156 102 44 55 
65 203 48 115 
153 169 129 34 
235 180 244 19 
103 254 37 218 
253 158 89 181 
3 157 105 123 
203 114 29 103 
217 73 158 26 
21 206 141 174 
119 14 208 99 
194 196 118 42 
194 155 4 191 
57 93 116 60 
250 221 183 197 
80 213 45 41 
30 203 67 51 
154 208 225 17 
222 178 116 160 
118 234 202 57 
133 206 248 191 
44 109 251 38 
74 179 236 154 
136 25 195 166 
228 6 218 126 
214 187 144 180 
109 4 85 228 
239 31 29 116 
238 21 51 26 
130 47 64 205 
226 44 103 106 
69 43 16 42 
49 234 168 8 
166 56 188 19 
61 17 247 44 
49 20 160 31 
42 212 57 172 
3 121 121 229 
166 225 79 235 
12 95 21 61 
74 190 69 240 
246 2 3 51 
19 251 95 68 
15 0 99 57 
212 156 230 215 
22 95 188 188 
64 11 167 76 
106 189 138 180 
123 207 164 113 
209 168 165 229 
163 4 41 178 
4 141 236 216 
41 210 175 63 
49 107 251 114 
118 163 190 225 
96 72 149 219 
24 58 76 233 
226 241 206 133 
246 248 55 250 
133 35 211 174 
245 130 238 39 
238 233 153 100 
140 87 69 236 
160 219 199 184 
21 20 161 247 
5 112 124 251 
104 179 246 237 
215 201 155 204 
75 137 243 57 
115 140 158 255 
228 227 236 132 
190 179 60 211 
199 221 202 205 
77 70 200 181 
250 190 162 209 
135 62 157 211 
199 145 12 58 
29 170 58 1 
142 38 133 76 
217 193 32 161 
159 234 110 236 
49 54 162 43 
245 68 252 124 
130 153 79 74 
42 92 132 72 
6 190 73 148 
228 207 225 190 
144 1 95 47 
235 205 28 28 
3 190 71 248 
2 67 117 133 
221 196 207 7 
32 83 79 39 
18 153 187 246 
104 156 180 248 
157 19 40 137 
224 68 165 228 
2 237 220 4 
48 81 137 13 
22 88 21 54 
172 100 93 190 
253 25 180 101 
181 105 94 83 
124 134 220 93 
202 129 65 204 
110 29 208 159 
111 90 172 133 
178 193 187 94 
38 25 28 35 
50 209 137 231 
58 231 58 182 
109 22 19 55 
152 84 3 6 
114 211 165 225 
45 82 102 224 
19 33 62 57 
58 91 93 108 
44 230 84 102 
205 142 28 58 
165 48 113 61 
132 116 67 246 
71 233 215 117 
59 61 85 78 
95 147 136 153 
238 229 6 26 
203 90 128 152 
232 157 210 141 
205 67 202 81 
183 14 72 254 
247 31 115 50 
93 200 128 188 
92 8 85 74 
237 91 101 184 
181 229 80 158 
130 34 43 79 
101 246 161 28 
4 233 27 251 
8 142 45 101 
87 173 33 179 
182 119 253 163 
210 98 92 136 
72 172 38 202 
207 81 26 52 
71 187 81 75 
164 108 70 172 
250 115 18 81 
33 51 4 215 
170 2 122 125 
100 214 5 172 
131 43 119 82 
124 145 134 196 
76 215 15 240 
67 86 156 62 
201 174 143 234 
226 148 193 140 
150 60 9 250 
18 14 167 149 
57 30 231 182 
175 110 122 251 
69 137 235 137 
223 135 199 169 
54 86 147 24 
234 85 164 128 
145 174 123 163 
188 34 57 246 
64 32 172 239 
142 38 234 212 
175 213 93 143 
92 36 56 146 
122 203 170 101 
32 79 229 177 
253 96 85 185 
130 142 175 194 
174 91 177 61 
129 155 17 49 
112 110 192 205 
146 248 95 12 
195 10 113 228 
89 87 149 86 
183 234 15 58 
120 191 252 39 
26 174 100 156 
73 117 205 186 
227 141 135 117 
133 230 129 72 
240 243 44 73 
74 194 159 1 
172 175 59 37 
110 56 76 136 
230 176 36 47 
37 241 233 8 
126 112 125 3 
87 254 76 71 
241 120 145 59 
58 48 61 231 
223 120 12 77 
176 88 214 150 
8 250 198 45 
236 175 53 106 
32 178 110 119 
176 186 190 162 
50 79 221 109 
128 26 84 95 
147 96 173 67 
184 131 218 192 
125 160 237 105 
79 34 212 111 
212 66 230 132 
252 165 38 46 
244 4 155 116 
30 239 212 177 
79 129 245 7 
4 207 199 129 
111 180 235 190 
214 191 46 170 
1 20 47 253 
185 85 43 174 
89 199 34 120 
182 246 41 6 
119 30 13 123 
237 213 253 92 
137 232 27 96 
167 73 10 168 
93 57 165 23 
143 208 197 232 
151 231 96 78 
222 138 84 85 
168 97 209 150 
54 206 242 192 
182 13 32 93 
86 42 5 180 
100 170 203 243 
122 144 219 18 
119 60 96 85 
198 180 171 110 
21 124 4 76 
74 247 12 0 
4 44 93 91 
86 98 15 186 
12 218 173 134 
106 137 152 225 
197 248 55 139 
172 226 249 194 
94 254 14 168 
245 26 168 249 
70 5 84 156 
103 99 87 115 
61 4 249 167 
141 146 137 82 
138 192 221 55 
162 215 249 0 
213 7 168 202 
33 80 195 103 
85 24 3 188 
123 90 47 185 
95 40 96 236 
186 233 63 69 
169 28 124 75 
243 117 75 200 
124 243 146 157 
67 86 4 152 
110 7 84 233 
98 131 162 193 
172 3 173 102 
236 236 171 150 
9 39 225 252 
156 45 197 24 
32 87 181 100 
173 185 252 27 
193 81 5 35 
212 167 228 128 
170 145 231 151 
126 146 45 135 
186 14 131 86 
59 72 111 92 
160 36 192 77 
222 188 105 159 
13 110 194 226 
21 166 98 192 
55 73 87 181 
220 132 60 150 
146 192 236 206 
8 91 42 168 
128 234 246 94 
166 95 253 180 
205 191 150 226 
101 248 162 156 
66 249 82 30 
125 142 180 16 
78 160 222 87 
252 8 255 124 
242 245 218 152 
84 215 76 33 
150 226 4 251 
219 166 151 29 
160 233 59 29 
120 239 45 198 
143 11 29 139 
19 29 7 5 
18 225 158 103 
184 234 136 78 
205 140 73 168 
51 225 197 211 
202 0 240 66 
239 30 9 126 
41 38 10 61 
67 17 66 86 
243 224 189 171 
203 69 250 152 
210 67 64 5 
36 5 216 239 
5 200 49 244 
230 58 114 16 
97 124 77 164 
142 143 250 129 
112 183 44 59 
253 38 211 207 
106 19 212 142 
24 172 125 29 
116 175 17 91 
233 131 107 74 
0 184 239 142 
71 233 15 183 
161 59 242 158 
98 197 109 204 
216 65 90 240 
237 216 13 97 
135 30 188 112 
162 39 187 162 
223 170 48 39 
147 63 222 52 
122 209 210 220 
150 63 168 111 
128 3 95 109 
219 109 207 98 
139 139 210 45 
179 141 207 146 
55 255 185 203 
62 152 255 185 
105 210 149 255 
17 62 110 146 
65 206 255 28 
59 206 126 198 
90 80 244 13 
222 195 159 21 
195 89 224 1 
241 224 186 90 
178 80 89 195 
142 200 85 207 
150 85 235 209 
35 105 151 125 
185 139 138 151 
79 42 173 18 
131 141 19 116 
109 206 206 31 
30 39 227 172 
239 56 123 133 
141 102 86 177 
207 238 46 136 
121 185 32 200 
227 205 218 102 
90 238 218 200 
188 168 231 218 
207 202 134 191 
3 1 68 144 
103 155 65 54 
137 112 190 2 
41 222 203 12 
171 165 114 6 
147 76 206 79 
244 181 41 195 
128 175 130 131 
176 199 19 23 
98 85 77 235 
197 12 237 238 
234 184 250 150 
94 108 156 241 
184 106 65 172 
31 106 111 159 
26 242 34 202 
185 54 226 27 
139 47 6 80 
59 243 62 38 
172 56 188 10 
164 88 251 92 
194 60 8 225 
167 119 129 193 
105 163 139 34 
217 109 61 100 
157 67 180 216 
55 242 254 227 
42 186 237 206 
18 232 42 212 
37 50 182 204 
170 55 141 19 
218 24 54 180 
134 115 24 35 
183 205 251 238 
191 250 209 234 
180 190 184 199 
166 227 155 203 
21 81 151 191 
136 36 211 99 
61 9 23 195 
124 47 230 51 
252 225 33 188 
219 242 166 144 
176 94 87 87 
65 242 34 87 
68 186 22 204 
222 233 47 27 
242 70 222 111 
118 196 162 114 
166 196 46 129 
182 212 17 103 
51 104 190 116 
91 224 203 159 
154 226 107 121 
203 155 148 190 
225 115 45 87 
55 207 202 221 
147 248 95 74 
205 112 177 0 
217 111 116 52 
79 64 211 234 
34 62 99 237 
217 247 171 187 
106 216 18 162 
168 220 127 59 
213 222 133 162 
79 54 162 40 
165 22 92 245 
86 47 223 120 
109 66 102 71 
57 17 2 164 
234 20 70 146 
241 197 205 198 
164 83 104 243 
137 10 27 47 
32 119 36 119 
