-12799
28045
2696
13045
30052
-19257
38187
-17990
32414
37868
12073
10963
26309
-19511
37826
36957
-20839
-17701
-15615
15282
-24147
-18288
21907
38485
17080
-20336
33687
-3324
-18079
5921
-17683
-8529
-956
13477
35716
31208
30338
22475
25899
-4929
-27920
-30541
-30836
-31168
28498
-35130
-34706
8446
37210
-9480
34339
15774
18474
20672
-13894
-4827
-16749
39093
-6428
-8595
21821
-15382
-3209
7733
40274
4955
32046
11075
13345
36746
-38373
-31940
-21988
-9199
8438
-19863
-25813
-22745
-3697
4657
33810
-32078
-4902
-8227
33743
-2188
30199
-10891
-29291
-41026
-9166
-4962
-9631
22935
25177
-18137
4445
-4740
16972
5991
-32119
-31758
40074
19183
38100
33892
16590
13988
22352
22335
-26605
30658
30982
23827
-17055
41243
8199
-33955
-447
34798
-5045
-37771
-27565
1982
313
36358
-30722
-37519
2867
16820
27212
31684
20502
7972
-4595
30294
32585
-9407
31348
13586
36025
-9797
-23868
22707
24759
-26449
15394
940
3013
-41555
-31471
15682
33568
-16352
15215
-20500
14514
-13753
-1477
-26877
14959
32346
38614
36851
-16876
9008
-31327
-7711
-19162
7182
-13737
-2578
-34216
-9329
-12391
-37027
-2397
-39288
22436
-29475
2303
-15882
-21166
-29583
26479
-17369
35368
-15746
-30948
-31037
473
-23664
-889
12647
-41027
5602
-14754
-7520
24071
-13802
-39352
-28481
13734
27619
5181
-36638
40480
15903
22549
29588
7718
39849
37968
-8555
-33178
-25660
31903
27839
-23314
23131
-21302
-20498
-39584
18038
38631
23478
21888
-31860
22072
35928
-37853
-34270
10259
17227
-1050
11825
-15174
19032
-25522
-15559
5477
22254
-30612
19877
-39652
-13922
32013
29135
22379
-25334
-37570
-30890
30809
38195
-16558
-13085
39485
-11549
3821
-10096
2574
-29205
-22887
-36661
1857
34276
-10974
12769
-3820
-7638
4739
-16248
220
-16719
27576
-3197
17986
-29546
-3636
-16588
-12805
39073
-4392
-34016
41328
3058
12275
22451
-23440
19254
-15758
3043
26627
-17025
30578
3323
9914
14713
16883
18873
-10557
31608
33630
10537
-4566
17182
-14314
-34912
33963
-33638
-11220
-12152
-8876
-37757
-9152
27848
38539
38986
3343
36800
29379
30826
-25031
-21631
-23547
-21337
-39620
27029
8694
15565
41153
-17654
10789
-37768
-21252
10244
-4050
30197
-34711
-25800
-27017
-28931
-39111
32151
15340
3535
18157
25661
38856
6906
22435
503
17319
-35017
39974
-36725
-22595
-17229
23519
-4547
-17541
11380
-10924
6322
-14018
13302
-12360
19127
-35231
31265
-28523
17612
29747
14018
-11336
-32020
-31332
-24279
-21463
28586
-15325
-36239
-10061
-36551
-6450
103
-18980
-15250
3835
1140
20862
15041
33456
-39924
4478
-13709
-34507
-40429
24073
-33136
28942
13779
-29114
30980
14101
27752
-28786
2788
-20982
-2512
-13120
-31836
26381
39228
-40839
21817
-40531
-25645
10700
16820
-27927
38525
-39145
-20488
-4269
-33137
33198
24014
-30652
770
12606
-35345
2905
-2621
-1160
-26102
-26533
22172
-28264
-23573
-8863
5266
-31417
-7145
5850
-11415
36151
-16799
-36957
-29665
-14728
-13762
-22285
8026
-9498
-16587
-38267
-5817
-26920
-34037
3380
24594
-5293
39337
7935
29288
-25646
-29106
-13694
-18266
-22407
38113
22949
38870
10898
-566
-560
-29047
-25511
-23912
722
-37044
-21577
-20026
9581
-15073
-30553
-6041
12379
13035
-38671
1119
-19430
33588
-724
27355
-14037
33044
-24624
-25201
30619
-589
32701
-32147
-2682
31770
170
-30565
-18297
33965
6287
-17842
-32664
29095
24045
-6999
-15709
-23075
5097
19671
17261
-37884
34704
4169
29255
30959
27059
-10680
39802
15651
-25355
-36855
3251
-11094
29030
24617
-3601
25231
33560
-8392
-2809
-10792
-20961
-8448
8600
27178
-2019
31302
-29620
30597
-1380
11776
12425
13502
14633
19484
21209
-20373
-32358
-29382
-27980
-9182
20281
-25838
11491
20575
1119
-14799
14514
-14319
-4377
25146
-34622
35342
9393
5453
-15093
33434
969
32255
39568
3037
-1512
-34092
12368
-13348
-13010
-5568
-22145
-22005
-17240
3157
-41862
39610
38912
36487
-14536
14426
-31756
-2274
-31938
26712
-35620
-15049
33312
8926
36145
13133
26207
12371
-12261
-24029
16695
-37577
-13715
-34466
33197
19341
39247
-40994
2493
-17406
-36806
-23302
8398
17409
-28776
5346
20953
28526
11025
18530
-13731
21383
4339
-31794
-12826
21665
-5384
4659
-15509
-22328
-10028
32437
-22821
19166
39131
-8894
-434
38720
15534
-38459
35339
15760
-6634
-34741
-31432
-16913
708
-34229
39225
-2889
-6722
39540
-37697
-19708
386
-29279
-32802
-3381
-28881
-14156
27010
-11372
-29196
30905
-34300
37448
-39020
23537
16525
23336
26287
-12787
36599
23240
-25926
2382
-4779
-26559
-37130
38109
38290
6326
29017
-10786
-19946
-15673
28277
-39895
35374
34375
-9873
36718
1393
27969
-28507
23302
-22885
-6329
22381
-38982
-18471
40296
-6207
1348
4746
31369
22188
-21204
10188
7993
-33175
-3088
16081
-20428
29838
32494
39333
18253
38596
-31703
16938
5673
-25834
4503
-32162
22678
5400
30535
30801
-4993
36916
-40633
-30187
38075
28893
1452
7818
-5049
14768
35689
18556
39630
-40832
-25490
19943
41413
39618
-11192
4224
-38583
34772
12578
-1706
-10880
13462
26148
33389
-10254
10201
5604
-956
-4020
-37423
-21227
33996
-19665
-41717
12991
-30176
-17559
900
-29982
-16067
-70
-504
-23836
-16928
10980
25260
17287
-35279
19144
1581
-26900
-1883
-16681
-1680
28796
28313
40721
8180
23757
24273
7611
-31320
-3774
7722
-38455
26525
9602
27863
26104
1066
-25285
-14946
-7565
-15338
-18542
12736
2856
-1810
-5262
33364
-2011
-20228
8377
12521
-22359
-34091
38281
6938
-7607
38401
-5928
15512
30063
-36266
-10092
15239
-750
24965
8529
18037
-35949
-25263
-14007
-41173
20350
-34477
-28399
35681
16140
8618
-1717
10119
-19549
25110
-4119
-14574
27772
5759
-511
-23767
31864
23199
-14247
-25804
421
18559
-31995
1907
18383
-14022
23210
-29812
11808
3775
-34760
16082
-15408
26539
24442
1264
-37092
-34945
10247
-31738
-27393
-24973
-3520
35768
-1564
-41084
-19379
-20322
-15602
-15970
40091
-34296
-39287
5125
-32298
34133
-15314
-26810
27167
-20642
9716
6248
19796
37026
-24728
-24353
-32309
-137
-24260
17929
-30566
-30157
13198
-3209
3848
-30400
33159
39319
41886
25477
-13088
-36770
11700
1342
6392
26028
24212
-23273
-40403
8455
24566
-7269
-39712
28408
-1398
21361
36308
12102
-22926
-20852
13920
-16858
27231
22163
27418
18999
-14089
-36711
17294
26351
13453
40184
3433
-24633
25788
-23383
-3885
4633
23186
40078
-14988
-35834
28522
-39001
-25605
854
-28308
40045
32755
10127
-35229
29548
20086
19904
-1809
38570
14367
30825
-24214
-4426
27628
-3789
23393
11690
33663
-10069
16688
27170
-8378
1627
-31936
-8714
10770
25652
25145
27049
-12258
-7709
8547
7377
-10130
36781
-23927
-11538
3903
-28127
-32209
-4136
-22317
33573
21805
-1296
-40968
31924
-38699
24260
-29398
-20948
23537
-14941
1369
21544
1224
23721
-8470
-7541
-2311
21872
-26054
13612
-34967
31953
12459
-927
-37639
37235
-19292
-39964
9783
28700
-30344
-37733
-32144
-5905
34571
-15979
17140
-6585
5007
-24900
-32503
34152
19895
6894
20842
-7419
-9933
-27110
9286
6913
-2452
-19009
5150
40059
-1507
-13449
-1838
23169
1870
27240
-36770
2422
18758
-34217
-19373
-37874
708
-35775
38472
10323
-18440
-5839
21759
-7032
13073
24138
-22798
-18746
23787
16540
-19124
36675
-34789
-9066
35396
-11440
26966
9328
20769
3097
20880
-2806
-10100
-227
-27749
39765
-19145
28622
-5145
27540
34698
-3588
5517
-23345
-29452
-14267
12396
32537
8546
40518
-18414
34850
-22975
-62
-424
11083
-12719
-23445
34438
-24167
-9245
22178
25943
1773
4873
-38213
16450
-13456
21652
11885
38868
-22075
15910
12339
19127
4822
-34573
-29825
-29517
-2440
-24691
-34701
33918
6556
-25557
-19678
19436
-38507
13929
-17217
-21161
26518
-21827
32061
38188
12118
-6263
-39103
-17607
-5055
-38899
13165
-40309
26824
-18664
7717
-34479
13797
-31712
-22470
38253
4310
-36552
33027
-23372
27079
143
4238
-215
-30992
18140
-30795
21364
-31280
23958
10188
-18747
22589
6105
4321
-12541
34645
31860
-1222
-28362
-19961
-1626
-1368
34436
17396
20861
13732
-24994
-17311
13868
41194
-29989
-860
-29082
-1293
-36607
29577
-32533
8437
5190
11004
-23040
-37973
40693
16736
2860
16442
2132
-22401
1322
30117
18520
-13622
-4241
-8882
-13698
11185
23066
-6210
-19828
-11935
-36962
7641
17886
28918
-17024
-32601
-9152
-4178
6161
38478
28973
30546
-13417
7827
-18749
-1837
-13452
20946
30728
-10175
-34168
-14167
-28541
29120
13311
40170
-23747
-40199
21483
-38931
-24197
21006
40669
-18815
28155
-13304
-21695
-7765
-32722
1240
-30244
8402
40806
9521
8716
-21091
21579
15679
-431
17525
19886
30490
14497
30480
-14580
17875
-15451
16891
39663
-41143
2957
-10796
18122
6131
-6399
-4710
-8599
4408
21352
15309
26762
-18581
39840
-26652
-24169
30941
-8618
-27672
4366
-24274
-26452
-28308
41094
8735
-29282
-20827
34955
11040
-7435
-18124
-35361
11537
-26909
24693
-10590
30841
-23403
-24000
-9894
38849
15712
12194
34884
-2732
38825
-33753
22815
17564
28618
25708
-18514
4722
37385
18665
36907
-2444
59
6511
38462
37835
12671
-12210
2631
-37484
-39054
19495
17009
-17569
8228
12416
-11684
38598
10916
8868
34641
-35823
11709
-8319
-8481
-17329
569
14623
-24754
15703
-15227
-14949
-20968
-13756
-4091
-37670
22802
4084
-26172
-17411
900
10359
-21271
10888
-33457
11187
36935
-8111
-39927
349
-3732
-27366
-33633
-10106
-1681
-2149
-192
27743
28244
-10936
-32743
17733
3409
9184
-11085
11133
27898
-31873
-12187
24098
23210
-9108
23385
26056
-29075
17211
-3753
10626
32090
-16900
-20525
12026
-30122
36274
-18589
-23331
37272
23915
14585
-18517
19350
8035
-32124
31185
-21096
13945
-13139
-4882
-39857
27159
10584
41170
-23267
20114
4584
-11795
23439
-39220
-4272
-33669
23762
-25438
29494
16942
-602
39065
36110
15633
-26445
39068
-15159
22474
8345
-13013
-36657
-22818
-38684
-8264
39729
41445
12818
-36658
18129
30718
13001
-8902
-17644
8888
31221
38093
16881
-39805
2301
-21319
40317
-28254
-6588
-20967
-14436
17229
1016
7115
31120
35249
-10046
-19057
-36538
41410
-8137
20226
12836
18972
-984
15318
41691
-3505
18416
-14130
25833
28242
5581
-11274
-41404
-33179
6432
31988
-29360
32231
15037
26061
-17691
-22105
20716
-36326
-19977
12903
26349
-37529
38951
23559
33616
-13015
-36636
38311
36428
-5712
-676
-39853
25959
-20625
-23805
-16244
-13957
5125
-18207
22612
-39224
14615
-36630
6985
30068
-23517
33792
-20648
-10302
-26537
39904
13243
11120
-30578
-24030
-24521
25581
31517
18694
-30340
-37992
5518
-20758
-32414
401
3447
14575
-40688
-36515
-15207
-33020
15159
15909
-4873
-28257
-33242
40080
-40097
-19887
-32136
-21274
-12744
-17053
24797
-17630
-15729
-24775
29782
21076
-5308
33363
-23829
17602
25971
16603
30585
-24364
788
-12468
-28373
-17359
-22446
-36557
29868
8482
-25793
-27440
23483
-16787
4510
-11041
23804
16020
-14760
-1514
-22795
30189
7313
12587
-24821
38995
-15714
-25208
-34265
5583
15611
-15359
-25616
-21174
19433
36531
-36778
-6700
1829
-39341
-2255
-22649
-22295
-40378
-17462
-20719
15014
-11786
15973
2263
-14017
-18729
39663
11977
-12838
-12164
-5590
-35742
-11121
-18071
13920
20127
-27832
33866
7088
-18937
1498
-37788
7720
6029
-6462
32452
29730
39731
3821
29302
-37229
-29193
-19573
-10346
-16944
35670
-11897
-34366
-7271
-32356
39711
15197
25717
35070
12798
-29739
8819
30742
12994
-12026
-646
8713
-752
30249
-10189
27305
29094
-28098
-7096
17305
18701
-29384
30068
-8431
2458
32224
33583
-5717
-13845
-11553
-14269
7522
7104
34517
-24220
-2681
16380
-17126
1860
-34808
-17579
-40582
-33254
-34134
-37227
21786
21499
-30575
2701
-5935
2681
-14340
-4331
17957
-6926
-39862
-35398
8903
26410
17945
-24563
-36632
-39252
25356
-16227
-28785
37916
8204
-37932
21875
-15047
26942
-29687
17330
1529
-11169
-25693
13687
28342
35814
37492
-5000
6352
-39861
-34737
-39562
-734
-35809
31491
2275
-15963
33346
-13048
8778
-41970
30585
-7
13969
-5788
36071
-26109
-38011
18496
20830
9326
26419
4756
16456
-27963
33185
34974
-15246
-14368
-8482
-26652
-11352
-36354
-37332
-17692
13062
34263
2483
24595
-35202
12888
-39870
-30605
-37470
-11360
32067
2078
-13330
-34143
6123
29975
2753
5859
33264
-829
-27281
28816
-41945
-46339
8112
36185
-10648
15746
11953
34780
36874
34002
22962
-9252
28364
-34745
25897
6482
-14209
-562
-9076
-3174
7492
-3410
-11884
5439
-17618
-12883
5822
3413
-38091
29608
7653
37129
-36396
-11573
-12101
-26268
7489
-9642
-1725
-42417
-19368
13481
-4888
-17758
4039
-13631
-10225
37636
33914
17444
38557
31836
24283
-21767
-44497
31609
-43072
18870
21264
3670
9969
29846
-5413
22201
-44031
7675
16027
-25053
-20951
-12050
-25791
24673
437
12499
-4293
-11407
-36845
-39864
21251
-23130
10770
34320
36453
33181
18510
18861
-12226
-18708
9775
-22545
4972
31470
12781
-7988
16317
-39010
-24837
27717
-7187
-40572
25264
6741
-5486
-10384
-15590
32207
11382
5318
8043
15483
12168
29382
-41619
-28440
-45789
3840
-14350
715
-46222
-42667
4501
-21247
-1335
-4720
17704
38226
4519
-11521
29354
-7592
3871
5029
-4991
10745
-3261
10773
30180
-40663
-25066
-24377
34340
-20829
-26915
23435
-15539
-35123
-31584
-34105
16531
10325
-17563
15819
6772
-31326
-20937
-15708
33139
-22037
12967
-28448
35207
-20813
-39759
30094
32500
-38477
5258
-40193
29006
17119
-1530
-45940
16603
7480
-14063
12620
-43269
15140
28435
-38011
-28581
-15653
3477
16760
-5324
-40405
24457
-9602
26037
-17634
-38922
2127
24686
39675
-12166
5031
-18008
6280
875
5494
20146
-5223
14984
-33488
-7744
-35463
-4610
26267
-14919
-2716
-40518
3135
1166
-5753
-21440
-10348
-35747
-16005
-36410
-19456
-31287
12481
10399
25404
-34511
-9874
-13745
32733
-38435
13977
34193
-30277
14031
-42051
-30700
-5469
-49525
-23391
-32341
-40198
1320
-15112
26146
-12537
15
-17794
-11156
-16840
-35020
-40085
17617
-22385
19370
2209
-40181
38394
24465
34805
-26315
19373
33465
24733
29982
-22708
-4822
-24927
36437
10102
-15286
9452
-20208
-13173
-23486
276
-26630
17535
-25348
33444
-2861
9024
-19484
32887
-42819
21155
-43575
7444
-31099
-46024
-31134
10938
-11677
-24938
-25496
-45179
3535
-13456
-37644
-30351
-635
-18524
23965
-11068
7917
-12285
28578
-15412
16606
22236
-10544
-35451
-39621
-10180
37869
-27143
-25360
31455
-14896
27615
-28539
23276
-12647
-17063
39501
-32564
3556
12822
21530
32026
-23978
30547
-1985
32171
-601
-7183
-19681
38316
31690
28448
31614
11442
4062
-4281
27879
-6605
-39062
-20623
-38598
-44415
-14434
-37071
-36951
15532
21238
31312
-6676
-21703
-35398
25991
9781
25614
-24810
-3940
31836
30123
-9880
-12539
-9441
-11196
1529
8616
39153
-27655
31426
-33464
-19643
-21550
18277
20820
22470
2595
-3774
-38652
-36682
-13854
-38976
-35098
-30260
25158
-19022
33025
-40179
10113
14333
14251
-42570
-36622
9294
-424
21216
-28537
24144
-3048
-10145
-39913
-25670
-20337
7135
-40818
-9428
-35830
-35838
25674
13893
-25672
30242
35607
-32249
-40289
-21460
27622
12155
16705
-13648
28316
-1559
25006
7379
-36861
-5641
-5998
5007
-23653
38776
-22221
-29392
39342
-37093
-26123
27017
38257
-6229
-17976
21352
-40364
-2816
26981
-5468
-31855
-753
6888
-34343
34824
-42178
-11571
32407
-20032
-7673
-12800
38220
-18547
3392
-16558
8428
12642
-16121
-25489
-14753
-29058
-43627
7711
29652
-14266
11874
-20030
-2829
5629
18194
3645
-27452
33931
40676
3668
13285
-8197
-370
1388
-35568
24391
34956
-10895
-30010
-2476
-22604
-6504
-38142
12983
38686
-975
35873
4749
24817
2618
-29485
-39594
-37755
-7639
7616
33759
14714
-9946
-24667
23963
-7244
-16289
-10133
-28446
-5429
3674
15200
-8717
-23979
2589
-28897
-15737
30107
-15017
-5144
20682
-33091
-15924
17054
18096
-18145
820
-9229
-14580
3517
5510
37330
24352
-23318
-7354
7318
-21031
36740
24411
24562
14267
-3704
38132
5249
11272
-2353
-2709
32206
-6457
-19099
-14545
12043
12993
-26216
-28805
21862
24075
-29048
18583
6963
35494
-7718
29221
-23752
9705
18036
-13194
-27745
28089
-36386
-18756
-11598
4066
-34120
-24347
-41865
-3837
-13791
8382
-20804
-37459
39041
35992
26795
33637
-39098
-36565
10236
5623
11375
12274
20843
25140
41232
-638
-8785
-3875
30126
22492
-28676
6586
-33146
-23355
24623
40748
5077
6965
-4310
16864
7282
29891
3633
11086
1408
-3826
-4008
-32214
29222
-41039
26042
-41034
-42779
-9862
-22709
23
6977
-25145
-30214
35034
-19754
22374
24188
-35841
9576
20391
33130
-23046
-4676
-3354
7819
-7206
8925
22151
-35630
39216
-17815
35605
13202
-20078
13769
3956
31627
127
-19406
41640
-33426
-8927
-8374
4948
38593
32950
40804
1846
11506
-22671
20516
-27111
36521
-14324
-22221
-27166
-4950
-2944
-33007
24331
22325
14816
27761
-39740
26060
-26901
-24649
9371
14683
-5486
-39980
-27413
-7811
10823
2758
-21509
-35595
-32478
15552
554
27096
-12011
-17833
2302
-19650
-8378
-2569
-35830
18980
33278
8898
-6676
13369
22291
41219
31915
-34370
-22001
-17253
-18391
-10160
14714
-3414
9413
-13270
-16991
13458
-38459
-30498
-3253
-28057
-10808
-30495
26597
35995
28354
5397
25478
34930
-37085
21171
30935
6024
3232
5258
-10558
-12799
31628
11419
-16520
-43002
-36409
2840
-27305
-24193
2011
-32130
-23472
-9291
22066
-31273
11055
-11730
-10217
40475
-8706
7323
5669
21546
-28331
-32181
-17743
-1111
-365
26859
21188
12007
39277
14214
32232
-4909
23127
-6532
-5192
-2723
35139
-27830
-5838
8768
-21795
36762
26174
39039
-3835
22411
-37920
15753
-33798
10707
4039
9928
10996
21404
-34256
-9090
6118
-3128
35461
15264
-26187
8046
-6958
6777
30620
61
-39876
22705
19648
8104
-27017
-7730
-23386
3317
37679
-26597
-2513
41738
-14920
22904
23091
18363
-3179
37330
25751
-36849
-15843
-27937
32844
-18109
38821
1560
21307
-24326
42065
22369
-15318
-1558
19312
-38842
-15280
16288
-13747
39772
16440
-23790
8537
-7842
-20085
-5288
6369
-17746
20082
-42608
23051
-13305
30079
-16368
-14371
15747
-36154
16280
30934
-4537
-6721
-13796
-8925
23755
7779
38944
-19951
9611
-7926
-16750
-37523
11300
-24998
4675
-503
-4495
-4805
-2171
-26820
-26814
8527
-32148
9532
-8430
-9237
-19291
5887
38093
39161
13861
-39986
-28048
37015
-38069
-8703
22040
-16616
-38017
3316
37400
-26344
-3396
-17379
37073
23854
-18743
-13124
-20768
-10505
38791
-24929
-30532
32571
-42040
22820
-5799
23318
-13961
39093
16682
29896
-9268
-26232
-6412
30501
-13956
-20221
31947
-16235
-23071
30375
7858
26611
-3491
17790
-21260
38380
6981
-29101
-6803
-22520
12351
36291
23479
4739
15248
10509
-5450
31696
10832
1437
-13473
-6990
-37713
38285
-25622
15101
-27471
-25171
-34608
22217
-40463
-5495
39311
26099
34821
3043
-24222
24110
-33803
-20018
-26169
28078
-7219
31687
38158
-41517
-20477
-10048
-12549
12862
14865
-32969
-39335
32238
-39578
41598
-20502
13586
41298
39424
36445
3372
-27416
-26763
5563
-39949
-15588
16661
-22889
23477
-39327
42470
31386
1833
21703
33822
16923
-18298
32637
6042
-35004
-38075
-3952
-30544
-1722
-7029
38041
-38805
969
-26069
28147
-33720
4682
-25938
-10256
34677
13749
3505
33898
31957
-36098
31484
18730
4958
11844
-34997
12271
-33133
-24101
-11976
11964
13088
15649
11769
29287
-25384
-1304
-4820
-25682
29351
39983
41425
-24706
-11378
-22815
27444
16397
32034
-32258
-17741
-34111
-26740
37099
-36553
4597
-3118
37251
-21408
-29291
19058
-26916
-13768
32023
-28442
41784
-22396
34533
21256
35569
8774
18001
19744
-27163
1208
-16904
1795
-36345
-22710
-34067
2264
38420
-22112
11210
20889
-9640
-19136
16225
-20051
593
-22085
-11318
32354
-31717
32006
29946
-29241
-2820
-7498
35107
-8850
-24825
6046
-15044
39969
32753
34113
36395
-3079
34149
16244
-5467
-24671
-39320
-7015
27784
-36399
29622
-5988
17156
-1667
-21151
4821
-16510
7623
-21467
16480
22010
-41134
16719
3181
35008
-11242
-5733
-16702
-32632
24856
-24087
-28614
-13988
40004
1048
-2007
23402
12064
9547
-21054
-39026
32323
-224
-21686
-30382
-37201
-19026
35451
-25550
-14645
35180
38607
19610
-27997
-34061
38001
-31258
13729
8548
-9461
1889
227
-6429
28341
-1702
-16841
-10809
-27790
-7226
32283
9829
-14406
-38936
2978
2823
-18559
-27117
-15609
7218
32426
20727
20137
-7912
-2127
-37760
-5784
16262
9769
-31819
-1337
-37638
-37336
13885
-35150
3924
21610
-9983
17368
-14329
-38062
36751
-11408
-31958
27875
16346
-33392
-24727
6044
24359
-5965
-35611
40946
10968
31216
33880
-37593
11224
-30026
37317
-206
-10224
35505
-22440
20009
-13360
-25589
-17838
-35202
15368
-20567
15868
139
29742
14633
-421
-2209
27389
-2747
24572
-13141
-3278
-28654
-27736
3321
-18036
-9453
16516
-11821
-24491
-25385
3974
6577
-32999
2045
-22016
38958
34000
-21742
27870
25637
34532
-36851
21909
-29022
22770
2364
22366
-38683
629
-35787
30836
12162
-13143
4123
-11963
-3047
702
16107
15437
165
-8341
8104
-35675
20645
7323
-22867
99
38364
-26606
-4595
-31810
34035
-25723
-32404
-37486
38139
31109
-7156
34821
-37521
-26533
-7460
-39769
16377
40410
-12264
-20772
-2925
-34273
-17421
586
-36810
27232
-2870
-62
-26829
-40350
22561
-21255
-25868
40404
-17582
23771
21028
-13568
19126
10758
9272
-39757
-11304
39188
41723
-25132
-6410
33357
32955
3249
40148
36919
-29883
11150
2101
-34112
12176
-17894
15526
9642
18357
23490
27875
41300
41006
18191
-20628
-7970
2143
69
3886
31738
-33284
-9816
7815
-21676
39810
39017
-8874
-4295
-13233
-9940
-31440
22390
20310
-6506
-26893
-35599
862
40911
-11542
14387
-38147
31153
13005
1803
31336
-18309
19959
-18290
-28352
-5284
25000
15283
-10092
-5148
-21488
37850
-34291
-32035
22668
41949
31603
-28177
-1081
19341
-34431
18039
-24745
-2149
-24324
-11294
17723
10762
-16869
-1185
39132
13066
-2614
-10852
6019
20566
19464
-9786
-30237
-40511
-448
-34406
-18035
24216
16745
9844
-31300
-39932
-12808
27695
-35972
26306
28253
19069
-30316
-11351
-6555
-2394
3652
40573
6668
-39501
-32560
-8101
-38573
37268
-39837
-4870
17662
-14696
35778
5615
-32707
-39951
-1389
33704
-6118
16322
14229
-29782
-14349
-19674
3636
-14056
33589
-10961
-112
-14588
40833
11587
6874
-21227
-22795
-30226
-17092
-27714
33089
-34286
-20877
-24614
-21408
37206
35432
33620
-17571
-21232
35235
39606
29209
-22892
-28226
-13159
-12990
-23531
9315
-36731
31966
31432
-10729
-35108
-24253
22664
26687
-1244
14180
-8033
-12066
4251
42027
26309
-80
37872
-29725
39836
-29080
21969
-19206
34845
10524
4781
-7289
1497
33671
-2647
26347
8682
-12024
-29455
-31928
33526
21656
-9153
-26978
10392
34972
22974
21210
7595
12668
-9563
-33782
-14181
-24101
3736
7920
-32187
40402
-23207
-29407
4350
18863
-1473
30686
40954
-608
-18521
-7345
20199
-20215
-4444
-15803
22009
3481
32642
10022
-35270
28302
-387
36947
22906
37770
29149
-40162
-28928
32182
-8045
-25318
30052
-14535
20787
-18603
10193
-13252
-8420
8381
-20120
571
-10320
-27504
0
0
0
0
0
0
0
0
0
0
0
0
0
0
0
0
0
0
0
0
0
0
0
0
0
0
0
0
0
0
0
0
0
0
0
0
0
0
0
0
0
0
0
0
0
0
0
0
0
0
0
0
0
0
0
0
0
0
0
0
0
0
0
0
0
0
0
0
0
0
0
0
0
0
0
0
0
0
0
0
0
0
0
0
0
0
0
0
0
0
0
0
0
0
0
0
0
0
0
0
0
0
0
0
0
0
0
0
0
0
0
0
0
0
0
0
0
0
0
0
0
0
0
0
0
0
0
0
0
0
0
0
0
0
0
0
0
0
0
0
0
0
0
0
0
0
0
0
0
0
0
0
0
0
0
0
0
0
0
0
0
0
0
0
0
0
0
0
0
0
0
0
0
0
0
0
0
0
0
0
0
0
0
0
0
0
0
0
0
0
0
0
0
0
0
0
0
0
0
0
0
0
0
0
0
0
0
0
0
0
0
0
0
0
0
0
0
0
0
0
0
0
0
0
0
0
0
0
0
0
0
0
0
0
0
0
0
0
0
0
0
0
0
0
0
0
0
0
0
0
0
0
0
0
0
0
0
0
0
0
0
0
0
0
0
0
0
0
0
0
0
0
0
0
0
0
0
0
0
0
0
0
0
0
0
0
0
0
0
0
0
0
0
0
0
0
0
0
0
0
0
0
0
0
0
0
0
0
0
0
0
0
0
0
0
0
0
0
0
0
0
0
0
0
0
0
0
0
0
0
0
0
0
0
0
0
0
0
0
0
0
0
0
0
0
0
0
0
0
0
0
0
0
0
0
0
0
0
0
0
0
0
0
0
0
0
0
0
0
0
0
0
0
0
0
0
0
0
0
0
0
0
0
0
0
0
0
0
0
0
0
0
0
0
0
0
0
0
0
0
0
0
0
0
0
0
0
0
0
0
0
0
0
0
0
0
0
0
0
0
0
0
0
0
0
0
0
0
0
0
0
0
0
0
0
0
0
0
0
0
0
0
0
0
0
0
0
0
0
0
0
0
0
0
0
0
0
0
0
0
0
0
0
0
0
0
0
0
0
0
0
0
0
0
0
0
0
0
0
0
0
0
0
0
0
0
0
0
0
0
0
0
0
0
0
0
0
0
0
0
0
0
0
0
0
0
0
0
0
0
0
0
0
0
0
0
0
0
0
0
0
0
0
0
0
0
0
0
0
0
0
0
0
0
0
0
0
0
0
0
0
0
0
0
0
0
0
0
0
0
0
0
0
0
0
0
0
0
0
0
0
0
0
0
0
0
0
0
0
0
0
0
0
0
0
0
0
0
0
0
0
0
0
0
0
0
0
0
0
0
0
0
0
0
0
0
0
0
0
0
0
0
0
0
0
0
0
0
0
0
0
0
0
0
0
