-11243
6904
-22866
-23299
-10772
35604
33442
-11461
34488
41460
-8372
11189
-6162
9472
2996
-25132
-1727
-31539
11219
19134
-7227
-19792
-9358
39397
-30689
-20856
37180
-4752
-4026
-3162
-36889
-20109
38090
9949
11050
-15953
6065
6974
27479
29837
-18237
23650
26599
23467
-15109
101
3961
4759
-10468
-3356
-13029
-11178
-19118
-34625
-6337
11119
-8432
-37878
-10867
242
-27428
17812
-27174
42151
12411
-34140
-16114
-7940
-19188
-27767
-26761
-19533
-15672
-18787
-22827
14009
13292
-13981
36531
33919
34026
26210
13696
-16322
17546
-1832
-3558
31614
22622
-2659
24492
-38074
8398
26162
-12106
-33732
-28494
-11544
12736
-35820
-14763
-28865
-37403
-13933
1417
5045
28038
-23812
12317
-26618
-15713
42385
-27962
-21086
-39131
37019
29354
-16526
9118
-9193
33222
-37666
-27075
8424
-21225
38802
-22465
9218
26782
2171
-23720
-7998
28608
32799
3453
-34256
-31729
-16749
-34658
21986
-29475
-38629
1087
-28959
-2642
-13002
-20605
14983
-15594
36150
-16367
-20678
24226
36364
31117
38328
-34421
12433
12944
-19775
-39973
-9483
25302
11002
22859
30581
-39732
40473
-30183
38308
38108
-32089
-34157
-21442
-24885
-24704
-36138
-35087
30383
22763
-28795
37664
-26543
26363
13907
-33280
37011
19312
-32536
33192
-4916
6032
-26837
39661
-28073
9003
-1266
-4845
8882
33199
11562
12914
2993
-6508
28029
29336
-3574
-16366
6542
16051
-36958
21303
-35945
-1018
-15492
-15534
-32133
2524
21135
-11064
-17445
-5601
-33157
-1480
2898
-9513
23861
6787
8578
19626
-23229
18108
-35431
-29355
-19873
-4983
20528
-37224
7493
3619
20286
5632
35314
-32165
-26132
-2265
12580
29723
-2136
-19187
-24140
30891
-32047
10054
1201
-652
-22009
33910
30720
24621
36060
-30427
-27819
-13556
-35381
19119
-16687
-40438
25695
7132
38921
11693
-22085
26077
-13540
20671
-26579
31457
-38605
-6758
-2952
-9060
29468
-39740
-39123
1442
-18100
-37863
-7981
32321
-3099
-26166
-13634
-5142
-27423
-31106
32086
39752
-13232
-2304
25838
14394
-856
34359
23426
-4814
-19550
-1674
28367
-19056
-11058
14960
39508
-18213
-22431
20828
34211
21669
-38965
-3502
2428
10409
17695
-31341
-11373
27826
28200
-39059
3735
-23072
-39261
6086
-21235
-34119
-27651
-31274
-13619
42019
33080
-19277
-14443
-24171
-2981
42646
37857
-21865
-30052
6155
-24082
13936
24822
-2745
-4196
29760
18695
-13553
27066
33222
28462
25926
-28377
-14771
12106
40598
-8045
-37450
2516
-31584
-8738
11435
-32074
14640
35364
-27045
-32838
40728
-3084
-13276
609
-24982
14819
-36604
22406
575
39670
10238
36359
-28543
-5240
12123
-1920
-24789
209
-27460
36856
27058
-23663
-27277
9689
6683
-34449
28749
36476
26548
-33301
34451
-17306
28132
42108
36579
-3000
-10351
-33856
-821
-33838
19799
-29446
18820
41320
-10269
-14194
9896
-29141
-32214
27036
-34656
29744
-36950
18099
42104
-23453
21510
17958
-34058
22894
32703
-14096
15736
-38396
-40362
6539
-39869
7273
4979
-27816
-12601
37261
17475
-20173
-31770
-21632
6269
-25649
-28611
-31150
-7689
31841
-21336
-19602
-16332
34202
18233
17991
13074
-31635
13356
33198
-30027
9777
13776
32989
18996
23662
33701
-4572
210
-11942
-29518
-25690
-588
29143
14960
-8452
7627
-4102
17015
-20063
12503
34103
-2528
-17790
8706
-7178
17384
19516
28095
7811
-9017
36895
943
5225
26228
20350
-13083
-24830
-23358
14726
13403
39867
6086
-38658
-34978
-37506
-14152
21971
-39990
37142
-5494
-12993
-18481
-1419
33425
-31157
-6177
-27676
-29014
-9523
-17402
-20847
12863
15278
-11012
20357
11090
-31311
-7961
26549
-6811
-15531
-27261
16352
-31206
17955
-27137
12895
28291
-34980
35884
-38547
32466
27379
-20056
-11548
-9162
15602
-7075
6832
29361
39920
-23430
-14318
-2937
-20593
-30617
-7219
-12347
-21499
19565
-36847
25700
35096
-17009
17973
32200
-14913
40074
20114
-35170
-19428
-2459
-15365
-14361
32782
23752
15764
-36522
26531
1363
21639
-35274
22717
17332
-656
-19021
21887
-32321
-23148
-28685
-31362
33976
18454
-4817
-35459
4324
35279
31610
-27656
24984
-1886
-23082
22411
-1555
39773
7638
29987
-8122
6247
17106
1284
6331
-16817
-10394
18380
1027
-31661
25885
-35932
18522
38844
22325
21304
38336
28388
-7196
-19345
6100
-23509
-20595
39748
39310
42535
32401
40810
25173
-12238
-39712
40530
32632
-30608
-8143
-3052
-18721
39071
-1754
-38957
11436
13100
39559
-5020
33007
-37100
38665
29612
29584
13647
41753
136
7272
39390
28843
-5519
-32221
-39732
31911
15283
-17274
-10239
34369
-11712
-38757
-12348
-3095
338
-24582
-36999
-26110
-22935
11858
-32166
41008
-21222
21794
24215
-26655
-38700
583
-7429
-12820
223
13951
39073
-12368
-37108
36559
-33268
-26584
-17912
41347
-23251
30600
-107
-12576
39097
-22140
-16570
16730
29264
37816
-14684
-30337
9190
24964
-3204
-37941
32086
30428
-13920
4341
5376
4013
-35638
-34435
35967
-24964
-23623
-13725
-29201
-27958
30776
35089
-13532
33880
4027
26773
16093
-28799
6213
34920
2463
-25071
-28976
26654
18227
17689
33569
17912
37125
-12401
-11149
4569
-8854
21101
-25966
-25047
40118
6151
-19599
36002
9595
-25399
-3548
35786
-14880
-31947
-10774
26516
37568
33787
-25390
-22108
-15548
-27259
-34491
-299
27887
-37650
28483
-19599
16847
20614
9882
-29011
-39761
-34535
-2698
-15790
41252
-37487
31150
18323
36807
518
12040
39638
26991
16262
5851
-30143
-22914
-2841
29788
40959
26498
14687
1420
-22028
-29777
41254
38176
-6949
-17228
-1550
28657
-10080
39483
-26658
43182
-268
24643
3114
-5616
-5710
-6423
-37819
16415
-2587
-26926
-20288
-13054
12823
24638
7398
37110
23099
24105
28118
12233
41736
11651
-17108
-28383
12805
9736
-2827
-17537
2884
19963
-34247
26885
-26720
8628
-14413
-24001
21172
29566
-1890
-17540
16351
3983
14691
-31272
-9914
-26910
39363
6454
13017
31175
74
18094
-20975
28243
42237
-14498
42053
-26377
-15037
34226
18697
-8749
40761
-2041
11908
-9929
40745
-10147
-7691
-5010
-13936
20165
30162
12950
-26498
-23385
-25516
36064
17163
-9934
-15440
17095
-3872
38494
-23142
-22284
38645
40982
-9577
30492
-19228
28661
-10789
28725
-25342
-36157
-28604
22369
40208
8441
-27209
227
-23218
9451
9620
19735
-32742
32772
-30285
-29541
-18614
-16975
42160
22430
-25278
26187
3188
12177
22235
41042
-4655
27208
-24737
33864
-226
-24380
13452
-27903
-24020
-35651
37990
-18643
41573
22244
15664
-36003
-15492
-19937
37188
-35312
12239
-18343
-38093
-32670
7610
-33740
-12843
17402
41221
23387
41612
2793
-32518
-39416
-34840
15707
-112
-30157
-11277
-26439
15333
-30562
2469
25571
39064
24006
6023
-9505
9322
36795
-14144
-16476
-25179
34019
-39240
-24580
34406
8598
38972
10319
-24791
-3453
-18118
-4141
-10635
4371
22741
41135
39797
19808
-22482
-37184
41194
31573
-13645
5983
-10826
-7142
-37035
-5122
-20578
1886
19414
23295
-2304
-17681
39998
-21686
-18350
5583
-5829
-1732
-22574
-13899
37453
-29462
12495
-17189
-34474
4564
35294
32564
30494
-12841
-34932
7386
6941
31173
36488
1609
-33161
30519
31974
19379
27034
8919
5754
-32463
24859
26696
-22702
19955
8890
5495
20520
12362
3652
26726
1306
-5863
525
20224
25222
-12596
-10342
25481
30798
-38725
19055
33087
-437
38729
-29490
843
-753
16183
22738
-13123
-35226
-34455
22366
-28205
-37915
40978
41508
-34429
15876
30157
-12789
-10244
32113
-6730
-10996
-35483
-18298
-38579
37507
-8063
41751
152
-22989
-28356
-15959
33494
-28343
-2540
-35378
-640
-28824
-21663
6606
24288
-33586
-36877
27107
-17903
-6494
-1954
22983
4450
8783
6014
-20922
-36201
-12456
-12968
-37253
15821
-21038
-39526
3568
-11346
35759
40011
29660
-396
-18199
8292
-14801
3626
-26511
-7745
43584
-36454
41801
-21190
-24686
-31591
-35422
25040
7941
-11344
27846
-37209
-17873
-17139
-14645
31032
-30018
34325
8135
38496
21627
-31297
12327
38117
-2782
9866
34347
6262
33948
38295
26759
-26483
34894
-3776
-25311
3020
-26209
40766
6703
7782
-13932
-9382
4982
24182
30150
7090
-9732
-41
-29831
-3095
19945
-15255
-11413
18178
34873
6485
12972
39253
-9502
36399
-23451
31651
36059
-5693
-26936
13567
-22029
-33534
31169
-20756
36013
36302
-10501
9452
-18936
31168
-22031
1468
-39068
15182
2869
-26242
-28174
42514
7791
7476
40198
-2935
-14474
-33464
5309
27840
-18766
-7978
4633
4982
-34486
-22852
-15388
-30641
-1035
27641
18155
-30665
25667
-3150
29711
-32721
8523
-22145
24197
2195
-10521
25768
29925
-35148
-23010
-36790
-1592
-3376
-27630
-9178
3214
12113
21548
-17339
35746
42239
-34203
34495
13364
-11596
6859
28540
5615
7373
-35162
42831
27208
11221
-24164
6113
4045
-37659
9129
32701
35417
-25050
24613
26821
-3275
36331
36948
21370
36335
44709
-35699
-1451
-1569
44426
35431
6986
-12214
26236
27660
24002
3143
14087
-4613
-25512
38576
12176
37163
6794
14707
21482
4466
-5501
8042
29923
-32608
-210
-1462
14068
8866
-32170
12051
-15204
22128
-15454
2008
7077
25811
3885
458
39015
-6958
-11678
-5269
30911
39100
9612
40233
30526
10539
39793
22974
-30179
-14802
44291
33365
-20177
13525
-13133
21785
819
30699
-23738
5347
9963
39154
39627
32277
13905
24657
18374
27164
43270
11191
-18040
8301
-13050
22290
-29765
32306
-11512
-6780
-1384
-9359
-8190
30832
-779
-20811
-17133
19580
19053
-3504
-10340
-11772
30906
-11901
-9131
1061
-28105
39423
6527
-19352
-33869
-4853
-30344
-34683
8306
21445
1254
-32938
5424
40377
-13557
27
-1191
13680
-25631
-5146
-23780
5246
15212
28692
21135
-16885
1565
19148
28296
2580
8981
-12935
-33457
-24261
-31398
66
-4034
33182
19824
-30091
7305
-35042
-497
30536
28561
30464
-8353
3760
35862
-28672
1270
-5769
21538
-17133
-29502
-17404
26919
24380
22438
23643
22868
19307
2056
-36409
5374
9780
31167
-23550
37527
-22322
45455
-10296
-3781
18402
-19830
24827
1241
35063
-25805
-3074
-20410
-11580
22135
18843
273
8498
42028
25081
46437
42959
-28992
31368
20532
-21962
-24039
46734
-7276
-27047
23799
-17013
3040
-26351
-8510
25489
23301
-6856
17472
-22514
1121
24572
-22553
40370
35057
-26659
4450
41490
22523
29942
-29210
35095
-36888
-17247
25017
36155
-22293
43300
-12493
17850
-3682
21104
16033
-34121
13898
11377
-31730
-18049
-13216
-10441
-17382
20655
38314
-8200
37118
15622
12791
23422
-15744
24780
19894
41994
14488
19220
22242
28040
-20501
-19143
38684
-34800
10584
22901
-12785
-7682
-20501
28948
2573
39394
11487
25367
13668
-37489
-20950
39851
-31339
7269
-37531
1703
10461
-10668
21980
-18000
5109
13198
-21474
-35043
-10950
-11419
45319
-19698
-30348
2140
24116
-8253
19084
-3556
15004
25761
-7596
-2025
31533
-22165
15105
-4376
50694
30082
-6078
4962
-10896
10965
36230
-18264
33974
28077
8232
808
-21410
-13727
22047
-1065
32600
-29804
-14460
-12359
15951
-9518
-3618
-25395
22962
22190
33769
-32383
-27767
35419
-31612
-5909
27652
-3702
-3413
35282
-1559
-31538
7469
-27241
-13359
39260
30973
-33680
3021
24121
19329
3153
-21050
-16813
14941
31989
19946
20598
-1888
-2277
48304
31516
3020
10052
-22877
4501
45073
-26466
-21194
14776
-28698
48683
354
46194
-17586
-31740
17825
-18351
20187
-19952
19633
-29381
-32806
-16591
-16362
7488
-18724
-31982
-20616
-22667
-16860
-17584
36117
41077
36807
9051
1004
-16637
35999
-13081
-4200
-19479
11292
40939
40647
26088
10085
-31600
39301
21142
133
17326
11257
4175
1147
-7166
8966
-6763
45915
11019
51256
51452
35995
8944
-28641
14377
7636
37548
18085
19561
52478
10992
-3244
-2962
-22307
-29577
14537
36160
10463
4287
8984
-532
-4312
-31388
3314
-23159
39824
-5479
37117
32563
35108
8799
-23454
-8194
-33659
-16967
-30797
-32287
-35293
-6415
12772
42424
8117
40399
4307
36034
-3147
2375
25155
-6542
2995
-3810
-6276
7762
15547
5717
252
-28545
45412
6897
18348
-24647
-22156
7186
26415
81
-76
-4595
47256
18297
-2662
37766
-9039
-8496
34652
-27429
6905
-9612
11884
16960
-1557
17154
32988
15925
26946
15420
40320
15549
-34088
7871
-14623
6438
-12077
37561
13417
-19583
9229
35722
23574
42425
-32795
18858
-4738
23772
24585
-20438
34218
-17552
891
43301
-9476
-6297
-9430
-15235
-24229
-28576
9209
-25168
12504
2993
-4152
16958
-849
20346
12267
9797
41776
-21351
-32261
11584
21965
5239
31988
2612
-29762
12403
-11600
28604
-8189
-35288
3250
-4283
-38632
31668
-24798
-28736
15264
-36505
-8386
6343
-23855
36322
31992
7378
1846
-4031
27489
38956
25756
28893
5011
-17870
7617
35474
39900
-9513
2731
36954
4433
25434
9508
41068
11431
35571
17545
-6907
-12678
13805
32878
8414
-26119
32215
-30990
-30234
-20195
-7197
15649
-21423
-871
39066
-31984
16461
-12997
-32203
-7512
13943
16042
-15541
-17477
-9884
-20624
-36772
-14839
-12112
-24049
3638
-7604
-22016
-8162
-23445
-21152
-19442
-20573
33121
-6404
30226
-3605
36889
-17038
21300
34783
-29998
34940
12574
-617
-8388
34742
39452
42954
-21008
-35947
5139
24930
-25099
-12980
43057
39215
32432
10566
16814
21807
10494
21172
-30736
39190
-11053
-28801
22476
36813
30082
14185
133
10919
39462
25929
14857
35496
27902
3720
27007
31359
17412
-28106
-34132
-11506
7845
-10478
-40435
14728
29597
-37682
-3063
-25737
-11397
-26460
25496
5741
-31501
113
-10038
9754
-2214
13965
-10151
31884
24256
-33954
38728
-1201
-19779
-15186
38820
-29324
-32686
19464
38971
-35055
-2282
-6192
11413
-11255
17354
-1648
-33753
-30742
-38699
-32873
-31289
17031
-12429
-25311
-43824
32558
8911
18736
-16606
-7542
-9381
34877
12546
28756
20906
3495
37081
-29879
31830
14822
30653
-24708
11337
29194
-7078
36867
32549
23319
-23454
-30946
9962
20934
28030
6171
-29230
-30627
10376
-5190
25906
-31162
26867
32024
23189
-39690
6667
12368
-17956
-1525
-20935
21536
-12641
485
-41638
1362
32007
-40451
-35627
-4686
23228
-21998
31938
22247
-2314
-30013
-13284
34589
718
8007
11894
1098
35204
-24063
-15372
36900
-37330
11789
-4206
-11098
33967
779
9024
-1465
-3196
13424
-33056
-6895
-11931
8538
-34778
-29296
-36333
-4905
1163
34991
-16025
7818
-7557
-13655
-15427
8487
-28930
-19807
-16564
13446
14570
-35038
-35339
-46919
-17314
-26680
20878
-8913
-28040
14238
6219
-28371
6787
9143
-1617
-6043
27283
-23226
35484
-34597
36159
-9801
36903
29783
-17737
34828
-28693
3407
-826
-32210
3202
23217
-10865
31563
29966
6603
-13672
-29194
-41723
2271
-979
33392
5916
28607
2831
-33743
-37302
15186
23019
1358
6129
7699
-12544
-40083
2028
27624
-29901
-19810
-34903
28852
7701
-18584
-7578
19731
30090
-27715
15663
-14849
-27587
23522
33045
-11008
24334
-41953
14595
30854
-10746
33816
6783
-22234
-12689
26463
22715
-758
-42492
22871
-39234
-9454
-39142
37740
-43061
-24115
-21413
-42821
37231
21996
6954
25649
-16030
-44030
-17286
-5079
24357
16888
5040
6320
1231
-40536
35418
-29885
28224
-33421
-9623
-36514
31879
-28130
5709
24824
9862
-17473
8082
31054
-36982
-20248
-25237
-20649
-9
33736
11382
29490
4928
22127
-11243
-21671
-9946
33017
-21413
-10482
32102
-14282
4895
-11231
-11070
-27907
27025
13240
-20173
-35832
-17949
19889
6037
-12743
10221
-6724
31669
-19084
-371
18299
25894
-8048
-31494
-18096
-1192
7005
14990
17672
-32124
-25648
25523
29419
-17877
-11607
-34028
25654
11211
17060
25629
-23562
27606
3572
31644
-563
30952
2523
17615
-9431
-5589
-47218
3881
-6361
-34191
24823
28651
30268
-32387
-33720
-19664
24088
-764
15028
12313
9982
10117
11464
-34575
14599
-36086
-31566
21105
-30583
33348
-43366
-41978
15628
-38833
30169
-2676
-16500
-18778
-28359
-21469
-25109
-1491
-28240
24970
-30742
17223
4575
-37919
-39991
35121
9498
33415
19993
10682
11472
-21759
3833
-36631
-6837
18690
17042
-20161
27709
27128
-16184
-25650
-31289
3636
30959
-8295
22889
-45504
-12749
-38913
-199
6784
6098
10695
-902
-13639
738
-24070
-25969
-21406
15268
1417
25033
12129
-33890
9262
-32155
-10549
-24165
34195
-36605
18659
-22774
-22646
13448
25780
36820
-1029
513
-41469
-20971
6150
35244
12465
-14192
6508
1529
-36282
-39084
-33702
35777
-39224
-17338
-15139
-16308
911
-45322
-1802
-6610
3763
-25129
28023
-43779
32921
25590
-818
-29209
29862
30675
-2920
34794
-32952
28086
35329
-3434
-18763
38332
13240
18187
-36738
16896
33121
25604
-19869
6627
28037
25072
-28886
915
-5708
-41365
21513
-4774
22511
-2701
15759
31899
-23358
-23497
25686
-35130
-31690
-1709
-20600
-33402
22139
-24732
-5579
-22508
4420
19264
27638
-27938
37090
-39280
-36671
-41588
37229
4782
8045
-23794
36692
-14322
-6725
37278
23088
-38577
4054
-27073
-23897
31316
7284
13799
-36695
-13889
1606
3672
7400
8665
-21861
32640
2414
-34485
29418
-28521
17329
-5925
22415
-24683
-35905
-11746
-31457
-7040
20167
13875
-3864
35381
-39657
8531
-23305
21263
-36188
-43379
4759
33672
-33212
-39413
-22691
-9263
-12407
-17370
-14597
-8166
-34630
1257
-23535
29820
-28262
-24696
-1600
34228
-39531
-36015
36291
-31304
-2310
-5608
-847
-10798
21683
34907
25951
-7391
-22327
31240
-5665
11264
-9753
-30433
3266
10043
13362
-41203
26057
-35240
9293
-5803
-4314
2057
22707
12269
-10529
10546
-38850
20377
-18794
29044
-5494
6717
7502
-3174
-9893
24897
-2270
-20330
11161
7839
30521
17231
23479
11078
34751
27266
-39769
-31410
19998
-22692
5320
9366
15445
-43545
-31443
6524
1692
-4997
14880
-1966
20085
-3863
17777
5383
22673
-41295
4077
28898
30856
-687
-25418
-41465
-24636
1836
8195
-3238
-39768
33067
-39252
-31143
-43340
4574
16034
3047
-31281
8827
23392
5436
18849
-24881
-7902
34229
-6372
33102
22440
-25565
19851
-32556
-34199
29929
-24590
-23495
-33469
37274
5572
-29159
38405
27370
18335
-41555
34311
-24068
-10293
-39085
-27772
35986
-13630
18582
-10788
20050
2593
14160
2766
-5743
32322
-38603
-40388
-19194
16555
28717
-25462
-42339
26554
-3260
-22451
20797
37739
-20378
18412
-4049
4390
-8187
25513
-1164
23654
-41791
36255
23286
-31452
21339
20467
2136
25766
-19266
-22152
6814
-37213
36498
18797
-3033
39069
26842
7963
10595
-14913
-37682
12256
-1491
23746
39353
35355
-1641
-3379
33431
32971
32212
3098
-35822
-31614
-32542
-569
-539
-30930
27948
138
-37907
3703
18391
-42365
30767
-21203
-29844
12457
-11193
-37389
2613
10499
23312
-32265
24187
-26025
-42285
35019
26263
36487
37170
10671
8971
-39442
28209
-28807
-11128
-7795
6471
23959
21944
-31155
23892
-22381
-5835
-16464
-32965
10435
-40445
1716
-26373
-23959
38891
-2213
15201
16557
8045
8934
-35319
-8426
11302
7891
31517
30090
-35764
-29675
-18269
727
-2300
12588
-36983
28545
-35500
-18305
8895
6881
29943
35048
-9828
-27281
31190
-7736
-39165
4277
-16954
-5262
-40622
-17213
-5246
-10912
5558
33318
26284
-27510
32847
-41774
-15673
-8717
23928
29398
-38750
35289
28558
-8367
-29997
19935
-33065
30284
11238
-31850
10518
-31123
-11398
-41624
-42482
38174
-11210
35576
10434
-38760
657
-6460
14707
31736
-5389
-12825
-4078
-19
-16117
-11882
-30959
-22371
4905
-39702
27272
-7876
6861
-35344
-30134
-873
6985
26280
-43058
19820
-4737
2035
7842
10533
35160
-38115
3257
21763
9660
36552
37839
-19266
36026
-19644
-11383
-9471
-36996
-28832
21815
27420
-27883
32456
6405
-31477
-38096
-22437
11818
486
-33599
18028
24834
26608
36872
-42159
-38125
-6241
-10703
23880
-17115
6023
-22393
-5049
24929
-38079
-31264
34748
28655
-39503
-24256
-12248
30641
-13762
-25844
12532
35867
-31207
7426
-37855
-28648
1230
13465
-23546
30566
25181
-29196
-30092
-26365
-20182
22092
28781
-31746
-23522
10516
-38060
7390
8105
-20941
-30948
28340
8797
39567
15838
19770
26248
-9570
-22479
-18479
-14699
19262
25822
-7035
28655
1113
-26208
-2248
-14321
-10053
35736
-42955
-18539
-37069
10113
23650
13929
2134
12072
35936
-20212
-28246
34950
-29247
4499
13585
15707
-42773
19445
-2625
-28268
38754
17129
-22267
-37088
-26012
-17663
-16565
-10461
-23023
-38094
18144
38233
16453
8382
7305
327
-1014
30656
23562
-31227
39351
-20552
902
23674
-26013
34438
-3983
16457
-36532
7424
70
-32451
-31944
35075
34181
18359
-41331
26155
27589
-1530
9123
35515
-21859
16850
-32655
4532
-8909
-19134
26571
28005
29742
-28537
37467
20893
1091
-33354
-185
-36892
6798
-11288
27741
-28572
25302
-21061
-2484
-41218
11191
23004
-10722
29251
-2787
-13781
-31550
-38763
20943
-39359
29675
-25359
-26739
-34500
-7142
-16313
-9869
-10871
-4587
-40068
1598
30039
-28192
12130
7542
6663
19411
37336
35901
-17403
-20569
30031
-11727
-31120
1649
10356
16259
7597
-5846
29614
-38686
-35834
26967
15835
-41274
23274
24214
30262
28496
-7275
-32767
35076
-22505
1359
21123
34397
-238
-23596
-16072
15953
3261
37398
7467
5825
-17664
-1389
-39211
36898
29650
20842
20068
-32595
-15724
25276
22040
15723
-41898
-14150
17548
-25340
-37766
-9591
12705
21299
-29091
32074
15926
-13130
-9491
13950
26870
2185
-28939
-25720
-19535
-13272
26212
-17056
-40707
-8915
29263
30161
20410
32571
-801
32980
6451
-37126
-42500
-2659
24713
-15180
39947
-30452
-25502
23223
-11567
-12142
-30612
-24079
-5916
26781
29262
3693
-42700
-11897
-2480
8427
35861
-35201
-27567
-31821
1903
-32880
-9870
10008
1800
-1687
26634
11788
8927
27229
-31224
3444
29849
28496
11016
-35556
8742
30675
37027
29270
-18752
-9501
20604
30620
-17237
-13256
-26891
3749
32361
19921
-17484
-18862
16686
30502
-32436
-9203
16911
28222
6756
-24827
33056
20925
-29937
-16002
-38749
21063
11943
34676
-10613
-13919
-22558
10890
5743
-36422
-15119
10393
-32871
30754
-7599
10472
-11104
31384
12305
-31420
36695
27094
1871
-4825
-21434
32077
-14261
39142
-26733
-5935
3203
23582
-38274
-42988
-8591
-15681
-31407
-36938
20862
-28441
9933
27447
35305
25218
22743
-42522
15737
304
-35816
-25299
1315
36042
-38603
-34465
-15346
-35642
37111
29439
37507
-17264
-30040
-16356
8497
6391
33117
36544
23604
-5453
31236
11771
10848
-35929
-32709
-4743
-17912
-19207
-321
39166
29541
17388
-34044
-30925
-40192
35760
-7432
39143
-28139
-21355
24190
22586
-8097
27615
29210
578
-14662
-42090
-18102
3259
27245
6130
12240
4378
4442
22465
-36351
-12087
9425
25170
7399
-14462
-25993
30975
2981
-29532
-26899
-36664
-32516
-6131
-20945
-32851
-12883
5641
36531
-18355
-2424
38744
-18303
-23217
3533
-33601
-33193
-39256
-13471
7977
-18527
2722
-58
-34910
8817
37467
-33100
-36016
22686
-4553
-6008
7236
-11591
39496
-29830
25801
-36811
26644
38096
-7265
-303
37749
30397
35272
20272
-19490
39317
27174
5763
-13508
-18158
-12471
-4455
28797
17466
-30335
-40658
-10145
-39218
-19539
21403
-42128
26560
-23738
22052
-34227
-15077
-32869
11868
-21847
15938
6312
24230
-21048
18050
-32573
-40143
-40601
29474
25253
-24697
2856
-322
-15286
-22158
-37957
24291
-1410
2012
-6379
2261
-6812
-21929
-18092
24928
-19199
-29398
-36185
-24000
12339
17878
-26530
-10175
-24086
-25928
10084
22613
-18237
8255
-38569
-9148
-16678
-14076
-37981
37094
0
0
0
0
0
0
0
0
0
0
0
0
0
0
0
0
0
0
0
0
0
0
0
0
0
0
0
0
0
0
0
0
0
0
0
0
0
0
0
0
0
0
0
0
0
0
0
0
0
0
0
0
0
0
0
0
0
0
0
0
0
0
0
0
0
0
0
0
0
0
0
0
0
0
0
0
0
0
0
0
0
0
0
0
0
0
0
0
0
0
0
0
0
0
0
0
0
0
0
0
0
0
0
0
0
0
0
0
0
0
0
0
0
0
0
0
0
0
0
0
0
0
0
0
0
0
0
0
0
0
0
0
0
0
0
0
0
0
0
0
0
0
0
0
0
0
0
0
0
0
0
0
0
0
0
0
0
0
0
0
0
0
0
0
0
0
0
0
0
0
0
0
0
0
0
0
0
0
0
0
0
0
0
0
0
0
0
0
0
0
0
0
0
0
0
0
0
0
0
0
0
0
0
0
0
0
0
0
0
0
0
0
0
0
0
0
0
0
0
0
0
0
0
0
0
0
0
0
0
0
0
0
0
0
0
0
0
0
0
0
0
0
0
0
0
0
0
0
0
0
0
0
0
0
0
0
0
0
0
0
0
0
0
0
0
0
0
0
0
0
0
0
0
0
0
0
0
0
0
0
0
0
0
0
0
0
0
0
0
0
0
0
0
0
0
0
0
0
0
0
0
0
0
0
0
0
0
0
0
0
0
0
0
0
0
0
0
0
0
0
0
0
0
0
0
0
0
0
0
0
0
0
0
0
0
0
0
0
0
0
0
0
0
0
0
0
0
0
0
0
0
0
0
0
0
0
0
0
0
0
0
0
0
0
0
0
0
0
0
0
0
0
0
0
0
0
0
0
0
0
0
0
0
0
0
0
0
0
0
0
0
0
0
0
0
0
0
0
0
0
0
0
0
0
0
0
0
0
0
0
0
0
0
0
0
0
0
0
0
0
0
0
0
0
0
0
0
0
0
0
0
0
0
0
0
0
0
0
0
0
0
0
0
0
0
0
0
0
0
0
0
0
0
0
0
0
0
0
0
0
0
0
0
0
0
0
0
0
0
0
0
0
0
0
0
0
0
0
0
0
0
0
0
0
0
0
0
0
0
0
0
0
0
0
0
0
0
0
0
0
0
0
0
0
0
0
0
0
0
0
0
0
0
0
0
0
0
0
0
0
0
0
0
0
0
0
0
0
0
0
0
0
0
0
0
0
0
0
0
0
0
0
0
0
0
0
0
0
0
0
0
0
0
0
0
0
0
0
0
0
0
0
0
0
0
0
0
0
0
0
0
0
0
0
0
0
0
0
0
0
0
0
0
0
0
0
0
0
0
0
0
0
0
0
0
0
0
0
0
0
0
0
0
0
0
0
0
0
0
0
0
0
0
0
0
