22898
-4071
-2468
-12906
31754
4886
37918
27719
1756
8015
21351
-12411
-39508
18398
-33903
19250
40449
-40259
29687
24380
-25025
11606
-14928
13325
-619
-8766
-12723
39236
40344
4651
-15990
-24000
-8204
-39458
3090
806
-13958
28345
35877
-15842
-21624
29015
-9613
6153
-32187
13377
-9261
6553
-34653
7477
-5747
20441
-36841
5388
-32128
29528
33663
18730
-25319
14947
30263
-17537
37035
-10919
-27626
7421
2881
-40861
25278
-14937
32638
12270
-2940
-20271
-20920
-4696
35213
20132
7142
-297
-30157
-5877
-16477
-5018
-39554
18004
-9600
10147
3939
-30737
2673
15250
20824
-36716
7074
41833
30731
-13158
10699
13817
-16158
-2975
1461
36676
26318
-33284
4771
-22568
-33670
3863
-33300
27871
-30879
12147
-22200
-17249
-15098
-31598
-29739
22780
-2912
17070
33619
21605
-14780
31739
-11012
8219
4973
-28700
24083
-36851
-11310
19505
-7105
-20570
18111
-37153
8800
28488
10724
6176
269
19444
32604
-17392
-27447
-11661
-19428
2837
18895
-17786
18774
26384
-11424
16184
-18292
-37055
-736
11838
8372
-36044
20624
4313
-10180
-9221
30694
40230
8383
41082
15998
31290
-25403
4728
28308
18247
-25819
-22908
-17415
6263
18523
-35228
9983
-1933
29675
-17246
11845
-16190
-37490
18166
2083
24556
24520
-30053
23408
-38758
-7712
-11436
-11306
659
19121
-21036
13287
12
-2726
-18962
32624
40912
-4831
33879
-9474
25873
10068
-39860
-35772
-20160
-27073
2868
-29500
41823
-33376
728
36589
22723
33648
-18910
30275
-6475
7776
-11892
-34856
-27256
3730
22545
23595
24462
12362
-37216
-34902
-26295
-19255
-1648
-4142
8361
3659
6692
-40937
-2480
-14913
2401
2707
13083
-28245
-16981
8427
14820
-13433
-15635
28316
17593
-13239
30240
-13936
-38599
41032
24881
-5461
12021
-5624
-8178
17001
13419
-25798
-24640
-2253
14782
-11240
9397
-2058
27172
31318
-30006
-31060
-25938
-8925
-13271
-27565
-8195
-8873
37798
39024
-18292
14617
32551
-26449
-23561
-24612
3170
40709
-38084
-23603
-30856
-40644
-16700
-40497
16354
-25816
-24930
-17393
-32386
32816
-20073
32032
-23387
7943
-29328
28016
-31880
38590
-6825
38483
15555
-1718
34542
-537
-35736
-23437
-24398
-30423
-12018
-25672
-5179
-23151
37091
5367
-35418
41674
1155
25991
-5237
28656
-14182
14274
-32383
3468
-15712
33536
12912
12942
-24001
37524
-36376
9298
22521
34832
-16476
-20481
32345
-6798
-18564
-27588
-37857
-31197
-20081
14966
30389
37803
-16671
-22034
-5814
-6777
19326
34483
6457
-21856
32917
38349
10557
8286
6318
-14605
37798
35077
-18278
33498
12379
-12598
-10098
-11442
30062
-5964
20655
10545
-9288
11789
-5405
-26635
20305
-28361
-24556
-34016
-27178
23317
18158
-16724
-16447
6434
-24809
-14775
-4979
31878
-21779
7349
-40025
-30100
-27550
-33520
-30039
-27116
-36170
-23708
-40903
-3929
-36372
-10960
506
2960
-19820
-1529
23863
-1279
35395
-16304
-40136
22627
-40472
-19442
-37098
13078
-31519
-12415
39551
35413
-21735
-31131
42129
8401
12551
-12546
36114
8462
30026
4187
-16011
-6772
16293
4539
-25170
-34957
-4357
-34193
-7725
27499
-39156
-6898
-27161
13288
-36990
-25978
-10256
31156
6465
-28942
-31009
-5273
5139
13855
-35151
5301
-16072
-7887
14671
8445
-34398
-132
-23870
-29799
-14755
-16812
-27544
-1411
-28442
-7038
36768
-21690
-33774
37911
-22686
-33093
22834
-15254
40295
8556
17834
29746
29426
-26352
42237
-12597
29320
-8096
-30030
-12102
-9649
37941
34232
7235
-18584
-16774
-8412
23593
-20989
-2499
24228
15875
4860
-26279
27157
-36587
-26931
-771
-31779
10911
40330
28095
3079
-23160
-22983
16229
11008
5176
9703
-24513
35550
26201
32782
-18225
25101
-11452
-12730
24652
37779
-34781
-40950
-25659
26143
-22349
23505
-16335
10501
-19161
387
39645
-34243
-33952
41884
-17759
-34052
38937
35045
20620
-16721
-4460
-32297
30726
-14163
28782
-34824
-38570
13738
-16950
33989
-11602
-10335
-37484
8622
25266
-16871
-12781
-3932
-10575
-31434
30591
19481
-7977
16715
-1682
6436
32092
-7843
-10404
22102
10027
35496
-25166
23223
30469
27553
18521
34016
-9677
-17068
-20428
8290
-29760
35307
23951
-34682
-20878
-39905
21722
-20064
32907
13294
12615
-36656
37473
19600
21081
37719
24917
-39673
-38240
20000
15196
12331
-31466
-34567
14641
36530
-10060
36307
415
-13610
28425
26689
5195
26088
-35731
7416
38993
21598
4606
-41502
3915
37911
-38119
26495
36863
-41193
-25713
26255
-11155
23691
16011
-22177
-156
-38494
18031
-2965
-23918
31741
27583
-12363
11543
4182
-32806
39363
2785
-31039
13008
-30312
-39935
25683
-39122
39312
40110
14215
39015
-33078
-8140
32351
-11318
-19631
39482
19905
36050
-32298
-30673
4422
8754
-29430
16675
18374
-18475
37728
30931
27676
252
8741
-10698
-17373
-10358
-34453
-21484
4557
35243
-40703
-3307
29691
-30267
38868
-32775
15414
-27773
2990
-6842
31367
-17635
23895
17026
39855
5673
-24646
35874
-27793
-19186
-38448
11555
-38158
-9402
5851
-38145
6154
-20043
-17629
-37184
1186
-31829
-26409
-32326
-8718
-13901
-10415
17386
25344
-5449
-11781
28212
6073
-39535
13414
-16015
-15295
-30464
30431
-21524
10517
6051
38845
-39090
-31295
-16209
-36272
-17455
26472
34330
26535
38152
-21764
-8858
480
-2940
-21364
-29643
27815
-35035
2177
-7276
18959
890
18236
-16264
5065
31179
-6533
-6798
-36105
19043
-28632
-6325
18846
41628
-8542
-22651
2328
-21379
33057
-27760
-27167
-6199
16624
-36590
16085
-23473
40021
-20154
6082
16892
-17867
3850
-24533
-9493
-22812
-33189
35590
-23944
32003
22024
6638
30007
18440
-27078
28742
2541
18746
-23227
35224
-38467
-38152
32175
11922
-38337
-40480
-20451
-601
13766
5066
40408
-29335
-13614
-14012
33174
1181
24441
15289
-4953
-26833
1354
3903
12153
-30695
-21784
14724
-8032
40307
-19506
-20854
38819
33956
9671
41524
-17770
35946
7165
-23444
23018
34954
22452
33580
-17055
-34093
38124
-29472
35195
-14290
36061
-36220
-33393
5371
-19175
-21762
-24095
31596
31272
23567
9459
37244
32815
34175
-33904
-37703
-10529
40760
-26323
-41036
-7810
-19342
18918
32474
-7595
9331
-11349
-18103
-28120
575
-634
-7594
-21885
-30101
35565
7274
34307
12665
-11794
-33000
28167
-6394
-19092
34225
-35677
27903
-20645
21173
-37843
8769
14981
31885
14502
-11323
4096
-34953
3739
-11897
-3519
-1980
-5393
7828
-28053
-2263
-20617
-268
39807
28667
-30353
-30948
28809
-2833
-26801
-2685
17631
7558
15916
-31313
21318
-7223
-25659
1467
28810
5127
-10778
32788
-8555
36309
11115
-19920
17583
-12719
5038
-5937
-22115
-1788
-29087
-25915
3207
-37971
24864
30596
-36653
-36221
-21535
5032
-37804
12043
31639
9278
-8120
-21881
7940
-13958
24433
6648
-20073
-32166
-22454
8699
-10620
27754
-34696
-21360
-28836
-2391
-161
40564
31866
-26453
38601
33886
-38950
31894
-32270
7710
-35762
-20812
37196
-15288
-40839
-8515
2633
-37751
-21317
-21799
19642
-20075
7302
-18301
-36289
27579
-19763
-29874
-27759
36281
32833
-38810
-13551
32917
34579
-6343
8866
-2227
8605
-36066
20734
-14414
2012
-16544
-39832
-16619
-38382
-35163
-2997
-28393
36270
6276
-5420
10747
-4817
-33647
-20663
1432
-27607
39620
23337
35151
-16163
-12847
37197
25698
-2011
-30875
12532
11669
28709
-5288
-29582
33762
33440
-35904
-38831
-37874
-5034
13059
41483
-20860
37461
-25036
8647
-3196
41158
-33376
8807
-21512
-12574
18479
-37390
-32856
-11884
39084
10065
-65
-950
-26203
12420
-6548
5304
-29497
-1317
18056
-23485
-28140
-40027
1646
39914
9988
-37727
-22285
-38832
-22160
-10015
-17399
26341
-4828
17079
23631
29246
-24845
14949
-30452
-26029
23161
25653
37389
-28084
-28457
-17669
-16213
-34801
-7625
38575
-25038
37274
41261
-14683
-29931
10183
-8314
3271
4781
39937
38964
-24787
-39302
-15208
29623
3770
-11299
15523
-11513
-31927
3049
37358
-11792
-1641
-5881
1596
36751
33841
-24047
-39133
35795
-14051
-29296
-8854
-30113
-11179
-21146
3914
-33415
2638
3885
-19254
-19520
-16841
36989
-7557
27991
15775
40182
37112
23690
25082
-23398
-30950
17959
32838
21391
33080
24052
30257
5205
18082
23716
31668
-39193
-39759
1256
-11371
11189
-12675
29028
-7782
39787
27734
-182
-10768
1549
28012
-25854
3653
36544
23615
-13779
-4569
-2407
16090
2445
2864
-27243
-3857
29786
-10998
1628
17199
8134
-15331
-30160
20709
-41172
-16915
-27618
15837
8418
-12495
22221
-2975
-24171
-39805
-28419
-41735
11067
-34204
2619
-28504
-15754
19725
-5989
-31489
-36209
-25724
-30313
7060
-10832
-31781
-12066
22961
10949
-6682
-35264
39650
4687
33999
1107
-26992
-25781
-4974
-30040
-23395
-38473
-9179
-14130
10546
34766
18988
9968
15167
-35328
39831
-37370
-34578
-22953
26127
-35548
-41338
-41519
-26112
-26644
6697
-40660
-35693
24924
-36674
40151
18612
-1784
-8203
40208
8168
18852
5049
-1927
-34010
19352
25197
39904
31782
40230
1398
-28912
-8405
41824
15540
-25693
29870
42391
70
-25778
41359
37012
43240
14809
4077
6910
-4029
9628
2158
-8418
40810
38865
8240
-10103
33108
-32772
41505
7385
8051
9272
4890
-13219
4927
220
31435
36305
-21585
-29559
-39340
40424
29114
18817
-40634
-23590
20844
36753
-10917
-14114
40549
27720
-8508
20918
3834
38616
3678
-19600
8347
-14204
-28301
-14788
36783
22084
-4465
-7649
-31475
-2706
-4005
-2394
11046
-16620
-39349
7883
26881
-21041
33807
-3523
-27450
-21044
-9678
-392
-23045
17256
-33308
17608
-21215
16121
-17475
18636
21700
21799
22333
-30153
17898
6459
-14074
25307
16580
-3320
14818
27870
22145
18794
39483
-14659
-29887
16488
-31026
-11732
-23593
40011
-2583
7060
-9797
4720
22014
-40296
-25545
24486
10751
5036
30877
20305
-19664
-23906
583
-850
41565
-12431
-34936
-17022
-25634
250
-6219
-7037
36587
12156
-5825
-27835
28968
-15144
31855
11428
17645
18304
-13931
25896
-19710
1970
-19642
39562
-40820
-25943
11922
-10024
13673
-26687
-1475
36210
8456
-36163
-20083
-12725
-16259
29893
11372
-26247
9958
-17860
-14666
-36780
-9135
-9010
-32346
9138
-29824
15796
-8952
-31792
-7013
23775
10398
10952
-5105
-19043
12394
33144
9054
-13483
2767
6888
18628
-19400
16367
18392
-898
-11348
-21197
4011
25915
27804
-6958
11895
-18168
29786
4068
1079
16792
-28264
19322
-32573
15125
28481
-17597
-27167
35596
26081
-39796
-9119
-32923
12361
-17363
-11237
8415
16482
25676
27284
-5371
-13594
-5782
27558
-40611
11276
-30794
3265
-27295
26753
-35181
-36271
-19349
-8675
-39763
33480
-24407
-3053
32447
35730
-2306
-22918
35409
33495
23580
-38236
24712
-3292
-38097
14165
41503
6981
-15398
33162
-15937
15290
-29414
14990
20501
-24140
-24414
14373
-27885
-24190
-32305
-10970
25727
-18324
-5556
38206
-24732
-27935
-19906
19100
7383
-7331
3951
13325
7609
-19715
25227
-30452
3128
-6671
-28440
19110
1236
-32350
31848
-4239
20706
-34841
-30283
8867
20562
41325
-17432
5183
12924
-33942
25286
-3193
-14021
39174
-28734
26477
-20222
23134
1845
-10518
41527
-21735
27744
11349
19056
-7258
-40404
-30632
-19068
42034
-40652
25439
18105
32522
12132
-15961
-35332
21787
-20827
-26696
36422
-21663
-15907
23907
-7102
30803
35667
22331
-12152
-3642
29055
8048
-32550
-19105
-16078
38962
-33441
-40656
-25887
-3023
1454
11521
35036
40012
-33180
-5399
19989
38722
-19370
-3873
-32030
11839
10122
-39983
27499
33548
23508
11057
-18068
40025
11691
32878
-29026
-39042
-19633
11515
29084
40907
-30833
-26091
10317
-21445
29322
-40948
-29342
30970
6154
-11072
-31609
-33052
17761
13166
-25368
-16404
12694
34220
25953
-25929
3022
35042
10005
40923
-13253
30764
-19216
-31264
-12373
-16354
18901
-41140
-30654
8016
-39515
11050
-37938
-17143
3459
25528
13650
-8906
41397
-28557
24455
39519
-14875
-78
-16956
-8555
26361
18495
22132
-24813
2747
34453
34738
40148
-10673
14571
30306
-40395
-39074
16970
37165
12728
22006
31837
-11060
22020
40776
-36434
-13374
7994
22385
10333
-26009
-18272
-40601
-38078
-35297
16498
-32033
13531
3581
-478
-34984
-41388
-41981
13994
15480
-3492
-5279
31262
-3974
-8788
37921
-24946
26196
390
26687
41491
-16568
41488
28253
-19608
-21012
31748
-31691
-29964
-32896
17450
35798
4242
41494
-38750
-24505
-39765
-721
-13318
20679
-1889
23025
-6455
7092
29983
-33521
24035
-5856
-11371
-40164
12417
-34987
21008
31054
-38762
-38863
14524
-35224
17242
-29399
28292
-20012
-19811
-3415
7010
-23727
-42997
-10464
34212
3971
39688
-9944
370
12925
40161
32991
-3034
-26775
-22565
-10567
-18912
-15533
-24718
-34335
8983
-25975
-15173
-23647
-14718
-29178
-29333
-14141
-23142
12626
36387
6484
-25438
-33170
-31202
13924
31578
21995
-11286
26703
-29208
21132
-21489
901
40283
-9312
39614
39288
3621
-35880
13686
-5278
20669
-5241
39188
19971
-30468
-35797
6262
18362
-11885
-20346
-30938
33284
23937
-7522
37581
29998
29030
4592
11877
-1488
11943
4950
-10741
18258
23869
21464
12835
17459
-29174
-31559
-284
-27708
-33958
-38666
-5898
-6969
14194
-36663
-869
-17936
13905
8470
23257
23125
14568
37715
-30528
-18959
-24212
35955
35389
-26383
20088
-17952
35719
-24469
9861
12280
34277
12706
-10607
36315
40634
-28592
12922
-16288
26321
-29692
20975
-7115
-26996
23005
-16861
1330
13512
28730
12090
-34925
15633
25043
19531
18805
31027
-28568
-35991
-32546
11932
-5402
-40858
29808
23781
-41058
1481
-40765
39669
2788
8991
4102
5153
-20716
-38405
22947
40734
-35526
21933
-30307
23800
-2282
32112
4990
20471
-36783
31680
-7987
-10803
-24850
17921
-23250
-17555
-8562
14699
-9140
3928
-24784
-37340
28318
-26282
7337
5229
12006
6293
-3496
-11488
12669
29392
9437
33858
-27500
255
-12306
39040
5067
25940
-5655
152
-24406
36655
-148
23508
16677
-7825
34444
-7610
3466
-25098
-21412
-31827
26959
-654
-22626
-27115
24827
21107
-24433
3959
-27451
39078
-34846
9900
-23311
38762
24460
36961
-1259
-3284
-35569
23536
-37282
-39326
-6967
31326
16945
-3609
12029
35446
-9763
-3498
18256
23456
33888
-25015
-26518
10467
-41208
24763
35252
-10879
-31349
4549
-17270
433
8071
-12250
12136
-8752
9787
-32430
-1894
-37099
-34623
-9657
-22788
3311
-39669
-28119
12569
-15449
-14866
14511
22987
-11440
2931
-24019
15937
-6010
35197
515
-10420
-17565
18724
-10152
12070
30159
-25455
12548
8902
35352
11118
-38158
-39549
31770
-27985
-3174
-29767
25146
-12402
-42693
-40430
-23830
-30869
31178
29563
22824
-40666
38858
13686
27718
-17307
18249
13658
-12753
32567
15785
-23704
-23074
40151
-30046
-10860
2931
-17239
-5798
-12411
-25420
-14310
29802
-14658
40160
-26691
-5751
7508
19324
-35770
8699
-7474
23792
8801
-28286
10274
35133
32191
5402
10343
37777
22017
18278
32870
-27739
31190
-41605
-38694
7657
-24228
-8575
36318
-10958
29006
19281
22815
-40364
8258
-25359
28594
-37629
-15944
25570
-17157
-1276
-15471
-41898
-31023
12089
-27683
152
-935
38215
38602
-6737
-15345
3157
-21838
16082
34514
36608
-16173
-14074
-15766
13702
38142
22393
32431
-38145
-25064
-26800
8218
20001
-35280
37024
40531
589
8644
-38631
-31215
-19490
-33008
-37171
-27032
13530
22501
35738
30503
-3822
17245
22795
-4269
24424
-15708
-26923
8079
-18837
15117
29205
-2988
-39430
-14711
5364
-26573
16473
-31756
-12594
-24426
7984
-14071
12129
8477
31256
8246
-28973
-6389
23747
20641
-9990
-1177
40812
26811
-673
-4217
25995
-8595
-24651
35928
-2046
39182
-22562
3934
4814
-10913
-23195
-7211
-22871
-24984
17699
5781
-4339
-25335
37841
-25710
-35018
-36908
16688
-7073
-29223
-8260
-37708
-31444
32445
14236
-21523
4047
34
24793
-25931
30265
9857
22369
19037
-39734
-15234
-33256
2762
37347
34444
-16879
22064
12657
-5540
-34125
-30035
-3984
-24455
-3125
5930
-20569
14474
39437
20685
11354
26451
-21835
-37512
-21732
15291
13613
-28781
-31041
-7149
8930
18610
772
13459
9993
-33100
-16831
32070
-4690
-712
29511
12773
-11594
-3716
20639
11936
-40341
38200
-12656
-36939
-12295
-32635
7071
-33020
4070
-38750
13455
-38266
-23723
36492
14410
-38049
-32224
-581
31176
-3425
-25002
25048
26853
-5932
10690
136
-12193
6785
13091
-1816
-17163
-5234
17337
2951
6331
-39678
-17937
17825
-34745
11711
21158
7562
18505
-23965
-8698
-11451
12187
-28790
-31703
-1030
-13425
21266
14531
29816
-4566
8484
18617
-10544
5612
-41792
21253
-1486
34230
-31493
11364
-32670
18704
13322
24168
-35530
-39668
-25916
-24813
-6732
-1970
32422
33199
-33102
14469
19799
3625
1288
-8222
33770
-19337
5733
18684
24962
10960
-3147
-22821
3073
14499
11062
24971
23063
-18652
40740
-6230
10824
-8660
-162
-9867
25566
8591
34892
-37443
-8725
-36185
-14432
16409
-8335
-18443
-11065
-10858
29301
-3479
-9316
9602
-3991
-16515
-29627
-28952
-2099
-27463
37530
17790
-7524
-2967
-7853
13385
10480
-29045
-34771
1622
36047
-15797
-25479
18719
-3500
-15317
13822
31400
-21106
-25347
-25084
12204
28095
-14843
5140
12964
14613
-33585
-35087
-8423
423
-16263
-25424
-25773
19013
7813
-14845
-15034
3380
13458
22055
-621
24121
18185
32480
-38790
32071
-6168
-16584
16888
40293
7656
5246
-4815
-27805
-21764
12381
15229
39263
-20230
14657
7653
25394
-32788
-9089
23171
22549
-33998
33319
17301
7725
-20382
25791
12804
-336
-9368
14483
-24605
15449
-23647
10195
39232
-23891
-13257
-16838
21050
871
-14110
11991
-33873
-4024
-20687
-25700
-21038
15502
-1765
20657
-241
3628
8740
2345
-17231
22577
7815
-32646
945
-4255
27937
-21753
-16799
-4291
-19255
-14349
18031
33143
32394
3959
-8854
24535
12992
19223
29039
30586
-17425
-1861
-39549
-21404
-38234
1543
5798
-39230
36065
-5442
-10705
37826
13720
20870
7649
-21897
33946
24593
-41285
15655
11610
33767
8403
29147
5993
-8639
26836
35186
-13868
-36151
-10247
-37316
39933
36308
-4839
19059
13602
-18000
22493
-12741
-27961
30580
-22531
5778
-17300
14753
-25155
-23283
164
16087
1104
-8111
15146
-33964
-16215
-35221
17372
26422
35984
-30084
22836
-12014
-29746
6043
32211
6636
-1252
-36005
18328
-420
16906
16143
-12060
39442
-10281
29341
2364
-723
-4176
-15985
-22920
873
-34137
-26947
-23516
-24905
-13083
3041
-11996
12444
3979
-31134
-39976
15498
-11443
-34362
-23617
39851
-26446
23579
25837
-19700
-31575
-13503
-40926
-20385
31354
-40621
-5073
37266
27345
13108
-7933
-8792
-38561
30653
28805
13467
-30103
-16812
-12839
36930
-27084
21427
-12146
-34822
28551
26616
-18598
25027
17370
-19070
-26940
-35770
11957
7681
19838
-18761
-32874
3792
-37619
33906
-41422
-30056
1608
9138
-16265
9070
32021
27225
-33676
-22912
-9612
-9414
-21913
-40843
20204
25778
1047
-28132
7004
-6852
-28977
2206
-23484
-9775
-6954
-17878
26391
7035
1177
-20620
22912
-13810
28012
39058
-2812
-19797
-6720
-29555
-28175
15690
-3484
26743
-8341
-28920
16794
-8572
11264
20477
30498
27148
37118
-27202
32884
31472
-24252
-12851
37759
-815
-30575
12779
-13891
24774
-13783
11445
5628
28224
-17778
19405
27356
-34120
-32521
21723
-9017
34424
24782
-41112
-25794
-20999
-24994
39525
40477
-25879
32820
40937
-7577
-11200
40013
611
38396
14296
-32223
-23318
39762
32050
-22531
17378
-32900
-17618
22288
24962
26570
-22750
-17660
-15129
-33000
-6218
39775
-23639
9220
34351
25937
-37096
-37205
40844
-23291
-24028
-32006
-6121
39958
32693
34418
23721
28137
-11519
-22789
-16881
433
-10856
24885
7252
-7743
40332
31333
-21516
32578
-10483
26529
-19369
-3025
-15851
-31107
-9624
25780
-38188
-9816
-14258
20512
9426
-28866
33783
-41018
-26245
4966
3203
-27925
-15002
-18340
32934
-21165
11185
27835
28341
16920
-6146
-21795
-29593
13625
21944
27838
8261
10001
-23112
-6144
-19368
28460
20965
40849
-24577
40513
29697
8958
-26136
31914
-30485
21271
33689
-25588
-11112
-10333
33551
5112
-6906
-25415
-30403
-28950
14274
-27932
27738
37198
-34173
-21370
10480
-12959
-1127
-18791
35866
-13101
-33115
-15189
4785
33957
16724
-35141
-961
28780
-2192
-12464
-29251
-16490
32662
-33063
-15810
20285
-23802
12006
1734
-7816
36291
-21651
-11356
8719
-31632
-38915
13711
-38561
20102
17637
-40819
37128
-9513
13365
6718
17545
-35827
29969
-28155
-22217
-20483
-34208
21115
9139
1305
-29251
-1394
-39189
28526
-38302
-32848
25174
-2161
27830
-16993
4302
-29944
1640
18725
-20329
3598
-39927
21
13227
18245
40437
-13476
-11506
-11127
-37913
15209
18334
571
-25919
-190
-3654
-7984
-25334
15261
15085
-4705
-25145
-9750
-9526
21015
-5091
-9196
-19593
-22313
-4721
23926
25413
19150
-6088
-11469
-22460
-23674
14522
33269
1801
14034
-6869
-39979
-1074
38143
-24375
29670
-38953
27410
-17556
-36083
-8934
-35809
6032
-34613
-30533
8472
-15168
-40911
-35728
4075
40533
16227
-34090
-4615
33244
-37274
12932
-20127
-29006
-20219
27788
17164
-15804
-28590
-26309
37439
6065
-9579
-2239
-12468
1954
-9609
-23675
17526
17515
6305
29971
-2697
-8112
-6318
10880
-37134
-17268
4764
-10887
-18535
-37320
36432
9321
37979
29767
-33165
-29806
-35879
5707
-21788
40142
-32146
23741
-26447
17366
-10012
28056
-23399
39550
9923
676
1161
-5331
39651
-4663
32063
-28907
-38618
-30854
29913
1001
311
-37143
37206
5981
12504
12780
38914
-30770
32492
18392
5104
9733
-8652
4102
-31066
-32338
18615
10405
22207
-17047
-22129
8530
6342
9533
-36480
16981
-39062
6070
1621
-9907
4473
-38518
-8502
-2159
38663
-29326
-29153
18662
38170
7922
-12856
6444
25666
-28596
9962
-18660
-8583
-17553
32353
-28380
35106
-39133
-10141
6491
15173
3649
2535
-5880
13844
22783
-27130
6081
-8896
-13739
10837
39404
-32280
-20834
31766
-27690
26580
999
-1701
6122
24432
-30415
5038
-32499
-24464
38903
-16008
-17982
-7295
23281
13771
39137
-34323
-32396
-38620
-9329
-29381
-15067
20346
-1923
-14559
32097
21958
38082
35204
32424
-1381
32007
7488
-514
15369
-6195
-2862
-23039
25176
-27576
21160
31789
-34854
-4728
4351
32751
-37172
63
38593
15308
16760
18452
-21943
-24295
-29954
-7603
-32631
24701
-14649
27703
-38256
-20942
-26797
-32584
30104
-33353
4772
-1620
24678
-35448
-11619
-4278
-29689
6853
7315
-38047
-21663
18429
-35861
-37631
-8980
-10115
35572
-19340
-36675
-6403
11957
4561
-15277
-12854
-37174
-19326
-9945
2039
919
-241
-32974
-21738
18068
36778
-18851
30585
34776
-6391
29850
-28181
13081
-12923
-13882
-12419
20028
-31641
-29841
20637
33107
1772
28221
22798
-7477
-5713
34927
3601
-7132
35970
11988
-12546
-37287
8601
-33898
-7008
-35845
-38379
-40847
-17431
-17995
-34498
38661
21825
20424
-18903
39500
-1004
14136
9690
-20569
-27234
25418
-12130
41241
36443
31749
17074
-40101
17584
22682
-1081
30143
-40201
8615
10157
-16804
-26043
20055
-15604
11638
-20525
-23235
29615
-37023
-13209
-7074
21153
16964
-26833
36600
26852
35777
-11094
-25709
5403
-23042
19068
-28066
13729
10285
-27694
-38720
26048
-18611
15260
5433
24614
-29515
12384
4043
23046
38463
-15511
-34150
1684
20179
-23442
28246
40418
-4578
-29221
-39558
-12855
-5270
10063
-4639
11968
-39911
-10159
-26511
-4252
898
25082
-30563
14017
28355
-18737
-16696
32352
25927
35063
31626
40714
14835
694
-28849
2856
-8411
-26061
-5155
14418
-37846
-18660
0
0
0
0
0
0
0
0
0
0
0
0
0
0
0
0
0
0
0
0
0
0
0
0
0
0
0
0
0
0
0
0
0
0
0
0
0
0
0
0
0
0
0
0
0
0
0
0
0
0
0
0
0
0
0
0
0
0
0
0
0
0
0
0
0
0
0
0
0
0
0
0
0
0
0
0
0
0
0
0
0
0
0
0
0
0
0
0
0
0
0
0
0
0
0
0
0
0
0
0
0
0
0
0
0
0
0
0
0
0
0
0
0
0
0
0
0
0
0
0
0
0
0
0
0
0
0
0
0
0
0
0
0
0
0
0
0
0
0
0
0
0
0
0
0
0
0
0
0
0
0
0
0
0
0
0
0
0
0
0
0
0
0
0
0
0
0
0
0
0
0
0
0
0
0
0
0
0
0
0
0
0
0
0
0
0
0
0
0
0
0
0
0
0
0
0
0
0
0
0
0
0
0
0
0
0
0
0
0
0
0
0
0
0
0
0
0
0
0
0
0
0
0
0
0
0
0
0
0
0
0
0
0
0
0
0
0
0
0
0
0
0
0
0
0
0
0
0
0
0
0
0
0
0
0
0
0
0
0
0
0
0
0
0
0
0
0
0
0
0
0
0
0
0
0
0
0
0
0
0
0
0
0
0
0
0
0
0
0
0
0
0
0
0
0
0
0
0
0
0
0
0
0
0
0
0
0
0
0
0
0
0
0
0
0
0
0
0
0
0
0
0
0
0
0
0
0
0
0
0
0
0
0
0
0
0
0
0
0
0
0
0
0
0
0
0
0
0
0
0
0
0
0
0
0
0
0
0
0
0
0
0
0
0
0
0
0
0
0
0
0
0
0
0
0
0
0
0
0
0
0
0
0
0
0
0
0
0
0
0
0
0
0
0
0
0
0
0
0
0
0
0
0
0
0
0
0
0
0
0
0
0
0
0
0
0
0
0
0
0
0
0
0
0
0
0
0
0
0
0
0
0
0
0
0
0
0
0
0
0
0
0
0
0
0
0
0
0
0
0
0
0
0
0
0
0
0
0
0
0
0
0
0
0
0
0
0
0
0
0
0
0
0
0
0
0
0
0
0
0
0
0
0
0
0
0
0
0
0
0
0
0
0
0
0
0
0
0
0
0
0
0
0
0
0
0
0
0
0
0
0
0
0
0
0
0
0
0
0
0
0
0
0
0
0
0
0
0
0
0
0
0
0
0
0
0
0
0
0
0
0
0
0
0
0
0
0
0
0
0
0
0
0
0
0
0
0
0
0
0
0
0
0
0
0
0
0
0
0
0
0
0
0
0
0
0
0
0
0
0
0
0
0
0
0
0
0
0
0
0
0
0
0
0
0
0
0
0
0
0
0
0
0
0
0
0
0
0
0
0
0
0
0
0
0
