-21158
36702
-37946
-36063
-23134
-11565
-40746
-2018
19775
33060
-14395
-30992
35956
-38639
20116
39551
34278
30341
29755
32325
31739
5585
-30708
-9951
23715
-4093
2389
-12195
-32350
-22533
16257
5638
-8071
-16961
-32985
-12135
-32617
-11260
-22071
37034
27499
8309
24679
-7811
-2768
25332
-504
35009
-22601
10578
21016
22030
20767
14968
8415
-21664
-7242
19766
-14391
7007
-15040
26258
13244
23717
-19816
24308
-38924
5316
-41586
-28221
22555
33332
-15294
-28232
7054
22894
1025
38976
9697
-21572
-15176
-3185
-36325
33118
-6667
-34136
14837
-23933
-8805
-29339
-20723
-3580
694
-13846
11519
19719
2475
-39416
-2317
33108
-20209
3325
2847
25009
19847
9936
-29558
-32892
-11862
26319
24636
4569
-20652
-1470
-24180
-21260
-32408
-25099
-38210
-28569
-19786
-7462
-25129
29071
-26695
-1674
11653
30433
-25437
-41671
-11182
24343
36457
31447
-8628
-4079
14082
19981
-21840
-5688
-33629
38372
-36428
-27928
-1228
25935
19899
-31818
-42481
726
-5065
-28251
8403
22855
28686
-17945
-22984
14903
32267
-28350
27854
-6190
4706
2895
-8341
-21376
22703
-1571
-6234
14099
28945
32950
-1588
-37585
-4015
39438
34503
5476
-8921
-30971
21327
-10050
8147
-31128
-14900
-178
7987
9500
-5158
-23449
-20230
-5370
-20879
-18502
-32415
38529
-32082
12745
-30724
35854
-1395
-1327
13767
11193
-9956
-14324
12870
-31122
33453
-33082
-30522
15855
-5718
8668
34891
-30081
-21294
38834
17716
-35648
21907
-1869
-20854
-16517
-24618
-14811
29893
-40818
5260
-39468
9398
35959
37296
-26187
8797
16301
3099
-5337
-24210
-34375
-28486
-34378
21144
-29801
-8735
14127
29465
-33180
37416
26693
12289
-9630
-41793
6617
-29190
-3922
-13212
14140
8360
-43282
-29082
-1866
-10875
9860
7125
2749
38242
-6162
6227
22683
-5648
23399
-23898
-22223
8777
22999
5796
-4002
4917
-31316
-2916
6570
9618
5798
-35266
25103
-38225
34342
-5938
22684
36944
-33924
39249
-34880
-22050
-8775
4621
40194
14497
37273
-37409
-34264
12299
19013
29418
-24347
-13209
-10559
25755
-21964
2195
-14741
-4039
-4170
-1886
33954
26389
22775
-18494
-22555
-38290
-6601
-20206
-10190
-22512
23463
5297
-24178
-10395
-3206
22762
10646
19649
24021
-36417
-9391
31094
-17323
29743
-7761
8359
-21098
16854
-3005
19832
-2473
3684
36007
-11331
4811
34342
-29213
-24561
-12588
17579
10967
40067
512
19502
31427
-12597
-4326
-17793
-22548
14635
7882
13211
13141
-11888
-1371
37946
-27178
-2657
18816
-36850
-5056
3422
-15964
19724
-1029
-16950
-27351
-36261
14847
-35346
-15830
1617
-37759
12186
15572
-21667
30468
16650
19863
-34027
30534
-41971
-19282
-21290
-6496
-22982
-970
-26670
-5043
6461
-10403
-14491
-7832
7618
23680
-3753
-26708
20892
-24060
16611
-28270
23306
-33514
12381
-24054
-1058
19062
-36365
-8152
12849
30041
-13171
-37790
-30755
13137
25241
15836
-19906
-11808
4273
15751
6134
22643
37619
-11708
-30058
-29955
-22593
4176
13274
-34776
27671
-17169
23449
-9023
-40875
2959
2484
14440
17795
-24989
-32965
-37509
36293
18958
-21990
35857
14391
22210
1020
-1005
-5840
-24816
29614
35114
-30854
-1901
27158
-30556
24527
-28607
6688
-8729
31297
10104
36450
21692
-33945
-32027
-13731
10514
34234
24468
-37151
-10241
-25096
12225
23578
17459
-15671
30950
-3705
36456
-1262
38038
-18946
7978
-9025
14256
24579
-42664
-32285
-3239
37678
31128
23999
4693
-17654
-5329
-32250
40322
40055
-28015
7548
8464
18232
28489
148
3324
-28502
4901
31398
-23664
36783
-32556
-40354
25784
-11395
14272
-25280
-8865
-8313
-15129
12117
-9096
36546
-34308
13310
-488
25141
-12076
-25383
-34329
-28773
-13345
-19416
-23264
8324
32856
13463
24004
35854
9715
-3723
32354
13426
24496
-1494
5049
-31208
-29020
-12674
-18241
-26799
-34598
-12987
21985
-5442
-9123
-10840
24996
2607
30523
-29987
-21986
35775
21014
-26378
-6560
-3007
16583
36020
-21069
24648
32171
-38299
18461
30825
-41217
-9440
-16736
-1330
1038
11
29004
-8446
-2722
38206
-24933
5765
-37464
32878
-35665
25960
-27609
35295
-29868
28581
3834
5959
-4128
-29235
-21764
1620
-16358
-18350
5239
-31652
15701
-7987
25715
-34778
-1646
-9685
25536
-20611
5467
-37641
-7099
-40276
30686
19727
18612
34224
-16398
-40447
-27433
18740
-26375
-22580
13955
-13225
17340
11456
-26381
18820
-21790
-23162
24879
-28654
-2535
15821
-8860
3087
-10218
-26967
8105
28665
-12364
9508
14316
-1271
19481
-40758
-14430
19996
-30477
-38438
-15318
-14266
10305
12963
-16062
12871
11745
-12370
3297
35341
16944
-426
-5931
-3845
5354
-26741
36759
-18211
25542
5028
-4690
26488
-39344
-16962
-28539
1621
30687
19911
-31243
-29427
-31250
10700
-3710
-30112
38918
36250
32473
-18015
-10607
-25645
-2844
20598
-18012
13423
32622
-31723
-24483
-35303
7467
-38534
-41281
-36207
34333
37071
-38849
11483
-35450
15276
25812
-35466
-12181
27991
-26844
5819
-5205
-21219
-6772
-36761
-32099
14820
32867
-7314
1472
354
15344
-33146
5333
-25099
-41104
22741
-16609
8586
-11312
-39846
3717
-325
-41348
4293
40288
4236
-12100
-25219
-28055
-18821
4951
40203
-3416
-3152
-36896
36174
-14067
-3305
19748
-40116
39785
-32450
29064
-13230
35958
-9496
-38657
4890
6320
-10700
-18036
-14541
-17023
-33517
-19633
12790
17010
-19939
-31622
26281
-1230
-1013
29038
31160
36644
13944
-36365
27303
13853
18885
23419
-21067
-30793
-33664
1553
-18568
-39662
-37519
5201
-33474
-16429
-24206
40522
30886
22761
22220
19739
32416
3508
7300
18158
-29360
13922
29608
8023
-29079
-7729
-1282
1758
37299
-9195
27776
20605
23911
-6170
-7431
28722
3651
-39424
24307
31030
3313
36428
-28248
-15796
10606
-37686
29103
-24394
-25492
-11229
1936
-19120
-12272
-41861
-22940
33382
25939
23500
-25653
-26542
-9283
-38575
-1732
14132
10657
27858
40463
-20725
40533
-34526
3874
32958
14092
-20548
40080
-39757
15677
6964
22936
-19210
-17962
8281
39413
-9789
13335
8134
-36225
26081
-27517
-25477
-32136
-19684
-19761
14379
26446
30227
-6983
-29626
9442
-18725
24528
-24265
14449
23753
3112
7750
-3975
-5807
9333
-38223
-42262
-5862
9134
20607
-34216
11346
-31892
19446
-29096
37327
-25513
16015
40380
4481
29313
38011
7837
-2910
36570
28772
-1227
-17871
-30619
13691
29323
-32546
-35168
20261
25193
-7776
-19326
8307
11273
3984
-34392
15731
-3427
17402
-1281
39057
-7377
-18636
2798
-1314
37613
12638
33397
-26196
18199
1592
29131
1717
-10466
28802
-7886
-38287
-35125
-41305
5161
-19085
-35024
-4652
38716
-4394
-33078
-39064
-14673
-15235
26170
-27020
21457
7624
34028
17553
-37001
-12684
-26930
-31182
-32336
11182
2159
30217
-24796
33009
-20096
-23750
-26712
-37074
13345
-11072
35686
-39150
-3272
24348
29139
-24592
3287
-15797
34404
17738
23188
-6110
-11135
-3115
7378
-24833
-40564
13140
1658
-6260
8263
-42354
-27528
-41799
-7043
18333
16548
-36680
-26438
8885
-17790
-4561
30374
-6580
-507
19777
13242
22343
-24613
32846
-4879
-24846
15969
12333
-10144
-7994
-37658
-812
-4507
-1478
-12382
12722
25692
-8187
-18988
-17151
-21873
-19884
9205
35789
12550
-11976
-39667
33771
-33391
-184
14453
-973
-23586
9354
-4869
184
34013
-18444
-5205
22590
14710
-32065
-31290
-23446
19508
38329
-17784
-1451
6821
-15401
-3810
39300
-7543
25744
-16648
-30922
-29372
-13012
28764
-23837
-25154
5742
-8469
13251
31361
-24600
24738
40734
38703
-18583
-20229
40734
2514
-15690
38178
-32637
24918
32096
-21089
-38499
13184
7706
7686
35801
33063
38172
6141
40429
24944
-19379
7549
28356
30470
-23916
-7736
39600
19339
-34739
-18466
27204
-40244
8527
-39570
-40146
3021
35269
-2625
-33683
-43508
1487
24987
-3095
36323
19712
2727
-14838
7173
-8437
3027
-6819
30538
38944
1082
-32224
21588
29897
-28301
11818
-29299
-12307
-2457
18179
-23131
-21720
-20364
-22919
-16967
31806
33369
36037
27795
-38616
1032
-7235
22731
33158
-16324
39751
-5846
-26174
421
-23091
-36076
14868
-38303
6131
-36493
-28434
-18193
-25685
-3721
32354
7248
26458
20937
-40741
-21618
-41350
12446
-33977
-17718
35799
30623
-9052
-9361
-5343
-37369
-28050
-39708
-39404
744
-32202
7402
-23781
-22393
35219
17148
17732
-23136
-2455
-37812
-10258
-32300
-30354
-14336
-28152
-35784
38069
-2576
36761
12923
-19832
-26071
11285
9651
40876
27180
459
-32902
-25849
-2785
-22990
-2191
20469
-39590
2334
17971
-27354
-7918
-2517
13754
-20829
-2616
3010
-1249
17311
38185
6674
31055
16504
-26505
37072
-3295
37667
3636
-37166
8175
37623
-14628
35325
-2919
2347
-25495
-19231
5425
21239
-18086
12528
8735
-9779
-21689
16513
7818
39770
-19739
13924
9911
-23597
-36115
-13822
-221
-5018
18840
-6231
-7244
-29937
18479
-487
14868
-20012
9061
-29658
31755
12196
-16250
35503
-5355
-37642
-38806
-15006
24606
37335
-31793
-10304
-17562
-36257
37033
22836
40096
-20511
-719
20921
4729
-2750
32179
8189
34193
31685
-14948
-18502
-15270
7829
-13670
4732
-13713
-36017
8327
9559
17823
37561
-3222
38908
30198
-33424
-15617
-32590
-36142
-19329
8743
-23487
24114
-34136
-24000
20398
-7456
-36569
-3035
19974
-122
-4911
12295
26879
-12792
18311
23796
37834
-23376
28828
-17430
-27294
-1259
9674
32439
-30277
40447
-12061
20350
-1212
-15010
-1895
-27034
-19105
-20245
-19722
-15581
33365
33231
-30768
35992
19988
20443
-35395
17565
-21178
-20141
-1520
-18287
3771
-3974
-18251
-21985
-38089
25841
-34678
40293
-34821
6974
12986
40167
-28852
-28984
13690
38494
-5183
23618
40280
13818
-24304
33796
20250
15246
15614
-14935
-28118
-25809
-5864
-34158
13024
-19040
37267
-16125
16564
-36256
16464
-34675
-20861
-11567
-31279
-30014
-1866
-10592
-19144
15261
-39560
25745
3073
-22134
30950
17089
2836
5856
17685
-26671
-31384
3458
33217
25830
-28646
-10081
18206
6904
-27942
-25258
29428
31837
-22288
-37663
14783
-32100
-6659
18611
-22857
-20256
-19284
-7038
25553
9272
-4597
-18414
41726
-22341
-37840
36361
-26111
-22822
43286
-29889
4116
-36079
-26231
-2406
-8799
2690
10428
8286
17637
11263
11938
34787
-14197
12886
23510
-3217
4125
13965
36608
26653
-12093
941
40258
10119
29743
-2191
-21735
2788
16865
-10139
6815
36577
-8642
-26025
24479
36778
-13366
3108
-29010
32914
17029
1240
-14465
32295
38423
-14376
13490
37928
42494
21684
7481
21863
15746
23901
-23746
32082
37412
27136
-20618
-11804
-18502
8254
4128
-16056
526
1149
24711
7397
13823
-16827
-35697
-30841
33371
-1859
6681
38791
-11634
-8648
22040
-34367
-33690
-32578
20058
-31166
-38658
-11562
-11365
34674
15490
2770
36811
-24039
6517
-26807
-11093
-30860
-37106
-16116
-22506
33478
5132
27621
-20798
-26588
32272
34160
9363
-20316
39350
-36268
17559
-10689
22712
1478
-35824
-18151
19365
25259
38011
26357
-35766
30341
41201
-32286
-30917
-18319
-5093
-31518
-27483
37728
41079
32014
39657
4191
33197
-34074
28900
27942
29591
28914
9570
19125
21197
6493
23001
-21700
-12800
15189
-30123
3599
22048
25493
-16650
-478
-2601
-19393
-5181
11412
-17625
-15046
28204
28694
-6485
-36152
-12844
-28292
20558
3455
-28232
28617
29345
-11185
18072
-32546
-34974
46311
39805
-30630
-19084
10717
25750
-33003
23792
6247
30303
-13308
-1318
10524
39553
9833
7359
-25786
-36390
-14657
34193
22835
-17488
14298
29276
24123
17629
30665
-31113
-15067
27240
38948
-17602
-41726
-606
39549
41924
685
-22374
40553
-691
40041
-32487
-22664
-38699
-30910
13590
2702
30468
20743
4593
41216
-18052
17240
-26934
-33369
27222
-9257
11601
6331
12680
-4670
25293
35674
-14804
-6319
12924
-29137
678
14524
18426
-5128
21408
22274
36361
7615
-41137
13463
-21808
-201
-2171
10790
-228
33087
-18866
9186
-21483
-6466
26620
3805
3816
9588
-6632
-17799
-24939
7008
25955
818
-15313
-32654
33995
-95
-26315
-7595
23026
28919
-6177
-35491
30308
12704
23219
33486
16987
11613
39396
-16340
-2829
-15926
-16942
-32617
3440
-20695
9493
11441
39476
21050
-25131
-8334
-22951
19385
17390
39059
-35684
31515
18643
26247
31291
-6139
-11760
33314
6555
996
3078
23337
-17163
-19702
13908
-25319
27648
22503
10938
-41559
-1866
32004
-25219
8521
-20178
-32464
-37579
32151
18701
5763
-449
30770
11614
-34805
-16336
-15569
-14473
27273
-29639
4446
444
-341
-15409
9908
32402
-31571
-25108
5667
16812
-11294
35813
43054
2505
21919
42954
-15184
24213
30625
-24909
-23004
28005
8508
9303
16378
9257
-29804
27214
-19616
-5628
-21432
-27605
38856
19514
10881
-3768
18218
-28964
29446
29302
-28645
27703
20684
21729
-303
31242
40727
-34189
-33299
22188
37230
3922
28302
-4148
31759
-22945
31729
5473
40438
-14524
18298
-2735
41410
-24035
-29100
18
-2109
40719
25548
485
-27976
-26724
49211
-16234
34666
-3184
12682
-17417
-36918
21685
6495
26625
-21512
-18503
-15082
-18898
8167
22151
-8337
10156
12331
-36117
20148
3996
22510
-19416
-12497
40483
-40306
-37448
34735
-10503
-4865
19185
-3256
-28406
13499
38605
3071
24460
-18990
40025
7388
43177
-20227
-28486
-18319
-19146
29699
40531
-22096
37566
-21537
354
-13719
-2433
-16552
8891
5305
25579
4136
-14987
-32288
13158
-8124
8348
-40070
32694
-4218
23828
16271
-39565
35306
5651
24278
-39444
-37371
-40297
28006
2229
33550
-14072
-22344
5830
3449
-17092
-6596
-24388
-26782
-10012
8609
6376
-35582
18305
-3817
23237
41076
-37884
17565
24733
28836
-3879
-32656
40465
-16045
4401
-23989
6092
18922
-34844
-816
25441
21441
-23328
-31988
21640
-13012
11342
9927
40119
12076
40443
-18626
-9478
-14528
-35191
-21498
-29931
-19434
-6994
-17420
28122
-24060
35113
37027
-21106
-5954
-27716
4061
31547
16157
-41228
-18791
9372
-21959
-24646
-15967
35780
-25966
39811
-30805
-33022
-2854
-34107
17437
-37774
-7385
-9523
-36110
23810
-15184
13384
12254
-22291
-28406
12118
8225
37365
-14615
-37981
10835
11909
-37008
7109
-11876
26173
4678
31153
-25121
11802
33629
-41184
27171
18362
-8658
8617
-15409
-20045
3310
2708
-14896
27719
27660
36705
32540
27311
39357
-17929
22151
2800
4138
25211
-20028
36922
8284
25960
25919
-9609
-38998
26625
-15743
31069
22823
21733
10659
4135
-32692
-11191
-31661
-30363
-21638
-18919
26694
20552
-8060
-4696
-11458
-32684
2766
2501
-12092
22787
-32261
-20054
36471
19512
36209
-22958
32439
23176
-16063
-31702
-17958
-13136
-33660
6175
-9096
-43905
8807
-12077
-14555
15071
-32676
7627
4307
-28491
-38542
167
-12412
-37142
10440
31610
-21713
-35929
-14432
-14039
-3373
-30153
18095
37793
37495
15671
-27296
-10592
3733
8633
-26654
42808
-1538
-28391
11672
-15111
23758
8888
39939
17700
10121
-17860
-604
-8796
12265
37346
2360
-38261
33209
-38934
-24126
-9330
-3493
389
-30032
104
37302
32621
30678
-38432
-29423
38003
-11721
-16906
17705
-10705
23936
-29365
21202
33772
-35411
-41157
-14348
21264
24016
-41979
29202
-702
-10312
18654
-19131
17662
-23317
12054
33398
6080
24125
-36427
-22614
42829
-32165
8990
-7001
30088
42293
34094
-1086
-34104
39809
-9555
503
-20172
5801
8730
33447
-24464
8135
-12343
-33593
-15425
-5415
-5635
-29962
35499
-24795
-680
30187
-13942
-17409
-38011
-37843
6753
-20732
22666
12359
22253
-3818
27889
-5965
1441
33171
20297
9706
9008
-10576
-29794
-37498
-19375
1999
-9647
-35079
1687
-31328
-18305
-16158
4962
23513
-11575
-28037
-34241
34860
-30771
-29524
32851
20102
27740
27585
-32011
-8887
14764
33881
-36236
-35771
178
17751
-34572
-21081
973
10648
21661
-4373
18647
39558
-11958
-22247
-27502
-5709
9101
16333
-32866
-26889
30297
24052
-9005
30744
10986
-10707
-38872
33169
6781
-15949
-41279
1182
26963
-39277
25725
19789
-15020
21306
-7465
-24660
36066
28423
34558
-33459
35928
18683
26446
-28093
-30472
17937
-36887
-25383
31575
8380
-35764
39047
24794
-38378
4074
-3692
-31557
16763
28695
-16781
30098
-8686
28143
-24886
-40257
-25011
-20072
7755
-21412
-17271
1774
24306
-29937
-12848
9155
-35369
-34117
-13350
307
-9864
-30334
21927
16555
-13958
6587
23270
34873
25537
-2284
-37063
-12170
4461
23755
-23683
19969
762
-19549
-35184
-14188
-33679
-9277
-22231
364
39098
-21815
-38864
114
40137
-35591
-29680
3946
-24667
-18612
40405
25307
25951
-10980
6881
-2484
25582
-34656
14645
4747
10378
40741
-34094
26706
23975
-28681
19663
20388
12574
23336
33739
-2868
-21690
-2241
641
-12435
13677
-22654
3855
-8734
37750
-29969
13573
11903
-9730
-13205
20299
-38609
-15583
-4904
-15451
-26762
36884
42446
14794
10002
-35760
41116
31772
-301
14063
6166
-35740
-21969
16344
10642
10886
-19766
15220
-16656
-10954
20093
1138
-27906
-14355
-39527
7737
-300
14646
41139
3625
-16507
-22498
21646
10835
36944
-2221
-12488
20426
20345
-571
10850
8484
-33823
22196
-14021
26110
-29632
-18189
18436
29569
-36397
-32462
-26750
-26325
-39316
-40317
15506
4521
-23271
-18362
-22871
24935
-19728
32511
-5116
2168
38015
6504
26786
13853
20127
-8731
37631
24585
12446
31332
-21191
29406
26745
6486
21243
-14337
19098
-17680
40702
-35980
-9335
29110
-7993
-478
12338
-32229
-24956
3456
20552
-20791
-343
2196
13371
-32049
-19701
-32530
-9324
9192
-39252
31690
16936
-15699
23392
-23501
8124
4300
-8905
14311
-11196
6965
19183
20193
969
9105
-36296
22758
-17620
-29549
-2773
-31459
-828
35798
-7323
28101
5158
21391
-29155
16117
-14363
10182
40743
16411
33040
14940
42050
25291
-32491
-34956
763
-10384
26621
20200
-20499
31379
38370
-28624
34847
-17451
27483
8273
-11449
27949
-26194
-35931
-7812
-23185
-29909
13599
-11345
-38097
7340
8101
35843
39355
38218
7675
-15110
24784
-144
5656
6554
-4327
-6542
19465
16326
-26239
13733
15439
890
6779
-22587
-6982
-31749
36652
-17542
28754
-14285
22053
40598
38799
-15370
-2251
-18558
30578
-34553
-14956
10973
3513
32084
39955
16427
38890
-35916
-26589
-4791
20357
10865
-18590
5400
-22473
-15816
-38065
-18583
26678
4126
-6922
-10828
-40399
10072
-31980
-34083
37993
21853
19569
-36148
38200
-10826
-32321
-3686
1778
-11582
42027
-8143
2389
-718
7297
-19770
33441
41733
1430
957
3412
-28704
-16096
18312
11254
32594
7579
32458
37459
5707
-17664
-36239
-6861
-37376
23833
17102
-12784
-17058
-367
34519
26001
-936
37447
23650
33739
-20488
33980
-24244
5216
30233
20369
7168
20127
38291
12123
-7808
-33552
-17769
5259
5432
-9162
38504
33241
16661
13162
-34641
-27589
35133
24535
-36079
-5250
42531
-5574
-21555
-32989
4535
42279
-21992
43228
14698
30510
41093
12172
18183
-10801
20361
18069
3058
28217
22774
-22814
38574
-20704
-14202
38937
-2312
41304
-28561
27253
-30458
28766
18250
30315
22613
-31216
-3043
31367
-7339
33587
-7625
-14256
-42799
-11782
-20317
29754
-11889
-40536
-23035
-36258
-13235
-35151
-3736
-27037
-38152
-481
15998
13589
25823
-25224
42509
-22058
22178
-11007
-9758
-5564
3347
41491
22787
19970
37641
-28603
5716
18130
-5750
-3019
29672
-18673
-28480
2016
-15853
5906
-28368
7598
-18070
32222
-40775
8488
13421
-13010
-37118
-20528
-875
7740
-3365
7732
-39349
30500
-33759
23256
-23620
6748
-36176
-1541
-23912
11494
-23803
-385
8242
37934
24507
-17984
-18676
34401
13645
39117
31246
-19958
6488
-24410
-22031
-14242
1513
-32908
-32090
28521
10986
-23723
-13244
-21458
23520
-20000
40567
-34463
-10432
-8802
-38262
-29591
-8674
-24401
-13492
-21708
-15142
-1835
-823
-5897
34860
-9905
20469
18222
-842
31417
33619
-39398
-31127
28878
33412
-41407
-30034
28276
-6748
29658
25253
32114
11754
-38350
-18679
32444
-7309
14921
-40762
-25804
-16626
29935
35180
-18889
19400
39569
39634
10827
-6718
29828
38974
22028
12060
-32780
-36246
21181
17168
18706
6331
3947
-13211
-35348
-39053
-16507
-20286
40445
-39573
-12096
-22440
-1149
-8233
-20823
23811
-3652
-39885
25863
19675
-35176
25483
-6395
-20983
-13096
7716
6728
22492
-41108
-36914
36455
-27393
1012
-3140
28307
35720
-6702
21247
-37013
-35541
-42446
-18025
-19835
15043
6741
26508
-14156
40581
-12661
39679
42097
-35026
-7478
-10684
-20266
36416
-32423
32255
-26008
3771
-7113
37039
36791
15188
-27353
-20428
-37189
-34286
15136
-7796
5017
-31885
29102
-30619
-14995
-4754
-34198
-27093
36071
32340
-36493
13894
-28941
34889
-23508
-25148
16715
19052
3978
-3690
-31055
27296
3786
31084
17594
5061
2358
37865
-26439
-30717
-34061
-5647
-3622
6614
2174
23112
-26523
-9499
-6228
-11557
-22757
-30529
-30466
33198
-16606
-38811
41247
21278
-20794
-18274
6856
-6263
-9048
19108
-32601
16706
1374
-1997
2886
35911
42349
34095
-24639
-28889
-13021
-31264
-17203
-15783
-38666
-30384
-20222
-39806
-19620
-35685
-30061
29558
-8284
20946
31483
10721
9920
32973
-34789
7580
8446
-31482
17648
14483
35872
-20259
917
-11993
28912
-33952
19846
42109
16740
-35814
-7438
30127
-5230
41353
-14685
10686
-34691
-8434
28343
-10174
16935
6225
-2475
-12334
19802
14505
-24510
-33856
14806
4715
19656
29318
23642
-12083
-11154
37163
25461
-34381
35305
-13497
1536
-19862
9092
38497
23547
39661
-3594
12708
-32524
-35703
10837
-32989
-24373
23060
-34422
36888
19372
-19062
-8726
-40709
13250
-25156
38572
4429
576
37634
20420
2924
5001
-20238
27711
-12203
25639
-36736
36393
-34492
-13330
-21620
461
4080
-9454
9181
-15912
39313
8963
-12605
-29833
-22847
38484
7446
23668
39344
-15130
9180
-14101
-1355
-33416
37858
39182
36548
-27125
10685
-17212
-15616
-8402
-32015
-11520
-14677
-28200
-38910
36193
26746
-24980
10825
-3222
31614
-30031
-16752
14051
5271
-25650
-32629
38227
21859
11106
15446
-38407
-6143
5608
-13510
-16501
7942
-5811
-19657
-16773
-39203
3713
5180
1666
23006
-32462
26475
25772
38292
2492
-8905
-9357
13942
-18678
4815
42464
17065
12440
39355
-34495
16752
33593
-24014
-20639
8710
33411
-21746
-10705
25895
25747
-18263
-19803
33937
13300
-34539
35983
20588
2644
19876
-23283
38872
-27292
554
-38456
-17996
-4652
497
3547
-26721
-32159
1352
19095
12761
-22018
-14186
15954
-38098
7552
8855
3102
106
-38858
-24548
674
-13644
-31426
-4022
-166
-18871
-37357
17146
14894
34913
-13095
-19905
-29651
21069
-40424
25912
22736
-21320
-32703
35544
17146
9498
35286
11300
28173
13679
33995
40215
22624
128
13501
3651
6117
8389
14630
-15456
-16140
24471
-9301
32305
-27726
11074
33852
2456
43153
-33131
-25840
-916
-18854
8769
-19189
20536
-20087
-607
30489
33779
-24017
5218
-28422
13984
-37558
-4892
-28024
-37019
-683
809
22599
5642
25768
36108
18875
33034
41835
26675
36209
-22528
-18661
-20279
36530
16350
31076
40303
12736
-40671
19607
-5602
-9760
31422
-7376
6452
-3718
-28841
5630
-18001
-39803
32438
18040
24430
1682
-1935
21542
28530
-18770
-441
33033
-1464
-34918
-31400
2821
27479
-18491
-31920
12890
31055
42091
-38805
40347
-13194
-30679
28138
40123
15437
6264
10687
38073
34577
-3943
-36178
-30813
17665
-36506
-27409
22781
-11814
35354
-10498
-5133
-2372
33094
-12260
3141
-32984
39043
2550
40249
1462
18335
-22975
37781
4944
3251
-12746
-30330
37138
15174
11535
-6222
-36338
-24381
0
0
0
0
0
0
0
0
0
0
0
0
0
0
0
0
0
0
0
0
0
0
0
0
0
0
0
0
0
0
0
0
0
0
0
0
0
0
0
0
0
0
0
0
0
0
0
0
0
0
0
0
0
0
0
0
0
0
0
0
0
0
0
0
0
0
0
0
0
0
0
0
0
0
0
0
0
0
0
0
0
0
0
0
0
0
0
0
0
0
0
0
0
0
0
0
0
0
0
0
0
0
0
0
0
0
0
0
0
0
0
0
0
0
0
0
0
0
0
0
0
0
0
0
0
0
0
0
0
0
0
0
0
0
0
0
0
0
0
0
0
0
0
0
0
0
0
0
0
0
0
0
0
0
0
0
0
0
0
0
0
0
0
0
0
0
0
0
0
0
0
0
0
0
0
0
0
0
0
0
0
0
0
0
0
0
0
0
0
0
0
0
0
0
0
0
0
0
0
0
0
0
0
0
0
0
0
0
0
0
0
0
0
0
0
0
0
0
0
0
0
0
0
0
0
0
0
0
0
0
0
0
0
0
0
0
0
0
0
0
0
0
0
0
0
0
0
0
0
0
0
0
0
0
0
0
0
0
0
0
0
0
0
0
0
0
0
0
0
0
0
0
0
0
0
0
0
0
0
0
0
0
0
0
0
0
0
0
0
0
0
0
0
0
0
0
0
0
0
0
0
0
0
0
0
0
0
0
0
0
0
0
0
0
0
0
0
0
0
0
0
0
0
0
0
0
0
0
0
0
0
0
0
0
0
0
0
0
0
0
0
0
0
0
0
0
0
0
0
0
0
0
0
0
0
0
0
0
0
0
0
0
0
0
0
0
0
0
0
0
0
0
0
0
0
0
0
0
0
0
0
0
0
0
0
0
0
0
0
0
0
0
0
0
0
0
0
0
0
0
0
0
0
0
0
0
0
0
0
0
0
0
0
0
0
0
0
0
0
0
0
0
0
0
0
0
0
0
0
0
0
0
0
0
0
0
0
0
0
0
0
0
0
0
0
0
0
0
0
0
0
0
0
0
0
0
0
0
0
0
0
0
0
0
0
0
0
0
0
0
0
0
0
0
0
0
0
0
0
0
0
0
0
0
0
0
0
0
0
0
0
0
0
0
0
0
0
0
0
0
0
0
0
0
0
0
0
0
0
0
0
0
0
0
0
0
0
0
0
0
0
0
0
0
0
0
0
0
0
0
0
0
0
0
0
0
0
0
0
0
0
0
0
0
0
0
0
0
0
0
0
0
0
0
0
0
0
0
0
0
0
0
0
0
0
0
0
0
0
0
0
0
0
0
0
0
0
0
0
0
0
0
0
0
0
0
0
0
0
0
0
0
0
0
0
0
0
0
0
0
0
0
0
0
0
0
0
0
0
0
0
0
0
0
0
