40815
36560
-13648
-27440
4216
29468
-38176
20582
-17110
-30240
-34837
3944
23208
17862
33718
9149
-38180
27645
3767
38160
37277
4007
6153
-28511
-25190
-22293
-33706
15482
-21044
-27616
-26675
29445
23129
33419
-36971
37766
-19633
-14460
16642
-23440
14364
-35300
34610
-31784
-6375
-31581
5270
-21880
-27670
7490
41737
34420
-22424
-39778
-4273
13863
35749
11050
19771
-23205
-28454
-14985
39188
-31127
-33972
-31668
-53
-1204
16716
14248
32921
35402
-28589
-24904
12266
-30209
-11098
16550
-35806
36116
-25274
33451
41092
33805
22961
9091
16123
2396
7048
-15021
35167
21133
-1820
-6811
-92
24217
14679
-9459
23189
-422
38195
-9118
-24913
2292
26561
31364
30628
35600
21574
-3768
-17242
-19278
27000
20323
-28456
-26424
-21125
29193
26567
-14241
-10266
-17939
18046
-4821
-29621
-10880
26320
35899
-11553
31127
-14100
3725
-34400
-1485
-20825
2762
-35700
-14526
30578
27590
14564
41696
29525
26944
20110
-23023
-29146
-30606
32597
12543
-28286
-28089
23987
23822
22930
-381
-28774
-16800
39020
35785
-7677
-19937
13737
11384
18440
-25333
-14081
-37195
29814
-29725
-25054
-26528
-9182
-14172
-7342
39468
37258
-33324
-10071
40261
11105
25552
-1492
-2003
13985
28058
7155
-39059
-10044
15128
-23319
16146
24487
-14252
24435
-4117
-27643
37627
27675
11393
-22111
-8200
-27293
-9365
-9968
31772
30314
2448
-4461
30160
30731
25685
-17380
26178
26862
25323
20613
14963
26663
-10385
-39632
-24361
22164
14901
18106
-19267
2479
16397
-13184
33620
24488
-25322
-4504
7184
31062
-31661
-33436
-6788
-14870
19442
23867
41255
-13565
25036
19000
-24161
19304
-22629
-30982
-13078
28104
6461
26374
33530
30620
-23475
-31118
-9574
12237
29254
-31850
9337
-15463
28871
15720
32292
-21320
33968
-16785
-3572
18101
-17615
-6169
-36684
25224
677
-1546
-23429
16956
-90
-21204
-37908
-30404
-40755
2558
-575
18898
33084
19957
13408
17699
4552
20390
13365
33824
26197
-24133
-29971
-38471
33959
-12950
-20314
-13897
28407
-27649
29288
-5350
33364
33658
-13880
23718
17171
-27197
14313
-26837
31210
14540
-20732
-27783
-20584
-6223
-34597
9324
2161
2775
-36925
-20295
19476
13301
13773
-17635
685
26043
26585
-13660
8917
-34494
-31672
14491
17189
19643
18061
20578
15593
22399
36906
-12041
764
33042
-20747
-37522
31294
41568
32952
-10204
3866
20631
8987
37544
41161
-18687
26327
22641
-113
-25421
18426
25874
41468
13437
25926
20186
18070
-24086
2093
29241
-29079
-18839
-21849
-29374
41458
-3343
-24277
23405
20411
-6425
26486
-26379
-37618
29128
22432
-23092
42220
33719
-36981
-2683
40269
-16875
-18001
9211
32805
-37537
-29900
7673
1990
36030
16777
-12326
1863
-19430
13199
-35576
16627
-13905
5243
8213
7152
-29994
37082
19635
-2535
-20005
13628
-28319
675
-20655
9518
23488
-40027
6078
34241
3527
11448
38455
-12057
28640
-30326
-27817
-35062
35627
-12655
-9657
-38015
2929
10001
38544
-27033
15840
25495
-9764
-30686
-39774
-1790
7452
28352
35939
28002
22773
35654
-10050
-18145
-7218
13799
11727
18679
24235
29767
25384
-18364
-2495
-22292
-17547
-16933
-23552
-22944
37385
-39909
34672
2296
-2893
24759
-17591
18222
33900
35849
11481
25928
19579
-37765
-6594
-27305
1554
29007
38895
15341
-15299
-26752
-7942
-18636
-15461
-36723
9331
16994
-7817
41556
41996
40677
28471
40306
-32439
-38096
-38244
-14024
-16960
-13901
911
-15977
-17578
-19753
-1267
27861
-37820
8294
33279
-1402
1362
19553
-22213
-8188
29251
35298
27929
31652
9158
-37237
-22720
-144
35424
16097
26884
7279
11852
-9960
4587
4067
-22250
-32974
7391
-14956
-16380
-15606
-20086
-17279
33751
21671
18849
42752
25975
6967
34627
23512
-7196
-36136
2146
-18410
-37627
11953
-12661
38123
-30398
24121
-8613
6296
-32701
24790
-39045
-36213
16754
153
28470
-34731
4866
18360
23271
-38979
4055
29051
-12624
36387
30996
6193
-33653
2029
30267
5044
26750
33404
-326
18870
-23937
10747
404
10513
41100
41386
7880
28421
-10132
-34884
-20613
-25461
-26317
21033
-30113
31129
-22025
37980
29046
36740
31728
-8734
15676
-23372
6562
-31114
39331
12181
-5202
39858
-34656
-1304
31960
-38294
-18529
-9127
-10534
35962
13297
4448
-34621
-1909
-7366
13017
-19804
-5621
327
14303
16275
-16721
16655
3128
-28755
33902
-19299
20751
2436
-9095
-23955
21579
-30836
-4797
-3118
12489
-2696
16462
12868
38435
-30462
-16728
29333
-13610
31627
6089
-9435
-20860
33502
7805
1710
2857
-26801
32124
-15551
12905
7662
-32725
-40616
19120
23543
-36141
-6
3751
-8880
-8159
-38719
863
-3358
-19566
27800
16435
-31684
30280
943
-28436
2430
-31003
28909
-585
18657
-25735
-37043
12966
-29102
-29711
-14751
25612
40659
36846
5688
-13746
11739
19379
33952
-25178
-7060
42443
-39930
6589
-21156
21961
-18475
-27504
-36055
-28633
9690
-313
-6506
-35773
-37709
39612
8585
37033
-8633
-33163
26576
-36508
-18091
25523
-20261
-16402
-7008
35561
-34109
32414
-6974
-7533
28914
30373
20669
2477
-11882
9126
-27351
11105
-13715
-20966
26393
-32705
25277
3505
27188
-26814
-9354
-14238
-2143
21817
-9569
33533
-35286
40922
-29031
-30785
22081
-406
17427
-22997
-16760
28023
7416
5966
-1616
16096
16225
17628
-35729
-28896
-8044
-11677
-25798
-35950
-36716
21428
10603
-14728
19221
-12555
1480
35818
14212
9601
36697
-14359
7516
8814
16580
-37798
-23154
39888
9076
-16477
25930
-24940
14992
-20201
33776
-24941
5903
37027
12109
9717
-33743
32973
-22441
13368
-9336
3608
-37590
9774
37454
-11076
-20385
18233
7856
23711
-20689
-11198
-35970
-37661
26170
-20780
-38887
-10585
16562
-35357
26612
-372
29784
37007
19044
35844
24022
-30441
15209
-32540
-7246
-86
1232
15535
-16039
-9976
-26603
-21083
-16512
36082
2125
-8461
-23903
245
9247
8225
-22554
3870
-27854
-32493
14397
-40286
23209
-22532
-1931
-22764
22703
-12609
-34402
-39065
-21332
-39533
17418
-24978
28576
-38664
20117
16943
25888
21433
24546
31920
12608
6956
-25468
39898
26773
-18667
-32526
40588
10246
33234
-28203
11032
-35277
-25603
-19535
-18372
-9894
-13383
-36008
11351
-30787
-35939
25489
2664
8285
21139
-31857
679
37529
-21972
17740
-23436
-17566
41407
23476
32297
15629
15630
7686
28937
19781
7958
-4452
23291
-30922
-30943
25193
-19280
-9333
-25334
-12765
6423
19944
-16903
-21383
-30721
42156
6604
14323
30487
21264
3918
23897
-32941
8538
-6366
31846
30938
1013
25644
40673
11959
16029
-26531
-14107
3647
-40171
-19564
31355
19047
36588
19203
16724
-20339
-15542
36479
-29716
9649
16703
20896
-5286
-15589
5683
-5984
-37087
-30186
29078
4575
39776
2587
36679
39725
33415
-24083
15305
12849
-27103
32880
37246
39562
24011
-37795
-23447
-32956
-34854
16407
-15851
-13193
36407
10325
230
-308
37188
17867
-6007
9611
10755
31767
-22567
-5253
-27099
35042
-36456
19726
-21894
-22279
28664
20088
36897
35227
-35393
23081
35250
-32441
14328
-16968
12287
24147
-25173
-34432
-41427
-25143
3147
19582
-32363
-11986
13983
-6833
-20818
24844
-7302
12947
-37931
-36850
1492
-18069
-23077
26242
9832
27023
-16642
-16322
7219
28967
-3173
2353
-16344
-40045
16747
8892
-34117
-36955
-9303
-25249
-2173
-38902
39671
-32174
-32302
4539
-34382
-40105
-21491
-39201
-24210
-14781
-17215
40201
22029
-30626
-445
29402
-37924
-40451
-22606
-17478
26899
-38843
38656
-20988
7936
-37608
26744
17422
39169
-11695
18256
-40960
2719
15820
12811
-16077
-37749
-4983
17766
15712
-41109
-18889
29236
-32707
-25859
-15507
19273
-36449
3559
16711
-12334
34422
-18024
-9966
-2872
26400
42581
2748
20459
4082
-2324
-19281
26201
11119
-5654
23561
20517
33269
9251
22871
-26347
11394
33927
6185
-39116
11730
-36845
3182
-38559
25782
-3144
31411
3740
-11907
-18232
33676
13951
-37783
-40247
-36800
13243
32768
-33089
23687
20458
23764
-15754
26789
2637
-27741
29210
-11978
-11753
14486
-130
-4734
6540
-7110
-11524
39607
3347
32915
-35792
37922
-36261
26858
13600
38114
6492
27206
-12014
-33890
-8032
-877
16648
-23466
-1942
8809
-24486
-36884
-39764
12995
-26616
15170
-195
4128
-4721
-8172
-24737
4441
17814
13068
20532
-5944
-36947
10833
18837
-17757
35268
613
-7686
19672
40324
7102
-14470
17167
-819
17981
26348
-12262
33271
-3053
-30122
-10340
-11421
-32204
-27803
33873
13912
-7638
33080
34810
10030
13304
-36201
924
23450
6041
27649
-31805
13556
23128
12842
93
2456
1427
-26499
31945
11838
-14819
32908
-6639
26701
17468
-31496
21153
-41681
-28513
13031
28887
-23433
-22776
-34741
-31113
9329
-19575
22658
-10525
10045
-6306
3908
-20323
29079
31186
-20108
-29684
-37838
23383
37914
-37235
3354
15922
-23092
-11428
-28985
620
-25901
-16938
-39628
-26293
-8251
553
-33181
-5821
-2341
30067
24930
-2006
-21096
-20691
20615
-14597
-16971
4173
-34718
26603
-17455
36470
-38949
24888
40403
14606
15947
9447
-27689
18604
-8498
-36460
-2826
31102
36910
-18118
-26709
25916
4796
16298
-19936
38161
22681
36452
-30663
-27770
-24974
24613
-27389
-24892
-27675
-42027
-29188
-4925
-32331
16985
-7588
28388
-10420
38145
7245
28235
-5216
-5117
12983
-23885
-25817
-18864
-6114
11979
-1484
24475
-14634
3749
10649
-26800
39938
-4604
9252
24995
26193
25042
-36937
9429
-7630
-34050
-10412
13693
-13275
36604
12863
14429
-32425
-34193
2931
-14726
29968
32430
-20981
30519
-21774
-40965
5927
-32038
15605
13788
-22794
2463
6942
19118
32603
28863
-39354
-25055
-17075
9979
-30243
-30667
-38041
-23295
-12220
-13142
21123
-39722
12222
28853
-30566
-29736
-41255
35092
-3050
-18807
-8220
-8028
-34566
12573
-10186
21138
37376
-25421
-20183
-6935
-16876
28173
39867
-40021
-24474
-34416
15868
-23041
-25622
-7242
-22166
9914
-4613
25129
3654
-14925
17907
11264
-33635
24022
4602
-40521
16310
-31942
31242
37274
27003
-7706
-36039
-28404
-25850
-2106
-3220
30318
17547
12542
-15429
-5034
19506
7561
-9746
26106
-37556
36090
-10143
4610
-21175
12463
-29743
22783
-19621
32280
-5514
-26116
-19144
-23137
6704
15440
-19373
-23066
-17632
21971
-7422
-15587
-5362
8451
-24288
18089
36900
40701
-39431
-2674
-7736
-2008
14588
7624
-32794
19411
-1225
-21481
30797
8583
14683
30572
-7370
18047
-10857
9570
-38273
-11969
22448
-34206
24422
-43660
-32071
22354
-20619
-21922
-15431
6948
30190
-29992
-35313
29052
-42552
10203
-2865
9526
-41837
31186
-6491
-7304
40138
4327
-17120
23614
30027
-34855
20655
7643
-34626
-33633
-31067
-35589
-24009
23116
26980
1178
-12024
-29271
-6356
22047
-3329
-11424
-23094
-9272
-7736
37628
17374
29230
9582
-35
-3692
-33832
574
-27876
-29397
2898
16020
-30526
9088
3003
-15885
27059
-36793
31988
-32170
-28981
29703
-13294
24948
18527
13398
-3358
-14318
-33146
-34881
-16474
12318
16097
-37751
-15579
-18758
33650
-21147
1626
37278
22024
19162
-10337
25686
-14264
-41012
22473
-33506
-39180
4440
-38477
37039
35096
34256
-23465
-19697
10144
4643
-31298
8376
-14777
-28741
11739
21219
7060
-7415
-31913
24093
12839
-36155
-34048
-7773
-10483
-5689
1287
26134
10001
-18072
18169
23316
-37424
-5842
-28106
-4019
-26418
-13075
-23549
-39626
-37567
29214
-16216
-21135
21359
23773
3022
-11384
32369
25861
-36938
-35554
-27301
2571
1988
-31891
39375
-28325
-40446
15113
13988
38249
-28116
-32736
22763
-26015
-24503
-11494
-8725
10177
8620
-10654
-35308
27309
-5594
23740
2771
22067
23443
1299
-35424
-15280
-22426
-29868
21806
18683
12541
19364
27031
30178
-39016
-42293
24575
4627
-30598
-515
22250
-23082
-19661
-41400
14639
23721
-40259
30080
-3236
36661
-28083
12497
190
-1822
-19602
-10355
25122
-7589
-24847
20482
23751
-40509
-17294
-6324
-36557
-37912
-37579
28584
22731
1633
-24395
11852
2667
18350
36364
-19876
-33620
-10549
-16939
-33233
28861
26374
11262
-38248
32440
25189
-23000
1625
8808
-37593
-34486
24208
-3297
-48345
-15686
18729
-44734
-35179
-29185
-37970
-22979
-20420
19241
-43174
-26276
12022
17145
-21904
-23306
-2738
2996
-33430
-7045
11729
-28328
41479
-25180
-29979
-4416
14330
-9217
-26922
1808
7735
11591
21361
20712
11984
-2384
3115
37034
28348
-10647
-6236
-25439
-39185
-10619
25439
4029
-22146
21409
-123
8770
-22249
-37674
-20726
6446
9705
-7535
-4590
26750
-4578
31191
-21406
8643
-23568
-21879
-2337
-27241
-45892
4513
-36447
-36915
-19918
-16202
31614
-16589
-7778
-2900
-12156
25776
-30590
-23317
17423
-2030
28033
39356
11412
27059
7491
-23924
-9452
-18614
3355
40701
-33431
-13773
-30107
-6275
9106
14992
25330
-28390
27256
-36555
-15315
6035
21989
27392
-14900
-35464
38714
-8685
5823
34776
-5510
-22460
-43201
-6737
12028
-38825
-26614
-33523
-24202
8280
-28928
-4615
8758
-1016
38001
-22298
-29236
-15079
-32184
-20903
26897
-29462
41262
35397
29163
22150
15430
39471
35699
1127
-26046
-34682
-24543
27258
-8824
-23271
16227
-25121
22097
22630
-38890
37190
-23183
14439
-30572
-2456
-26440
4837
-2392
5502
21406
103
-6505
27887
9197
-11102
25255
-20000
27019
-29720
-11813
12149
-1777
-40698
6471
10309
-26494
-12079
-17351
27211
10455
8254
-9540
41757
32558
15966
1104
-1870
32156
14844
-8848
28810
-21724
5678
33244
-4309
30520
-37616
398
-29925
25774
-30403
10500
15420
22487
-28542
30737
5480
-19580
3179
36811
-5809
-6990
-11899
26444
-10550
36643
22508
27327
-39073
14237
-23750
-2625
-29594
29330
-177
-37619
-35776
-16923
33163
2496
7857
-11497
8367
-26812
-35008
-30691
12206
34907
19268
-3603
39056
21981
38675
4392
-16550
21727
13140
9959
36410
-29968
32522
-30120
-22855
-16448
-31678
39800
15989
-27517
39970
-15525
-36835
32184
18015
34218
-11796
-39558
-36285
-8806
-21250
5494
10326
34416
-2337
-14880
-8519
32404
-27502
28324
-9904
-24855
-11155
17084
26654
18459
-33633
-9934
17584
8554
-29902
-6687
3817
30165
23443
25528
11658
35811
45165
44954
28642
-242
28206
33771
-24088
7883
8688
12921
19872
2774
-14857
-2177
40137
-28428
-434
4657
-34274
-30794
-10206
4318
-25862
16916
-19955
42056
-19329
666
34815
28630
-24220
4464
-37392
-39104
29170
-883
-35500
-34065
33024
9282
26852
-6559
27643
31199
30342
-4058
21439
20394
38778
-26588
-23011
-30858
-673
21257
37553
-31624
-4674
6538
24382
27004
36775
24375
42966
-10483
45591
-23584
32827
-26222
3974
-34644
-25716
-1694
-5673
7732
38773
20225
-32833
19047
41761
12911
4032
-20477
-9560
27362
-14826
29038
-21513
-25651
-5824
22345
-39505
-35501
32975
-30819
28390
-41171
10469
-10446
4215
-20935
13551
11985
34928
5197
-31159
-4824
-17944
-26618
-16082
1450
-278
-27887
40478
14458
-16860
-4516
-633
-10689
16413
-28658
27167
6106
16356
-30110
-839
21592
34996
19889
-257
35727
-31132
10582
-30085
-1958
-23936
-12560
-16534
-18471
-4287
-22719
-19250
-36367
4123
32838
-26819
8242
-28847
34572
3478
10294
20236
34501
-28910
1822
16526
-39589
-13089
-30432
23589
-5116
34633
-29657
-27683
-3028
4918
4717
-36694
-32827
7065
-25737
-36143
15261
35794
-23371
-10899
-5460
-17909
30249
-15873
34372
14204
-1165
3830
5228
25662
26406
3691
1103
38786
-16322
-2428
-22720
28410
6674
-17610
-32755
-16709
11219
7765
-19340
29116
9010
22788
-15020
-20188
-25805
11529
-26187
31728
10352
32341
-10307
-16786
15538
27743
-15714
-9459
-3432
-23461
14008
-8164
6026
7953
7967
-27926
19801
2113
-6695
-16326
-16201
-33384
39107
10958
-27304
26915
-37209
-33479
15265
-25506
27339
-19567
-28593
-24468
-29597
-4619
9231
41410
15436
-33271
-34550
30182
-37108
1911
-20068
-3857
-4736
-10241
-33768
-30318
11898
-25553
-16748
18126
31983
-39051
-4211
33848
18235
-14157
28592
-29869
29339
-36265
-31045
23365
-35782
38558
-25604
-3892
8773
14537
-16553
13774
35178
-29262
-11183
-7102
38838
-36682
-36673
-18226
10623
30653
-16342
-3151
-15629
-20583
-22209
28686
-36042
38759
-37473
-4590
-31627
-29049
14884
18529
38314
-7884
-27351
-5983
2688
11164
7545
2089
-6994
12831
14546
-8330
38926
-34894
-20976
-30616
31425
-39581
-8820
13664
-9597
27099
-28856
28785
16293
-34085
-1489
-17709
-10672
-12931
13022
-21765
-9746
14147
37036
-4830
32514
28183
28349
8418
-18002
6155
-19582
-35805
-16346
11457
-27155
-37485
-13356
-18074
29732
13263
8279
2529
12552
33128
-33536
-22830
-11595
6636
-14238
30860
4372
-21081
2776
-10267
-27094
500
36207
-37791
4146
11490
2601
17152
-7078
-39709
-34984
-21692
-38161
-30380
12999
32562
2703
22543
10781
-378
23665
-10014
-28030
-13711
-23236
-13059
-39664
-34850
10417
38537
-17500
-40919
9429
9016
-1403
18011
7932
34103
-21874
-7389
14797
22833
-40397
9923
36971
-28703
-11001
15987
23172
18729
23959
29246
-1463
21147
30189
16885
-33648
-194
-2225
26290
40000
-19586
20690
-27002
-22218
5980
36620
29762
31770
-38772
11217
42585
28893
-17635
-31557
37708
-1648
-32537
-21131
37711
-33653
-33234
-28441
-38881
-36458
-36595
-17103
-7758
2355
23456
-23028
40452
-38788
-14357
27412
-37906
-3699
-19534
-23806
23854
-7696
39764
21840
12093
25397
13704
-25202
22798
20603
-15054
41476
-19071
-14474
8929
-2215
-4969
7914
-8259
26621
-27997
-36657
37115
41655
-25753
-24581
-24518
30475
-15587
-38595
-264
3061
34662
25634
39538
-26546
17134
-12056
-39581
953
-3040
25716
-18561
-34635
29534
1202
2665
-20431
21416
-1956
-36927
1327
-23979
18761
9193
-6384
16641
-2681
-35506
-345
-16063
3835
-37773
12294
36568
-27181
29257
-33585
-5585
-20713
35984
-14734
2200
-7670
-5536
-29131
22467
16511
-18234
-5872
-6117
24497
22404
-27238
40656
-29029
-16764
39446
12584
-25326
-12507
22213
-18392
-37823
-4624
-8600
-34500
-5919
16988
39277
-13550
28598
29254
-5588
8101
-35771
-12946
-34951
19497
1962
-37278
12279
18884
-27877
-32808
-25042
-6336
-32187
22197
3329
20155
-22145
36910
-20459
-12503
-12452
40458
-12375
17368
-9960
-7623
27903
-4342
34241
-14386
-32114
1180
-5259
9337
35380
-33921
-15629
34634
34972
26417
981
-30951
18583
17659
22572
38263
-41642
-23561
-37243
10330
27631
-38328
3676
23817
-6615
37526
-41390
-40197
18301
-18080
-35940
-29499
-4594
-4839
-26978
-29757
-35269
-11970
20800
-27291
-41770
12941
10570
-11467
-25578
12202
1583
-29498
-35284
-40305
-8659
-22601
-23477
-12195
6689
6683
-39569
-34556
8495
-39750
-34752
-39625
-19759
26799
-26924
14510
-1698
-14247
38860
-8604
4710
-32100
-6953
39932
-13578
-36863
16192
20671
-37420
16970
38361
-35122
37789
-13424
30218
-41184
30049
-9083
-7462
15262
-11368
5057
22560
11991
-26736
34294
12579
13425
3948
-32557
-30510
-25529
34011
-28134
23589
32180
-2520
16518
9173
17538
32207
-33763
20529
28991
10392
-35647
14931
-21110
-18536
38460
-6582
18193
-30528
-25992
6423
24919
13837
-11173
27553
25676
9280
36515
32072
-31367
32064
-35194
-10927
-31093
9999
20661
-12202
-25079
-28461
-16198
21137
-24087
27094
15403
29500
-19577
10974
-40234
-40896
-16906
-19233
14848
28994
10640
-22509
-35104
-33579
31271
-6110
-22901
-25162
-20833
-26419
-38499
-32640
13359
-2066
-36152
-1336
2839
23911
21565
-22257
10738
-2079
-11978
-25115
-366
-13117
20183
2457
-8187
4328
26179
-8509
26137
-28167
-36544
35815
2161
23991
-8071
29623
-9196
-31054
-36583
19920
-14370
36888
6288
11303
25798
26751
18146
19200
-38909
-23761
39300
31329
-27641
-23146
-20890
-14495
8466
-4444
-158
38707
-24233
-19326
-31412
15812
14311
10337
-2549
-32131
4720
20396
-18960
-39566
29873
13350
12097
33870
-37633
-37383
14319
-22843
-12595
33723
-4218
-7596
-4452
30032
40827
272
36279
8601
-31265
-25217
-19083
-15149
-33131
10917
-26528
-11429
-38127
-22584
-20146
-22565
17401
29770
-16581
-26348
-6848
4064
-42515
25164
-11194
28389
25997
18488
-24645
-39049
-35524
-10119
-17177
11475
-37480
-26094
-35969
-38001
-3003
-33842
14562
23896
-31456
-13434
30702
-30658
40412
3676
-8384
-8245
15093
4575
-449
37302
2606
16519
24219
25154
-38017
-4080
13023
-62
-12148
-3171
7901
24841
-10112
-14881
18193
-13702
-11754
-22871
-6046
-20776
2811
12296
-14689
7003
33084
18630
33184
-26466
26118
37409
-7141
-36435
-15670
23622
-2739
31259
11188
7156
24878
4540
-5628
26055
29381
-26615
-38410
-538
17816
-33713
-21432
-36499
38328
-40451
3646
-21123
-11910
34421
-34972
19390
-952
9604
-19113
31242
-22298
10556
13132
-39616
21672
-11008
-21327
31336
-41125
3781
-18067
34516
28249
39963
-15963
-32480
8727
4981
30354
11417
-11676
-31932
38321
33596
-32102
-19436
-42548
-14454
-29011
-8749
6341
-37952
-28151
38533
-33480
17917
29890
19930
-16424
-17977
-10709
34378
-32042
-22698
-12952
23527
4726
-39330
16782
16623
-31956
25235
37159
-30693
14900
30452
-30678
-14768
86
-15229
-13615
-14488
-36143
-39676
-18394
39868
-24279
-31140
-25580
-33806
-36163
14412
-23141
4577
-30378
31353
38250
-7633
22706
13888
32686
17876
-41387
-6849
32395
23874
300
-11281
-30783
-5829
9326
1126
-7956
-13166
-40714
-12883
-20907
18914
-42352
4220
39661
-11719
-34985
14790
-30475
34426
-20779
-3838
-32979
7058
-23492
19414
-2192
-7227
-38925
-10412
-26918
35525
-27290
-19003
-5736
38583
1050
-34480
40395
-35032
10906
-11845
34037
-32932
14988
2455
-10263
-23661
-22816
24703
35903
15411
-15522
9632
-3126
-6290
-18116
-27909
-34281
-20439
-35069
-6272
25424
6893
-33685
19127
-19933
-15964
18398
25802
-18279
-27808
3202
35486
-25556
-8680
6081
10139
29692
-36572
8345
-5571
-24538
847
22755
17169
13793
-3553
25460
-33068
34027
30282
23544
13895
38383
30324
-20447
-4157
20020
15349
-6629
7348
-9224
-32669
6
560
-38966
-2310
-5559
39664
33998
10390
-30219
18058
-12530
-16440
-40354
-32659
25393
24056
-24687
-17693
14981
-18378
3237
2283
-29521
-951
13470
-9010
-37730
6831
20502
32175
-22737
-9484
3870
-24138
35706
-27479
20858
25120
8903
808
-3773
22796
-8545
-29954
-26454
21743
11242
31026
430
-1399
-25533
41653
31547
-19021
-9878
35190
-16227
-14806
29124
36413
-26165
16764
21135
-29820
21581
-13877
2225
39418
1238
-10273
-22578
26266
-2930
-29890
6547
-5908
35396
24224
-36339
29586
-13790
36007
-12914
-8287
-3935
-31077
16784
-15362
-28020
-38553
-3792
-26922
26216
21628
-18621
-32818
-38669
6766
32701
6928
33035
18552
12057
-10244
318
33921
-17442
-18900
-8917
-26647
26295
24920
38667
-6261
-31480
2290
4284
-34536
14511
-23278
-33412
26587
-22292
-35341
-39974
21427
3936
6695
31686
-9348
12842
22005
-17562
5600
-40802
33811
-502
-22347
4436
-41293
-42288
31680
2286
-14948
20342
-7670
-22479
6241
6956
32228
-25913
-31284
8493
39890
1616
-9307
7984
11130
41009
446
17517
10567
-22330
-40640
-36656
30544
14603
36157
13056
-40676
-4876
30450
-18607
-16475
36834
8424
-31241
-40432
-25843
-20142
-27825
18849
29147
14910
32409
31809
-25505
19244
29942
-34722
34507
-13787
-28049
107
34649
18732
-11290
-2208
25760
21410
22080
-33749
-11317
21840
-9742
-23998
7167
-36111
4848
478
14071
-15722
19141
2327
-1815
-27829
25811
-27424
-17369
16931
-19038
-22854
-17871
19577
39761
21553
-37892
-40446
-25465
25424
0
0
0
0
0
0
0
0
0
0
0
0
0
0
0
0
0
0
0
0
0
0
0
0
0
0
0
0
0
0
0
0
0
0
0
0
0
0
0
0
0
0
0
0
0
0
0
0
0
0
0
0
0
0
0
0
0
0
0
0
0
0
0
0
0
0
0
0
0
0
0
0
0
0
0
0
0
0
0
0
0
0
0
0
0
0
0
0
0
0
0
0
0
0
0
0
0
0
0
0
0
0
0
0
0
0
0
0
0
0
0
0
0
0
0
0
0
0
0
0
0
0
0
0
0
0
0
0
0
0
0
0
0
0
0
0
0
0
0
0
0
0
0
0
0
0
0
0
0
0
0
0
0
0
0
0
0
0
0
0
0
0
0
0
0
0
0
0
0
0
0
0
0
0
0
0
0
0
0
0
0
0
0
0
0
0
0
0
0
0
0
0
0
0
0
0
0
0
0
0
0
0
0
0
0
0
0
0
0
0
0
0
0
0
0
0
0
0
0
0
0
0
0
0
0
0
0
0
0
0
0
0
0
0
0
0
0
0
0
0
0
0
0
0
0
0
0
0
0
0
0
0
0
0
0
0
0
0
0
0
0
0
0
0
0
0
0
0
0
0
0
0
0
0
0
0
0
0
0
0
0
0
0
0
0
0
0
0
0
0
0
0
0
0
0
0
0
0
0
0
0
0
0
0
0
0
0
0
0
0
0
0
0
0
0
0
0
0
0
0
0
0
0
0
0
0
0
0
0
0
0
0
0
0
0
0
0
0
0
0
0
0
0
0
0
0
0
0
0
0
0
0
0
0
0
0
0
0
0
0
0
0
0
0
0
0
0
0
0
0
0
0
0
0
0
0
0
0
0
0
0
0
0
0
0
0
0
0
0
0
0
0
0
0
0
0
0
0
0
0
0
0
0
0
0
0
0
0
0
0
0
0
0
0
0
0
0
0
0
0
0
0
0
0
0
0
0
0
0
0
0
0
0
0
0
0
0
0
0
0
0
0
0
0
0
0
0
0
0
0
0
0
0
0
0
0
0
0
0
0
0
0
0
0
0
0
0
0
0
0
0
0
0
0
0
0
0
0
0
0
0
0
0
0
0
0
0
0
0
0
0
0
0
0
0
0
0
0
0
0
0
0
0
0
0
0
0
0
0
0
0
0
0
0
0
0
0
0
0
0
0
0
0
0
0
0
0
0
0
0
0
0
0
0
0
0
0
0
0
0
0
0
0
0
0
0
0
0
0
0
0
0
0
0
0
0
0
0
0
0
0
0
0
0
0
0
0
0
0
0
0
0
0
0
0
0
0
0
0
0
0
0
0
0
0
0
0
0
0
0
0
0
0
0
0
0
0
0
0
0
0
0
0
0
0
0
0
0
0
0
0
0
0
0
0
