-1677
-29818
-33958
19492
33609
-26672
39664
101
-28630
36330
-8569
-5866
153
-18042
11220
-7401
-3685
-33100
-13947
-39040
14668
-3514
26770
22080
-27735
4531
-20381
31435
24602
13424
7371
32499
-8577
21239
32135
-20351
17272
-15595
11925
-40514
22118
20709
-2193
-37680
-27742
-13831
8223
11574
-33292
-12704
33042
-2107
8228
-25733
-10975
24220
36248
-28810
18478
11821
-21284
9582
-1785
34248
-8919
12512
23881
10242
7609
-7245
14556
8779
20809
20208
10330
-26070
7862
-7191
40727
12789
41499
11874
-21301
14642
-2868
-28345
15705
29271
-12445
15631
-2765
14487
29007
-33464
21374
-42654
-31017
-22170
-5177
1680
-41063
6314
19969
19151
18947
-13432
-19139
5467
-28623
-3700
38747
28905
9667
-12344
-27766
-38190
6173
8664
18645
-33931
31133
13634
26948
-32562
33372
17586
6055
-32658
21509
919
-12590
-28206
-13877
20485
-20482
27246
-9593
-31456
29881
35831
31377
-20624
-36957
31017
-8516
31915
38738
-23694
-40969
24760
21093
28598
-5293
-10006
-35306
-20559
32619
37183
10561
7998
7454
18301
-36349
-42239
12409
-16481
39206
23234
13189
15770
10808
33626
-6162
-22586
-40521
26182
-13805
-4323
-39021
-15255
33876
522
-14435
-16949
-38100
8838
39635
41467
-6797
-832
23263
1209
-33077
-10405
-16771
-2463
24741
-10585
10372
-28211
7216
12633
37846
-3782
-34349
-19201
-25925
38462
27574
-15324
16578
8076
19398
27114
2414
38600
-14574
581
-41652
-2362
990
35630
38378
34847
1067
17811
-28425
4032
-12120
26942
26892
36255
-29971
13165
-1473
13205
-30572
5571
20063
11093
-3157
-32630
34500
28585
-35018
-9896
-7616
-15510
30349
-31223
2721
16257
6305
9118
36344
-38579
8599
-35417
6265
38095
15446
-28114
10515
17376
-23757
14049
14030
6376
8081
-2815
22676
-27446
32222
-42925
9354
-27024
6644
23466
5574
25197
11668
38444
-20305
-25432
-27396
22774
7224
-31881
-25507
-40358
19390
6828
31440
6172
-9995
-27169
-8630
21923
-15654
-35538
24221
5897
-218
41356
40288
-24281
35186
33845
15793
33266
37130
-31418
-7830
-17010
-20961
-34268
12420
34048
-37960
-40278
-8711
-24356
-5437
-20902
6037
-16476
-33016
-21542
-28763
-24106
17944
-30994
5808
-21834
-2743
17596
9734
-4729
-33898
-7362
23819
29538
36852
38436
-5850
34972
-16507
17083
941
-34129
21920
-3803
-9269
945
16909
-26528
-25054
9439
19152
-34479
-2170
43209
-8140
-7839
-33372
-5
34087
1100
31130
11232
-15921
29488
-5018
10942
33381
-18117
-16795
-19032
-40555
17660
32118
-39909
-24708
-9039
-41550
37738
-33116
-7053
22210
6258
-22302
-8979
34794
-5224
27978
-42287
1453
34227
12306
-13576
22098
-40523
-22045
32359
35651
-3409
37142
24412
-9067
12380
-25323
-35493
-27770
24175
-22924
-22890
-31828
1229
38951
-24952
-7919
-23495
-21820
-15703
-28074
27278
-33469
-34174
-14775
15882
4962
3792
16919
-1724
5038
14421
32617
-34651
-40837
22872
29943
26365
-24363
-362
7003
6300
-1173
18449
4158
12436
-21740
-18655
-1530
26710
25038
-20984
-42304
29822
-1552
-1883
-18432
-1912
-27807
10095
-9606
35799
6392
10736
26114
13276
21966
22898
35690
-38119
10883
-7247
-13816
25994
2644
26029
37958
35437
-18023
-12844
27091
26835
30493
40191
11206
9574
35118
40212
26002
-22154
-34163
34898
7550
-17082
5784
-18069
-35710
-18054
-11122
-18472
37835
-3645
9288
-24092
6885
-30768
-25531
-33051
-1877
-17680
7697
9145
-18712
6794
-18761
13130
-34003
11548
1274
29239
37519
-16919
-10374
14502
-10947
30114
15280
-15719
32809
6908
-25644
24439
18153
28599
-14388
-4776
40820
-3211
-17212
-32437
-29819
-2108
-35643
-3580
-22229
-30472
-6611
-19512
4431
-6496
6959
861
13929
-39502
-32710
-30380
-6879
23377
-40847
-41244
-33969
35594
-41329
-5836
-24131
-30320
17355
-7615
13828
-4061
8170
-3213
-2396
-16735
8254
-10872
-2169
-43232
20195
24220
32338
-40529
27034
-9758
17517
-13302
20817
27756
-1681
-18286
14152
39594
41793
-26276
22435
-7122
-26418
-6444
-18631
8060
31255
-5348
5840
11222
27986
-17813
16451
-19555
25186
-9805
38741
-6729
37289
33186
-15345
-10700
-38090
31383
6219
14073
-30788
-32049
-9615
-2167
17142
-5140
10231
18968
712
-26740
-8927
22784
17797
18443
-13632
-14725
28728
-29701
15150
2264
4152
-26047
-41463
12123
-944
-18486
12658
15647
35667
-4194
17930
-23385
-19956
-8950
24354
-32662
-22895
35076
26556
2615
-17455
35712
21953
20416
7206
23270
-33363
-38870
-8895
-34739
13665
-33735
-28313
-27453
36616
11503
-35304
19621
38897
34296
12447
23124
-7443
32565
-9635
1383
-31868
3867
16941
36511
20512
15739
22849
21526
19269
-325
15444
-8036
2031
5659
-29644
7451
10653
-23800
-25169
-6114
42168
30236
-26816
26148
-7856
-18607
-20916
-20485
20195
27666
40852
-29399
-31593
6352
5616
-9205
28112
-38212
28500
22678
32509
17861
-17571
-3750
-30713
-36325
-29902
-15709
-20777
38617
-23085
-43320
-17896
-20105
36923
24283
30050
-19291
4741
-36532
-25222
-27516
-42912
23869
-38738
-35593
77
20140
8876
6630
-5883
4213
-33486
-30520
-3126
-20779
2040
-8754
-33943
-29730
-31939
29826
7542
-27768
16814
38191
-10085
41652
5032
-9531
-19236
24296
11756
39026
19760
-16895
-22471
30193
-95
12023
27983
36361
18977
-36153
16504
-17433
-41135
-36692
-20626
-35844
-18407
26696
-33415
-21543
-34444
8818
-37448
-34753
-19598
-24605
36095
35254
-16736
-31414
-1227
-36590
-36041
-41894
-25954
-20545
-33697
-16254
8870
16032
-5848
14004
43112
-21128
20738
-27169
-15899
-33676
40607
18679
-20374
-4967
-1295
8196
31601
-15248
9833
28144
24597
-11194
28156
-5940
-32450
4509
24209
33436
40146
34316
9713
33687
34674
-24557
28540
27031
-5295
-6967
11584
36383
32575
-39795
12131
24794
28719
-12921
-23723
-12316
24512
-10483
-25190
-29963
-23403
-13882
-24297
15223
-35547
-888
-16904
-5960
-1905
-13014
10538
-5927
290
-3656
23944
36692
-564
-12223
39427
-21277
7927
-33889
-31186
33107
23972
32234
-23892
-2319
-27234
30699
8796
22481
-31986
-24879
-31700
-6609
41235
38044
-5366
-17737
2478
1903
14333
-7828
7377
-30754
-43683
-8533
31764
-40560
34899
-4400
1904
23286
-17562
-42705
18199
-36876
23470
-18615
-6023
7811
27317
29509
19920
-19636
1137
-16386
-31353
38753
-6307
-22637
-33119
-15523
25554
28546
-31017
24818
18372
-17955
40665
12541
25780
-7646
7105
29937
-21623
15706
24967
-20595
-7822
-16414
37541
-34710
9472
-14966
-17105
35638
-18391
20043
35318
13887
-35351
22288
-28794
6790
-20226
7974
16658
-29261
17884
-31237
13675
15500
-10136
-36516
12655
14296
12892
9976
15831
-19686
-34229
4477
28683
18334
35016
-20356
-14234
9803
34573
36038
-35446
-16677
28941
40219
14005
-10436
14533
22692
-6881
2217
-5221
-7895
39816
-2976
27162
-32671
-13063
34954
14942
-8057
-16111
7517
18720
27061
27235
13950
27387
221
20795
597
28402
-1345
4948
-1018
-16544
-23394
5332
31817
-6042
-10371
-33891
-30755
-10662
-13434
3756
12219
-29680
-10083
-5760
13294
-20331
-14034
9398
13476
3704
645
36548
34619
-10405
-33894
-34507
-27519
39932
27893
-3594
522
23550
-24960
-36011
-27839
19635
-13287
35397
15163
-393
34831
-4930
-5484
4822
33583
40205
-22727
-1378
-4637
-841
13369
-5674
7511
-39793
-20872
-35340
32443
-18252
36911
22029
-29170
307
-5191
-30783
7095
36443
4132
35048
-27905
-2754
51
27718
-1984
-4079
18731
-11198
20949
3007
10848
6460
-14166
36572
-35756
42370
5432
-8126
38848
-20861
669
15083
-22693
-26947
2092
-11555
25322
-25790
23725
16087
-6847
-1443
-30473
-11306
23653
-26087
24506
13916
32127
23785
2884
-20894
-9927
-2657
-8385
-15838
9055
-15664
36060
-4973
-3364
22287
-35626
35584
-34311
11544
29886
1657
-17462
3898
-30909
-16081
-2102
20033
-30234
-26605
-5483
20454
-27063
23669
20219
-25962
25707
5983
29432
-15005
-5994
-966
-15443
-25141
10276
-6984
40057
24165
-16025
42336
19408
10758
28605
-2650
-6798
40480
24798
45673
-21775
41360
17080
40679
3787
-16910
-16275
-30824
26782
-28194
24376
29075
2599
16903
33832
2172
38554
-22980
38048
16116
5564
-17635
22465
26699
32902
5991
-8080
-12238
1660
16748
-5057
-31567
-10559
29460
27042
-33743
-35751
791
-32404
-24526
-12867
-19223
42943
8669
35139
-12621
-35964
-25828
-27158
19017
5267
-25731
31877
20170
19177
11034
-32823
-21430
40838
18626
31025
-4581
-9933
-17402
-11993
40171
-15729
3430
-4147
26515
-29775
36818
28531
-34419
-27945
-16903
-170
-29087
-58
1805
-4625
-37190
24392
7257
15030
32223
38474
-37540
13992
21769
-5560
25188
-2549
11804
16333
19654
-37924
-20256
29077
42426
-33859
5393
-30057
12260
-3239
-14526
32027
30735
7043
6178
25723
20645
46938
-32809
24872
-27123
17664
27186
44902
-11542
-14019
38322
-7539
21128
38477
3896
-16627
-4318
36553
27903
-12453
18733
-38427
-16811
-43078
8941
10051
-36554
-40966
16544
6870
-7096
-2622
-35953
-41541
-1852
-16151
-25346
13102
22763
23333
39315
-35197
-20105
-2747
12281
19932
40481
905
-36188
-13050
4513
-16996
-3344
20699
4756
4745
44225
29279
-26670
-30863
32723
4701
-7105
47917
10852
-24039
14352
3036
-12482
-16372
-1001
-9095
-17954
-2109
26735
4633
34503
38856
-18265
-12890
-4016
3585
64
9832
-23214
31093
8909
-18204
14649
-6479
-5050
-964
11122
-13050
36235
-7724
-42826
28009
-17870
32924
-19468
16909
-28533
-26778
-14827
13626
-31125
-15507
-3032
-32243
-34367
-24228
-34205
-19302
-8450
-17098
-3258
44121
-27054
-26946
50251
6838
49756
38526
3273
45147
27709
-11066
22877
11611
11479
-20759
21813
25634
33708
2900
19991
-3240
38775
-29310
30591
13121
19681
30983
-22517
9294
-1241
-27067
25528
-36869
-34004
-29931
-15147
-36818
32757
12302
25298
-5179
-35858
-4286
-30803
1941
42351
-24368
-14260
7482
43243
25089
-16614
-25045
-28719
-53
-33746
1883
23455
-1295
-14553
43894
-10272
30384
-19434
39783
-14302
39561
-12215
-15751
34220
52187
1126
5937
17284
26061
13451
23184
31567
39186
-11416
-39017
39842
39160
21349
34743
21944
11941
33630
-20454
33115
33948
-8891
33929
-9930
-37123
29782
-24787
-9638
-29182
-18059
31595
-20380
-30352
-9849
-13988
19482
30247
33632
11006
35616
-36130
24324
-19139
-1370
41188
27400
19762
-742
15144
-22058
-1976
-4555
11475
-4086
4704
40634
-17859
56557
45054
41337
-17348
45032
-13014
-10002
50506
-9058
32132
32879
38799
-10225
14935
35800
-21284
38009
-25921
30307
-2300
-38923
-35395
20807
-11343
29795
-18224
29172
-18138
12178
-32898
2719
15239
-39579
15890
1989
-11507
-27241
21564
10213
6293
-14631
-15920
12159
9818
8688
-35973
-30218
-12477
-28271
-21256
-2958
13489
-20808
-975
-14001
30632
40573
36333
12184
-12803
49536
-7074
28346
55916
40410
28719
1732
26866
-8949
-16471
-30180
11537
3980
-1625
12035
-7943
-38423
2095
-34108
20395
-13502
-33950
22469
-13309
29890
-34565
-36574
-26907
25216
-28749
-26709
-4777
-8841
-30193
32844
-16130
-26480
-36015
37408
-1359
-2954
31612
-11969
-25606
-17223
8653
-5764
-30092
-13477
-10806
30906
-12584
25177
14115
-14944
11284
-1067
-2452
17242
-1285
-4309
57565
-52
24629
38264
38893
3978
43380
1723
4678
26059
25721
18168
-26300
22321
2245
-22166
-35548
-40606
29442
-18231
-37178
39370
35496
32398
9204
-3950
-28687
1301
-20796
-18881
-35667
-18536
29303
12101
-21680
35780
-23420
-32941
-33381
15716
-32493
-32725
35426
-1179
12178
28259
29939
19920
-22882
-5974
14935
-23674
38515
17121
-12813
29268
45511
11151
43770
-5494
26212
54157
25280
-11386
-14060
12810
-22074
-34224
40970
-32380
-17762
-2412
-14136
-30749
-41976
-34584
-842
16256
-26712
30460
-42012
22872
-36422
7778
-38541
-8066
-15213
-40850
-34706
1642
-41903
41830
5306
32202
-20156
38794
-5439
38262
43314
-15415
29844
-13475
30197
33256
-20565
-33153
-11860
-8884
21237
-26977
4449
45681
22562
-5710
-14118
36706
41414
43025
8356
44393
49285
-18750
18460
33091
17624
40209
-25969
26939
-16401
-8604
16247
-40824
-25604
-27963
-24969
33088
19706
-18480
-24234
-3726
-26748
32866
-23802
12056
16280
31789
-30816
34278
27444
-6
32602
42825
-7576
-815
-13401
28682
14085
7978
-30313
30932
37852
-28533
14857
32809
-11980
-35362
25794
999
41452
-30388
32526
30005
2025
44973
12600
-23569
46557
-19872
-10114
26632
39907
46387
24252
44182
19873
-31496
902
36056
-35451
34217
-35793
-13559
24830
27861
-31446
39621
4549
-18216
-8715
-3442
-8570
-28408
15822
-25965
-15806
18630
-38885
-7929
-26394
20215
16565
886
34838
41506
-798
-20207
-23140
24373
13255
-8341
674
-11746
36989
-29892
41031
40576
11209
35611
-34998
-13923
-6091
10755
-33330
-2266
3722
23535
45340
-31780
-14448
44323
-1142
-34261
-2462
15133
-10641
-13040
-33087
-1025
7531
15058
-15710
-36287
17944
23139
-31099
-319
-26724
8104
-38048
-30644
6012
-23589
36267
32374
-8969
-8038
19745
4159
13905
-29166
-12469
16252
-22729
-40431
-9445
15332
-14403
-20999
39580
-31209
30663
-33096
-24438
-21962
33935
4412
9521
-4657
-11010
6832
8677
7389
1653
-28742
-25679
-36968
-35162
-37604
-11161
-15045
34355
30679
-9767
-29695
38348
4241
-33871
-6284
3906
22417
12236
-34563
33098
13488
-32696
-5253
-38768
-35669
-30849
-24593
-17707
8290
-22673
455
24059
2734
29832
-37938
-6561
-9533
-24029
39213
23941
-31635
11232
-13590
14191
20864
28697
-2254
-12177
5935
7846
-31104
23446
6478
23082
-35290
-15411
19647
-42465
5292
-10801
17213
18486
-6519
29043
12020
-13642
-3669
-24900
-8849
-28770
-3271
-32261
-6409
36389
10503
-39469
39128
6935
37067
-29384
-17662
25193
5815
-16127
2347
-16966
-472
-32566
-21332
39205
12241
32937
-27254
-2256
1864
29497
4757
24270
20798
-24348
-17391
-9078
-39476
23862
-8398
31545
-759
-35625
-21001
-23347
-2838
-37759
3509
-37061
10097
11595
31013
-20088
18453
-27545
9415
-24527
7695
-9937
-49734
-592
-32688
-42796
34815
-21739
37347
19374
-25516
-4612
31058
-10267
-27665
-2810
-24683
-395
26498
-37988
-11988
-12746
-2961
30197
39516
-2017
-39362
-25216
-23176
23359
8911
-34653
23042
-23014
17483
-22453
370
16276
29461
16780
8030
26461
8474
-25769
-11699
16381
-19071
11420
-28385
5463
-35518
-35407
9086
-21049
3613
-47172
-35583
-21346
-22581
-26700
-39550
23723
11505
10014
-6901
35143
3705
-9380
17841
41803
36774
-37091
-14168
36224
30928
18432
663
-1623
-3620
4825
6973
-26434
37079
31920
32581
8761
4216
37905
16141
-462
-10245
-29354
-2967
-11927
-39751
-41953
-20234
-14450
17323
-35913
33013
22634
-28189
-69
2256
-19012
6870
30105
21646
-32596
-25926
9334
27604
-33912
-43125
-22898
-38604
-2249
-16572
18353
-23334
-29986
-34418
-39440
-36468
-12758
-21682
30733
-24716
15325
13242
14086
12855
12071
-19718
11752
27087
23014
19236
-34210
19810
-23550
-14665
32624
-15529
12267
-13486
4651
-12815
1496
-15641
-24741
15944
23585
6757
-23992
28158
-34860
-38212
-33926
20536
5433
1080
-11845
14298
29760
22313
-28381
18836
-40492
-20242
296
-15757
16869
-31998
19770
-20648
-37586
9094
-21864
-15489
-42589
-3020
-25119
19709
31338
21061
3375
-22558
-18741
12416
-32144
9564
6576
9367
16197
-5637
-28977
-26265
15030
-24205
-35704
16102
33946
2056
-34117
-29214
-28418
-22901
40791
-40585
32004
33655
-21769
29424
17397
-21673
5708
-10612
-29570
27980
-7807
-35636
20809
31025
-3348
29971
6981
-3222
4537
-19240
-4220
10821
14771
23608
-26695
-48836
-47780
-25082
-9886
-12216
12021
35975
26383
36872
-20900
42152
4106
-31849
28472
23060
20164
40093
-26487
5135
27647
31382
5288
5258
4336
-4293
21366
-25652
38486
35332
4988
28306
22637
-36482
2538
38191
9150
8408
-22363
-22866
9645
14155
-33167
37815
4929
-8664
-6170
-13711
11760
30993
-154
-1604
24096
-44210
226
24198
30959
-40718
-4266
8217
-31436
-15744
-21511
34962
-16217
33544
-37051
-26932
23512
1995
-25050
-27678
16430
1415
-11608
-13544
-20229
1241
35911
30157
17933
18165
34243
38520
-23961
-33194
36343
-32761
-16711
-29140
30896
-24669
27395
21030
-27015
-11786
-1490
-4683
24409
5631
26495
14327
4421
-29335
11629
-19855
26308
8689
15508
-43793
25792
-20742
-34211
25777
-9058
-9674
23309
-35030
-46233
34827
33703
-22263
-33449
-6036
-29141
-37958
-22150
32022
-13722
15073
-12920
18943
42894
17906
24522
-35382
18489
-7969
17836
31064
14609
-36961
19667
35474
-4141
-25071
-37446
6876
-23837
16233
29262
-27558
20602
36327
37136
-1271
-3683
-41869
18744
-25434
28200
24856
-6150
27719
-15514
-39601
-23022
-11977
7056
10332
-40814
-30191
-9530
-12611
-30660
-41106
-43156
-26742
-13206
15662
24457
10804
14257
-12276
23099
4136
-32753
-26038
-36236
2153
-33812
-37194
-37047
18637
-12671
23446
38672
-7528
-21457
-2875
-10568
26418
-17852
-16758
5935
23427
-15338
-11490
-19114
-28368
-40465
-2088
7874
-27862
11557
-24066
-13781
37540
-20142
-43145
4170
33099
15594
-24302
14405
22532
-22621
-15854
-41761
-19980
-32357
30981
34950
17489
26912
8935
-15835
-15932
-3681
5639
-8198
1077
-1038
18745
16910
-14191
30365
264
5563
-38223
-29819
-36679
-2266
29886
40107
26328
-17445
248
8536
-27323
27880
11201
-14205
27571
36368
41817
-146
-30514
-25056
3181
29607
20274
-7714
26020
-30232
-37682
21487
-39965
-9536
7209
-38499
-37462
-28347
-14460
12969
13391
-30530
37507
-4914
-25624
38095
-37765
-34197
34088
18761
2510
-39985
22122
-41353
-13194
-39181
39360
19863
489
30198
-30693
-3745
-10663
14190
25754
-21301
36939
-22807
-4847
9982
-32686
12912
-38274
-10451
12980
-32333
-8735
-21118
27553
139
-15643
11585
-14429
21175
27577
-3335
13425
-10898
-9655
-34913
13468
-24247
-37554
10793
10050
33157
13520
2786
19451
-727
-8535
-32060
25412
36279
-30293
37960
8663
18861
6029
4250
16738
19616
16552
18714
-27648
40920
-33610
-9341
10336
40228
-3680
-3710
-3969
12203
32918
35917
-15777
2527
26782
24059
35617
-13657
38136
-1458
3338
-39315
25159
-9069
27791
-37288
37315
-23584
32368
16918
-3953
30226
29060
-35944
-42729
33926
-43048
-7753
28849
31962
11031
-11275
27666
-9350
-32066
-20086
39196
-14280
9307
27068
-7042
16816
9976
28304
-26534
-31299
35837
-19222
34854
-1691
26315
28225
-39726
23462
15328
-35460
14440
14481
-17732
27760
27529
17262
-28304
-21604
1276
33544
-16886
-36243
34632
-14363
497
-30937
-5482
31527
25933
-20069
-5051
29490
20182
32373
20241
-39491
-29261
-16214
-41299
-19424
-14898
-37943
-18125
14
-1796
28024
208
2038
37583
-35910
-23987
19835
-21188
36270
-21883
-41393
17858
7261
-33203
10490
-36155
3278
72
37669
14298
34100
18228
-1986
-14575
-5893
7030
10489
26756
-39663
37555
2907
23816
10027
-38748
30378
-21581
-9810
3776
8064
-15451
25506
15844
-11098
5627
32034
-16633
-3539
30033
-26727
-33071
8359
-7772
10991
5493
13706
-28442
-21353
11876
-40726
-20001
-9335
-4828
34227
24367
-29735
-39586
-16652
-33145
-40124
26483
39535
23366
-12409
28906
32471
14595
-8796
37099
33018
42199
7830
17869
-31082
-34807
-4355
3964
37427
5697
-9093
-9270
-27945
17197
14823
-14895
-5648
-36437
3686
-13177
-3185
12441
-5036
39088
-14420
-14873
-41169
16771
-12863
30425
-32958
-36700
-27667
-35112
-2374
-7280
-29865
-41742
-21974
-32312
25225
4220
3619
-4089
22410
-9942
-4032
-15142
-33309
-27852
-9306
-4772
-34995
33835
14088
-6301
38738
-40581
12131
16781
801
4597
-6014
-1000
24848
-6313
-39469
15688
-37102
-388
-9246
30155
37655
36662
11055
16748
15539
39572
13415
-25093
-37164
-9958
-18570
31221
-28437
-22432
-10266
9540
-32588
16659
-37392
-28353
-3512
-37649
-39537
-42184
25361
-5840
-23380
37124
22069
-5350
27473
35280
-21327
532
39666
-20277
2079
28731
2670
18903
-1181
16917
39848
20107
-30802
12146
35656
-21335
19152
6924
5142
26484
-25957
-13487
35997
11557
-9970
-33435
-28680
-29781
-27091
-28934
24229
-5015
-37313
33313
8670
-40046
19187
26775
565
26561
-23880
16972
37304
-27910
35819
-9682
-16598
-34378
-9550
-29378
10275
17708
-755
-32812
-25472
13275
-26603
-5177
2387
30806
-41812
14152
-15140
33213
26333
21354
2015
-18678
-34331
-11159
-37826
32662
6811
36583
31183
35819
-9717
-13294
21777
-25062
16876
-126
15202
36806
-29367
-13331
21667
38387
-39931
6486
-33398
23994
-22260
-23811
1814
-9906
-23649
7877
76
-24746
13429
-34895
29726
13413
8808
40015
36661
17756
-28624
34433
24210
27860
-17312
-41219
-13771
33355
-30035
4550
-35970
-39372
-38919
-40705
-245
-2183
-28440
23052
-25570
-38055
-14825
-20629
-18379
-27045
20836
-4943
39912
26125
16565
-33357
-25496
679
16320
15785
16510
28464
-38733
-12609
17588
-33418
-40002
-25046
32480
-37370
-874
40860
39560
33554
16549
20889
-10663
-20406
10875
-14028
-13425
1536
-36616
-24945
22123
23134
24801
35811
-15685
723
-25254
-33353
27561
-20410
-38124
-25031
-32364
6548
38794
-29125
28615
16299
29462
9545
30688
26325
24833
40089
12068
23852
-34218
12556
-26932
1632
15089
-23624
26356
-19750
-23605
-21191
11078
-35508
34202
5484
22688
16023
-20013
23554
527
29566
-7386
42181
22739
30921
11127
34831
4966
35230
38201
17021
21923
-18552
-26135
30187
-13106
15056
-2086
-3862
-40969
19077
2935
-12615
-32720
-7924
11220
27905
-15139
21845
-3563
-38532
16279
-23410
37923
2459
-7716
37554
33076
11722
-39156
37807
-23585
-10010
23533
-33298
-36711
18311
-9802
-1992
-17298
-13405
33059
40056
408
-13085
-40060
-35160
-9289
33408
-16077
-29490
-22626
-5588
24967
2419
31691
-14523
11146
-9375
-22789
34022
-21187
-38319
10786
331
-7635
37292
17171
-39719
36211
-1373
29363
-14821
-7305
-41604
36422
-9026
-6750
-40132
39544
-21001
25151
26992
7096
8017
-40933
-18259
-13948
-159
34532
-30081
-32173
-23689
-5579
-398
-27038
28524
41787
11267
-3006
9708
-23593
39286
2141
-34887
-12577
-1431
12533
-15009
-10584
-35804
-16903
15154
5341
32824
16419
-2751
28422
-30048
39409
-40951
11812
20566
-9779
-32922
6114
-20870
-6631
-21405
-40445
-32253
-16997
24430
-16137
-14344
-20009
-12738
24120
1728
-20594
17490
10706
32670
-26517
-32854
-29734
32337
16197
16240
-35175
26556
35252
10209
-8508
-14193
-1932
34648
7025
38785
34032
15761
-22172
-17129
20173
676
28881
-344
-31804
7427
4736
-25766
-37102
-17292
40250
29986
29774
29268
-39139
-17241
-33114
34227
2471
-5693
28270
-28912
-24008
18610
31157
24197
25376
4915
-9691
-1096
39010
-4783
-33969
8935
-33165
27804
29749
-12484
33266
15528
-9669
17100
-5484
14229
21310
-38121
-7434
-11340
21706
41851
10405
-2945
1955
-36161
-27843
-3092
-20281
15049
-34033
8059
2880
27177
5433
6630
16143
16940
12874
-14149
-11241
16426
26233
-37412
33569
3110
-39988
33031
2622
-39995
11864
-11485
-11554
-13528
-15806
20859
-13819
23777
-15855
-21459
17839
1489
-18264
29423
690
7578
9243
-38407
5115
589
31178
-18057
-40763
39695
40545
-33874
-21574
-12984
35867
-39482
33162
6223
-4751
-18226
4235
-22047
37161
-37928
-35020
-30634
-28700
-15839
-36692
12824
-34282
-19885
-3331
429
0
0
0
0
0
0
0
0
0
0
0
0
0
0
0
0
0
0
0
0
0
0
0
0
0
0
0
0
0
0
0
0
0
0
0
0
0
0
0
0
0
0
0
0
0
0
0
0
0
0
0
0
0
0
0
0
0
0
0
0
0
0
0
0
0
0
0
0
0
0
0
0
0
0
0
0
0
0
0
0
0
0
0
0
0
0
0
0
0
0
0
0
0
0
0
0
0
0
0
0
0
0
0
0
0
0
0
0
0
0
0
0
0
0
0
0
0
0
0
0
0
0
0
0
0
0
0
0
0
0
0
0
0
0
0
0
0
0
0
0
0
0
0
0
0
0
0
0
0
0
0
0
0
0
0
0
0
0
0
0
0
0
0
0
0
0
0
0
0
0
0
0
0
0
0
0
0
0
0
0
0
0
0
0
0
0
0
0
0
0
0
0
0
0
0
0
0
0
0
0
0
0
0
0
0
0
0
0
0
0
0
0
0
0
0
0
0
0
0
0
0
0
0
0
0
0
0
0
0
0
0
0
0
0
0
0
0
0
0
0
0
0
0
0
0
0
0
0
0
0
0
0
0
0
0
0
0
0
0
0
0
0
0
0
0
0
0
0
0
0
0
0
0
0
0
0
0
0
0
0
0
0
0
0
0
0
0
0
0
0
0
0
0
0
0
0
0
0
0
0
0
0
0
0
0
0
0
0
0
0
0
0
0
0
0
0
0
0
0
0
0
0
0
0
0
0
0
0
0
0
0
0
0
0
0
0
0
0
0
0
0
0
0
0
0
0
0
0
0
0
0
0
0
0
0
0
0
0
0
0
0
0
0
0
0
0
0
0
0
0
0
0
0
0
0
0
0
0
0
0
0
0
0
0
0
0
0
0
0
0
0
0
0
0
0
0
0
0
0
0
0
0
0
0
0
0
0
0
0
0
0
0
0
0
0
0
0
0
0
0
0
0
0
0
0
0
0
0
0
0
0
0
0
0
0
0
0
0
0
0
0
0
0
0
0
0
0
0
0
0
0
0
0
0
0
0
0
0
0
0
0
0
0
0
0
0
0
0
0
0
0
0
0
0
0
0
0
0
0
0
0
0
0
0
0
0
0
0
0
0
0
0
0
0
0
0
0
0
0
0
0
0
0
0
0
0
0
0
0
0
0
0
0
0
0
0
0
0
0
0
0
0
0
0
0
0
0
0
0
0
0
0
0
0
0
0
0
0
0
0
0
0
0
0
0
0
0
0
0
0
0
0
0
0
0
0
0
0
0
0
0
0
0
0
0
0
0
0
0
0
0
0
0
0
0
0
0
0
0
0
0
0
0
0
0
0
0
0
0
0
0
0
0
0
0
0
0
0
0
0
0
0
0
0
0
0
0
0
0
0
0
0
0
0
0
