-52 28 7 114
3 -124 68 -51
49 -105 -78 53
6 14 90 35
76 -9 -53 1
-10 -23 77 -114
-45 -38 -92 63
-27 36 34 31
-8 64 -31 19
87 51 81 85
7 -4 -18 -54
46 31 113 33
-17 -100 60 90
60 89 -48 -102
119 98 -71 -123
97 69 -62 108
-83 38 76 118
-12 -59 54 76
-74 -20 48 -67
97 43 71 -57
-18 68 3 29
75 -69 -68 -43
-28 -6 55 56
85 108 110 98
-107 30 -22 70
52 118 -84 33
-84 -109 -6 110
119 -11 120 -57
-13 -36 116 35
103 -27 -74 -69
-127 -15 38 21
-47 68 110 88
-70 55 57 -25
112 -30 69 26
-83 23 -58 107
-118 60 28 -99
-125 69 49 121
-83 53 69 36
-56 -12 -73 31
50 37 -81 11
-51 84 -55 27
-55 -105 106 -71
79 69 -38 -48
5 -30 -99 21
82 -101 108 -123
92 20 -13 89
-84 -19 -34 65
98 -1 69 96
39 38 21 67
91 -53 -31 -32
-14 35 118 75
51 81 -110 21
43 -24 -88 31
122 -110 -57 82
68 -112 1 -94
45 -82 -7 -107
-101 -87 -55 89
-119 -112 -51 -65
48 20 106 15
31 44 -112 15
-122 -62 16 -105
116 -45 20 -99
18 90 94 -97
-108 -61 -29 48
111 60 9 42
-12 38 58 2
-72 -91 62 -114
81 47 -34 105
-12 82 37 -117
-72 67 115 16
-65 -33 -91 97
89 52 6 -29
-64 27 -123 -97
24 94 54 -95
28 67 -51 69
64 -105 103 30
51 88 51 -10
34 70 84 -81
-8 46 92 112
-24 18 -13 -110
86 -71 -31 -103
-89 -74 71 92
-59 88 -55 56
-30 -39 -68 51
83 72 -95 -110
33 118 -54 65
-64 -50 -80 -80
96 65 92 -104
-66 95 117 36
-96 -93 119 -44
-27 29 -123 -22
72 14 -109 19
27 -28 -47 -76
-72 -80 -71 -14
7 34 -119 -57
15 -73 95 -78
125 -124 65 -74
38 -1 -44 36
-104 12 110 -122
-1 -78 -2 45
-101 -21 -120 -52
-24 -93 -32 4
49 -93 107 30
102 75 29 -99
-64 -7 -70 -43
46 68 47 123
-16 93 17 62
-86 -110 57 69
-7 -69 33 -78
6 50 -125 -38
52 -10 0 -73
64 123 65 107
-55 116 -37 -50
-27 -84 -36 69
-45 77 72 72
108 10 94 -4
-95 52 69 -68
49 35 101 83
-45 70 -30 -34
124 58 64 43
16 -80 -61 3
-53 -77 -37 39
-95 -52 56 21
57 0 -54 4
122 -86 9 -103
-5 120 53 99
-20 -109 31 32
116 79 -35 84
13 88 53 -119
72 103 -63 -6
-65 -2 -96 -22
-103 26 81 39
-88 75 -35 85
1 47 122 82
122 -117 31 -9
96 -3 53 -112
62 -118 35 -54
1 -93 -51 9
115 -31 31 54
106 79 -4 -19
-54 -19 49 -28
62 -63 25 -98
-37 -78 113 103
-48 11 -31 96
-111 19 -33 63
5 4 26 -52
110 109 -38 -30
-90 -31 99 63
51 73 22 -79
76 -1 40 58
33 67 121 -47
118 -35 36 28
-106 40 60 90
103 -9 21 44
55 -115 98 106
114 115 -75 -123
-89 -114 -61 16
-76 -75 85 -81
100 -95 -87 -115
-51 8 54 -126
95 -46 12 4
8 -86 6 -54
-47 72 -39 -102
-96 122 62 -106
-79 118 -50 -6
-118 -110 -2 -123
122 -9 99 116
-123 -18 -99 -40
-91 112 -120 119
53 103 -76 -98
-19 -94 -54 -45
-99 -43 -36 -4
-77 -37 73 9
44 -1 -36 26
84 12 -42 -108
-46 85 94 -122
-27 -22 8 106
106 58 -91 17
-22 21 -125 -45
-40 -67 72 87
0 49 10 87
12 -82 -99 -110
-45 -13 39 -60
50 87 -114 -108
-24 -99 83 108
65 -121 29 37
-34 -22 -35 -93
-119 -4 -127 62
-46 -38 -81 -38
40 -114 -12 -38
-115 -86 -59 -16
78 -50 36 -106
-53 -43 69 70
-32 -122 13 -41
-126 -88 46 124
-40 -54 30 28
-34 -46 -84 -3
31 120 -111 -46
105 76 -72 -98
8 -20 20 -1
124 -65 -46 -53
58 -73 122 -1
-111 81 120 111
-65 123 -98 -77
-53 -34 -93 -73
-44 93 112 -8
-12 -121 -22 -115
-83 111 78 -94
70 42 32 -126
-14 47 -78 -87
113 -10 -74 -31
19 -66 36 52
22 -118 -67 97
-108 -5 54 82
93 -59 -57 -83
-31 17 -20 118
112 84 17 -74
14 93 109 -90
-55 -58 -74 -75
-123 -41 -112 -112
64 -74 -124 -110
11 -26 26 111
88 58 -110 -66
115 11 95 35
-112 -51 113 -19
-107 105 -94 48
7 70 -73 55
-1 -89 -80 107
-5 32 77 -34
-86 2 40 -57
109 -10 6 -12
27 28 -112 31
65 -76 22 -67
100 86 -122 71
67 -87 95 124
-95 95 95 102
30 -72 -101 -47
56 -72 124 -61
37 37 43 -31
-102 -68 -58 -33
-41 -89 111 -81
-2 94 54 36
16 52 -43 -102
92 37 57 125
65 27 23 -119
65 116 -23 0
-13 -92 103 -59
-30 -47 -10 54
125 73 -32 54
-56 101 69 85
-107 -41 -68 96
-118 -76 75 -68
-110 46 71 -60
42 33 -96 -21
52 75 -100 118
59 32 -85 -34
51 -13 46 56
-113 103 -55 118
-39 -41 -113 74
23 -125 -112 103
-46 13 -88 -4
77 116 -74 100
98 -105 99 47
-67 -101 -47 -4
33 -75 -116 -61
-82 28 -76 -37
-95 -55 1 -71
24 -123 29 -50
51 -96 -62 -46
36 -86 -118 -39
-122 42 -50 -7
51 29 -63 -2
44 38 87 -6
108 -76 113 106
-64 -24 54 -17
-6 -115 79 121
108 -7 37 -97
-117 57 10 -44
80 118 26 -40
-30 98 106 0
94 19 3 -27
-16 -42 35 -65
-44 100 15 -41
-93 22 83 60
-23 20 23 41
-2 19 25 81
79 -76 109 85
38 -20 -92 -92
112 -87 -99 -29
-79 -91 -10 -93
114 -39 -121 106
-90 -3 -100 64
76 -74 6 83
60 -15 -73 -22
-85 -34 50 73
76 112 -15 -24
-74 -35 -2 -119
-121 -6 -101 27
60 95 -90 -96
-39 -75 -15 -122
-87 -46 39 12
37 93 30 3
-41 125 -111 95
68 -111 -63 36
52 22 66 57
-112 -59 58 -38
-10 125 117 -83
91 36 19 86
18 -87 -104 -67
-25 -3 72 58
107 -12 47 57
72 -22 -43 -99
-11 121 2 -120
-1 58 22 117
-85 24 -76 10
-120 69 35 3
22 -118 -25 64
13 -47 -12 -69
5 -51 -101 -115
-14 105 58 110
-98 78 -40 31
3 -18 89 12
55 -39 -81 116
124 -49 -110 87
116 -63 -65 75
-127 61 124 -112
31 -25 -101 73
111 -35 117 64
-1 59 -102 102
-22 -11 66 -93
99 67 -15 105
-32 52 94 25
-39 114 46 18
-69 -15 61 -61
-43 -68 -71 39
-41 -81 -49 -49
103 -75 -104 65
75 -95 -53 115
-48 107 87 -41
25 54 34 123
115 -10 -63 -1
-17 -64 109 -52
-6 113 46 64
41 90 -78 102
-88 77 79 -26
25 -31 117 13
11 53 -106 6
-45 120 54 -27
-28 100 84 114
-112 59 -105 96
-49 88 -77 41
1 81 -71 57
89 58 102 -118
111 101 -31 -27
-121 9 -101 -70
38 -44 35 -62
115 55 -88 121
19 -105 12 -48
42 39 -92 120
-87 -98 -52 51
74 -90 7 -118
30 13 -19 -8
71 -72 -15 -2
-23 116 3 -55
1 74 -75 -92
-116 82 -95 61
-71 -105 -22 -27
102 72 4 -121
-29 -42 103 20
-102 59 -38 -116
-22 -33 -36 109
-11 75 -104 106
0 95 -61 -75
116 -96 0 -93
-106 64 63 85
113 -8 29 -19
-106 119 13 72
-8 -17 14 9
11 73 -28 34
71 70 24 54
-24 57 34 -55
-28 83 105 -54
25 -55 23 97
-65 -29 -101 -78
-111 -95 -36 -10
-124 -60 73 -64
78 -25 24 73
-78 -123 -112 -105
62 -19 116 -110
-121 20 -111 71
118 113 72 86
45 60 78 85
-126 86 15 94
-37 66 32 95
-71 108 101 -80
-103 24 85 115
-15 123 120 17
77 -76 -73 17
-61 -98 113 4
-15 103 -47 18
-25 -104 103 -22
-51 -51 -112 11
-67 40 -91 -121
-122 84 65 -106
32 44 103 -127
34 87 -112 61
-56 -18 -10 -69
18 -106 -4 120
56 96 -104 -119
78 -102 74 -3
-125 72 6 -5
-28 -80 31 -23
-119 0 110 -51
-4 97 37 -3
74 -118 -122 -25
78 -96 68 112
11 96 -56 107
-79 78 -24 115
111 -90 58 -126
68 47 34 113
75 16 78 11
-20 -73 86 13
-98 -28 -110 71
2 -22 -80 28
-24 5 -79 44
-86 -40 -89 -21
54 -90 39 60
71 -55 22 -124
-97 -42 116 -63
120 -90 -39 38
-78 -27 -65 29
110 44 53 -9
7 42 11 -63
-119 -74 -20 113
-3 78 -57 -91
32 -19 -41 26
-62 -32 1 53
24 36 15 15
-37 -14 107 -5
-70 82 -13 19
37 74 23 -108
19 38 -37 2
106 -79 -111 -82
-97 -9 -87 14
23 -17 -84 -118
105 -116 -49 110
52 90 -73 -103
101 -126 -42 104
-81 108 -79 -9
-72 -86 80 -127
69 -110 24 81
-51 -13 -15 -75
49 59 18 61
96 71 114 -116
-77 -91 112 -91
35 -86 114 -57
-83 -7 -112 111
71 -108 -52 43
98 -54 -24 -85
125 -77 -68 -61
90 96 40 123
47 -118 25 -98
0 -84 40 -85
-94 -49 -51 48
-44 9 53 -43
63 -105 -13 -15
17 73 -123 -84
9 86 66 70
61 -27 81 66
-116 -126 46 76
-86 4 25 -3
-11 0 59 -40
-84 -57 -49 -44
-81 89 98 -110
52 -9 -101 -83
-111 5 92 74
-69 75 -124 85
59 -16 17 -35
-90 -47 22 67
-67 -48 42 8
-99 -47 74 97
110 56 1 112
-63 -90 16 76
85 -6 84 -23
82 -18 -22 -47
118 -91 -18 -61
-71 -39 98 1
-24 -115 72 93
12 -8 55 73
15 59 49 11
-35 94 10 81
-15 -118 62 -98
86 -48 -126 74
82 92 -22 13
-93 -32 28 -3
95 -116 21 109
-28 -48 121 -73
-51 -56 52 -92
23 -1 -15 -123
27 -64 119 14
-102 -60 -91 -64
-71 -46 -67 -97
25 103 -55 70
71 -108 61 88
70 -65 101 16
-46 -77 -15 22
-116 -59 113 -7
2 -95 58 -27
-124 121 -94 43
40 86 117 49
0 97 41 20
26 59 -103 -92
90 -88 -43 9
125 -99 -50 -102
120 109 45 -96
-109 -22 -74 -56
113 -45 -9 -69
-123 8 -34 -1
-32 116 113 -118
-45 -92 109 22
-102 41 76 54
70 81 -89 -1
-95 -15 64 -67
-108 104 -16 -113
-58 -51 -92 -40
-58 -114 63 -96
-114 62 103 25
83 116 60 124
-40 6 6 -76
-14 -21 98 116
44 -104 -85 -31
87 107 -119 3
-54 43 117 -87
-118 81 -99 -101
-116 57 -46 -122
-2 61 88 -106
101 -58 72 -54
33 -18 -35 -67
-38 -83 72 -66
-84 -52 70 -65
-121 -126 -88 -123
-123 118 24 1
85 96 39 111
28 67 41 -89
-77 -65 3 35
80 77 -1 115
-80 110 -112 121
-58 107 -18 13
42 101 104 0
6 -15 -42 -34
-85 61 -20 -92
-108 56 79 -46
118 -107 32 -118
97 -14 -124 71
-108 -122 -10 -24
22 97 -79 -127
-19 62 93 -31
118 -4 -82 23
-63 49 30 -76
3 43 -62 14
-121 -43 -85 -84
59 73 62 -56
78 65 -68 73
-55 -88 -68 -120
-39 -83 82 76
-79 30 119 -62
18 -93 -109 41
-124 -48 16 -41
18 106 13 -97
95 -68 73 38
-82 17 58 -22
-23 -76 -97 -82
-28 -122 23 -99
-118 10 -2 68
107 85 -108 114
13 106 92 29
-25 116 -28 5
-127 -125 98 20
52 4 8 -60
-116 98 -120 -8
-126 -24 29 114
57 -53 -117 2
84 -58 17 75
0 85 1 30
92 42 110 -47
-110 -70 -28 -108
19 -100 -49 42
118 55 -97 -22
119 -35 -81 -85
-25 -99 -3 100
53 62 87 -20
-109 54 -61 12
-28 -83 70 10
-19 46 -79 100
-6 -70 122 -36
38 19 -51 77
15 -8 -45 -68
-99 -85 21 -72
-98 -74 88 -35
42 -117 -124 112
-71 79 103 46
-92 76 -40 116
33 29 125 59
34 65 45 117
-64 50 -120 23
7 -5 58 82
-70 74 115 72
-82 51 -10 -90
22 82 -3 -114
102 -21 17 -114
-12 -91 -2 -99
65 -90 -1 -95
-90 98 -71 102
-109 -37 -73 -13
121 56 -117 81
71 -54 71 47
122 -60 -95 29
38 93 4 89
85 50 -5 69
-47 -68 15 32
-84 -91 110 -115
-19 -29 106 45
124 92 -121 -107
49 103 -56 -97
69 14 83 -28
9 45 -37 98
6 100 -107 -107
-8 -44 21 -103
33 63 33 11
27 -2 -69 -93
-73 -13 15 84
90 30 102 9
70 29 -109 11
-103 125 66 -31
82 5 -8 -12
29 -49 -80 110
-61 -32 -76 20
-60 42 92 46
-89 -2 84 50
50 123 18 90
-99 -7 -110 -92
-118 70 -9 6
111 4 -2 -29
-120 93 107 97
51 -35 49 11
-112 -110 -56 39
116 76 60 -88
-86 25 10 14
-101 75 -100 29
-102 72 22 -92
-123 -110 82 -12
109 28 -67 59
67 -67 120 -75
30 -43 47 -78
2 -31 23 -95
-67 119 105 24
57 35 32 17
117 26 -17 -124
-74 -100 -81 -78
97 52 26 -83
109 -108 -87 -14
-123 -56 96 97
41 11 -90 -68
-88 -5 98 110
-118 -44 -35 -74
-76 33 72 38
-11 -108 -115 -64
-21 89 29 -60
23 -126 72 -78
-88 -23 -102 -29
-66 -9 26 -2
-92 -95 -72 116
-86 -80 117 -90
-90 -12 -51 124
-122 34 -88 -8
-17 -105 66 36
-9 61 -87 24
-23 -20 -104 102
-42 -77 64 22
39 62 -105 -109
-1 37 37 -40
55 -10 -2 -16
-69 -13 110 91
-11 23 -80 -33
10 -56 16 -121
34 -40 -98 -107
65 -50 107 -83
56 -109 81 -123
-80 -47 -122 25
70 53 -20 97
111 -77 78 -63
-84 -68 -51 107
114 19 -10 24
54 -68 -53 111
-63 -35 78 24
-96 -109 15 -113
-68 120 13 43
-94 -63 66 25
-65 8 -125 106
67 -109 94 -33
-10 84 -2 94
-99 -74 -107 112
110 -109 -122 47
105 38 -53 -51
68 78 103 66
45 -42 33 -28
-92 101 -35 -87
45 69 -32 -93
29 111 -69 67
-71 112 -82 56
67 -103 -86 -46
77 -67 -11 -28
-108 -2 124 -13
-34 103 -5 -62
-71 113 -89 -72
-109 -66 38 -123
-66 67 34 10
-81 14 -13 75
106 -112 -16 -37
67 96 71 32
81 55 -45 77
84 -108 -62 13
56 45 54 101
-34 -89 -81 89
-117 112 -82 78
53 -55 0 72
-43 61 59 -20
49 35 -11 119
-104 3 -121 -94
44 19 38 -101
-89 -108 -90 22
-119 -41 103 20
-69 -104 59 87
-115 3 -55 88
-29 12 -53 27
-117 -102 107 -66
-117 -24 23 -97
14 25 -14 72
28 97 36 80
90 97 -3 53
-90 112 19 -111
-127 -102 40 -90
-26 42 29 16
-123 -63 -112 -19
-12 10 -102 -33
95 -40 3 -18
-59 71 10 22
-61 -41 2 -76
-23 -20 -2 125
109 102 82 -15
99 -80 -67 2
-50 91 107 13
106 -31 -66 -19
15 -36 -45 80
83 106 -39 -39
36 66 -5 -47
-99 -103 99 -66
108 -114 5 -48
-62 -98 -29 -112
72 100 115 -92
-114 106 -126 89
97 -70 47 87
105 45 15 -56
95 -111 -30 -98
-70 17 102 104
-3 -5 -34 119
-39 98 -91 -77
53 49 31 44
107 28 48 81
81 -123 -98 -18
-28 52 -14 19
-86 -112 123 -36
-94 43 -107 -103
-62 45 102 -97
-32 -80 -109 -27
-99 -77 19 -18
-12 22 22 88
7 -37 -59 46
-81 -7 95 119
123 24 107 76
48 82 96 105
-59 44 4 -52
-108 101 25 -43
-42 -63 -102 110
95 90 16 -124
-58 -47 -86 -35
-16 -79 -74 -46
40 81 -120 -77
47 80 114 110
-3 -65 -126 59
89 55 113 78
-87 79 -65 53
72 -121 -121 -57
-8 -82 -83 17
-108 112 28 12
116 -98 20 98
-114 49 -46 -41
18 114 -30 -9
-101 60 -7 -42
-50 75 77 -52
45 67 -24 -82
103 57 6 -22
-24 -10 -62 -3
33 -97 12 118
29 -103 108 40
106 100 41 -32
-65 -30 -119 -80
105 -92 96 106
-83 -85 -27 -69
14 54 -102 125
-50 -69 -102 -96
-4 29 -9 63
-97 77 39 -105
-62 -103 41 114
-49 7 -47 -125
-78 -9 -19 23
-89 73 29 -100
-88 -8 21 4
-62 87 -22 -88
82 -73 -78 22
-11 -1 -36 77
-93 -39 104 60
-28 95 -127 -82
101 -55 -125 67
-57 -90 116 -15
-101 25 20 -26
-89 85 26 -7
59 -14 68 30
-12 -47 11 98
-46 -6 -56 -32
61 -125 -22 -26
119 45 42 103
-27 -80 39 22
5 111 -74 1
-75 0 47 -11
-101 -120 -33 -20
-43 17 19 -2
73 -93 75 119
119 -3 -81 60
107 33 -94 -35
-79 41 -35 40
111 12 -118 -78
13 45 -93 13
49 119 77 -96
65 51 27 -95
-47 -45 91 -111
28 57 -89 124
-2 71 -102 -33
16 110 20 14
-2 -111 -26 19
107 -87 -19 -110
-17 67 -1 54
-121 112 38 101
-8 -93 85 20
40 60 -57 29
75 -102 -37 99
52 -81 105 -88
54 -81 33 47
-38 -110 -88 72
17 -78 -124 90
31 15 123 -66
31 -23 -75 -2
28 -112 -69 -38
-40 41 -24 63
-119 96 108 41
-59 89 98 -15
-6 31 -5 22
49 -122 22 -8
71 77 23 -119
-81 5 66 15
-100 33 -4 -21
12 -23 101 58
-114 -85 -126 -77
-56 38 68 95
-43 -108 88 69
69 108 -40 125
91 66 85 95
-53 98 108 -30
106 -96 19 -40
-117 -14 39 67
2 -87 6 55
-34 -127 44 42
37 106 84 118
-74 -15 107 -127
-124 -57 63 72
50 -46 -67 -111
57 -41 -61 122
-27 1 95 -108
25 46 -118 120
83 0 -112 118
-118 74 107 -45
-100 -93 74 123
-43 13 106 80
-19 -52 35 82
63 -72 50 32
-126 90 -46 -12
-33 -15 35 -106
-16 -52 -71 -98
103 -34 105 -52
81 111 58 51
84 11 90 117
-39 -120 75 -67
3 66 57 71
-112 41 35 34
-26 14 26 6
-19 -36 -10 -121
-65 94 111 -74
69 -42 64 -31
125 71 4 8
-77 -17 -4 -116
-79 2 -8 -10
65 26 89 -96
34 -42 -55 11
-110 -112 -111 61
-84 124 -92 68
109 2 86 -43
-126 118 -72 50
-75 -75 -33 -64
71 -31 -16 42
53 -52 -83 50
46 32 60 -113
-104 92 61 -108
-81 92 -22 69
9 -58 46 -21
-114 32 88 -64
-58 -73 41 124
-95 18 45 -109
20 -69 -30 89
-6 -109 -89 -121
-31 101 -70 23
28 51 -28 51
45 -13 -59 32
44 107 82 105
121 -99 9 -52
1 37 6 -83
-77 24 58 61
59 92 32 84
-51 -58 120 -70
122 -54 24 -19
-69 -123 75 -91
-98 -55 -3 -9
-106 51 86 37
123 -17 66 105
89 14 63 -85
-92 -63 -75 -90
83 -38 50 24
-116 -111 9 82
32 107 -15 -44
-54 74 -73 -120
32 108 -28 -105
57 53 92 -40
72 38 -86 -82
-51 48 42 47
42 22 92 -87
117 -108 62 91
-70 -19 -118 -13
15 -18 -121 80
79 60 -88 -98
32 -15 -16 -107
-109 92 123 29
77 78 -11 -81
29 -102 -53 31
-41 66 86 -70
31 29 115 94
19 -31 -28 7
15 117 68 -113
-102 -101 -34 -10
41 -16 -14 -124
-125 -101 -81 -41
-39 -43 78 -66
-82 6 -82 -25
-111 -31 -66 19
-17 -72 -6 -34
-108 8 48 -21
50 14 97 -18
-104 62 -10 53
-118 47 -65 -32
-10 105 -41 49
24 24 111 34
17 -41 -54 -47
-36 22 48 41
-98 107 -18 -60
-74 -104 -12 -4
22 5 -34 -79
-44 39 74 60
19 -39 124 24
11 -50 -43 -87
-85 -51 -39 0
-36 -106 85 15
125 -67 70 85
45 114 -81 100
-108 102 -89 54
-69 3 -89 35
125 -15 -58 63
103 31 -37 8
-98 -76 84 61
65 -38 25 58
-103 -23 94 -94
-98 -66 97 -102
119 -99 -56 86
-11 119 -111 -112
-5 -22 85 59
-126 83 93 -17
-59 111 -81 -112
-58 -115 33 88
31 -71 1 95
-85 -50 63 56
-107 -60 1 77
-63 17 -5 89
14 -23 -67 45
118 -75 76 -93
102 -70 97 71
-32 35 93 65
-107 78 108 -14
15 80 -85 -24
97 -62 40 21
107 39 -125 -99
105 -22 1 -75
-27 -100 56 -73
-68 39 -98 -16
-101 75 -86 -66
-82 -28 36 10
-3 10 -47 67
83 -82 -49 7
-70 -7 55 12
28 98 16 -106
75 -120 36 -82
27 -29 -63 -99
75 -63 -83 -63
-100 -113 16 -30
-111 -16 64 -101
44 -17 76 47
17 90 33 -87
29 -86 -124 -37
108 -59 -99 -50
-26 115 -42 39
-8 113 -97 65
-43 43 -14 -83
21 88 -52 115
119 -99 -37 47
-18 -106 -89 -24
-86 -48 -108 76
-2 -70 125 21
-55 87 72 43
124 -50 -44 112
-12 42 -49 68
21 109 12 100
-118 -42 22 121
119 -80 121 37
121 -91 19 84
15 10 -83 119
67 68 71 -60
38 40 113 -17
-33 25 -89 -34
77 120 -67 115
-109 98 -75 -38
-46 31 33 -38
105 -75 -49 -49
83 32 -33 -19
-116 109 12 9
-31 0 17 -55
-110 -7 -127 25
-103 -80 -88 18
2 -107 -1 -10
-51 51 102 -13
119 114 35 123
-56 -100 -84 -52
5 94 -84 101
-72 -59 -114 -38
-52 -35 -93 -39
64 14 -56 91
4 -114 -10 96
-34 115 64 -60
-80 43 -118 -40
57 -103 -108 61
113 -18 75 30
-34 113 -120 -50
17 40 49 40
-59 89 81 49
-16 -119 114 116
-8 94 -34 -15
-11 40 68 -14
-47 70 -104 103
-120 -47 -79 74
-123 -95 31 75
15 -33 7 -68
12 -13 16 -50
111 -127 -122 57
103 84 -74 56
-75 -112 5 20
-65 -104 69 -1
-67 -118 -89 -23
120 -100 -110 81
-40 100 81 64
86 15 -47 99
42 -65 3 69
108 -69 -126 99
77 36 -120 -29
9 27 -123 -118
4 -18 -2 -90
-37 125 44 11
-104 -97 -60 -64
-23 109 52 -59
-75 107 5 -103
-116 36 92 -53
-68 30 -18 38
-73 -17 -73 76
14 112 -53 -1
-42 -110 53 15
63 -8 -9 -27
-74 83 44 61
-106 111 72 -10
-65 100 -61 -107
-113 48 80 31
-103 -51 -102 -43
-75 -7 124 99
48 5 -108 49
15 36 -42 -91
-39 -77 -61 -24
-92 77 -27 -125
-98 -22 -46 -123
57 86 -8 -55
-78 101 111 -42
8 -104 -65 14
42 -4 50 40
94 96 115 -65
-1 -110 -1 54
96 75 -56 -72
-119 80 62 -111
-54 45 -111 -67
59 5 79 124
34 20 -81 -112
-109 78 -29 122
57 -111 5 -112
42 -14 69 83
-78 77 -2 -1
-69 116 95 40
4 -56 40 100
-50 -98 6 24
12 -58 -77 79
-64 38 6 -80
-104 72 -60 49
-47 104 18 -104
122 117 -1 -42
83 -47 116 -2
-9 -25 -46 75
-123 -48 -77 -112
-38 91 27 12
83 -11 -82 -81
119 104 116 30
103 13 76 -71
-80 115 -23 -18
18 -105 36 6
-120 9 45 -46
-52 -41 -15 -94
107 -92 -111 94
84 -100 -49 41
-116 3 -55 -108
-126 -9 -83 79
-8 -103 72 53
-89 39 -42 -3
36 -16 -19 16
102 -74 12 -104
-101 49 -21 34
69 22 55 -127
101 -38 -115 -110
47 39 103 75
-40 32 -76 90
59 -78 -89 124
-57 65 -15 -104
27 83 -61 65
-101 -7 27 29
-74 -23 91 105
18 32 24 27
31 85 -118 17
-103 35 71 -85
104 -56 -1 25
15 -47 -17 20
109 -9 122 44
-33 108 46 125
-8 -117 -113 62
-109 -42 -46 84
0 58 -114 -22
-14 -34 2 -127
-65 -50 66 -34
94 36 93 -104
48 -19 125 -53
-73 -76 -38 45
122 33 -7 46
113 56 -14 -4
-66 34 57 17
14 -51 -118 -1
-90 -119 -50 83
53 -87 124 -37
-122 -21 8 -49
85 74 -39 -20
118 -107 111 -123
-88 -22 -23 27
-100 75 -53 90
42 16 30 -117
-101 23 -23 -93
39 49 26 41
-17 -10 -74 -99
122 123 12 -72
85 21 26 120
78 71 -79 9
-99 82 27 97
-25 -89 60 68
-111 59 -51 -83
40 -115 90 52
7 121 -68 31
-51 15 -36 -9
118 -2 125 14
-19 -8 -35 -16
64 -92 6 64
-38 -1 -99 -92
-118 -54 72 -119
19 -1 55 -97
-27 -80 -9 103
42 -44 -88 10
81 -43 -56 66
-50 51 52 -78
-18 6 57 121
99 90 3 36
79 94 -3 17
93 45 66 61
62 -120 7 -84
-5 -39 -93 -74
-10 21 -75 -93
-92 125 102 -104
-53 -88 88 102
41 49 41 47
-119 -3 -70 13
-109 105 -5 11
-68 -85 100 45
85 63 4 -67
-79 80 14 23
-116 -66 105 114
-70 -12 72 62
111 -46 48 -107
107 15 -101 -60
24 41 26 3
88 26 52 -95
98 -25 -16 14
32 -103 68 11
-96 -40 -47 -91
-33 -82 -16 71
71 9 55 -121
-4 1 41 51
-1 -37 -16 -86
-44 88 83 88
5 -81 75 -99
54 117 -48 -21
6 -9 6 -88
-96 26 11 -28
67 110 122 74
3 98 -64 -13
88 4 -75 113
65 38 -22 -76
28 -81 -62 91
4 -91 -94 -11
-94 17 1 125
-73 -122 71 -63
41 -29 123 123
37 98 -118 90
123 -21 -102 106
-86 14 86 59
66 -80 -32 -104
-63 -26 27 -61
-2 -115 118 -2
-7 -22 -50 20
106 -19 8 25
93 -66 -110 28
-97 -59 -61 13
-31 45 -53 103
-56 -108 106 32
7 97 -111 -27
-77 8 -118 -3
22 120 69 125
79 103 49 -85
-5 -75 -7 -53
97 90 -20 -5
102 84 -91 83
119 -50 -66 72
-8 -46 -95 92
114 -7 57 -66
74 -28 111 -89
105 28 -38 108
-54 40 71 1
-16 8 -6 102
44 -122 -105 -9
-25 94 109 -9
80 46 1 -42
48 48 -120 7
-95 -125 -69 8
109 -113 60 -118
-107 120 -45 113
71 -31 -94 -122
-127 63 66 41
-102 25 -109 20
-74 78 25 89
32 107 -92 96
-109 -45 37 -30
-39 113 -16 68
123 -4 16 119
-119 -16 104 -46
56 -106 -104 55
90 -9 36 49
-64 -122 -71 21
-71 -127 -48 -44
108 -58 18 -8
-14 102 85 -62
45 -8 -14 -49
76 18 52 50
-90 12 10 7
-109 51 -91 95
-49 -96 51 -19
74 42 -22 -71
42 -43 67 -26
124 -115 82 103
88 -13 -114 -15
116 -35 -116 -59
-122 114 69 -75
70 -112 -14 -54
-80 -71 -21 24
45 -94 -55 -79
26 84 -45 38
-92 -24 -3 -83
36 -70 -121 -116
122 67 -50 108
-11 -120 118 5
-64 101 -81 92
-95 27 79 75
12 -120 76 -124
101 108 -37 -49
-32 -98 -26 66
-127 98 -119 -73
-40 37 -20 -121
116 -46 77 -103
-45 25 -42 -76
109 116 75 35
109 107 100 70
-74 65 -56 -36
45 85 -95 42
-41 -92 76 83
74 83 51 48
21 -71 44 100
-122 119 91 74
17 106 -53 15
30 92 -45 -87
-95 -39 -33 74
121 -51 -14 81
2 33 1 -37
-125 102 18 -32
86 78 34 -106
-40 125 -91 -112
-2 21 -27 68
-28 -97 54 69
27 -86 23 -117
95 -72 93 75
75 -67 20 -38
34 21 1 84
62 120 111 53
-89 -1 49 -33
107 81 -62 84
-51 83 122 110
-113 27 -84 77
-39 68 55 -52
19 52 13 8
56 99 64 -119
-31 -94 -32 64
-24 -41 0 3
-25 -77 48 -67
84 -120 -70 119
52 83 103 110
117 79 -33 41
67 64 -51 -54
-82 14 33 40
68 -17 -63 27
53 -36 116 -75
71 88 -68 -5
62 51 -62 -88
62 25 36 -77
-9 -23 68 -103
33 67 33 37
-68 113 -102 88
-81 54 -101 105
31 -6 38 -72
-32 25 -13 71
59 -42 77 9
-13 109 23 -54
29 -113 2 -28
13 -10 42 -37
99 35 -88 99
106 14 74 -19
-46 103 113 73
-37 117 62 -117
-104 -16 -18 -27
-92 -67 47 -43
-114 100 -86 -49
-105 -45 -102 52
103 -80 -111 63
-22 -93 3 113
-55 -14 -100 -87
-119 -13 34 -69
-3 -113 -60 27
55 103 -80 10
90 -57 35 10
79 26 19 48
55 23 -96 9
-23 81 100 8
19 -23 43 -70
-72 51 106 -95
40 -87 -4 -61
-11 -25 -98 118
73 119 -1 -4
30 -107 -30 -48
78 98 72 116
-63 44 -47 -16
17 11 -120 109
-73 74 -46 -63
81 16 -82 68
37 -8 -36 5
75 107 9 11
64 33 96 20
-78 108 -98 -21
33 -4 49 -112
-103 41 6 109
52 123 -63 96
-44 -78 -103 -21
62 31 -81 -123
76 68 76 107
41 15 -10 107
-68 102 -55 30
33 -33 14 82
68 -89 -51 -88
81 -86 -79 -5
100 -36 -16 -115
18 123 -1 -42
-91 62 -113 -28
-26 -105 -7 -30
93 22 -88 56
-32 69 61 -85
-65 34 -63 55
125 117 101 120
110 99 -70 -94
8 22 -93 107
11 30 -117 99
-35 -44 -44 -4
-126 106 68 -54
36 -55 -125 121
-105 -121 -115 -75
60 93 46 -49
120 -70 29 12
-122 83 114 -95
-117 -24 72 95
118 44 75 -21
31 -118 -105 11
-102 -115 -84 -14
4 -100 106 89
-79 68 125 -126
-116 49 99 13
119 16 -57 -7
99 23 47 -16
-122 101 -49 -1
56 21 113 61
-44 4 68 15
41 9 -56 -41
87 21 -66 9
75 -22 87 10
-114 -21 -66 52
117 -51 -105 99
95 29 125 -101
-29 94 -68 -102
-17 6 1 -111
-103 24 72 47
17 5 -45 22
-68 99 43 121
-91 -112 59 2
20 -114 124 -50
30 110 -80 -39
-58 90 -4 70
-6 -35 -34 5
-33 -64 -114 -49
-84 -5 -47 -8
100 95 90 65
-77 -42 44 -86
-32 76 -88 32
41 -4 -100 -81
84 -13 -41 -63
-113 -22 -104 20
-2 47 -86 30
13 107 115 106
-96 -23 -62 -63
-78 26 78 -2
84 86 30 -24
116 93 61 -69
24 -100 33 -1
72 23 4 -127
27 -72 91 -54
42 82 -46 66
-115 -91 -7 28
-38 42 123 -83
61 -88 -23 101
-13 57 -64 -15
43 87 -98 -16
-66 68 124 34
-81 115 -46 31
-51 57 -18 -83
-2 119 -120 -78
45 46 97 118
-93 16 -120 -65
95 101 -10 63
15 -5 39 -35
115 -100 111 61
24 22 -18 -6
-96 -101 -64 35
-47 -90 0 119
14 44 119 79
-76 87 -99 -15
110 -126 -117 -38
71 -37 9 40
-113 -91 -124 15
70 124 -70 100
-60 120 -98 55
64 5 -42 3
-62 -28 -81 -35
-50 116 -77 -11
91 64 -63 65
3 -61 -13 -52
-36 78 110 26
-14 82 -95 15
-74 101 115 125
88 83 -86 -68
-100 -126 40 -115
-61 -106 -59 -17
-49 124 -14 -56
-71 -119 -82 -75
70 -7 -42 -107
-73 116 2 25
-122 -116 59 -24
-108 67 7 105
110 -38 -121 -85
80 83 86 108
-52 43 -103 -22
-114 50 97 -91
123 -27 9 -21
-42 -44 82 -65
-72 -93 58 111
112 100 -69 -54
48 43 54 -118
97 84 74 25
100 -23 65 -10
-45 3 100 -38
-70 75 -14 79
11 56 58 105
108 -46 103 86
-74 -54 -57 5
-47 -84 72 -8
125 96 124 -88
118 -73 -24 96
-23 57 -98 108
-120 -96 -8 32
89 -94 -13 -62
-78 49 -25 -95
118 -68 66 10
62 83 -83 122
-51 32 93 -47
-35 -114 125 41
84 120 66 92
88 39 35 -50
59 60 44 -114
58 -114 79 -115
-23 35 24 -53
12 62 25 116
41 124 -46 -61
-28 93 97 -99
-120 17 61 31
2 -80 43 8
-32 -61 -98 85
-117 -39 122 38
66 12 -109 116
67 54 86 80
7 107 -53 -87
30 -80 1 -58
-119 29 106 -107
117 7 100 116
-6 -3 106 116
85 -14 -29 115
-33 44 108 -116
-85 -77 -72 43
2 -51 1 -1
27 87 28 84
-60 -70 -5 125
-48 -53 110 110
16 -109 -125 102
76 -100 -69 81
46 -98 -125 -9
15 105 21 -77
-22 12 -2 -27
45 -23 -81 75
-4 -86 -50 -19
43 -54 3 -61
62 -67 -78 68
120 81 -64 66
79 -125 68 86
106 87 54 -66
-24 -48 68 21
-8 103 -61 -43
-32 -98 5 123
-70 24 109 38
-36 -122 109 53
-55 -4 -40 -83
-74 107 41 67
-83 -80 -27 120
19 -7 -86 18
-126 -46 -103 -11
85 123 -34 7
-76 -40 -47 -25
-6 -97 80 50
7 -65 -51 32
-30 -43 98 33
0 -40 -113 -71
44 68 -35 4
56 46 -104 28
4 4 -34 -118
101 -113 51 17
-1 -67 -88 33
125 -84 -33 -45
-87 -2 104 71
112 -24 5 15
32 125 46 -99
24 -12 93 -51
114 -51 21 21
-50 -72 72 -79
-37 53 31 -97
60 25 -75 87
44 112 16 57
102 -22 68 52
-40 -74 118 3
-1 -91 100 -79
-14 17 46 -116
9 40 -26 -53
-13 -93 -69 -13
-93 -95 -87 83
27 -90 -38 9
76 65 105 50
70 -55 -48 86
-70 119 28 89
-50 -7 -37 38
-116 -81 124 90
-110 -11 -119 72
-37 -65 108 24
123 -35 -38 -95
-12 -77 49 -98
-73 -25 36 83
-94 -24 121 -81
72 114 87 -86
2 89 107 53
-56 45 -73 -57
23 -85 -114 122
-68 80 95 -84
61 66 108 -81
-57 57 19 -113
10 -86 -4 37
-45 -82 -125 -114
-112 122 -7 -125
-52 42 28 -8
-27 -55 -124 -8
68 -91 -16 70
83 118 105 -57
-18 75 29 -56
74 -39 -111 -37
-23 -103 20 34
50 59 -11 55
21 -23 -119 112
87 -106 -7 -100
36 -113 10 54
47 -18 79 -5
-96 -85 -112 -96
-85 125 80 -125
59 33 -10 91
-118 94 94 17
97 -52 -70 -67
-14 -97 40 55
-73 -61 22 85
33 10 -34 104
-71 -89 45 -86
-35 26 -36 27
-76 55 106 3
38 107 36 -37
36 120 -12 66
108 -24 -87 -109
62 36 55 -53
32 -11 -59 102
-103 -95 -61 -62
121 -105 22 -50
70 -89 -75 -125
33 24 -74 47
-115 -103 -76 74
-109 101 65 -72
-115 -76 75 -44
-31 43 -53 -98
-114 -90 -109 -43
-121 33 -92 -91
88 39 79 124
79 -40 -57 -17
14 -105 -36 -84
-12 -126 103 4
81 68 72 11
69 -54 117 0
-36 31 7 -121
53 -42 45 3
100 0 -106 -36
22 86 39 -80
54 -30 118 -93
63 -20 83 24
-72 94 60 1
4 55 -38 -49
89 106 74 -79
29 17 3 58
46 -54 -16 -42
-113 88 86 96
109 -87 102 43
-20 47 -47 20
-1 69 -95 57
-105 13 97 -122
-27 -76 13 -74
-124 25 -116 69
62 -32 -57 -113
-83 4 8 -29
115 59 -43 80
109 26 72 86
34 -12 113 82
-89 -10 -84 -16
-49 -11 -61 -35
54 0 56 84
-68 102 -27 -64
-56 92 -123 -1
-53 -30 -77 -89
-42 -89 -49 -22
91 117 108 123
64 -31 -107 -20
104 -47 -76 103
-59 -67 56 -73
-50 119 38 13
63 -82 42 29
-25 -93 -101 58
53 35 -77 63
-71 -107 14 111
-73 -89 49 46
-18 117 20 125
-59 6 -107 -125
-125 -114 0 -60
65 48 -107 123
45 66 61 20
-121 -46 -102 -62
80 1 57 -74
39 -63 -107 -106
40 107 -121 -51
66 -94 100 61
-72 -48 -58 72
-83 -41 24 4
-89 -79 -70 -122
-54 89 27 100
115 81 124 -60
-34 31 -60 85
43 121 -21 -54
22 -112 -120 -86
113 47 -78 20
-71 50 7 -55
58 -72 37 -55
95 19 55 96
-118 67 -34 -83
94 -54 17 -2
-12 -18 -56 -122
37 52 123 51
-101 -19 74 16
-56 91 2 24
117 98 87 27
-84 65 -82 48
54 -110 43 -101
-44 93 -104 94
100 -78 93 44
-55 73 21 -68
-67 124 63 39
-70 -17 54 -45
75 80 111 13
14 -2 -118 116
63 56 -97 24
108 -77 112 -33
-3 56 -103 102
28 -106 -3 65
-83 -39 -11 -111
80 -109 -80 85
48 28 73 -106
-55 -13 47 36
78 17 -3 -58
25 -108 92 -26
-102 63 42 17
124 -104 54 111
124 105 -30 -108
-41 -20 -29 9
-88 -93 -83 67
-108 -124 84 -102
80 -68 -58 45
24 96 38 -11
41 61 51 -81
105 -103 93 108
-126 -82 57 18
-83 -54 -44 -74
115 -79 45 109
112 118 95 17
14 4 -112 -75
53 -42 -61 -4
3 -36 -3 -110
-91 -113 65 -104
62 88 -62 -31
57 63 9 106
-13 83 68 76
72 56 -84 110
-45 -60 108 -24
120 31 84 121
13 -13 82 -21
-120 -60 -39 -23
102 -30 -30 -99
-27 8 -80 -107
-35 -121 106 -3
77 -94 11 118
107 76 -76 -95
0 26 -54 -35
-67 -110 62 -6
-57 27 20 108
83 -81 22 32
-48 -80 110 64
-66 -6 -85 -10
114 112 -127 -119
-57 109 16 -23
61 -97 11 79
-16 -86 108 50
-74 -127 62 -71
66 -69 -121 111
56 -51 113 -36
111 -111 -23 -19
-35 111 -35 57
-41 -18 91 -48
-87 103 80 4
-50 -113 -84 -100
-78 -13 -80 100
-18 -96 -53 78
-59 -9 112 -103
33 117 75 -15
93 85 20 80
-43 -30 38 19
99 81 83 105
23 -51 97 96
9 91 50 2
67 -83 -36 -5
-89 -41 98 -53
120 75 -29 -110
108 66 39 81
-92 -15 60 37
-112 -108 37 -14
-18 -81 -68 88
-27 84 -122 102
-78 -17 -67 29
-80 74 20 -77
73 -58 39 -47
-120 -105 11 -11
-29 95 -102 -51
108 -42 80 -16
-89 -97 94 -116
39 95 32 31
16 46 -108 103
28 -97 -78 -61
-13 -64 -8 -70
64 3 11 -68
-120 62 -17 -83
42 -16 -83 44
101 -76 119 61
-31 -46 -54 101
0 -19 16 -12
-38 -75 10 -74
115 30 90 44
-43 23 -89 -103
30 -96 -20 40
-29 110 5 -73
57 -59 -28 -45
-77 73 63 -14
-102 88 53 -85
-60 13 -126 -65
-45 -110 -113 -35
30 119 35 -68
-78 104 106 -57
35 51 125 67
53 37 -51 95
28 -88 11 101
57 -60 -53 85
-106 114 -87 49
125 -124 67 125
85 -13 18 -89
-58 118 13 107
-89 -127 69 80
90 50 40 -82
8 115 68 -94
79 -103 103 14
-56 -106 -116 83
57 101 91 52
-22 20 2 34
-88 66 -96 78
47 -6 -36 -6
90 78 -13 -2
23 12 -38 -112
14 6 -127 106
60 -28 18 56
-80 45 75 122
46 116 -113 -95
-1 -90 -33 105
100 -56 42 -30
37 -108 23 -45
-90 55 -76 -43
-78 76 -1 -26
65 42 124 71
79 -103 100 9
10 -76 -90 -33
15 74 -117 -49
-51 72 107 51
87 86 41 65
-74 -116 -126 79
-12 -124 -25 -114
-115 -4 22 -41
-43 -108 96 53
33 -77 -57 46
-7 -33 91 -123
32 -24 56 -117
53 -27 39 44
44 -64 117 -53
49 43 0 75
-17 -126 10 -50
119 83 45 113
31 65 -105 -2
49 92 115 72
59 -114 -111 108
-47 113 -65 -29
98 120 65 86
-71 -60 42 -27
120 64 72 38
87 75 -100 71
67 -98 61 48
48 63 20 -22
108 56 -6 -3
66 35 -94 -111
-53 -113 110 -51
36 110 8 42
79 -96 12 82
98 -75 62 103
-96 -97 117 -71
-19 47 77 -81
72 1 93 -105
-40 -79 54 -14
-70 49 59 -111
-81 76 79 23
3 -59 -106 -121
36 -127 1 124
-114 88 -85 114
114 -42 -97 -1
27 28 54 -72
-100 84 -5 95
72 -57 120 -103
-44 22 18 -44
-15 32 1 81
-16 109 114 29
86 -53 -61 -99
21 19 -102 120
81 76 106 52
57 63 70 -68
77 -53 -46 -13
97 72 -80 -103
20 -72 104 60
90 36 27 -3
106 30 -80 55
64 -79 -72 125
-117 125 2 28
6 -3 -28 -31
-42 79 103 -19
19 37 -8 66
28 0 -49 80
7 -42 31 -124
-101 75 114 -109
-70 -96 -52 113
21 118 -61 77
-125 74 -82 34
89 4 9 33
-120 118 -67 81
125 75 -22 65
-85 -105 -28 103
103 118 87 22
11 47 58 -76
55 96 -16 14
-115 40 111 75
17 -2 -122 -115
36 86 106 24
2 119 20 101
-64 89 -5 -91
69 -85 113 72
19 91 -41 -98
-52 -90 -83 6
73 -80 26 -93
-46 54 104 81
-120 -104 -35 84
4 42 33 113
104 -90 94 46
64 122 -123 -110
61 92 -11 -79
122 72 -4 117
-21 50 27 -1
34 -77 -99 117
3 -55 5 -31
-28 -77 92 -52
-80 -11 -17 113
-44 57 -97 79
-124 3 -28 121
-93 -31 -62 107
93 -124 21 12
-9 -50 -115 -44
55 87 14 -28
-94 -91 110 102
-12 77 125 -63
110 -105 -29 -51
55 58 -98 69
-88 -77 122 -22
-28 40 -48 57
-45 78 -2 88
-30 -66 104 20
51 -17 97 -126
49 -66 -87 30
-76 47 36 -110
81 -43 56 -34
-71 57 -73 -42
-112 11 94 51
60 -104 -62 -53
-83 93 -40 -80
-95 -49 -104 -54
117 -119 88 -75
58 5 -54 109
1 -31 -68 -103
-91 -11 75 97
93 -67 97 -121
93 29 112 -5
-59 -124 1 -120
121 -94 77 81
114 15 -103 45
-53 80 59 115
91 -107 99 26
85 4 -41 117
111 67 12 -87
-52 -56 26 -100
-67 83 -86 -93
47 5 -121 6
-7 14 13 96
91 -29 41 37
-108 67 45 80
5 40 -19 -33
-26 -113 -97 -23
-36 -24 108 25
102 -95 36 -63
6 -110 98 -67
120 121 54 14
97 112 -40 -77
-73 44 27 82
-15 -106 -14 65
-60 104 24 94
64 78 -31 -3
-90 55 8 12
114 7 -82 88
71 25 -31 -122
76 116 12 -62
48 -87 -73 -92
118 77 86 -5
-34 62 -101 86
51 -56 92 47
-43 -89 -63 -45
-28 107 98 -26
-126 -42 113 95
37 -9 -54 -52
-25 -23 23 -98
-118 107 -82 -13
50 -45 117 -61
-13 -118 -98 -46
-114 14 -57 -41
-38 -81 -45 40
113 -112 -70 -121
-54 -69 65 122
40 49 -109 -19
38 -44 -22 7
-15 -52 8 -120
37 -64 78 3
44 -45 46 79
111 43 120 123
49 95 71 102
30 105 -124 3
-91 86 -42 42
121 71 -88 -54
-51 -126 81 -92
-83 91 43 104
-95 -120 3 63
-103 -113 -33 -127
-127 20 -92 61
90 -55 -62 -62
67 74 -121 118
41 -2 -67 63
-3 -107 -56 65
16 118 -43 -92
-53 -87 -34 -37
104 8 -80 54
-127 -122 -82 -80
24 -12 97 1
-46 14 -18 85
-42 -106 18 -31
-42 -46 -110 106
-23 17 50 113
35 93 -42 -38
123 -69 -67 -74
-8 115 80 -102
-6 122 -28 -61
-10 71 77 -90
-101 5 -27 72
-100 -14 25 -108
57 -65 62 -91
18 34 11 -79
-63 -39 115 49
-21 34 117 -85
27 -6 42 -54
-104 29 -126 -78
-114 -5 -43 -112
-33 -26 -115 38
-48 79 -10 75
-57 -44 75 88
2 112 49 9
-72 -37 113 -93
-18 2 -29 -14
96 4 23 111
24 -79 -51 -10
89 -32 -80 -91
77 101 70 55
123 -61 -67 16
83 40 -117 59
15 63 -89 86
50 -90 -10 -26
112 49 -14 53
120 85 -6 97
-103 97 -101 5
24 86 30 34
-103 -101 97 -4
-118 -103 -109 44
42 8 39 91
123 -76 -40 101
101 -23 34 -56
50 -90 -102 39
-36 -72 -16 -52
-16 125 113 -121
-28 116 75 2
-123 123 -15 81
53 -42 113 116
13 44 -114 -23
-89 51 -117 90
74 -62 61 -16
-50 -82 -86 -71
124 34 -125 -72
-46 14 28 -125
-24 -98 -23 -13
19 97 -26 104
-37 -126 -35 -15
-122 -30 58 -122
-124 -49 64 -64
-91 88 103 97
-75 -13 76 75
-93 70 -27 4
-3 25 -127 -29
8 -3 97 22
-6 29 73 29
-21 125 12 -70
51 -101 30 -12
-100 -120 87 -119
9 47 103 -78
8 -95 -112 -47
-61 -34 -14 -60
103 0 -93 -92
58 119 61 -74
-33 47 111 -70
-103 -1 -60 -81
-55 86 80 3
-118 -10 39 94
-54 45 60 -40
-35 19 -67 -1
-2 77 74 100
-117 -85 -51 -9
-8 11 -18 -92
-26 97 -97 51
-109 -89 -42 -102
122 81 -124 75
124 48 32 56
-1 -54 2 3
-90 39 73 -38
114 -19 -115 57
-104 30 45 -60
88 -11 125 -79
-47 37 69 -81
89 -51 82 24
-9 6 -84 -30
114 -104 -115 76
-79 -90 -62 -40
80 33 31 -67
-34 -18 -115 68
62 104 92 -122
-103 -77 -67 124
-126 -28 -27 7
67 81 -116 116
-5 70 86 -36
94 -119 20 12
-13 81 25 27
-126 -5 31 86
115 17 -115 -53
-85 -60 20 65
-11 -90 103 65
74 103 1 102
84 84 -47 -108
-33 70 83 -12
-67 -77 -66 -125
117 -115 -37 88
-101 -115 9 -104
-22 33 75 116
-60 85 -38 83
103 117 -30 87
95 -88 -22 -92
-49 13 -91 -7
11 103 -18 -127
119 102 90 89
-81 -125 -23 -34
-65 55 100 -64
48 17 93 11
12 -111 -46 31
-126 38 110 41
79 -90 -18 -114
-125 -88 -13 -90
-59 73 17 -110
36 24 81 115
-18 -87 58 -72
2 -85 41 -72
73 -111 97 91
47 104 -29 -32
97 -20 11 5
107 -69 3 42
67 120 -45 18
-107 58 -41 73
22 -35 -1 -67
8 -116 -55 -62
60 62 11 -105
-71 -76 97 -23
-41 -2 -120 2
-93 -56 -4 123
85 11 98 -25
-121 -117 -93 22
-2 -26 -14 -17
27 58 -110 105
-50 44 121 -85
-18 60 -41 49
-54 -98 -53 12
-72 -4 -5 -20
83 76 27 1
117 -19 10 60
-109 -32 89 -114
-75 -81 -18 -51
73 31 58 -45
-32 77 -104 -23
-126 -108 -105 96
57 -105 -80 121
-124 105 67 -68
2 8 -116 49
-71 74 124 71
-49 -86 28 87
68 -19 41 -22
98 -71 -2 -110
26 33 -100 -127
113 21 -29 -102
85 17 35 -112
44 -55 -11 88
-65 -84 -91 107
43 -85 -81 98
99 53 77 -14
36 -108 40 -34
65 -67 -64 -84
2 1 -36 19
67 18 -111 -7
60 -100 85 -100
-12 38 -119 16
-45 -19 119 -73
-76 -3 125 81
116 113 -75 -33
-79 80 -115 41
31 -90 -25 -34
53 21 -127 -39
-72 -21 -24 64
-80 6 -71 -74
-114 96 99 84
-125 53 25 62
-113 51 13 -85
-66 46 42 -67
119 -7 -81 -43
-95 -89 -112 -100
-36 15 -62 -70
-89 3 94 -86
-108 -123 -113 -122
116 86 -1 -109
105 61 -34 -124
55 27 90 -17
108 -23 18 -26
13 -12 113 73
-19 -122 1 -73
-41 122 14 -16
-18 -6 12 84
20 34 2 73
-66 -113 -64 61
-126 125 74 -61
17 26 -74 112
9 11 64 23
75 -107 -122 4
-56 -108 -23 -88
-104 -93 -88 31
-105 15 22 -123
67 12 -42 11
-93 -6 -124 -102
80 113 86 -5
-55 -37 -120 -107
18 89 18 100
47 -106 -26 -59
-121 24 90 -127
36 57 112 32
16 101 9 -22
60 53 35 -113
107 -108 104 82
-50 -30 125 33
28 79 -110 42
-101 39 122 -53
23 -107 -77 -37
-54 -9 -100 -108
82 91 17 6
48 79 115 7
-63 117 50 -83
-34 -41 121 62
-92 -57 -65 -82
59 63 19 -63
28 4 -59 -109
103 -68 6 76
-2 -20 62 111
57 40 -125 -71
-77 103 117 68
-42 10 92 84
40 52 111 -70
-117 -21 -70 -65
-6 95 30 79
65 -96 -71 124
-31 43 -26 59
45 -64 10 -30
94 -8 -79 63
-98 74 123 89
78 -91 21 -103
-94 -76 -85 88
-96 30 -86 80
-94 -50 -88 111
-23 97 12 -3
104 -18 -12 -47
-74 -61 108 -15
24 -87 43 58
24 48 38 -22
-68 -104 -104 -58
-66 -73 -105 -50
-101 -19 66 50
-73 0 -69 -68
42 59 -84 -104
54 56 101 94
87 -14 0 -3
-35 -98 -82 67
-95 96 -67 84
86 -108 -115 108
-23 52 33 -9
-126 -110 100 -56
54 54 0 -52
-3 -93 -40 -72
-11 93 116 -47
61 68 44 -83
-121 96 103 -97
-72 32 66 76
-127 -79 56 -71
52 -119 102 -41
32 -96 -101 103
-77 -57 -85 39
96 48 48 -76
-9 121 72 -10
51 65 -127 53
3 -59 47 -57
30 115 -15 71
-75 -61 -29 46
-48 -74 59 -104
-18 -89 -81 39
-71 -116 -12 -44
-105 -1 31 -64
22 -71 73 45
89 38 -113 42
-78 -110 -60 96
-1 -24 94 -94
-121 40 19 -87
-110 -42 -94 53
55 -112 -91 95
-45 12 -102 98
-77 105 -100 19
-34 -105 -62 23
2 50 -36 68
-50 113 28 87
25 2 57 -20
-64 113 59 -38
72 27 -12 -53
81 -116 76 78
118 38 98 -47
14 -66 18 63
-60 30 -38 -32
85 -14 38 -90
30 12 97 -120
-123 -23 23 -33
-30 2 71 -23
80 66 -90 -82
-95 -91 27 -24
66 49 36 20
-77 -30 11 5
79 -19 60 68
23 -50 26 92
-103 55 -15 -4
-34 20 -95 -81
116 64 -3 120
107 -1 -94 83
62 83 75 117
113 -58 -64 40
-45 34 -80 -7
-18 18 85 -9
40 -32 -14 -2
-8 -12 -63 107
-13 -62 -84 -100
-86 -116 -25 20
-72 121 104 49
82 -115 -75 38
-6 38 -82 -26
83 -32 -79 -91
69 -8 14 10
-21 -96 119 117
-82 -72 45 -62
-21 97 -7 85
63 18 16 -10
-102 18 104 37
-61 84 88 12
-32 -21 -12 51
80 121 -83 -22
104 -15 -110 -69
116 -43 -127 89
-103 -49 -24 -115
84 85 -33 -42
-109 74 46 -118
-108 125 0 -96
-106 17 76 74
32 -78 104 -99
-37 -64 -3 -24
-64 -28 -99 98
41 99 107 -25
78 22 -45 112
112 42 -31 11
40 -110 -63 45
-56 77 44 -4
123 -44 -39 116
4 -123 91 -92
46 31 93 54
-75 -2 -85 -115
-34 -126 -84 -122
75 51 74 120
-12 119 -110 -25
-8 -3 -81 -73
55 116 37 104
-27 43 51 -52
-10 52 -119 89
38 6 -85 -8
38 -60 31 -62
80 -34 -121 -16
24 -41 -61 -52
117 97 -47 -70
-3 87 100 82
37 -51 71 -94
108 19 -87 -112
-116 -25 -99 114
64 -82 119 14
47 -15 92 -84
46 -88 -50 21
32 60 -44 -22
-35 -124 93 -84
-1 83 -90 2
-124 97 -122 21
33 8 113 -120
-123 -111 17 -122
68 14 -44 -29
76 -27 -27 95
96 19 -97 93
90 -122 -95 35
30 36 -35 35
-20 -123 -52 -20
-65 -17 -72 70
104 111 -76 70
79 -94 97 19
-13 97 -9 -34
37 58 125 -102
-37 47 97 -20
-31 -11 39 -66
-5 25 -81 18
-46 32 11 83
-40 -122 110 -78
16 -26 -53 -86
-77 -4 118 -3
114 15 -36 62
-66 -90 -126 52
114 81 -79 -122
39 -82 69 -74
18 121 8 67
34 -49 -121 -42
-125 32 -55 -77
43 -60 119 6
6 86 -110 -122
15 -90 -104 124
-107 -10 95 33
111 -80 117 30
-86 -71 -107 77
-104 88 65 -10
117 -90 -83 -115
-92 34 41 83
71 45 15 -76
-127 -64 54 -116
-114 -62 -109 -9
-29 74 -58 29
-88 91 38 -52
113 -124 -41 -15
-109 -29 51 122
-55 -77 -73 105
27 78 -5 51
-39 -65 103 -85
-6 1 -24 -121
68 -115 8 -72
57 33 -44 34
-122 -50 28 -126
-64 -104 57 -19
19 65 -112 31
91 -93 12 1
114 -64 -110 -73
87 -63 -95 100
-54 71 63 -52
28 -52 4 69
23 -64 113 -58
10 -82 -79 -122
42 -51 -69 -82
-101 71 -52 -122
83 -125 -79 28
-33 -86 106 -40
-51 82 -81 74
-40 48 30 122
68 115 -89 6
-120 -121 99 81
-103 116 111 -95
-55 -120 -49 29
-72 8 103 94
-89 22 -89 -8
-127 -75 11 -125
71 -81 109 -6
-87 73 -21 -28
45 -85 -105 88
-113 69 -23 124
-5 -55 -91 -67
-112 9 -112 -113
-118 2 -94 95
1 56 -95 104
-28 67 99 54
51 39 -63 -66
-31 -34 -33 46
-69 73 -10 -100
-94 108 83 8
-106 64 -50 116
23 111 -95 116
121 120 11 -68
-74 -34 -76 23
-13 -30 25 -109
54 -80 -21 35
104 95 -71 84
-2 -96 76 24
103 -102 103 -69
53 -82 -43 66
-73 -82 -42 -114
-16 93 -79 85
-65 -64 -1 36
-58 -54 -26 61
2 -23 21 -116
64 -76 -55 43
94 77 41 -124
87 -24 88 40
77 -49 -105 -120
-52 82 -34 54
-7 79 42 -63
-117 -30 -120 59
-13 35 -60 -28
-23 -13 14 14
-77 -77 96 26
40 -22 -73 64
108 -60 114 -70
-55 123 25 26
-7 15 34 80
54 -70 -82 70
-64 -32 -35 37
10 65 -119 56
-89 -116 57 -48
43 -62 -120 39
-69 108 96 14
18 -2 -12 -114
-46 114 21 -31
88 98 62 109
46 6 48 59
-123 19 -40 68
10 17 -4 82
-24 106 -120 76
59 -15 28 -59
4 -111 -8 82
87 -92 -37 70
-111 10 58 -63
-94 -72 -86 108
-24 94 57 -14
-8 43 -38 98
-95 -7 -62 25
-81 108 -50 -61
27 57 94 -63
56 -13 -124 5
117 113 -126 44
-106 -43 104 89
-117 -62 0 -121
-56 -125 19 -75
76 -125 -68 109
34 -95 -77 22
21 107 -102 32
-29 75 -62 0
39 -18 125 -22
34 74 40 11
95 51 110 1
0 100 -105 -95
-79 -48 -127 74
-117 27 75 -16
-95 109 54 -5
16 80 14 -28
-87 82 15 -86
-63 121 77 -101
-67 -13 -124 -125
-92 101 -44 1
-31 -4 26 4
-7 8 -106 110
-48 -57 21 99
-44 -45 -55 -14
-97 -89 0 79
75 -114 11 -100
61 -35 -47 44
-16 -70 69 67
-8 10 -127 70
-49 -21 75 29
34 -83 26 109
-77 -111 -30 71
-113 17 84 -37
-43 -123 72 -21
100 -127 -106 112
-5 120 68 24
-34 101 -15 34
-62 103 -31 19
-13 -93 -106 95
75 106 83 -19
35 35 -110 102
76 73 -69 -52
27 -83 7 -127
-26 92 -12 -34
-95 81 95 -28
-115 -58 69 -62
-25 -35 34 68
114 83 47 74
58 125 -118 98
0 4 9 -120
-55 -4 41 13
-92 20 7 65
50 5 27 -94
66 -99 32 -77
-34 -102 -112 119
72 -82 108 89
-70 99 27 -26
-24 -67 125 43
105 -39 108 -11
61 69 -94 -13
-85 95 -30 -75
-52 17 -81 47
113 31 -89 -59
59 71 48 -47
-115 63 -6 -126
28 -86 -96 -116
4 -75 69 26
-69 -124 0 24
24 89 84 75
-116 -79 60 -13
-71 -79 -15 -121
-122 -18 4 3
-60 -100 43 102
-62 82 102 10
83 -62 -6 23
15 23 28 88
73 65 -52 -69
-22 53 62 -55
-109 -106 -91 25
-126 17 -114 -113
83 21 49 11
81 -93 25 78
-108 -54 73 -14
-127 -126 -78 -20
-20 122 47 108
76 8 -6 12
111 6 -16 -38
-39 -11 87 67
-45 -115 73 46
-20 -29 45 21
-43 -33 117 60
-65 -58 -126 -97
81 99 -112 -109
85 101 -121 125
-55 -113 -84 -96
-116 82 95 -119
-34 -87 89 -93
-94 -74 49 42
47 -76 -89 121
-86 57 43 105
54 63 -64 114
122 6 -98 -54
121 -5 27 -30
-38 39 -127 -94
117 77 121 78
26 -99 99 108
86 -42 1 94
-35 52 -47 -63
74 -90 31 24
-90 116 75 95
15 -35 -97 74
-9 115 -39 -82
-37 30 -67 -108
121 49 57 -18
-91 116 -109 110
-4 14 24 110
-27 -69 82 13
-35 50 25 -44
52 -108 -50 73
-99 119 -126 26
17 114 92 59
-95 116 65 -114
-124 23 -6 -23
66 91 -110 -83
-107 -2 113 24
122 13 -57 121
114 -94 -105 80
-108 48 123 41
-22 -58 -118 82
67 -118 -52 -86
72 6 121 105
11 -10 -24 -22
-30 -98 -75 -37
9 78 -15 -81
-115 -40 78 80
60 85 37 -104
-34 -112 36 70
-43 -37 70 -55
-69 93 83 -69
-44 101 16 -93
-102 66 -102 -60
64 116 -38 -69
45 -125 -117 118
-56 120 -17 -30
120 -76 -75 -29
-77 -88 92 -113
-79 33 -115 -54
-39 -119 -88 60
-29 82 -31 -74
62 1 103 -67
3 96 -11 8
65 68 10 -7
52 -66 67 -59
-85 38 -31 93
77 55 123 75
115 -66 -106 59
-102 -91 39 18
47 -103 -10 29
-58 -16 -105 110
49 -3 47 72
-3 27 -60 92
86 -44 65 72
-3 -63 12 79
-41 47 -56 -93
48 107 -12 65
110 -89 -85 76
28 121 -52 -97
68 -71 45 -123
38 120 36 109
64 80 -25 -32
55 87 -75 -90
11 -89 51 -13
36 96 123 -124
-123 13 -118 11
121 -68 -112 112
-102 81 -72 51
9 115 53 20
-9 -103 58 -59
99 -94 58 112
59 -10 -6 20
40 -24 -56 -89
-45 -74 27 -2
39 -76 10 110
15 65 50 119
59 -106 118 52
97 99 117 -42
41 -111 -47 -6
-65 -108 -47 -89
-79 -81 -67 -106
103 109 39 41
37 106 0 6
-78 85 -32 12
-105 -5 36 -102
95 -117 -116 23
81 102 80 -34
-116 -27 9 -82
-3 -111 -59 87
123 93 10 49
-32 22 -24 21
-120 -92 -59 40
-27 56 -37 -77
72 57 -23 51
68 -10 1 -94
76 5 -62 27
-121 -102 37 -125
-44 63 44 40
27 61 -102 -60
-38 -7 -75 -73
98 77 -62 -122
-5 30 -46 -108
65 97 105 -58
11 93 56 -79
-124 71 125 -25
78 -44 71 -43
103 -11 -111 -54
-13 67 -51 82
-120 -37 -40 -50
-59 -2 -2 119
100 121 58 26
-25 -86 50 -22
92 -108 -36 -58
118 27 82 -46
10 -10 113 -58
25 48 -105 68
-78 -71 78 4
-80 -54 -36 -112
-93 -110 73 28
69 43 68 -80
13 50 -24 -50
68 23 -100 -15
-103 21 42 29
-23 -75 -60 114
103 95 -102 19
-105 92 121 121
97 32 -35 -82
-83 53 -37 -51
6 -45 -107 8
33 -88 -45 28
-26 -101 -4 -42
-90 99 46 -121
-74 -70 -47 -11
-83 -16 -21 -111
30 -63 -95 -40
-28 -109 24 -57
36 36 66 -15
9 51 108 -38
-67 -108 -24 79
-37 60 -11 -88
-68 66 -23 5
-34 7 80 53
-78 -75 -47 -43
66 100 5 -4
-8 107 -57 -4
-105 -66 105 -109
-108 -36 -54 65
120 -92 -127 -18
-120 -13 76 -22
53 -46 12 -5
-94 69 -81 29
124 -18 71 4
-36 -9 69 -37
78 -122 29 104
-127 -60 -38 56
-34 -102 16 39
-54 -109 113 85
109 31 -19 -104
-92 -44 -69 -91
-36 22 -31 -34
113 59 -50 99
-15 58 -85 -120
12 -30 -23 97
85 -48 19 -38
-3 -43 124 65
-86 50 56 -65
-65 -108 15 -101
114 116 106 -79
20 -37 121 -54
110 -121 -127 -67
-1 -58 31 -35
-37 -63 7 91
26 116 33 100
-35 115 -61 -7
-38 -34 -58 111
78 -70 -88 -2
-120 -89 -65 -62
24 123 -80 60
-112 -3 -81 49
51 -58 -45 101
99 -127 -82 -109
-69 -60 -104 -43
-38 -64 -26 65
-55 -29 -121 84
-30 -21 -108 100
-121 123 -108 20
-97 12 -60 114
105 102 -120 -29
52 -111 46 -33
12 -68 93 95
99 23 -39 97
-121 -13 -95 -123
-49 27 -24 72
-24 -66 114 70
-51 72 94 -80
67 -13 80 78
-34 -60 91 104
-29 -26 104 93
-85 76 61 -120
72 76 115 -70
-48 21 69 71
112 112 -120 90
-12 34 41 16
-106 -86 -57 -119
-22 -35 119 99
98 92 20 88
-52 24 16 -73
-71 -13 47 -58
-84 40 72 -27
5 -28 -1 -89
41 -81 84 68
56 -113 47 23
-111 2 -84 123
-57 112 87 -68
-125 -113 -73 -7
101 -52 -64 -124
34 105 124 -107
72 33 8 -123
-56 -63 -89 -101
-99 -96 8 -124
-14 114 11 28
-57 13 89 -80
-102 67 82 -105
-65 -97 -1 -41
-120 23 42 58
-39 -92 34 12
-54 -15 87 53
102 47 74 -39
-68 -5 -55 -104
-24 29 -106 37
-61 67 -75 -107
83 12 72 23
-75 53 80 -67
-83 112 -75 -63
5 -115 97 54
69 -98 -5 106
100 67 -24 122
-67 -123 -84 -15
-70 45 77 34
-26 85 -70 -35
-88 27 17 -40
50 64 -18 39
106 107 87 68
-73 94 44 88
46 -1 78 44
-19 71 44 46
-50 -63 -26 22
80 98 48 -54
106 -32 59 123
-55 4 101 94
-23 -42 -92 -10
117 -6 -48 -83
-103 22 47 31
-32 -51 54 -56
79 -125 111 114
-119 -62 72 -67
120 -69 -7 6
89 -88 78 65
55 38 -19 63
115 -87 -49 -53
-87 -120 93 54
-34 -37 -50 117
-101 25 100 26
-17 -83 -39 -43
-108 60 -20 7
6 42 -22 -88
-65 -25 -108 -92
95 55 42 -122
125 -69 -26 -29
48 32 -103 79
-44 102 -42 18
43 -33 40 -122
30 -95 -40 -78
-38 25 -100 -97
-69 -4 57 83
-93 6 -90 111
27 -99 33 -82
-50 -88 -57 16
-122 118 -42 -124
-45 79 -55 -26
6 19 108 47
-58 -30 16 -32
30 26 -25 124
99 -95 -110 3
20 38 -41 -61
80 70 -34 4
-66 115 -104 -59
-52 31 74 -126
-41 -65 41 85
-14 -53 -97 74
-66 49 49 -2
-28 19 32 -5
102 -102 52 18
30 39 -11 19
-54 37 -33 121
-82 108 21 -76
124 -77 103 53
6 -85 -34 -57
101 -51 -7 1
-115 111 76 -114
-119 11 -121 -17
-31 -78 -75 -65
-98 72 65 12
-64 -66 -97 87
57 -85 48 77
71 -73 84 117
35 -86 -105 116
-29 111 -51 92
35 81 2 65
27 -9 67 -107
-107 -81 6 -38
-34 -66 -69 118
-49 39 110 98
-80 -13 76 17
87 -39 28 -48
-112 76 -36 -21
99 -28 75 -79
-51 24 8 -20
3 -98 -41 -91
-98 44 -105 84
82 95 47 -43
-68 8 -69 -87
26 17 -106 -80
-84 -7 13 36
-35 77 -3 -8
-68 -59 109 -41
94 67 -31 21
59 -3 -24 -84
20 -64 98 110
-10 47 -102 26
122 -5 -52 101
29 108 84 14
-123 -110 -30 -104
-25 -40 28 83
68 3 80 81
60 -59 75 20
31 47 -95 -52
-125 64 -60 57
-57 51 -28 -39
-12 -98 -32 -66
-66 -69 -96 42
108 26 -14 -20
-26 54 82 21
-13 32 101 23
4 63 -85 12
-112 -40 -16 104
-125 -83 -8 19
114 56 -51 36
25 -25 13 -84
110 -110 68 14
4 -90 -62 -91
-4 123 43 43
-103 -40 125 17
99 -10 -118 -97
105 58 -17 -53
-92 -52 -67 72
-107 21 85 44
27 -86 91 -30
40 89 -114 75
-86 59 95 101
107 -73 -22 -75
-63 117 -57 -125
-96 -49 -86 100
-19 -112 -90 16
29 -33 -76 -23
91 -104 -23 -10
37 57 65 12
-25 -18 40 -126
-54 84 -87 -57
-106 -15 -78 80
10 -50 36 -49
-52 57 84 -78
5 -120 -20 107
58 -66 -57 -25
-103 -58 109 -26
-55 71 -100 75
-85 -58 42 79
-97 90 42 -8
12 -19 -2 -90
-54 -95 41 100
44 116 -91 11
-6 -119 46 73
110 109 12 75
95 -3 -100 -58
-74 111 -7 6
-42 74 -121 71
51 -124 -82 -96
98 79 60 -93
73 24 60 -103
64 -96 38 68
-89 -68 -22 -22
-54 -24 49 25
-71 -85 -68 -61
74 -62 -25 -15
-52 28 54 -114
-65 -37 -23 -3
-91 82 -93 -40
-83 123 -60 57
-17 -61 12 -43
-3 70 -62 73
-67 -26 -113 -93
-17 -78 -85 39
110 -85 -110 9
30 61 65 -77
-115 74 65 -54
-57 6 -60 39
-11 -57 31 -109
104 -114 65 -66
23 -51 94 -45
-96 42 -14 95
-15 90 19 -108
-124 -126 96 3
-72 -126 -63 -106
-120 -38 -94 2
13 -18 -125 78
-107 124 -41 -72
-48 -76 -100 -1
-50 56 99 64
-1 23 -77 49
30 105 71 -112
35 -103 -113 -21
-65 60 -83 -68
34 -68 -58 -98
6 -64 115 -14
2 7 54 -104
-17 -70 54 113
44 108 -89 82
-104 70 72 60
-80 53 92 29
1 -95 52 -95
54 105 101 -82
-70 -60 -61 -18
21 -122 111 40
92 71 83 122
-74 14 23 47
29 11 36 106
-27 -10 97 78
7 17 -38 -45
-61 124 -4 -79
106 122 -43 -118
-48 46 31 55
117 -78 124 13
81 -66 3 -103
-19 -93 -27 -29
33 21 -11 -98
52 -56 -118 -50
75 121 -102 113
-20 -79 100 19
-28 -105 49 120
24 106 -63 -84
121 -45 43 68
-81 65 -98 -101
88 -14 5 9
-80 -99 100 -24
47 109 80 -110
49 122 -68 120
-29 73 -8 -55
20 16 -100 -118
-91 -70 58 -31
-11 -44 34 72
57 -102 -100 100
75 -95 -91 123
12 45 78 -59
-95 45 -38 122
-2 113 -42 90
14 72 -25 107
21 103 103 -120
-98 -75 -28 106
107 -43 102 -38
5 -59 17 -46
-82 104 -65 -95
-99 20 49 31
120 -29 114 -94
88 78 -114 90
60 44 -115 98
96 -28 110 -8
100 76 119 -8
-90 35 -99 -14
-25 27 -45 -102
-6 58 48 -23
55 -17 97 -59
2 89 -19 -49
-92 100 68 45
-69 -101 60 -49
-65 -1 123 11
-106 110 -117 -126
72 73 -4 83
-25 -103 -85 6
47 111 -15 -112
-73 11 108 -104
41 -44 1 9
-65 -120 -103 117
-101 -111 114 -17
-114 88 117 88
-71 -109 85 -23
-6 -114 -69 29
-35 -68 -41 79
19 -82 -101 43
118 30 57 -85
-42 31 72 -28
-125 49 115 34
-3 -97 -51 -14
22 -124 -43 75
106 80 -69 94
-34 -77 93 -81
-86 90 31 -105
-44 115 81 -127
-118 12 -119 -3
-6 29 -110 30
10 -8 -75 57
114 -44 -79 10
46 -116 -61 -19
37 96 -115 -35
24 -34 -67 -13
-23 116 -5 111
15 -27 -63 -123
-51 1 -55 -99
-6 54 70 -31
-89 -1 -75 30
-99 35 16 17
102 -127 -66 19
108 43 13 83
109 112 117 -9
-10 -19 54 106
125 -114 -114 -78
42 -51 -25 -1
86 -86 12 -20
-40 125 -44 21
35 -113 -63 -113
-104 74 62 -56
29 103 -70 -102
-20 -1 -49 40
-73 -112 9 -113
2 113 -71 67
-61 93 -69 -46
-106 125 -11 -73
85 110 -123 -68
-90 -14 53 -104
65 119 56 5
19 -36 93 -100
-18 -27 95 9
-38 85 -51 -66
-31 -44 -29 -117
-27 45 68 -25
-89 -62 -85 87
0 -126 97 56
38 125 -38 37
101 66 49 77
100 -8 -58 -115
96 -106 -116 68
87 53 -3 98
28 52 75 95
20 -26 43 83
111 -43 -82 -42
97 96 9 -83
15 64 -17 -81
-48 -38 -68 124
-92 80 -9 -58
-110 8 120 77
-123 -46 -98 -27
-78 -19 6 41
98 -121 -7 -86
123 -24 -59 102
70 -16 -24 98
39 15 -127 -8
84 61 6 30
-37 -82 27 6
107 -118 97 -93
-100 87 118 99
124 -105 124 -8
-4 -50 -46 30
-74 -99 -126 -90
-110 -21 -51 40
-57 38 15 -113
-10 -40 83 74
117 31 -127 2
81 42 66 48
-48 -86 99 -95
101 -77 -20 20
-2 31 32 71
-120 -50 -66 -107
-113 109 -22 -37
103 89 -41 -62
41 -59 101 -49
81 -28 -68 -33
-61 -107 -12 79
90 -62 -5 66
3 62 -12 9
-45 80 103 62
6 -107 -72 -49
3 25 -107 -69
122 61 64 -123
97 -92 -87 56
-55 -99 -31 -37
-108 111 -109 -66
-99 6 41 56
-3 93 23 -127
51 48 11 -68
24 104 85 18
-42 55 35 75
87 -63 112 -127
-88 72 9 30
-54 109 -93 -50
-114 -77 13 -97
52 -127 -27 113
-107 -94 60 -52
78 117 -110 -75
49 47 -70 -98
45 -52 -62 -78
17 -47 29 42
-95 20 119 -8
-96 118 -73 -99
-81 -121 18 -71
-96 50 37 -70
-62 11 93 27
-114 -45 -72 -46
-30 25 -39 57
114 -92 -83 103
-53 91 99 88
-69 47 25 -115
125 40 90 -45
84 -124 64 -122
-28 -22 -56 76
-66 -126 -49 69
-119 46 -116 -48
-95 -35 -27 -14
-72 109 79 71
22 -63 100 97
-123 -65 -72 118
-72 102 118 -61
87 55 -115 15
-61 99 117 -3
-93 73 51 -16
-104 -110 -31 51
-46 120 32 71
-72 -111 -73 -76
80 -49 -96 -34
78 -25 125 -105
60 6 -20 39
12 93 70 -17
-98 -61 23 -55
16 105 -60 120
69 -124 106 -67
29 23 70 -80
-69 -88 -91 3
83 37 -32 95
-43 -118 -85 83
-75 118 -18 50
-90 -109 -9 -124
109 57 26 -32
-116 109 101 -23
2 0 -113 41
96 -14 -116 5
38 -49 79 -19
-79 24 -76 75
5 -83 -38 -88
79 41 -59 69
68 56 27 3
-22 -18 11 40
-89 60 -13 115
71 -115 107 96
-9 106 -16 -12
-84 -8 -96 101
16 92 -53 -72
120 -107 -84 22
-61 37 -35 -47
111 111 120 -87
-22 -122 -123 -28
97 56 -91 -53
85 32 96 79
69 85 -20 -111
-121 51 87 121
57 -58 94 -107
82 -108 -124 68
15 -4 -5 102
-53 69 -40 62
46 -22 -103 6
103 -52 44 59
-123 68 -120 -56
-14 -81 40 99
-120 -118 -127 -114
-96 85 -45 -57
-82 27 31 106
66 101 -59 58
125 90 -3 -56
73 -122 11 37
-3 -52 44 -59
-111 -8 -75 -25
104 78 55 -2
-33 21 17 77
96 123 -50 82
-111 7 116 13
-42 -117 -115 -116
92 110 -29 -92
112 0 56 97
37 -14 -10 120
-56 117 -80 -49
-7 -8 -40 22
116 5 -93 -102
-14 -85 -69 97
-25 67 124 -42
-84 -51 78 -29
9 -2 -69 39
89 -13 99 36
-87 -32 -85 -101
9 106 75 81
-31 99 -124 -50
72 -74 91 113
80 125 -53 91
-32 83 31 -101
-110 -25 -11 57
-53 90 -114 72
-112 90 26 -115
-110 7 -50 -126
21 -121 -46 -95
-84 -107 40 -45
-27 46 -73 29
-68 83 -56 109
6 96 25 91
-89 -86 -1 1
-74 7 -81 77
-111 16 -57 11
-87 -124 -47 55
-47 -30 -101 -126
-42 -38 37 58
116 11 120 -61
68 -98 1 -106
60 -42 125 -83
-13 -118 -93 104
104 -110 -120 -58
-49 -40 60 73
-65 -72 89 35
66 46 -33 113
51 -15 116 -84
-82 44 26 -41
88 -41 -47 55
100 -54 -41 98
-108 -83 36 27
-28 -42 -23 -74
-53 106 98 100
34 -106 -26 -79
-122 91 30 56
41 -106 -119 -76
-115 -109 51 76
68 -100 80 -55
2 115 116 30
85 84 89 -46
-100 2 61 -112
-60 16 -62 16
-49 94 123 4
-94 -9 75 26
64 7 -94 58
-22 -111 18 42
-83 0 52 -106
-89 -108 -101 97
-99 31 -31 31
25 -23 -35 -114
107 -93 -4 -93
-76 -85 76 52
-81 -82 84 104
-88 53 -112 48
-117 21 -54 -84
123 78 -52 -115
44 49 81 -21
65 120 -115 125
47 -111 1 116
-38 34 -59 -104
103 118 -59 54
109 55 26 -112
79 86 -45 -10
99 18 -108 53
-75 -126 113 -81
-86 28 -81 83
12 4 -18 116
-65 41 -102 -67
-84 62 -52 -93
-126 -13 18 -67
-104 121 -82 -56
48 -66 23 32
-53 102 -23 -99
39 49 -1 54
-123 -2 -122 50
44 23 90 29
-61 73 -91 -34
-36 -88 -29 -1
79 -68 -73 59
-76 48 83 27
113 -7 -31 -52
78 -59 120 -11
-122 -44 41 -63
30 36 42 -8
-50 -96 -121 45
-120 -72 3 17
-54 -126 63 -44
-82 51 27 80
29 68 -116 -29
13 -126 -78 -99
89 74 29 -53
-104 -50 -104 122
-109 -123 22 116
-120 -28 119 118
-62 107 -123 -98
-17 92 123 -112
-15 -108 71 118
62 2 -118 -58
-23 -127 -92 -50
30 9 -61 12
-29 89 -1 32
-73 103 -52 -111
-65 -11 30 -89
-60 -11 -5 123
-36 -88 -17 -42
53 -85 -41 -17
-29 -52 -86 77
-22 123 -7 -122
-124 -21 55 -108
35 66 51 -113
46 -42 -94 10
120 -36 69 -124
-95 122 67 102
-55 -58 -30 37
-125 -53 66 83
-89 23 -105 84
58 -93 -104 -126
-112 -63 34 -59
-99 -47 -62 -104
99 -104 15 -69
84 7 -102 53
111 -73 116 31
-83 15 81 72
100 12 98 20
57 -125 89 77
-112 60 68 -95
7 57 39 -62
29 -112 35 -104
92 122 -67 91
-41 -8 95 -74
39 -7 18 -25
-80 98 -119 -89
102 58 0 78
-31 34 51 -27
-92 -79 64 -111
6 110 111 112
-72 -98 108 -22
-50 -51 93 7
-32 110 27 -90
22 21 37 -89
103 103 48 -85
-112 5 -14 -71
-15 87 87 123
-65 118 102 -54
27 105 -35 108
64 37 -50 -47
-113 65 -121 52
-2 89 56 -118
35 122 -93 -53
10 37 -90 -16
-65 -45 103 38
69 66 31 -54
89 -85 26 103
47 49 -91 -95
-23 30 -9 -92
35 -28 -120 -36
18 -74 -92 13
39 -54 88 35
6 35 75 -111
93 47 -19 34
82 -53 57 -119
91 -26 79 -114
50 110 19 32
-87 -25 120 -36
67 112 13 106
-121 64 3 -89
-67 35 -71 5
-68 -14 56 119
-80 52 120 106
-108 -9 -51 20
77 119 22 -16
-123 -58 -66 -27
47 32 -108 35
39 -61 62 -24
-47 -49 117 56
-63 20 123 53
101 18 -85 -17
69 102 125 -49
90 40 -69 -59
-1 102 -86 47
18 104 107 13
-25 40 22 -97
4 21 -49 56
70 108 61 -68
-93 -99 -98 97
17 81 -78 22
124 -39 36 -19
43 -60 -20 -21
-103 -4 -70 -103
0 -112 25 62
-91 97 -98 -8
-78 95 -119 -66
72 100 40 99
13 -78 -19 51
116 -27 -30 106
-36 11 -65 -81
113 6 21 -68
-4 -56 55 121
110 -72 31 -6
-19 -72 116 -107
-82 39 10 -116
-127 43 72 -33
-32 76 -74 21
-39 -16 98 108
102 -60 27 -100
91 80 -67 -26
27 51 5 100
116 70 74 117
25 8 -1 48
-63 18 111 81
82 -58 -16 -92
-6 -23 -46 18
109 1 62 -32
-2 28 32 107
92 0 -71 53
125 -27 6 -23
-69 -95 -1 102
-70 -91 9 122
28 -56 112 -88
35 78 -93 116
97 5 -3 -76
119 18 -16 120
18 -114 18 -81
-99 -66 92 -40
-47 -73 34 48
32 75 -125 83
116 -81 -71 119
-3 -80 1 -68
-4 -31 -5 89
31 44 70 68
-100 35 -115 -62
-126 -95 -104 24
16 -67 3 124
-98 -13 57 125
75 7 20 46
57 -105 112 51
-120 -76 6 92
-97 -14 83 -114
-62 16 -66 -10
-13 58 -44 -103
55 -2 60 109
55 116 61 -54
26 21 -28 -5
-37 -95 114 -41
-84 -3 -62 -75
116 -102 11 -87
-121 -110 76 -12
-13 -120 -79 114
79 40 73 -55
-38 104 -24 23
49 -99 -4 -50
64 32 58 46
68 115 -110 -13
6 -2 25 -111
124 -42 17 -19
-48 -113 24 44
-42 -47 13 33
-3 6 10 -106
98 -84 74 -93
-16 54 109 -89
-125 -80 0 -82
-46 -114 -39 50
76 -118 85 -2
107 71 -74 97
71 59 71 -50
46 -92 -67 70
-27 77 -85 0
-83 -79 -97 100
-96 51 -35 47
-117 -93 17 -65
98 120 61 70
-41 -52 25 31
-101 6 -10 21
6 77 71 93
58 33 -107 -94
-25 -61 -1 -14
-94 -94 -67 43
-68 95 -120 55
92 -115 99 72
68 69 -57 -54
50 17 -126 -55
10 -63 -106 -19
42 -48 -73 -80
-68 62 63 -82
114 108 19 -8
93 -105 -29 115
-84 -79 -7 -99
-68 39 -49 -113
98 -75 -124 -71
-85 -105 112 117
72 37 72 97
-50 -10 29 35
-106 87 -65 -46
15 23 118 67
24 -110 -31 55
46 -26 93 -98
-107 -71 99 -33
83 8 -75 -17
29 -8 -54 91
-31 -114 113 42
116 109 -24 -81
57 81 113 125
-106 -8 -26 -118
-79 1 17 97
22 35 28 -31
-103 64 -66 -24
5 -115 3 104
-95 -81 -112 75
4 51 25 60
-25 56 -86 124
-61 -109 84 50
72 32 30 -43
-22 34 21 -33
-119 -10 122 121
-112 -6 -108 -17
-114 39 79 -52
-38 44 19 29
-6 20 46 -74
-60 67 82 92
-57 -114 18 -34
101 -23 125 79
19 -103 0 24
-108 27 -15 43
40 -67 50 12
10 45 -31 88
125 -124 120 16
-98 -31 -110 48
-29 -110 24 -81
125 -47 -69 -85
13 -99 95 29
43 -9 -76 -112
-104 -1 6 -25
88 -15 51 -50
7 -22 -20 81
116 -45 -18 3
102 92 101 -121
-75 9 87 -121
-56 63 13 -55
-125 35 -21 -122
-89 -41 -34 -92
96 -66 66 -114
-126 117 -25 36
60 123 -110 81
-63 -13 -56 -113
-34 69 79 -21
-113 -7 -58 6
-68 -13 -25 -74
-46 76 -87 114
64 20 -117 88
60 -111 19 76
55 -53 101 -75
54 -6 -81 75
39 4 12 104
77 -17 -53 22
88 -24 -71 -108
88 -19 51 -77
-83 -79 55 67
55 -126 0 16
-116 114 107 82
-41 84 35 102
12 77 -49 85
-120 -83 -97 -11
15 86 47 9
75 120 -77 -72
-118 11 -45 -46
9 64 -38 5
20 76 82 -52
28 61 -46 -85
96 -45 98 7
94 -90 -106 -103
-96 69 -118 -42
100 2 -110 -35
37 -9 30 75
11 76 -50 61
101 67 -117 -90
-67 50 -125 -72
-122 124 -53 -65
95 -1 -41 40
6 28 -13 49
-68 -45 97 80
-48 -2 -7 81
-9 -55 109 35
75 54 43 0
-5 38 120 38
-38 16 40 17
77 64 -58 80
-66 23 -12 -59
-83 26 111 -68
-99 -120 105 -16
-17 5 38 62
26 -74 78 -50
-89 -30 -23 58
-62 -46 90 71
41 25 5 -57
77 48 -74 -23
4 34 -32 118
97 68 -19 -125
-73 -9 13 12
-116 -36 38 0
-75 -71 78 -80
-116 14 23 -56
-27 92 -55 -92
-75 55 49 -110
-28 -53 -29 30
-97 -119 -95 -52
-92 -82 -112 -82
125 -75 53 -100
60 45 64 -49
40 66 7 36
-14 -2 104 64
88 81 -40 -94
1 42 96 23
-33 72 -64 -52
-21 -68 90 44
-13 66 42 -6
-15 8 -27 -65
44 -41 74 -19
-114 -50 -11 -11
124 105 -24 95
66 -91 80 -63
-103 35 -75 27
90 9 53 -48
-112 44 111 -76
103 79 44 -51
103 -120 40 54
64 51 10 47
-126 5 58 75
52 -32 -5 -16
-41 3 -90 44
97 -122 -67 16
37 -113 -20 -44
13 -6 -26 18
78 9 -82 91
-35 -44 -70 69
-45 25 22 -112
72 70 -107 -48
86 -9 90 -98
53 -45 85 27
-41 89 -23 -100
58 47 -57 108
10 -114 -120 -118
-37 60 -98 -28
-63 67 57 21
-86 40 -35 9
108 28 38 -2
-68 9 -116 -115
61 113 80 -99
-28 -55 48 83
-53 -38 77 -99
7 -87 -112 78
115 91 6 -108
-58 -78 -26 -64
38 117 92 79
52 51 8 -113
-14 -55 -33 68
-19 -68 108 79
36 -95 52 117
-41 -41 47 56
20 -62 -66 37
96 -19 97 -112
109 97 -114 115
11 105 5 -101
83 32 17 -104
80 8 -86 -50
-96 22 99 -62
66 89 -119 -91
125 -2 -87 -24
51 -7 -99 25
30 -5 -61 -62
-117 20 13 -122
18 -52 19 121
-81 72 26 -98
3 55 -90 74
9 82 -26 45
125 -29 122 43
-6 3 -98 -58
-40 1 -62 -49
-39 -97 68 91
-67 -18 -90 -28
123 -106 46 -126
-95 -3 60 79
78 114 -63 -13
-74 71 2 87
-67 111 -8 -71
75 -85 1 -109
-58 63 -54 -104
-74 -114 16 -14
44 -35 4 -48
91 102 119 68
-48 -40 60 -110
115 75 -87 -24
-45 24 71 10
-22 -85 82 -26
47 109 -85 48
-103 -27 83 100
-76 -118 -111 -65
-123 5 -78 28
83 -6 -14 -117
37 -83 6 64
119 -12 71 -39
-49 -2 1 32
24 -112 44 52
-33 -42 98 115
-3 7 78 -81
-26 42 14 -69
-2 -115 108 80
95 -53 11 -77
12 110 -54 6
99 -34 -103 -1
116 -4 117 14
-88 -21 109 -29
-52 -124 -10 16
9 105 42 -9
69 120 10 27
-98 11 97 -66
-56 16 -74 4
57 -103 -112 -2
-7 56 -84 -32
-36 102 119 32
76 92 125 -13
-89 92 106 98
-55 -22 -54 -122
-111 100 -42 -24
125 -63 -115 122
74 -64 -109 -36
97 94 -17 54
-78 -53 20 39
105 -126 -73 2
117 32 59 -57
-13 -103 14 93
54 43 -14 -88
53 -57 92 13
0 -63 -48 77
106 -35 48 29
100 18 36 -60
73 -54 -86 68
120 111 91 -71
-108 -56 85 87
-99 47 17 15
-11 77 -16 -92
-90 -42 111 47
0 -20 31 60
62 -107 -33 125
54 -45 -59 -122
38 -101 -71 -100
49 -57 -16 -35
61 -26 84 104
66 88 105 54
46 103 -37 -107
-101 -44 -23 -16
-42 -13 9 76
-90 64 121 69
104 -24 -19 -56
-10 32 40 46
70 110 -121 -48
-13 115 96 -47
-77 44 -6 89
73 98 -6 116
-6 -56 88 -41
12 -95 49 104
-74 54 45 95
-25 -24 -3 -52
-38 111 -123 43
-48 -72 32 10
16 28 39 -64
101 9 47 -58
-99 -20 -56 95
68 -63 17 -64
88 94 -59 -106
11 73 -124 119
-32 -75 9 88
-13 27 -7 -36
80 -46 6 4
120 47 60 22
125 -34 -109 -28
33 -121 -102 -42
57 78 11 -18
55 -84 -95 -50
62 114 20 -11
-51 -11 -114 39
-91 61 7 -39
-64 1 31 90
57 -3 1 -61
7 4 47 -58
87 51 -25 -110
-2 23 -94 -123
124 -20 -82 -83
-26 -61 -83 105
11 63 -93 38
26 99 -37 6
79 47 -124 -93
39 -22 105 -64
-15 -13 83 2
-43 103 111 34
125 -24 -72 58
83 -48 19 -70
67 112 -43 -35
-25 86 121 -20
40 -18 -91 12
-27 -68 61 -75
113 121 122 -100
99 -44 -96 45
38 67 73 -112
56 -27 -55 94
-92 -47 -4 -64
-34 11 -51 7
-64 -73 37 77
110 16 -42 -110
-94 -53 -98 -48
-127 -63 -81 118
12 -117 -45 40
-120 -94 73 119
-2 92 15 14
-117 9 104 57
-22 -51 71 75
-31 -113 -100 1
17 -125 -116 -80
66 -92 -16 101
16 -5 57 -96
-98 32 42 10
-71 86 -119 95
20 100 113 7
-54 52 27 114
61 52 -106 -5
14 -58 -113 43
65 -51 -11 65
-93 50 84 -99
101 -3 24 -45
-38 -69 -28 90
-82 47 57 -95
-103 -38 65 -109
122 -40 -116 -68
-47 -60 -85 68
-78 -29 93 -73
-39 -44 59 -12
112 61 63 -71
-123 64 8 91
37 122 -122 8
3 35 -62 -105
-69 14 32 -6
