159 211 90 238
58 251 239 23
93 44 135 219
145 243 194 241
229 207 32 238
251 158 220 77
138 41 193 3
52 223 45 161
42 17 168 72
73 187 2 3
56 251 54 200
36 4 11 27
120 86 190 189
224 84 25 135
138 186 62 147
187 133 252 82
77 211 206 173
12 220 105 133
87 100 173 160
106 127 174 123
239 121 168 228
12 243 6 117
176 142 214 185
55 50 54 46
120 226 38 2
2 232 249 32
104 119 226 237
86 153 4 251
216 172 3 14
37 141 0 22
179 47 249 65
31 111 177 48
197 211 37 149
153 1 110 212
27 107 180 236
123 142 60 2
122 64 32 62
133 30 240 97
3 21 117 53
120 176 218 70
12 70 121 82
247 104 95 55
114 104 108 57
4 191 250 109
238 117 190 72
219 143 25 30
168 224 160 108
44 137 85 35
3 65 202 165
52 205 104 116
99 227 22 187
26 111 230 117
210 133 68 77
145 177 231 96
7 100 40 176
141 22 18 10
116 91 209 28
27 33 182 11
160 2 114 23
221 71 155 218
139 161 122 162
1 158 190 170
64 26 241 154
170 110 37 37
141 18 51 171
193 22 254 47
162 93 242 254
102 89 149 129
150 167 122 224
91 110 92 179
131 118 15 13
177 34 223 243
47 31 94 142
57 28 172 92
71 132 58 157
20 47 156 5
118 95 53 156
238 89 217 208
171 215 213 168
236 59 17 209
61 218 8 77
20 67 24 85
78 186 177 85
3 228 239 208
235 243 90 164
146 143 183 252
160 139 72 146
203 133 246 108
52 207 127 163
68 53 234 115
115 223 217 104
221 78 34 10
50 251 207 12
67 45 235 20
153 143 220 242
74 54 70 232
82 187 207 143
244 27 51 244
11 16 23 77
198 19 46 78
94 31 11 221
99 55 167 208
215 143 196 123
199 53 203 77
170 194 167 38
168 97 74 192
109 92 227 48
68 251 124 150
121 86 14 193
172 234 76 105
49 191 221 11
52 58 238 191
138 8 18 57
214 153 152 124
239 118 66 72
105 108 34 76
225 38 78 129
125 38 168 71
96 126 45 221
87 96 7 225
229 207 251 55
34 85 189 73
124 162 115 108
216 21 138 52
150 52 186 42
244 6 21 251
192 219 254 110
108 57 36 77
168 91 104 82
80 3 64 253
96 100 173 2
189 185 112 207
203 99 49 39
24 191 180 248
179 13 36 138
41 115 153 197
138 13 69 106
160 253 111 36
92 158 212 27
52 151 136 123
233 192 129 54
121 225 35 91
63 236 130 165
225 58 71 150
43 102 241 99
73 156 55 183
79 99 242 90
247 70 5 237
82 238 108 154
156 216 244 4
255 158 198 253
226 86 207 49
48 5 81 64
21 231 100 168
196 137 63 5
108 224 56 60
4 6 241 4
38 205 171 213
69 201 150 10
191 176 177 35
21 250 58 96
182 75 48 242
173 48 201 119
159 214 149 154
120 94 56 229
242 36 10 184
30 47 116 186
239 118 27 29
83 84 28 122
162 213 74 251
212 109 155 98
204 245 192 68
93 101 212 172
196 150 234 139
89 147 139 122
75 96 25 196
242 6 2 126
30 195 46 158
242 92 134 53
225 117 32 139
113 125 208 2
82 187 115 45
113 231 24 48
142 29 204 197
207 169 35 163
69 108 143 231
241 59 6 170
219 176 71 189
198 101 96 60
163 57 212 247
119 180 213 244
7 134 112 220
31 118 131 123
56 30 65 209
188 161 120 40
125 239 254 52
123 52 196 12
19 45 163 192
155 229 203 133
252 233 233 6
157 221 207 176
200 132 142 132
163 108 165 43
24 234 132 68
116 78 171 201
143 134 69 71
149 180 161 194
60 87 208 222
18 239 110 54
228 186 75 239
173 137 20 220
158 77 237 76
46 41 208 87
255 252 102 122
140 210 35 229
177 227 204 48
33 78 181 242
64 124 223 68
42 132 98 77
223 71 28 71
220 45 58 239
77 230 187 34
47 102 173 123
37 233 141 21
222 32 194 161
35 116 189 236
84 195 13 42
79 227 50 128
167 156 6 200
69 84 137 230
49 98 143 83
185 194 99 81
195 230 254 203
254 27 103 14
101 5 140 6
208 159 99 253
181 17 196 221
12 212 235 1
94 197 34 86
117 155 134 17
62 189 199 226
42 89 102 34
14 181 176 205
244 67 112 207
170 58 126 248
160 100 172 29
99 212 111 50
248 186 168 251
48 218 84 205
111 158 133 89
35 4 122 45
97 44 149 166
91 28 87 196
92 244 248 136
29 43 76 176
233 117 200 33
114 157 249 164
160 83 122 183
172 171 139 203
79 115 190 52
0 110 11 122
175 1 35 149
54 68 196 69
103 254 170 71
204 197 8 148
199 114 27 204
93 93 71 202
158 145 54 27
69 135 18 152
226 95 179 238
71 37 51 139
23 12 229 158
98 73 56 132
244 39 176 140
214 188 39 104
80 14 141 137
225 154 104 194
218 189 178 148
131 204 70 122
221 96 185 190
210 143 240 194
204 132 175 21
151 108 232 154
179 186 40 216
121 250 95 32
180 235 150 190
0 106 155 65
170 43 221 183
172 60 195 122
7 146 37 253
43 120 69 190
13 180 122 245
166 76 142 218
218 48 191 57
67 53 240 156
139 118 136 210
127 87 208 255
255 56 237 39
125 180 216 15
67 136 64 33
49 174 254 95
33 136 122 166
193 70 142 235
42 17 87 79
180 69 185 103
57 48 252 196
103 184 51 205
60 7 182 79
164 226 27 101
129 40 250 199
222 86 8 17
6 41 145 94
77 179 170 16
42 88 251 193
246 31 250 189
28 193 241 230
169 136 15 252
164 214 45 233
251 76 66 70
222 178 83 194
202 167 130 147
211 105 40 123
254 134 133 230
65 183 2 199
23 249 155 188
93 105 172 151
249 95 125 30
209 16 187 51
221 93 123 141
176 112 178 29
143 201 162 247
227 249 91 127
5 50 72 103
175 150 168 190
195 180 59 91
25 136 247 175
45 197 32 163
96 253 18 103
40 41 229 209
127 74 230 68
177 239 224 176
229 231 12 130
145 36 85 197
254 62 28 117
25 225 216 215
235 243 71 118
209 24 127 45
210 202 156 169
194 55 106 48
114 124 157 230
75 215 234 114
152 150 228 102
18 3 134 19
48 49 35 140
44 176 153 237
73 175 126 116
35 168 215 13
237 72 33 238
186 205 11 227
33 161 53 73
149 191 167 168
89 111 170 219
229 84 219 144
155 14 4 26
24 189 170 214
220 162 115 48
6 101 108 153
224 87 115 13
142 178 105 189
71 37 163 143
234 34 222 36
190 70 20 182
82 120 70 227
190 38 128 39
184 249 107 132
211 25 208 193
124 133 235 153
28 125 193 28
112 200 241 171
20 162 141 228
243 15 66 15
161 10 81 71
236 213 196 151
86 177 193 27
38 146 13 162
30 10 142 120
119 2 205 127
230 247 217 207
178 243 114 47
212 12 71 90
201 91 108 249
201 22 0 0
6 111 101 119
232 151 229 27
61 167 152 157
173 22 129 120
187 100 122 248
167 186 14 252
216 143 213 253
38 184 12 18
126 105 248 183
75 207 162 205
156 208 202 73
52 64 114 251
158 120 62 191
73 61 219 180
129 204 35 166
32 9 99 38
82 15 243 81
66 238 210 93
36 28 23 51
194 143 146 168
42 253 190 214
51 198 215 85
32 88 33 195
197 15 237 204
122 104 122 69
76 201 59 179
192 222 200 142
63 81 242 245
34 88 21 42
126 196 89 91
178 34 139 58
21 53 41 189
254 239 182 98
225 249 65 59
199 160 230 177
249 202 255 226
65 215 63 151
62 161 185 104
85 137 27 244
192 15 10 104
8 110 239 18
124 109 14 60
100 124 58 203
96 28 180 139
222 142 136 79
225 78 79 99
60 165 252 223
220 48 41 78
55 164 100 202
67 238 98 84
175 24 30 162
30 187 156 137
12 132 98 156
47 71 33 14
211 67 79 22
234 173 8 27
194 107 28 233
29 243 166 145
79 10 254 37
150 57 238 210
9 143 216 137
223 89 138 13
19 94 152 149
91 248 228 141
71 148 154 242
165 40 93 139
145 205 146 113
203 207 153 238
175 118 200 229
164 52 176 121
7 94 135 36
188 101 235 201
251 165 148 127
96 114 105 69
0 180 145 38
221 147 176 120
135 117 219 53
224 212 31 60
80 223 108 194
139 197 29 155
183 28 18 140
58 187 182 173
39 10 248 215
131 195 196 170
115 180 244 217
128 116 182 233
181 225 101 246
209 82 248 109
158 148 53 251
173 222 26 159
185 207 115 32
97 209 27 66
235 79 1 226
92 144 25 95
101 147 8 49
89 158 161 148
202 60 65 142
18 158 114 77
189 181 225 232
100 100 21 202
67 198 254 225
69 45 146 140
5 45 54 211
235 249 254 15
1 69 134 148
168 241 24 134
161 143 62 228
226 48 181 5
233 9 51 226
229 26 151 47
101 217 228 206
225 190 14 105
170 20 128 41
166 192 191 100
249 144 186 136
146 50 39 23
213 183 85 149
250 82 233 252
59 181 24 157
131 4 11 245
85 222 140 215
198 56 115 245
167 247 67 36
218 69 15 207
252 180 18 20
186 47 4 169
126 28 185 54
172 32 205 255
117 157 0 83
215 242 59 71
184 216 182 26
162 50 36 218
149 81 105 0
247 50 77 66
53 78 170 143
171 8 164 195
97 194 43 10
28 52 180 19
222 155 90 107
240 75 161 64
92 138 17 55
72 67 220 193
183 239 112 71
173 22 41 178
185 52 18 139
96 210 91 142
205 20 48 51
246 82 248 168
123 20 17 83
153 13 188 6
9 62 140 174
166 15 167 251
52 97 18 223
237 152 197 190
2 251 235 169
72 35 112 158
203 103 154 65
82 252 60 107
80 26 196 161
174 115 126 23
36 19 226 120
165 249 206 70
3 211 201 236
175 169 41 21
94 39 123 111
12 5 68 236
18 165 109 229
6 247 133 40
28 162 253 192
188 223 78 203
24 227 214 34
143 144 185 185
115 123 141 161
101 218 55 118
10 118 115 0
65 25 99 16
72 25 110 184
13 179 47 140
159 78 58 46
188 27 165 95
255 6 108 192
217 200 59 224
113 181 5 45
236 133 79 4
83 249 160 91
215 185 20 42
245 27 170 25
223 40 160 217
95 204 221 69
79 239 109 181
23 22 174 144
45 2 111 136
105 16 236 152
45 130 89 158
74 93 35 14
68 65 225 74
166 152 60 36
207 92 41 167
202 47 213 3
177 99 17 134
90 160 229 147
208 2 171 41
74 83 67 6
45 62 236 49
222 173 79 116
122 20 249 191
212 133 218 195
54 111 112 183
192 210 23 209
222 34 75 188
128 150 132 187
206 223 14 49
14 97 25 143
110 218 116 7
79 36 29 213
122 117 154 251
250 91 69 199
186 192 42 93
90 62 173 225
203 12 216 127
152 44 235 200
15 23 237 82
97 235 43 119
66 241 117 179
66 92 68 236
78 144 159 70
224 187 60 87
151 165 164 239
244 148 159 183
230 250 222 130
139 60 160 110
231 10 209 200
23 217 83 30
235 213 181 6
207 198 112 23
32 40 151 243
30 245 137 151
112 107 45 143
50 78 166 140
205 142 156 175
7 111 62 254
241 216 91 252
89 160 110 105
38 247 228 38
244 35 135 137
216 97 31 235
234 21 109 37
53 210 179 227
112 188 122 107
205 47 220 188
235 124 87 60
122 153 250 126
55 3 206 59
84 42 179 185
167 182 87 188
28 76 12 126
82 10 71 73
241 119 48 86
107 60 193 83
194 119 244 58
95 228 107 205
9 65 33 43
28 166 26 136
12 129 165 254
158 17 41 43
162 67 202 108
35 5 133 228
165 218 209 150
94 50 55 98
30 147 26 130
128 142 59 166
26 101 16 51
13 255 226 144
142 38 110 109
86 238 185 130
222 237 16 33
205 229 197 214
247 142 0 46
88 248 173 119
250 100 163 139
66 65 139 138
20 145 126 73
231 112 111 222
179 210 136 232
139 153 224 49
30 215 32 183
109 139 101 247
98 205 217 115
72 6 90 163
198 59 91 178
240 145 244 122
163 145 80 246
208 151 156 237
110 79 69 121
52 202 4 199
32 47 217 214
48 117 234 163
102 177 136 95
112 90 165 84
62 139 38 60
195 28 109 197
8 249 26 45
235 0 147 231
53 139 16 75
20 246 152 46
172 165 63 196
205 188 136 132
142 199 151 128
109 18 55 22
174 122 56 70
140 163 41 59
23 157 125 68
177 58 202 49
65 86 252 143
35 42 93 230
147 87 42 226
139 223 229 17
246 80 41 185
27 35 202 191
156 84 247 115
121 213 156 107
96 198 42 251
3 38 170 46
113 109 82 99
210 80 14 113
114 132 67 179
34 6 20 158
2 194 137 116
53 56 64 237
47 125 195 106
168 121 188 140
10 205 155 208
155 102 121 30
143 199 14 251
26 46 242 185
34 50 102 98
56 154 32 52
166 145 79 3
4 172 182 82
30 173 116 177
208 51 235 187
2 221 162 188
39 190 93 113
248 78 228 45
253 241 252 233
0 108 95 51
70 19 74 76
125 111 1 177
207 218 170 59
7 145 145 215
80 114 109 177
251 182 99 12
191 226 79 231
31 50 1 99
168 193 53 140
179 242 226 1
247 236 188 34
101 223 84 241
206 151 165 201
169 226 125 175
131 27 154 219
30 31 18 144
228 224 214 56
125 192 93 119
254 2 187 64
53 69 195 78
135 59 253 198
181 13 92 108
47 187 44 198
47 9 84 115
186 3 57 145
26 132 4 228
161 120 210 64
251 124 188 238
40 2 103 81
248 236 164 235
17 56 126 87
244 209 159 203
64 164 217 146
60 113 196 39
61 14 171 58
249 95 176 26
24 90 175 52
113 38 117 241
171 163 93 89
251 90 152 48
240 240 123 154
61 167 175 154
136 132 15 42
139 41 119 167
172 220 192 226
39 190 199 232
54 72 50 142
66 150 210 53
93 224 249 129
196 30 241 175
104 110 206 120
74 231 107 195
77 90 56 125
97 72 132 98
76 123 13 198
181 46 115 61
235 142 96 1
75 76 103 167
215 35 137 174
183 15 232 180
76 178 129 96
149 206 252 143
165 222 22 157
119 106 74 219
64 91 54 59
18 176 168 14
0 217 119 33
15 38 221 118
188 188 227 166
250 15 135 89
168 87 94 227
195 242 137 224
236 85 145 12
242 133 22 191
2 169 232 102
84 169 220 224
200 94 22 82
216 103 141 67
208 138 251 52
69 154 19 209
85 217 59 122
119 84 179 224
143 228 97 89
132 19 28 84
241 154 239 227
191 8 86 23
86 202 213 146
200 39 46 172
243 48 123 253
178 32 167 14
123 129 67 236
1 185 134 121
47 128 63 35
177 231 181 169
190 219 30 153
249 149 58 49
95 19 189 49
104 7 172 168
94 120 26 164
70 183 160 40
37 137 217 68
38 80 4 208
184 223 222 222
245 56 220 237
19 102 253 219
112 206 181 98
243 75 140 160
118 51 41 231
177 16 203 88
157 42 212 54
196 206 25 247
77 39 19 147
230 46 164 173
107 58 86 45
97 161 43 27
244 149 185 140
63 184 201 251
121 183 44 185
197 196 240 192
200 95 195 38
194 18 86 98
90 198 156 139
94 152 146 176
224 209 216 204
231 51 110 46
247 105 66 160
247 115 186 132
161 141 180 251
97 69 102 40
42 203 172 102
85 229 219 125
43 253 5 27
152 210 109 248
176 94 120 213
152 47 25 16
211 148 192 104
151 22 86 6
56 142 35 134
210 169 203 126
74 144 197 221
5 77 196 159
58 183 1 238
240 120 218 160
143 159 68 149
42 20 83 126
69 240 86 131
11 144 253 135
126 129 193 235
106 160 0 102
244 198 66 8
197 211 31 120
91 240 166 204
80 103 89 235
183 68 26 89
251 16 178 165
252 16 124 133
34 35 18 34
25 175 119 106
169 207 55 165
106 27 47 179
229 16 127 152
84 139 119 190
32 234 191 138
250 67 158 165
12 202 115 20
253 179 66 128
54 179 118 219
105 4 235 177
27 66 98 241
227 137 163 231
202 225 11 158
46 76 204 35
196 234 37 226
21 26 48 47
58 201 112 226
254 230 247 88
243 188 68 30
61 81 76 34
196 58 19 184
117 220 119 165
119 99 99 240
27 25 72 125
60 201 40 244
207 174 95 14
17 100 18 218
65 155 231 75
24 78 75 242
215 104 188 166
157 87 191 115
47 125 65 112
49 211 140 28
55 105 37 102
101 25 144 189
217 115 182 83
192 149 57 152
197 94 138 118
54 158 226 216
37 53 132 65
17 99 102 79
63 132 15 174
199 108 50 245
208 114 129 131
204 62 56 151
211 99 65 13
85 213 46 167
122 30 252 17
232 1 241 246
147 123 154 41
35 107 132 133
171 214 21 75
104 51 189 166
33 131 182 75
118 231 200 102
116 155 252 192
167 117 246 240
36 191 35 70
174 216 190 244
6 206 195 113
114 230 160 237
6 236 24 107
174 238 251 125
237 244 158 82
226 254 245 49
93 107 191 0
46 163 131 165
199 171 255 252
81 139 226 46
236 237 40 102
128 136 200 114
119 51 183 16
177 230 168 21
95 90 235 185
220 97 121 96
148 74 223 100
228 211 207 21
21 224 222 136
236 211 153 242
54 32 209 196
73 251 165 176
156 190 60 33
80 149 47 23
57 137 133 111
151 194 215 222
186 243 38 206
219 201 213 17
236 110 35 54
93 41 133 207
163 129 45 62
73 111 91 222
228 16 12 175
55 241 85 144
167 174 86 145
98 17 196 39
33 248 15 159
77 104 147 253
221 253 103 40
104 223 191 243
84 49 243 120
61 132 10 109
114 230 71 250
70 56 65 214
136 55 126 66
122 87 28 12
95 204 15 238
127 80 26 215
178 3 217 153
246 39 164 4
222 98 24 18
16 127 99 49
254 168 62 91
27 230 114 111
155 143 244 26
199 65 176 163
104 173 82 227
1 240 195 160
201 139 90 89
119 17 92 68
78 248 236 227
191 140 107 171
216 58 201 225
34 52 227 8
194 117 214 33
178 208 162 143
52 180 171 243
238 137 239 207
229 246 176 220
178 87 147 181
168 224 157 40
140 22 230 123
225 18 99 209
203 158 57 90
217 137 125 204
162 215 144 191
125 64 34 104
23 123 228 250
5 108 56 9
12 198 3 38
2 158 5 75
68 173 101 53
88 9 217 14
67 98 8 34
70 241 81 117
125 193 96 231
129 102 5 243
198 195 76 162
0 110 179 213
84 58 118 89
91 129 30 55
11 148 117 10
135 242 79 152
38 21 56 45
18 230 138 93
143 23 64 167
189 96 71 244
3 159 215 131
122 210 196 52
0 97 111 49
235 43 230 221
152 62 185 175
146 2 191 183
165 189 123 66
191 209 199 195
93 220 75 251
55 74 12 199
0 231 245 244
199 143 72 1
168 58 124 242
213 108 186 11
143 95 189 236
175 42 141 71
242 187 57 3
163 81 173 170
160 142 149 83
19 150 8 230
88 134 63 52
244 51 246 19
135 102 65 124
157 95 250 197
178 7 87 118
171 68 242 170
158 33 143 203
48 169 26 157
216 58 101 221
78 114 34 57
167 130 200 85
19 230 54 201
90 102 139 229
202 179 165 115
153 226 134 187
125 226 171 245
113 120 29 251
191 78 31 17
33 57 23 68
250 45 213 11
66 95 168 16
7 232 193 224
43 195 57 1
121 233 250 73
93 219 173 217
72 111 186 83
154 182 239 24
172 203 7 91
198 133 226 138
64 11 110 91
23 223 80 186
186 51 214 57
184 175 209 163
55 177 43 21
83 186 55 226
113 113 179 39
139 255 96 166
90 78 38 109
41 236 205 92
228 116 76 27
80 132 183 213
207 221 92 102
123 131 127 88
212 174 93 79
115 116 57 136
222 227 67 80
160 13 15 198
191 113 106 15
240 2 135 172
122 73 109 241
237 35 221 103
178 21 189 173
246 182 106 241
192 155 155 23
121 201 149 18
21 65 234 213
21 242 2 150
237 6 122 87
218 159 115 211
58 135 166 167
181 132 192 92
11 131 130 84
51 33 249 112
9 56 174 68
199 113 193 181
28 176 225 20
94 41 181 109
37 205 59 244
51 44 119 235
193 252 197 95
42 76 252 149
10 60 219 183
107 13 58 218
99 193 167 38
125 86 116 197
254 68 13 111
84 77 179 152
175 124 61 212
240 230 214 9
5 211 51 30
67 121 159 250
101 40 222 105
185 11 187 44
114 2 26 182
172 179 74 155
47 31 61 183
162 123 93 73
92 153 119 186
28 3 116 88
137 130 102 194
210 96 241 102
43 177 3 189
199 70 234 152
227 185 71 218
160 77 96 11
83 46 135 217
113 72 86 198
8 27 38 240
175 41 63 46
3 114 211 81
234 96 174 168
185 184 73 242
33 115 148 91
254 244 66 57
59 62 124 30
165 168 49 82
151 10 82 179
46 136 206 95
202 45 216 105
105 157 192 81
164 153 227 65
176 157 195 111
10 47 218 210
30 12 61 115
91 24 116 153
66 126 206 101
74 71 23 91
218 206 73 122
25 88 189 191
71 96 212 216
186 81 70 63
253 78 94 111
219 8 73 18
230 97 43 238
61 121 91 228
217 128 207 36
210 206 136 255
217 192 10 246
237 39 153 64
185 147 188 222
176 76 68 170
113 73 110 148
244 224 197 27
17 13 70 91
132 100 209 190
113 72 72 164
0 5 120 192
149 71 193 105
219 103 119 88
107 110 140 6
154 117 196 98
55 242 102 207
156 167 53 190
50 11 214 185
35 186 239 157
241 178 152 147
213 2 127 216
67 1 199 210
108 89 45 94
195 25 242 250
157 114 112 135
119 219 106 139
202 231 245 190
43 0 183 227
44 220 173 232
253 235 164 31
143 114 69 156
176 173 47 35
0 100 149 242
8 43 120 165
221 103 216 185
207 182 25 218
38 187 189 221
228 236 196 36
134 39 230 60
34 182 68 40
167 169 185 186
220 218 74 97
2 173 250 22
37 141 115 99
32 32 222 148
58 238 185 84
248 193 159 237
247 192 230 28
86 12 122 225
174 80 115 45
96 251 90 26
102 200 249 175
234 113 35 142
44 224 211 55
42 62 251 67
243 166 164 186
215 200 72 107
246 186 160 125
5 188 161 187
137 54 6 242
7 227 124 65
57 179 30 52
163 10 10 213
69 213 51 209
117 35 48 237
64 18 238 65
49 75 92 222
197 236 111 246
107 149 176 157
194 173 24 237
176 40 96 102
84 1 63 84
223 131 44 149
238 228 198 149
98 145 255 211
101 255 56 104
61 35 119 102
247 164 107 101
18 251 64 152
182 223 93 28
143 171 188 133
27 60 25 185
35 1 220 225
64 80 216 62
226 19 104 54
221 149 201 198
131 172 182 138
130 198 252 204
172 134 181 143
66 99 68 34
43 206 236 160
209 154 112 227
166 46 157 113
54 70 232 85
92 219 83 50
116 124 80 37
71 194 51 140
28 53 142 119
12 57 38 125
130 231 198 150
45 0 31 249
200 177 97 189
137 178 165 170
249 148 189 43
102 193 47 92
191 225 215 68
207 86 69 27
122 133 189 29
227 52 72 66
204 194 153 202
191 16 210 37
178 26 25 151
221 171 33 191
63 25 171 171
106 127 153 230
120 6 181 115
138 56 255 9
249 196 59 78
234 222 35 140
185 131 124 255
255 188 38 155
165 205 65 65
154 86 253 150
94 20 0 217
27 234 107 41
60 155 113 185
54 120 147 61
38 144 159 233
4 135 1 30
180 249 204 30
171 197 107 105
233 33 156 17
59 36 101 143
219 96 193 66
0 218 123 149
125 3 145 84
140 143 229 4
29 204 34 220
173 192 68 47
9 5 184 75
181 30 19 240
79 140 85 247
115 130 141 204
54 139 63 27
63 7 36 241
232 227 175 7
175 103 209 36
162 246 142 167
86 228 46 57
226 254 43 162
22 249 64 216
196 111 40 143
140 206 87 87
68 108 131 255
198 40 247 15
130 210 109 15
234 225 190 98
42 247 199 217
42 206 71 237
133 117 51 171
161 165 91 169
11 68 0 143
90 65 242 225
183 246 118 50
185 233 181 144
223 254 186 120
66 237 142 171
71 146 192 109
179 37 158 108
106 88 181 42
215 160 128 155
127 27 172 101
98 7 57 5
154 146 48 199
62 162 123 239
178 34 110 140
192 188 13 147
156 162 13 199
200 193 74 232
104 114 14 18
167 163 59 116
127 10 215 90
226 241 154 89
196 12 157 70
192 237 12 172
57 53 196 115
42 100 69 197
95 216 238 135
19 185 65 19
119 55 226 242
192 73 118 80
7 107 135 62
22 76 40 120
206 188 85 232
195 101 7 99
242 112 131 114
42 148 169 95
204 19 168 48
140 8 11 52
171 191 12 208
56 3 202 101
39 136 85 132
79 222 122 28
196 75 89 178
202 141 106 39
117 180 238 24
222 251 62 28
63 248 37 90
129 119 196 142
215 153 227 111
233 146 44 98
238 215 247 228
192 197 152 30
16 227 120 68
183 27 52 60
33 242 113 43
252 76 220 87
136 195 36 15
226 35 18 122
105 173 214 174
35 47 236 81
21 95 54 128
0 105 92 248
163 112 206 198
163 13 56 169
246 243 234 98
91 93 102 84
183 237 28 126
73 17 212 74
174 247 74 11
66 169 110 83
136 8 146 172
191 253 84 236
28 248 214 46
230 157 64 191
194 41 23 27
133 67 86 191
246 238 160 200
30 63 65 99
167 248 207 184
34 125 26 18
60 37 247 197
197 131 141 178
207 131 116 132
205 70 39 106
61 242 12 75
120 27 135 78
37 166 73 95
33 208 201 86
107 84 139 83
85 39 47 26
17 133 204 244
199 2 48 212
115 239 252 79
53 74 80 235
22 185 116 182
155 54 91 59
152 178 126 242
65 15 38 174
222 167 62 174
118 151 102 146
15 216 143 64
219 156 243 77
1 222 40 197
108 252 166 55
122 217 7 59
183 126 241 55
185 224 110 212
0 182 119 99
118 153 11 214
147 246 252 142
120 152 227 165
34 33 0 149
58 140 31 85
41 203 28 71
200 122 223 169
16 194 17 233
75 185 26 29
217 225 9 116
94 20 254 50
86 227 224 235
171 87 101 62
197 212 55 190
13 0 146 78
242 151 178 216
28 203 246 69
62 32 54 192
241 210 31 176
144 227 69 72
103 159 26 45
108 185 28 232
241 204 253 56
42 119 9 154
114 253 227 29
104 163 16 83
69 106 186 5
172 79 18 68
185 99 187 74
40 242 63 59
164 29 87 172
125 200 133 189
112 77 210 255
120 88 60 189
57 87 85 65
127 189 159 45
163 145 47 1
14 10 24 62
142 144 54 171
148 153 241 131
76 255 182 131
250 175 68 98
31 111 195 241
31 2 205 205
221 249 255 20
48 115 57 66
25 95 90 0
10 8 203 253
82 112 37 164
23 206 55 37
212 101 154 218
157 20 104 123
199 96 192 250
134 253 38 224
220 184 106 146
203 148 135 28
107 163 35 18
118 221 213 81
116 126 188 225
229 108 148 232
137 13 0 227
238 209 135 148
137 20 77 235
174 110 145 56
111 44 30 182
239 157 115 227
64 62 16 153
190 228 234 167
113 214 2 30
29 68 25 75
93 20 253 152
217 103 211 185
118 191 89 21
213 198 37 59
53 100 105 153
93 220 136 103
4 28 253 104
225 218 17 136
0 124 73 149
184 44 171 27
60 0 121 116
5 146 162 228
139 177 45 27
143 56 49 6
252 220 143 136
55 148 102 89
159 110 128 187
111 214 89 151
31 105 42 141
243 102 17 168
227 99 6 242
127 149 61 252
167 136 77 76
89 249 124 166
144 94 80 234
245 109 253 197
211 252 132 105
60 17 20 59
98 222 172 62
254 153 159 87
59 150 98 227
230 245 156 139
126 46 196 221
82 2 2 129
91 97 127 101
65 58 184 203
137 190 43 106
211 152 222 214
159 149 67 177
24 189 157 184
77 113 91 165
32 73 19 175
13 69 39 52
20 126 1 66
0 123 115 247
229 88 52 41
111 91 169 205
158 29 232 21
252 228 128 159
144 243 44 174
10 142 34 104
148 69 60 85
3 92 210 254
60 245 28 43
72 130 177 180
26 102 53 71
96 156 89 50
8 81 126 179
36 123 64 164
254 54 128 155
192 252 144 69
107 78 103 91
238 104 47 125
235 61 18 211
9 94 253 195
8 76 134 69
39 91 156 135
166 97 50 39
77 8 54 144
166 195 229 30
247 31 140 17
251 60 154 18
168 56 204 151
9 196 59 41
195 236 66 215
228 168 6 239
87 28 138 178
240 94 46 166
169 112 2 171
159 138 61 247
160 185 38 70
165 151 250 232
115 59 178 194
124 69 85 105
242 52 69 114
18 165 161 162
23 15 102 179
174 125 91 32
136 59 222 182
59 183 83 29
106 147 228 229
6 249 28 10
116 153 246 68
4 66 2 12
133 235 38 53
46 195 131 58
103 171 154 150
233 26 223 53
92 83 102 159
34 15 33 220
18 153 91 148
219 172 113 153
46 53 122 78
103 187 118 242
210 219 2 233
189 203 8 56
165 170 255 226
167 48 22 192
88 214 193 172
127 52 224 51
168 240 253 63
78 142 206 85
148 241 64 238
6 216 83 127
45 74 82 153
253 139 130 185
218 115 247 160
150 60 92 112
168 115 20 2
191 31 59 127
114 170 31 19
186 20 91 97
71 116 8 16
107 247 209 242
75 222 77 16
207 236 156 143
99 171 27 196
143 240 175 246
156 14 138 110
57 102 155 181
153 176 8 11
117 207 205 33
24 133 216 177
121 229 116 22
126 199 86 99
222 144 105 52
233 99 104 19
149 131 201 110
160 38 79 98
115 93 137 152
138 169 214 253
215 136 35 23
105 55 99 81
158 211 93 254
50 190 138 213
53 68 250 236
210 205 187 223
94 190 213 95
193 57 138 234
221 151 128 130
224 95 128 160
14 104 138 214
104 75 143 50
60 179 121 238
210 230 227 228
76 63 161 86
195 240 248 43
175 229 25 120
156 189 101 200
121 169 40 161
167 235 172 235
160 2 230 53
33 195 163 72
239 130 43 40
21 25 206 135
220 212 119 54
225 235 199 39
33 255 25 60
109 225 2 243
161 72 177 80
34 242 214 198
232 127 196 123
23 214 65 76
114 220 121 183
97 166 180 162
179 104 3 45
189 202 21 132
196 249 41 121
159 54 236 149
71 239 26 20
114 165 184 146
192 235 50 46
163 95 121 252
0 24 215 75
143 60 45 188
1 247 136 57
29 231 164 159
217 48 222 222
225 63 252 237
156 77 195 101
132 182 190 49
32 111 57 19
231 109 127 214
184 13 200 19
35 51 201 155
246 13 159 158
124 206 150 77
136 155 185 136
45 32 160 68
42 48 52 186
35 247 164 104
217 133 132 172
160 27 126 50
235 178 239 238
163 186 95 210
233 172 187 109
105 249 198 148
207 204 201 117
62 73 236 41
4 141 100 177
177 192 65 96
10 178 120 3
128 15 198 63
211 37 90 255
180 124 111 204
161 207 254 67
158 235 194 35
207 33 189 212
24 148 145 52
40 178 76 15
71 117 157 121
143 104 228 62
174 191 248 78
244 71 145 9
227 96 243 25
36 77 47 243
230 88 111 214
224 217 161 227
210 71 92 36
83 201 58 50
105 122 124 72
18 219 176 17
159 197 162 146
182 37 233 100
142 94 61 249
32 96 40 128
240 10 26 13
78 167 7 150
114 45 150 136
246 135 101 170
56 104 9 119
44 221 225 212
34 89 5 111
230 29 70 154
79 223 173 50
116 38 163 27
238 62 22 16
43 189 135 195
3 145 145 86
12 85 72 155
9 206 252 150
180 192 79 65
79 229 71 19
159 193 166 83
243 162 219 193
106 100 229 136
109 114 21 161
203 93 70 79
131 88 215 251
142 182 184 82
177 248 176 104
138 140 7 145
192 155 38 125
8 249 117 222
52 179 97 37
4 242 34 16
33 215 215 96
59 89 241 92
218 230 74 247
241 155 34 129
82 74 220 65
204 37 223 31
7 49 94 215
75 235 39 242
217 106 146 45
181 175 86 109
190 184 150 166
112 211 249 140
166 98 0 237
236 153 18 148
226 28 208 63
67 156 168 34
135 100 147 64
156 3 158 90
105 138 82 26
167 220 102 1
215 57 76 98
168 238 169 150
16 23 119 80
106 124 140 197
247 109 5 56
91 123 210 174
125 62 234 74
17 196 32 225
189 37 160 2
145 250 6 111
73 74 203 79
245 234 10 69
25 69 181 108
173 228 122 178
111 66 224 22
179 248 232 63
119 132 53 79
241 128 251 0
161 149 46 140
66 20 64 19
153 225 208 23
6 94 47 169
113 172 153 207
254 92 196 209
29 139 40 6
166 255 226 218
2 6 185 117
43 138 17 150
160 194 110 136
82 99 205 66
220 103 75 111
54 107 183 66
29 18 23 48
247 199 191 90
61 42 254 108
21 102 208 185
1 32 171 13
66 142 70 159
15 76 253 61
53 86 50 224
190 12 255 152
223 171 3 30
151 39 50 71
28 137 97 22
179 195 49 120
57 32 126 121
149 156 109 118
29 17 77 79
195 174 237 208
201 155 80 189
132 150 72 174
203 14 39 77
15 39 182 139
129 250 1 11
50 33 84 28
124 121 18 47
56 24 133 120
168 220 147 111
141 66 184 151
122 13 19 115
174 211 152 205
123 233 37 100
55 18 33 228
229 232 243 26
21 141 52 152
81 102 54 140
218 27 169 107
145 168 172 217
234 70 185 250
145 201 118 40
192 212 59 208
237 53 22 63
107 193 238 41
217 242 77 76
147 17 83 85
221 181 202 77
90 250 215 74
26 133 200 241
206 217 242 182
7 222 157 98
27 64 31 154
83 148 148 184
6 132 17 149
16 66 25 199
188 226 87 130
134 25 197 120
242 234 183 46
135 82 104 83
212 73 33 114
173 50 168 98
252 208 173 124
134 231 149 236
211 12 128 181
244 129 39 16
124 45 36 239
209 127 41 105
111 239 90 49
63 211 231 167
128 112 50 152
131 130 44 151
76 86 59 41
247 194 39 60
179 46 245 142
34 19 27 2
33 254 196 39
181 165 170 14
92 240 129 231
204 32 56 60
65 14 181 11
123 192 40 246
254 20 174 64
133 203 62 154
174 253 41 128
47 174 148 14
218 97 209 229
169 75 205 153
67 53 192 191
170 117 7 124
33 107 174 249
105 152 204 131
230 115 42 74
253 63 154 180
157 255 145 174
108 168 202 114
219 160 144 8
183 91 196 218
190 242 23 197
124 132 147 213
43 28 232 139
181 197 227 164
29 215 86 21
131 109 72 57
156 63 166 28
153 143 220 32
128 29 93 92
159 179 156 148
196 51 195 109
219 73 212 252
24 126 202 78
110 166 238 116
209 23 131 8
65 40 11 147
188 97 154 134
22 184 109 47
21 140 187 17
237 204 244 237
182 244 56 31
226 138 87 179
139 124 7 142
150 173 237 233
196 68 224 172
209 51 173 245
254 40 98 116
165 217 150 221
39 194 73 189
122 112 185 191
169 7 187 203
93 73 161 131
36 156 194 21
63 22 12 127
133 222 105 63
112 214 2 236
177 90 35 210
200 223 254 239
26 235 151 244
101 15 17 202
243 19 14 182
153 66 108 76
59 157 164 204
206 49 131 252
23 127 195 104
94 193 59 83
149 43 213 10
235 117 93 31
86 30 66 171
140 44 13 148
217 188 242 30
59 4 81 170
117 13 37 182
46 226 168 25
224 100 97 21
4 161 76 119
47 243 85 111
255 146 221 233
0 118 161 245
179 79 27 95
209 103 13 231
158 18 138 100
81 101 20 222
250 21 204 11
98 124 201 23
48 189 143 214
120 191 245 41
136 249 132 68
68 14 122 218
114 94 102 163
248 40 238 98
37 220 134 71
153 62 232 18
133 111 12 16
33 138 16 245
96 153 133 231
118 212 133 53
188 143 45 159
227 239 193 85
223 9 137 130
165 100 69 42
124 246 39 14
47 233 251 114
167 128 166 170
32 141 46 176
69 233 194 62
251 208 213 5
199 9 185 15
28 114 3 75
104 36 169 9
58 230 227 248
218 158 25 20
73 31 72 124
31 90 140 131
125 112 78 179
27 206 147 202
8 217 177 166
87 150 82 111
116 254 72 219
245 235 135 173
124 248 81 142
55 70 63 255
31 206 59 0
20 42 114 82
234 179 220 43
208 239 39 19
49 228 138 228
151 145 230 174
105 103 207 230
134 111 244 90
9 137 56 58
24 114 23 180
99 9 95 62
69 91 217 254
214 206 117 112
154 19 170 65
140 234 16 146
83 247 61 60
90 238 27 225
64 28 197 73
160 227 129 32
220 120 145 88
11 79 155 253
40 208 185 193
150 105 208 137
223 85 102 228
162 36 179 113
100 230 156 8
196 215 118 65
13 59 242 185
62 214 160 104
89 115 110 88
236 154 166 249
41 151 107 173
244 39 20 124
71 140 148 168
128 61 253 120
61 238 48 65
173 36 47 92
199 9 120 184
144 227 67 152
144 186 251 142
185 250 221 92
128 151 232 192
223 202 147 208
170 200 41 242
50 165 33 48
58 59 101 67
106 46 171 125
205 23 173 158
85 134 69 92
50 171 5 144
194 146 68 119
56 57 159 175
251 75 252 191
96 4 216 128
213 16 139 198
49 28 216 183
87 77 140 213
15 237 45 252
239 254 41 76
6 143 71 19
99 212 169 92
97 219 228 236
165 94 181 199
153 169 37 81
202 247 231 110
163 59 78 109
37 238 149 126
117 89 244 101
1 1 149 160
160 58 171 19
122 159 157 34
45 117 55 47
102 31 76 62
115 63 120 172
100 68 227 124
193 38 240 97
114 119 119 240
70 139 228 63
64 130 209 77
208 121 149 170
220 236 174 63
176 11 193 81
180 189 63 253
57 51 156 167
35 5 255 193
170 224 120 113
224 4 190 54
108 108 181 123
194 50 232 242
113 45 158 95
94 68 250 223
215 155 95 139
111 236 250 206
122 1 86 113
216 213 96 104
178 185 245 140
235 109 252 3
17 9 52 79
94 168 124 192
105 37 252 179
84 186 32 58
175 241 171 130
101 5 214 18
11 128 227 103
236 210 238 119
207 176 122 82
229 215 55 45
81 26 105 166
220 255 206 64
45 53 176 40
252 130 199 82
241 140 45 247
66 38 42 105
199 76 248 152
202 113 17 119
165 58 106 68
71 104 222 126
161 248 116 190
59 226 109 182
254 54 38 26
124 68 175 72
164 255 210 105
203 194 116 223
212 250 162 212
216 180 191 160
191 49 35 106
14 178 81 1
95 155 62 160
231 123 104 241
174 85 198 120
94 216 244 33
226 194 61 171
81 199 13 42
67 10 135 176
171 166 204 248
113 243 198 25
110 131 95 129
53 19 152 91
44 71 139 42
199 184 68 167
78 215 166 170
212 2 73 159
189 214 70 104
194 54 18 17
21 182 31 1
55 84 10 180
137 51 84 225
197 75 235 182
243 244 120 48
102 87 177 173
154 255 24 11
184 154 241 173
129 233 244 49
74 212 101 76
67 58 252 38
206 223 7 16
232 234 175 178
241 191 198 211
21 190 5 197
190 112 56 232
217 1 89 221
183 186 102 206
126 157 180 216
133 136 77 142
225 95 219 196
49 106 217 67
10 64 170 38
206 53 170 179
45 112 99 78
232 197 33 135
27 157 112 108
173 14 15 75
21 41 99 76
24 73 101 85
41 231 150 82
204 197 163 193
103 232 7 173
74 255 185 218
228 201 247 52
26 249 102 105
187 138 77 240
185 175 222 192
60 114 230 162
252 148 172 1
83 64 132 155
168 170 171 34
254 139 248 98
201 162 75 135
233 196 209 78
155 87 250 223
238 206 165 88
167 186 83 41
32 249 85 126
233 228 227 20
119 176 31 198
178 50 106 135
107 36 163 111
30 187 205 88
97 45 151 231
10 47 154 231
47 244 119 83
181 87 141 91
3 166 192 234
205 243 235 117
37 61 219 198
209 235 251 228
170 164 153 68
143 183 184 112
189 154 94 163
176 74 231 65
250 223 203 108
112 109 255 124
139 229 145 147
119 36 86 134
101 30 205 85
216 63 35 233
211 68 171 203
139 225 46 29
128 227 85 32
6 72 33 64
126 117 130 137
2 45 169 173
154 94 180 140
184 14 87 254
205 143 6 238
174 179 235 254
30 176 26 2
193 222 206 253
242 80 211 77
4 227 43 76
18 117 160 83
200 40 224 182
194 130 95 129
129 227 175 14
63 205 111 97
53 149 106 241
220 51 103 47
10 62 0 178
211 94 96 75
156 58 217 75
193 15 121 70
236 137 40 167
141 200 147 195
103 99 88 8
193 125 29 50
179 22 106 61
127 190 119 220
200 76 63 80
78 218 205 130
159 65 93 237
124 67 230 226
198 165 163 131
126 248 134 114
238 221 162 225
10 59 75 204
157 68 16 80
196 75 255 186
20 136 82 237
34 250 93 227
230 89 187 1
138 66 213 215
165 228 165 33
227 124 95 7
28 180 248 116
208 79 236 42
208 122 142 113
238 43 8 102
66 234 104 74
95 173 243 172
186 64 210 149
46 67 197 81
79 106 162 15
115 49 234 14
217 164 39 125
229 46 59 213
138 252 105 155
170 163 21 54
247 36 255 189
3 100 250 0
205 70 180 157
153 189 83 101
22 16 151 157
179 33 217 158
197 162 26 234
239 164 131 163
215 11 70 100
192 21 138 74
115 125 171 99
201 216 83 250
219 112 102 37
221 38 87 69
204 164 2 122
183 77 239 129
169 80 65 107
16 201 109 109
15 231 195 82
5 154 23 135
120 223 215 169
249 65 56 202
88 169 178 62
183 88 146 226
25 53 178 21
90 55 0 131
143 21 44 9
122 246 73 32
72 0 159 183
191 89 198 60
85 126 31 107
235 172 123 125
239 115 81 113
122 239 99 73
21 32 236 97
193 60 203 150
231 86 114 191
98 44 99 198
59 170 185 162
8 43 232 97
36 229 206 222
120 152 147 125
242 200 40 44
193 58 30 179
203 23 95 29
206 195 168 237
191 114 253 51
215 140 12 147
175 227 98 14
56 0 143 34
69 145 226 62
69 64 198 208
152 145 8 71
82 61 185 229
81 73 14 124
44 254 23 25
14 144 149 152
210 17 74 212
187 77 250 192
10 76 252 200
66 87 56 30
20 112 44 127
15 115 243 64
192 11 202 218
50 82 38 209
155 72 219 166
237 47 68 18
66 210 191 140
199 7 111 177
98 1 245 70
254 137 203 152
187 98 179 185
68 189 205 128
54 201 76 213
243 140 49 31
88 242 111 199
110 33 173 120
211 158 223 193
205 21 190 222
152 251 204 107
94 102 75 154
161 168 136 102
252 184 18 36
170 80 226 156
228 28 89 203
147 215 78 160
160 192 252 251
96 155 169 201
41 198 99 135
45 116 40 96
38 245 249 115
92 60 228 244
97 72 204 97
10 68 237 156
107 38 77 63
42 49 55 196
13 67 134 152
239 29 100 66
76 203 9 157
67 154 109 235
65 24 130 190
39 160 206 189
40 212 88 100
230 147 32 2
69 80 167 63
24 215 59 161
160 28 195 193
240 6 14 198
94 41 27 220
143 124 110 1
174 128 110 139
237 141 27 79
23 66 183 123
29 136 178 87
44 43 255 210
159 173 120 217
182 150 72 93
67 15 57 50
168 102 240 119
254 180 41 130
174 156 254 223
173 0 50 31
242 90 236 158
34 160 74 218
87 186 91 62
177 22 131 235
193 114 189 223
252 17 140 195
67 24 94 3
190 123 213 250
238 203 48 175
234 198 19 191
51 80 166 165
98 217 78 195
253 102 107 232
225 4 139 234
232 227 165 45
69 239 70 96
118 228 90 148
83 59 35 34
210 128 97 150
3 108 142 240
165 200 214 209
36 28 17 204
164 58 75 246
232 154 197 33
145 157 174 130
11 60 32 5
142 192 8 13
62 182 124 231
136 212 13 147
62 173 252 204
211 77 191 245
87 63 123 200
100 43 12 30
193 74 11 126
37 54 131 233
168 156 47 197
162 92 8 70
143 127 162 133
136 33 167 239
56 86 111 4
156 57 252 111
206 52 244 125
58 221 51 82
17 11 209 180
117 175 107 114
77 92 196 169
251 22 240 188
3 154 162 93
193 162 80 99
54 31 68 23
44 6 200 12
66 134 103 117
39 18 241 180
40 141 145 174
109 143 227 18
194 82 200 166
172 202 248 236
213 164 167 213
114 229 13 223
174 76 23 97
163 56 195 3
147 11 206 159
9 121 111 45
101 168 177 176
64 107 123 84
91 113 121 172
96 114 70 21
56 160 115 55
134 167 83 218
119 150 246 140
250 153 81 113
213 42 239 96
138 228 29 169
21 165 63 6
66 36 49 189
97 20 29 74
61 29 37 18
175 244 56 0
80 88 241 48
84 27 52 176
98 134 241 44
178 220 12 160
44 10 54 225
163 78 201 82
237 126 162 27
147 48 109 168
99 232 221 207
92 161 226 214
150 79 54 93
254 166 213 140
130 242 175 69
106 55 77 175
209 248 27 132
45 103 31 153
193 182 177 85
160 20 76 214
127 243 164 156
160 41 75 30
207 67 134 99
137 208 182 70
113 168 56 231
96 251 246 124
227 86 239 19
167 187 28 3
222 168 79 112
181 139 50 226
253 201 176 183
148 57 249 54
78 181 17 118
161 122 109 31
250 166 215 147
78 187 120 167
178 201 90 53
5 207 237 177
144 68 108 172
247 193 136 26
71 8 249 176
21 58 98 194
45 58 166 200
61 68 74 78
198 94 177 45
131 250 232 194
145 202 115 129
145 183 102 128
255 70 134 54
63 164 163 110
223 249 0 206
68 194 208 157
189 150 198 155
249 15 151 88
82 23 17 34
11 202 241 171
160 167 160 193
134 33 206 166
218 202 35 63
9 50 114 150
48 105 16 253
240 122 110 206
57 36 207 45
139 30 190 84
174 119 98 35
134 160 101 243
106 176 249 182
82 106 198 205
188 22 9 232
136 152 155 173
145 90 10 108
181 28 9 146
129 198 250 33
64 67 155 114
85 111 106 231
33 41 205 101
66 133 240 92
138 95 157 208
20 90 152 63
221 131 139 202
195 44 163 197
9 21 191 78
71 40 193 172
65 173 254 113
41 170 231 145
147 47 118 180
108 93 226 69
230 106 67 27
31 112 49 110
131 215 177 248
133 84 198 85
235 245 67 33
42 228 150 65
213 214 152 123
213 127 120 28
43 241 13 145
171 69 163 175
159 120 192 128
197 177 43 92
56 124 64 120
27 208 234 172
79 213 84 111
159 33 174 217
181 71 59 54
109 71 46 224
154 90 81 7
20 250 219 2
50 50 157 142
18 95 35 24
5 33 231 8
110 139 44 144
194 129 192 18
199 141 206 93
232 184 93 220
33 190 254 220
0 24 60 157
169 6 215 208
26 238 164 39
36 127 206 141
78 245 214 247
126 232 43 242
50 229 250 45
26 47 23 78
45 41 42 76
239 160 28 43
110 3 165 103
242 27 211 250
20 118 56 71
190 44 161 57
221 221 162 217
179 12 154 36
73 245 169 125
0 116 32 16
63 124 164 39
219 95 88 13
193 52 34 175
196 4 131 83
49 233 174 176
200 93 243 88
185 236 166 46
7 49 84 113
233 197 120 92
244 219 185 240
119 35 224 206
12 88 97 87
154 194 217 45
121 39 76 150
238 121 90 58
186 251 178 61
91 240 222 121
8 205 224 172
71 97 182 245
35 84 89 99
141 160 165 11
65 176 18 70
106 136 148 121
181 189 89 223
147 177 64 236
147 77 91 85
216 224 64 16
88 201 70 184
72 31 202 12
143 27 93 194
140 80 15 100
105 240 182 225
178 2 34 37
219 129 78 227
148 163 60 109
216 19 228 54
207 128 175 198
237 187 164 238
3 95 50 153
10 46 205 44
30 60 167 177
255 118 130 204
254 250 69 226
127 54 238 153
13 250 56 209
188 216 176 158
217 71 73 215
198 250 202 172
161 87 140 199
57 255 235 39
22 205 118 234
251 37 58 180
175 9 214 64
114 124 177 199
88 123 70 190
249 80 5 209
33 230 24 153
206 251 230 118
91 197 233 37
11 113 72 64
169 144 26 93
224 163 61 82
47 180 240 166
8 24 130 69
83 253 98 24
246 138 249 52
126 48 203 19
128 20 9 56
107 55 198 204
92 157 162 50
171 52 135 155
145 219 89 29
204 98 211 29
222 235 102 195
184 46 15 236
51 209 62 34
72 178 59 47
4 126 23 68
117 33 233 152
158 100 102 14
1 80 206 197
184 46 2 31
183 172 25 41
131 5 243 53
166 70 238 59
67 207 221 75
9 74 60 103
226 116 124 2
36 247 82 228
7 19 202 148
33 158 202 235
202 210 116 94
18 229 108 183
229 35 203 252
107 92 88 92
75 138 127 32
99 222 16 54
88 179 3 181
112 190 192 207
121 168 25 171
23 92 74 175
32 93 157 20
72 156 222 208
33 36 76 224
210 8 49 116
246 217 221 174
13 149 240 251
9 155 114 59
181 86 239 188
70 119 132 52
146 85 147 17
124 136 81 255
210 67 132 202
149 252 52 119
52 184 132 218
9 30 123 45
157 105 96 42
107 24 211 154
49 214 126 76
23 203 99 73
64 17 218 226
165 245 64 76
203 146 178 72
44 40 144 199
175 23 12 5
170 167 182 90
250 245 162 216
247 116 0 141
232 130 88 79
129 172 184 149
227 92 175 138
34 180 45 73
235 32 151 214
24 255 78 149
198 186 101 136
153 187 241 21
47 97 243 107
141 125 106 244
3 215 72 156
38 146 150 18
35 194 5 158
81 126 1 91
235 122 4 218
134 119 31 145
7 68 163 239
159 61 232 174
97 180 67 129
10 215 12 109
124 47 97 13
186 154 5 243
185 167 35 68
158 255 56 205
172 92 249 86
168 133 86 39
64 22 107 82
211 249 188 202
65 36 123 178
56 133 140 226
250 108 231 145
181 144 115 86
82 84 60 60
77 192 20 249
190 186 134 8
227 59 79 76
132 44 174 139
235 77 148 90
95 246 13 50
206 109 183 112
212 35 53 35
173 200 69 25
168 93 151 152
216 237 251 196
73 120 176 87
204 120 198 72
222 164 137 140
141 221 85 10
115 57 36 59
135 140 76 231
252 97 71 240
152 97 183 42
208 126 35 190
109 217 208 101
103 117 204 156
82 50 73 118
234 225 180 60
158 227 157 186
1 40 229 110
107 37 101 108
49 14 84 255
134 219 255 241
10 17 43 24
175 74 213 145
111 25 88 173
134 95 30 164
15 223 187 200
133 225 239 153
238 182 182 241
235 25 19 129
53 66 3 143
208 109 155 41
58 14 142 24
73 52 229 149
242 78 56 144
137 91 71 236
106 137 74 1
193 240 50 109
16 47 2 136
140 32 212 241
2 186 155 21
1 199 84 227
54 84 185 243
200 203 153 181
65 109 128 165
213 117 83 168
245 173 67 21
182 221 58 106
174 174 199 7
255 39 250 186
245 221 222 146
65 79 178 51
92 246 216 34
64 51 156 17
65 114 12 108
24 216 237 179
97 148 55 242
225 91 30 198
206 79 150 48
38 7 146 75
169 59 124 122
0 238 37 127
25 121 248 208
250 48 149 85
91 187 8 222
192 144 49 7
110 144 164 239
104 208 169 172
202 215 157 17
186 236 204 91
75 221 67 79
75 157 67 137
62 203 212 233
242 99 236 105
10 195 134 76
211 92 167 177
164 224 32 244
200 69 218 74
191 82 101 18
27 180 168 25
70 74 76 223
208 127 163 217
52 176 154 172
223 207 204 8
188 138 183 215
208 7 17 47
60 135 115 253
168 194 177 88
83 14 160 232
195 201 86 74
166 35 136 27
239 133 145 241
0 17 19 209
197 32 203 96
9 215 231 224
235 54 137 185
108 103 106 219
162 109 223 117
235 118 167 83
167 122 112 4
95 113 160 9
51 185 0 27
220 181 100 59
2 190 144 68
34 126 52 111
232 213 252 230
26 75 237 218
145 114 192 85
197 19 41 238
10 23 45 200
210 20 247 39
220 130 131 153
149 204 228 104
190 156 28 21
42 68 45 83
19 221 159 56
78 198 199 55
218 58 237 155
78 34 248 61
104 164 70 40
1 10 142 124
252 75 78 141
150 238 1 196
4 124 16 228
95 211 174 42
146 16 125 87
48 44 89 125
199 208 154 231
127 181 96 191
246 103 87 215
3 109 25 128
174 89 155 123
172 79 87 177
13 232 14 8
132 61 128 129
172 181 231 9
39 64 4 127
137 147 149 18
28 241 198 37
123 214 126 232
1 220 105 52
80 60 227 50
221 149 203 150
249 17 118 90
31 182 198 59
209 74 25 40
4 177 126 33
177 89 98 123
2 140 70 68
182 169 241 118
151 123 136 74
149 160 215 198
42 39 202 88
110 176 99 120
82 208 49 139
152 224 145 110
104 97 122 150
159 92 157 227
205 35 121 17
33 222 50 102
249 225 145 93
38 134 41 142
145 131 144 101
188 205 113 91
24 82 40 118
196 202 71 168
68 157 120 155
231 107 163 124
207 9 7 66
103 66 187 41
149 213 158 98
81 124 100 232
164 230 249 168
92 153 243 200
71 225 241 97
177 239 151 54
186 161 158 28
221 61 231 63
84 15 33 224
208 79 158 175
172 25 73 95
135 206 55 15
247 233 236 15
132 56 63 51
112 185 122 148
66 164 239 161
5 90 22 21
52 109 224 86
85 134 93 134
85 47 207 141
38 125 148 151
45 150 118 222
163 230 38 184
170 243 126 213
176 15 133 130
32 253 126 166
227 165 253 30
217 120 253 89
189 83 230 162
142 242 208 194
197 99 93 68
106 118 14 177
3 167 210 180
28 186 68 3
73 243 249 146
154 217 225 91
4 203 190 116
29 80 44 51
4 36 9 81
198 110 235 76
47 118 20 174
31 173 221 75
103 53 213 74
194 186 1 187
37 153 204 132
78 241 23 30
86 20 235 23
249 203 8 204
138 23 223 89
232 76 10 52
105 224 90 14
70 206 121 185
132 116 116 155
33 213 210 166
64 174 190 255
106 131 242 143
22 213 97 231
12 40 200 44
54 14 236 85
219 26 60 28
82 67 74 252
176 82 248 4
167 174 50 177
125 70 30 78
147 88 163 190
80 7 117 70
167 102 59 199
153 65 9 247
220 30 97 178
10 141 172 139
194 221 165 93
135 34 149 150
54 14 253 73
218 160 143 176
205 56 254 84
152 193 202 227
40 188 128 60
36 117 235 90
28 87 23 49
82 175 136 64
158 60 198 223
165 89 251 48
17 199 222 116
60 234 235 30
90 255 218 39
158 70 230 223
118 182 138 61
144 108 189 140
102 196 11 108
63 183 217 168
120 30 175 97
238 115 193 197
121 46 121 118
208 202 103 73
38 63 87 230
109 10 237 76
98 215 101 192
213 121 113 89
22 9 68 99
113 114 53 63
47 206 35 198
219 239 148 99
81 75 13 218
247 218 76 128
232 167 121 99
201 134 184 210
135 37 4 175
212 101 255 206
116 36 147 213
17 199 236 207
157 75 156 218
85 84 155 62
70 230 99 215
58 68 163 192
12 41 83 250
147 51 246 206
223 120 189 84
226 88 9 71
63 66 190 124
135 246 203 51
219 251 150 39
58 177 11 231
200 60 8 92
76 176 179 107
151 207 163 164
71 180 235 87
104 58 84 129
64 214 181 25
246 23 167 10
116 40 100 225
6 54 178 57
11 215 21 226
153 144 217 252
98 209 255 147
193 180 238 207
60 184 26 74
215 247 43 77
47 251 62 216
1 52 239 88
199 145 23 59
36 115 146 155
150 158 49 37
50 204 55 104
178 51 30 3
210 119 104 161
5 57 98 143
149 39 162 213
223 254 180 198
57 90 218 112
217 213 131 132
120 209 197 236
50 45 47 239
62 128 124 125
208 249 20 14
232 249 109 159
74 29 251 192
114 177 95 36
65 196 94 236
202 52 82 86
61 111 81 119
109 120 99 160
43 164 89 237
103 177 250 250
161 61 198 218
70 150 8 176
14 141 14 81
154 215 54 14
94 112 90 107
175 53 180 161
65 154 91 222
239 160 40 183
248 25 170 63
15 227 127 21
54 220 169 103
247 146 35 44
228 214 250 160
22 17 16 25
252 34 172 230
234 146 12 177
231 82 140 132
170 75 70 106
210 20 177 243
19 213 31 146
164 133 8 141
5 152 208 235
181 149 219 169
165 39 2 215
39 177 70 135
248 82 238 129
109 65 131 186
9 47 70 118
89 218 120 218
174 13 194 39
242 210 206 248
172 137 209 1
68 52 202 24
66 230 104 233
9 75 179 43
158 41 108 24
236 119 215 80
127 99 228 91
224 94 73 183
230 46 15 224
52 130 105 81
29 227 97 160
89 152 150 68
28 111 212 93
1 145 62 36
136 65 53 50
201 106 189 10
91 145 207 173
208 141 119 210
128 169 172 233
235 219 250 93
92 22 104 166
44 87 180 146
24 172 47 95
174 68 135 240
241 65 28 194
221 73 95 210
202 53 120 239
205 174 142 14
183 80 131 40
65 149 104 156
217 63 204 71
248 142 169 75
127 223 118 220
158 155 72 236
245 177 248 67
115 177 254 132
246 29 186 45
238 182 117 249
32 200 199 142
78 62 145 210
95 60 201 97
141 166 46 188
157 73 35 28
218 122 226 15
242 82 56 26
76 177 68 151
223 65 231 133
158 39 82 102
115 149 103 29
87 139 39 103
212 137 33 157
62 24 78 170
46 253 93 144
129 158 58 66
117 106 26 13
111 32 21 191
62 93 165 26
54 175 96 196
224 87 152 111
78 204 114 155
250 141 201 21
56 194 10 189
45 110 85 120
52 21 251 148
25 237 166 7
58 209 65 90
25 230 179 82
23 4 236 216
159 177 90 169
241 113 71 105
252 56 133 94
141 255 16 78
138 242 161 12
27 61 165 134
206 101 233 95
153 50 104 119
234 175 128 89
126 70 91 232
93 12 4 68
45 153 27 18
204 172 49 112
223 88 217 16
121 202 232 112
65 111 94 109
42 241 63 164
45 227 102 176
70 61 11 21
226 205 67 200
71 148 236 240
226 0 63 99
138 45 3 160
76 118 228 222
237 66 33 60
168 101 135 211
81 87 248 150
43 100 165 132
147 42 70 237
8 247 138 34
114 178 29 134
169 2 45 238
171 130 179 89
151 160 151 162
89 93 116 96
105 212 204 107
89 65 229 111
143 198 28 116
252 210 53 189
95 101 207 229
72 3 170 3
118 46 48 155
124 202 131 135
56 230 208 79
35 236 248 3
203 114 132 181
197 184 190 223
227 93 133 83
12 52 5 66
207 109 247 247
63 102 248 10
77 182 119 105
18 95 94 206
4 144 60 70
29 26 96 166
73 51 111 54
147 128 233 123
187 176 49 121
100 73 37 108
180 160 32 146
212 247 247 98
101 143 64 15
176 171 127 91
25 18 4 99
158 170 252 73
97 134 44 120
175 101 253 30
197 112 81 92
114 73 133 1
35 205 122 171
238 30 94 48
53 145 15 244
138 3 238 15
223 155 32 175
246 0 218 139
185 185 233 36
118 84 18 106
63 45 240 206
3 140 202 232
216 188 158 136
174 147 68 159
116 180 159 178
45 152 173 68
25 69 22 248
164 16 244 255
38 134 54 166
2 204 22 218
198 102 83 194
17 27 189 87
248 236 130 221
144 74 5 195
73 37 77 186
58 194 243 163
235 198 131 28
197 198 17 189
226 111 81 253
46 197 20 226
232 108 195 206
136 152 139 102
92 18 180 242
244 139 17 175
133 17 111 157
194 166 108 40
20 139 14 70
56 211 193 8
130 18 241 138
122 142 108 157
228 247 50 96
242 7 108 189
212 204 178 66
13 1 179 189
10 56 65 116
136 59 92 109
0 14 197 7
126 22 251 82
220 150 139 253
35 237 82 86
35 173 109 119
74 37 27 86
50 66 240 172
223 11 244 169
163 75 248 223
192 50 160 40
136 151 255 246
125 104 127 62
153 38 71 249
128 116 140 85
38 3 77 238
169 8 106 23
60 243 188 226
103 188 202 54
194 236 180 224
197 49 108 222
145 178 98 66
223 117 1 148
123 0 151 96
242 185 60 234
22 219 37 219
238 81 11 214
224 152 11 212
0 98 83 10
20 230 90 17
182 65 0 143
200 222 153 80
112 224 77 179
9 240 117 14
167 162 141 51
129 89 255 133
136 253 189 238
171 190 76 229
57 162 134 186
57 60 53 52
42 222 33 54
151 34 38 249
197 155 147 240
148 130 33 195
63 214 132 152
225 36 215 82
21 235 109 114
108 63 195 212
22 155 40 246
233 238 54 54
126 69 80 13
240 77 77 199
91 175 91 242
199 103 21 117
231 178 24 220
183 109 251 162
102 135 27 56
219 133 124 167
229 96 220 158
175 105 236 255
191 11 20 32
225 242 33 9
103 19 228 16
21 95 206 212
149 190 133 90
37 226 149 173
176 192 226 68
241 62 76 162
210 214 6 171
198 217 76 217
242 93 39 12
242 132 13 144
128 136 89 183
37 3 245 248
144 240 36 112
159 152 53 123
74 178 75 213
239 253 209 227
248 103 236 211
166 4 53 77
96 146 193 14
159 164 133 72
179 146 91 209
238 195 188 35
157 57 13 127
204 65 67 237
98 240 251 157
111 233 66 224
118 209 195 247
7 15 225 65
93 177 240 217
164 206 91 99
113 45 227 119
115 106 125 238
63 139 105 3
212 22 220 36
160 52 41 15
83 159 60 46
49 102 104 90
166 231 234 133
51 7 199 104
60 192 149 202
10 10 16 254
222 55 158 129
211 209 52 92
109 185 237 196
167 224 178 79
161 132 132 144
121 157 44 190
241 240 180 200
153 32 114 37
154 29 192 27
48 249 202 160
247 161 255 195
188 217 22 232
201 77 55 255
228 5 119 99
39 236 136 3
216 200 9 65
232 90 100 87
130 149 234 1
162 22 87 63
219 173 163 50
38 192 73 103
192 109 175 140
236 174 208 121
132 72 7 28
137 74 186 243
237 87 40 54
229 88 32 101
109 120 61 89
93 164 6 252
26 165 9 238
21 242 0 183
39 1 241 156
110 147 14 77
140 164 110 152
230 109 229 88
128 114 191 74
149 229 117 229
159 88 35 60
94 102 205 166
245 105 32 90
194 225 192 237
133 91 179 214
24 106 195 52
248 201 183 212
92 131 217 224
129 244 252 218
109 146 63 127
10 61 233 60
191 221 191 50
85 112 115 214
124 229 180 24
46 81 188 83
20 84 92 18
4 245 45 19
21 191 238 65
156 145 79 169
251 205 232 179
59 10 84 167
152 244 204 58
185 218 131 168
62 244 47 40
49 8 195 13
160 66 207 42
234 120 44 14
238 111 226 199
67 179 4 235
112 253 249 208
245 59 192 242
98 239 121 28
43 111 84 18
152 25 62 88
25 65 141 144
18 227 91 28
160 31 169 11
59 73 224 71
102 147 109 91
194 210 251 44
114 37 241 122
221 76 166 47
101 54 131 182
133 214 64 51
170 31 93 188
74 137 81 103
24 31 79 130
120 96 74 132
159 53 253 62
53 107 31 154
119 26 60 46
117 32 58 156
205 166 168 16
62 25 43 123
97 182 156 132
179 122 10 211
245 33 169 15
118 190 124 179
17 223 113 62
141 154 217 104
61 109 37 52
132 47 123 129
106 60 49 62
24 68 118 23
245 176 31 41
128 227 152 104
178 214 81 130
68 155 227 127
45 12 5 93
119 2 35 102
83 124 249 241
45 188 58 181
19 176 127 84
133 58 119 59
23 74 187 93
234 246 167 254
51 225 242 230
202 8 111 164
34 216 54 79
154 193 185 137
18 6 246 251
22 161 137 226
134 20 71 57
118 174 14 28
20 239 154 206
239 130 178 60
121 22 12 174
229 216 223 181
74 26 205 238
241 106 234 190
88 118 238 172
139 128 10 243
4 73 49 243
252 45 135 149
154 144 72 2
167 4 17 131
102 219 52 38
140 156 244 106
136 170 197 71
200 227 19 91
155 249 37 138
196 180 88 17
137 172 101 223
48 58 135 125
53 135 114 195
5 35 124 142
210 40 33 235
219 229 11 226
86 60 246 144
221 45 110 142
174 151 44 134
58 64 140 43
244 13 102 33
179 154 143 51
200 212 218 88
124 111 58 101
55 109 101 240
251 164 137 240
250 214 186 5
253 66 172 126
101 221 100 26
194 236 25 60
251 241 32 60
227 203 163 41
226 89 84 81
26 75 134 123
0 54 119 16
144 7 8 224
109 56 6 201
168 179 189 187
184 205 9 201
185 120 238 74
6 21 117 34
105 71 158 86
225 151 117 173
101 179 255 69
228 85 59 56
90 232 249 103
7 86 126 158
5 14 131 145
41 57 160 7
231 216 80 225
210 230 250 9
93 1 100 84
17 139 213 164
79 192 21 109
103 183 107 160
9 112 10 93
140 154 34 118
15 77 143 131
43 66 25 26
234 78 223 18
102 80 51 166
43 114 145 212
56 215 211 198
233 252 56 200
26 109 36 117
207 58 154 81
253 190 103 33
232 65 62 245
171 5 110 48
195 196 28 192
68 159 56 244
83 158 37 152
32 58 45 209
44 218 233 235
156 212 120 21
196 164 22 63
127 97 169 255
102 7 213 108
55 219 85 67
194 25 64 61
40 151 17 63
19 221 159 69
156 142 89 11
47 44 249 243
88 207 212 170
202 11 37 30
135 38 213 117
207 79 38 0
17 124 170 71
88 8 84 75
189 2 156 14
92 81 182 117
180 129 53 175
31 160 111 110
121 4 60 189
145 119 207 158
152 231 176 192
75 40 127 133
77 188 117 195
160 164 82 50
7 115 126 61
231 167 135 81
85 164 172 54
231 194 241 244
85 56 104 37
47 10 80 186
152 108 0 148
66 234 201 121
120 111 43 30
43 17 176 6
27 105 152 115
75 35 64 170
72 173 26 98
65 49 78 139
251 236 197 32
211 91 121 195
50 57 200 167
206 145 101 126
71 181 247 46
163 18 155 209
88 148 105 109
26 237 127 197
21 185 70 57
130 234 139 57
35 216 133 62
100 171 3 177
236 254 79 6
141 233 110 185
208 184 246 20
180 231 63 50
14 209 142 111
174 234 60 54
75 253 180 2
239 119 249 183
233 239 21 233
218 52 128 177
89 41 21 82
29 127 21 60
86 45 99 234
202 137 34 75
119 9 46 176
10 125 133 151
186 208 170 17
245 97 127 113
117 72 43 210
21 46 191 209
190 17 251 124
171 230 241 80
53 70 142 206
174 47 104 208
23 134 80 14
217 73 129 221
164 43 54 196
218 114 127 186
28 127 100 169
248 20 23 229
14 159 144 133
137 51 106 3
130 21 21 255
255 205 145 65
19 27 114 73
38 68 219 152
65 40 193 242
11 254 197 122
21 2 227 189
255 7 225 35
24 144 19 205
155 1 137 38
32 109 8 209
25 60 253 157
184 179 185 43
235 251 175 174
240 61 236 79
55 138 133 16
242 253 62 216
103 166 51 186
12 174 108 154
190 158 158 88
59 213 71 209
221 169 244 240
103 126 74 210
195 50 255 252
203 228 147 10
32 22 232 140
225 241 231 47
193 38 221 58
16 201 103 44
239 148 245 54
71 214 128 75
190 1 116 131
18 89 112 60
223 209 23 159
179 212 22 197
90 151 168 169
110 243 10 78
196 30 58 110
98 253 57 174
186 124 235 110
16 129 16 102
145 201 156 64
150 76 250 92
166 239 11 95
127 209 188 39
132 197 62 9
174 164 132 148
26 197 89 86
169 105 25 225
86 37 244 66
89 51 50 206
89 226 221 21
243 80 38 108
160 86 98 109
249 88 231 186
133 167 202 244
178 11 85 151
181 198 214 191
84 208 178 223
106 182 234 166
154 11 194 11
167 111 170 5
162 138 63 146
131 37 4 224
235 170 119 152
205 241 188 104
99 232 48 208
102 231 36 82
96 152 32 255
39 128 168 30
192 238 56 80
0 190 20 48
35 228 47 178
123 161 206 149
54 214 241 193
121 72 201 147
53 145 76 196
214 54 77 1
137 39 138 139
128 166 104 157
118 28 245 81
93 151 125 69
147 245 21 137
48 153 141 213
25 80 117 161
50 15 66 126
1 239 3 112
6 153 69 34
123 202 26 86
144 150 54 144
154 15 31 207
0 6 241 236
96 89 37 238
224 150 62 214
30 213 20 214
35 99 79 43
248 84 205 224
78 197 207 175
249 193 20 8
163 202 252 0
239 144 197 207
35 193 251 136
161 19 23 174
4 113 134 30
3 236 98 93
164 115 185 155
185 119 237 27
3 61 41 106
192 167 169 32
118 219 43 177
114 81 89 49
29 132 62 62
26 222 172 18
228 167 81 124
117 223 17 61
206 200 230 117
65 90 132 209
166 179 31 28
240 225 196 97
219 40 189 149
186 226 142 162
241 4 203 109
31 154 234 174
66 163 176 187
75 214 40 181
84 192 131 101
210 40 46 61
31 188 167 213
14 103 19 148
129 96 224 95
172 193 74 127
64 251 203 194
236 188 231 185
167 65 89 170
203 150 43 126
48 195 136 11
5 23 64 211
152 205 33 200
56 16 33 188
108 144 25 63
198 1 254 61
53 112 170 161
238 191 149 201
51 219 10 229
178 202 88 216
43 111 179 157
163 155 235 10
50 139 135 82
50 243 1 147
173 202 160 194
252 209 29 225
233 173 144 95
223 122 242 99
28 13 164 239
155 232 248 36
49 245 170 25
24 47 136 175
139 117 243 195
37 196 231 176
131 18 196 163
108 175 15 233
136 179 87 31
123 67 231 59
160 68 210 102
87 143 179 13
124 39 157 3
84 223 79 186
144 136 229 157
99 104 239 67
16 168 196 70
12 154 215 185
190 154 188 175
92 63 22 102
43 176 119 6
67 231 122 60
191 158 61 147
111 99 127 169
175 57 172 60
41 29 128 195
118 200 22 179
126 52 246 151
72 44 245 108
162 78 224 214
61 235 99 80
238 235 51 155
200 116 195 98
117 161 74 19
33 87 153 168
27 42 62 75
30 46 157 79
216 172 183 5
69 148 83 121
155 221 122 168
65 250 131 134
226 57 208 230
22 11 219 8
121 172 125 247
14 101 15 49
235 127 125 134
79 212 127 192
182 187 244 177
39 176 92 238
71 57 179 236
130 65 174 174
244 74 51 69
12 224 148 254
96 210 214 185
89 73 29 9
119 54 98 47
146 229 138 158
106 126 109 201
25 203 151 116
26 15 219 3
145 196 148 3
55 57 247 49
182 91 168 198
74 242 77 99
250 205 103 112
241 49 52 63
133 187 220 176
59 45 125 72
212 39 99 244
7 34 26 21
241 129 0 129
13 119 241 202
34 38 208 133
47 217 232 227
84 232 212 38
127 152 194 20
201 6 64 88
224 116 78 38
184 253 158 80
92 253 172 37
170 97 30 205
170 235 210 223
68 212 108 45
212 166 63 248
88 207 220 31
234 125 239 121
193 94 142 106
170 178 152 211
131 0 54 114
33 40 181 8
236 253 161 12
151 51 168 6
240 140 9 157
127 24 130 99
226 38 77 198
248 5 8 55
252 205 152 4
113 117 248 0
170 107 191 108
152 190 14 49
22 107 172 242
183 136 93 119
100 83 155 220
5 43 227 151
221 9 217 137
208 207 188 66
141 95 39 39
176 88 150 157
93 184 158 120
227 245 182 229
55 55 177 139
148 182 33 125
177 147 233 154
200 81 188 127
118 19 53 232
126 76 157 159
251 209 190 203
231 196 38 247
97 169 110 194
151 189 19 34
185 246 190 221
200 43 72 243
122 169 18 1
147 57 120 81
212 146 172 223
20 84 150 174
157 25 70 37
141 17 33 14
88 167 177 88
222 26 193 12
118 165 127 199
216 154 13 182
184 120 209 79
169 4 112 213
28 242 69 195
254 243 51 231
207 35 58 3
91 162 131 233
158 103 243 250
161 239 83 10
33 22 184 59
142 179 57 64
136 244 17 244
40 12 173 185
238 69 136 125
138 80 95 81
8 149 106 97
68 20 135 141
187 13 239 35
148 103 199 131
149 179 139 111
56 196 33 216
36 236 232 212
37 72 212 3
1 215 172 34
36 151 41 28
222 141 69 230
170 246 10 52
167 128 188 247
76 45 250 165
240 128 92 205
246 115 148 83
132 155 65 217
86 161 214 7
61 215 156 116
140 85 227 61
154 196 52 57
27 109 214 255
156 70 93 43
47 127 16 62
245 162 160 191
215 112 176 11
238 200 190 57
213 219 147 125
173 228 229 248
171 22 31 122
185 232 99 95
10 52 99 234
120 125 26 177
94 75 2 231
64 201 49 123
140 107 232 253
