73 118 13 6
-8 1 29 28
72 76 -42 -9
48 94 -110 110
32 -104 33 -65
-117 16 69 -22
-88 -90 -108 -83
78 61 30 -48
-25 -112 -71 -13
50 -126 32 -31
-42 27 35 -52
-77 66 105 -74
71 -86 35 41
-105 64 -23 80
-71 29 -28 -123
-120 -61 43 97
102 8 116 -103
102 61 -82 -44
50 113 -23 -8
-74 -98 -51 -39
-17 -1 -51 -94
3 89 109 116
-85 -46 -76 -65
24 94 99 -40
-109 -37 -37 -111
78 -37 33 -8
-57 -123 -99 -43
36 -24 -99 -58
55 65 -54 -15
-43 57 -81 39
-92 -113 -45 104
93 -37 53 83
-13 42 100 -92
117 68 102 -19
20 80 81 -4
108 33 -73 34
-93 -13 -94 -99
-27 88 -67 9
-24 -117 107 76
44 -50 -66 99
-19 80 -42 -51
-64 68 45 61
-100 -2 -7 42
85 122 -11 85
-65 92 -14 -127
-59 14 104 -23
6 60 122 -124
-15 53 -79 12
-62 -22 -53 -59
-90 -100 108 85
-100 -55 20 -20
96 -70 32 -110
-4 110 100 -10
-110 125 -57 72
-79 -102 32 -19
40 -39 -92 43
-59 26 119 -70
11 48 -93 -14
-84 -93 69 -61
81 -23 78 -110
-104 -67 54 -87
-20 -117 55 71
56 110 -32 119
-38 -123 86 -31
115 -81 12 10
-101 -65 69 97
-12 -68 122 -57
115 -20 3 13
69 66 9 7
6 -37 -45 34
44 90 -74 94
46 -122 35 -14
-105 -95 -127 109
-19 -49 68 119
78 -39 94 52
91 -7 -88 1
23 17 121 -68
125 38 -91 49
119 -4 -43 27
-65 -101 56 108
-119 -20 88 94
-110 57 85 68
93 95 36 50
105 -6 20 -10
116 -116 -95 76
76 -40 -55 59
-88 -57 20 -34
52 -52 25 -46
102 -78 -26 125
-56 -85 104 -107
34 67 82 -113
7 56 124 28
37 -77 95 -110
28 35 42 -77
60 -97 -27 -40
72 -20 -97 -26
10 -120 -120 78
-96 18 14 116
26 -82 85 86
117 43 46 -40
5 51 -71 -33
50 27 -52 -91
-124 -112 -29 -35
28 -46 5 -28
-88 -36 66 -96
-5 115 -66 11
-124 -39 23 -96
-32 -8 -104 56
-48 -120 -18 -98
119 86 -75 88
-127 24 70 49
-105 90 85 -90
54 0 -31 116
-115 78 -14 -6
-126 -77 100 105
38 -28 54 100
39 -47 10 50
121 87 39 93
11 -112 37 43
-101 -42 -41 -26
-48 37 -67 -20
59 117 58 -18
48 118 2 12
103 108 -21 -13
-81 39 60 -68
99 79 118 55
-9 36 -19 -11
-112 -58 -4 38
-121 73 122 80
16 125 -78 32
98 114 75 15
81 109 19 90
59 112 113 -62
42 0 31 62
88 73 -5 -89
104 -58 10 -103
117 12 -81 103
-127 121 -124 -43
49 100 -97 121
123 93 35 116
-20 82 7 -20
19 94 118 -19
-81 -21 95 -108
23 98 40 46
74 -81 96 -4
58 120 62 -91
4 -30 57 -123
55 35 -40 108
-18 0 36 -51
43 3 11 38
40 -55 -111 123
92 -16 32 65
57 43 -85 -92
-34 -26 3 -80
95 30 111 80
32 -34 41 2
-26 124 -105 21
-103 13 65 -25
-53 -50 89 -92
108 51 -22 -32
-70 90 -26 76
117 -16 15 -41
47 72 47 13
-91 -100 -99 111
-66 122 -106 44
-94 -82 122 -17
-62 -29 75 -98
76 72 -31 -116
54 2 85 74
93 -109 97 19
32 80 70 77
-122 10 63 33
23 -125 74 -114
-122 -97 93 56
-36 11 -54 -70
-57 73 27 94
49 69 3 29
-16 35 11 67
-56 81 -84 70
69 55 -53 119
-41 -4 -115 46
-102 -51 -63 -60
-104 107 1 41
-112 54 -97 -104
-55 115 -38 -63
114 -119 -118 -18
26 68 -34 -117
-59 -22 -82 -14
22 -88 -38 111
22 124 11 32
91 -123 36 90
-30 48 -32 -98
-65 33 -88 46
-72 93 -122 -97
-52 -8 102 26
27 90 -118 44
60 -53 -105 -38
-47 -38 16 -47
44 -113 -61 8
18 39 87 -6
-36 14 -108 108
-105 90 -90 8
-5 23 106 83
84 -94 7 -112
-70 -41 108 92
81 17 -66 29
49 118 -8 34
52 -68 -82 16
-43 62 24 -29
107 37 -99 -59
13 59 -85 60
-68 -12 -93 -31
-93 103 -29 71
-66 73 -108 -53
-46 23 -62 -111
-61 51 87 91
1 18 -105 -105
35 -85 81 64
-88 -58 -65 -127
-12 -125 46 36
-52 -88 -10 80
-44 -20 100 -95
-14 109 28 107
-72 24 0 -120
-4 -34 -29 105
81 -30 -102 -56
56 82 -92 55
12 118 -75 -31
-74 -66 -111 -17
89 74 60 119
-71 8 -119 -110
-101 -101 -115 -35
50 -55 -85 -103
73 -39 81 -5
108 -56 43 -120
92 -38 -31 -86
19 -88 125 68
36 26 -19 16
-88 -1 -36 -74
-88 97 -62 23
89 38 -122 123
97 107 -43 0
114 27 54 55
-9 97 -25 -118
25 45 -75 4
-28 -114 25 -82
19 -70 92 -47
-44 95 -9 -106
-121 23 80 -53
72 110 -109 34
-56 -92 -14 -16
-87 117 -35 115
107 12 -108 25
-52 -54 -57 -4
124 -9 125 -17
-71 -3 103 -108
-8 60 -71 30
-88 78 -107 124
8 4 74 -79
-25 87 64 30
61 -93 89 -4
-96 0 75 -77
121 45 -20 76
-91 -3 -116 -55
45 -108 73 -21
-104 16 -114 70
-46 -101 81 22
83 -17 25 45
-68 -29 -28 -22
89 -9 48 -12
-116 -88 21 106
-104 -64 45 -87
75 -70 28 107
-109 7 21 -43
19 120 121 17
102 -126 -121 -114
60 61 -9 77
-54 -17 37 102
-63 54 6 -79
97 -37 4 90
39 -23 89 -68
-116 62 113 74
-116 98 -123 -80
-15 24 39 -25
-18 54 49 -16
-120 33 -51 -54
-110 -55 -103 6
-61 -71 -84 107
104 39 -63 -114
-61 -28 97 -93
-15 36 -117 74
-64 64 -20 49
14 -41 77 14
-67 -123 -62 39
4 123 89 -51
-57 -38 -40 72
76 46 23 29
-16 -40 80 5
60 123 89 7
-71 -62 -122 112
103 -72 77 -107
-21 -99 59 -114
10 79 -59 31
35 -46 -48 113
-29 -22 -114 -89
22 -21 2 -86
-10 101 -44 -97
70 53 52 98
-10 -21 -105 -69
21 -12 15 -23
119 -80 53 15
55 -70 25 123
45 -5 -39 -29
45 96 -96 -82
-19 -27 -92 -71
-97 -32 -45 95
-91 -111 22 64
-48 -67 60 -119
-101 72 36 8
120 -124 103 -60
72 118 -39 -52
-105 -78 50 119
-77 -65 -103 78
35 -42 -123 47
111 86 -6 106
18 -83 28 123
87 -44 20 -34
-30 27 54 11
7 56 100 35
54 75 98 64
-126 -9 72 -31
39 -36 -51 29
-38 -73 -40 112
113 -111 103 -93
88 40 -81 7
2 -86 -108 -61
96 -52 38 102
46 -45 2 -98
17 -108 -115 38
-71 15 72 -6
87 -58 16 -83
113 -50 125 0
-86 120 -64 -99
71 -66 -17 56
-22 -110 75 3
15 22 84 -15
33 67 92 -95
-18 -91 122 -57
61 26 49 -119
-45 80 108 -94
-59 -106 103 3
78 92 83 58
-49 -77 43 -70
-67 114 -43 -68
-15 -55 120 78
31 -23 120 76
42 -61 13 -52
-24 -64 102 80
-11 -16 -35 -30
-64 -41 -98 23
124 75 -77 -114
5 -39 -72 -101
51 -24 56 16
-96 2 11 -20
6 9 -106 93
-68 47 12 -15
-108 -85 -55 24
101 -69 97 -60
-93 -54 -5 73
88 -60 66 92
-67 -47 -94 59
-25 80 118 122
-96 114 -87 111
45 112 61 46
50 125 118 -66
-14 -70 36 108
-60 -85 -83 -118
-66 -4 56 6
-24 53 48 -21
92 -76 123 -4
-38 27 -55 51
100 84 113 -44
19 -75 80 -63
-59 97 61 4
-45 -17 53 -19
-119 73 71 -13
-65 93 -75 4
-109 84 33 -43
18 -57 -60 -84
-96 91 -16 -1
114 58 -49 96
51 51 32 -39
-92 -91 -69 -112
-53 -87 -47 -104
-95 2 -94 -60
-53 103 -109 85
-49 89 20 29
-110 51 22 -6
122 92 -85 8
-86 10 88 -115
-62 114 55 5
120 -31 -68 -25
-88 -77 -21 37
13 89 26 124
-79 -31 -49 -42
64 -22 -76 -95
97 97 113 -5
-81 -63 47 3
-76 70 24 -79
105 28 33 -52
74 34 118 -82
-51 71 -62 -18
-29 -122 -112 -65
59 79 86 30
-12 37 -92 39
88 -101 -75 -58
-7 23 44 71
24 -71 -62 110
102 67 -118 -124
100 37 -127 44
109 56 14 -78
-114 37 51 13
-120 13 -95 -87
-44 -112 -48 125
-107 -12 47 107
81 -42 68 121
-125 10 125 121
-77 105 66 -41
112 95 -72 -73
85 75 122 99
45 21 -53 113
19 -106 31 22
14 -94 -4 41
19 -49 106 28
-104 33 -39 -36
61 12 -38 -69
-68 107 -6 -13
-91 36 56 -79
85 26 42 35
-118 55 -85 -9
-127 -69 -98 -77
-71 -123 65 94
-6 -29 77 76
99 -95 51 24
62 -62 47 -30
83 -21 -102 -64
109 -90 31 -78
91 73 -25 52
-64 105 -2 -38
110 108 107 41
107 -125 78 -56
-70 34 -125 51
15 2 -64 114
24 81 -15 15
-36 -72 -11 80
-64 -60 -95 119
42 35 -53 54
56 -14 -118 84
-15 111 -98 -1
20 98 -47 -73
-75 -9 -55 -67
77 83 24 57
57 71 2 46
-18 17 101 -95
-19 71 -102 29
75 122 -122 -4
-41 47 65 29
-26 17 -25 -11
-118 -6 -26 32
81 45 -2 99
115 71 7 91
54 32 -54 59
67 -56 51 76
-43 -1 -91 26
54 18 -98 102
58 49 78 -26
28 -19 67 -95
59 5 27 52
-57 93 -58 103
-50 25 47 -102
-38 120 58 4
-26 124 30 -95
-32 -8 86 -1
24 -12 -47 -115
78 44 27 87
66 42 -15 63
-37 -41 3 -124
77 -40 -45 113
125 -54 -9 -33
15 -71 95 -117
57 -13 101 -54
32 64 -120 118
27 47 -116 24
33 -49 -113 -78
-35 38 19 -110
-80 -46 48 16
-64 -93 -23 -46
-5 -97 -18 124
96 64 -77 -91
-84 21 -121 69
-92 47 -77 56
47 93 74 -15
80 -53 -72 38
-102 -107 96 112
-105 -79 19 -87
5 86 -22 124
47 72 -45 -15
24 -112 83 -48
77 -121 50 -4
36 106 -121 25
15 -119 89 64
-87 111 -19 92
28 99 -62 -30
-105 -35 43 49
-90 46 106 72
118 -39 0 -22
44 -57 93 69
89 67 5 107
-61 -123 -36 113
-43 -40 108 -116
83 122 -16 -76
-9 -53 -26 112
4 -25 4 -8
-65 116 44 -120
97 -72 39 24
99 -107 21 -28
45 -60 25 -99
114 31 -7 103
99 65 -109 -83
60 27 37 -30
35 67 -99 -83
35 -116 19 61
59 55 -27 -115
-14 -106 -52 28
15 22 -109 -48
-61 -95 -99 -68
-67 -105 -32 -16
40 -124 119 -13
61 -92 -82 -11
122 -1 -24 105
-110 -64 -102 -88
79 77 -22 8
-123 -84 -86 15
71 26 117 -79
-81 109 19 -27
-67 5 -78 -43
22 -92 -41 65
46 -13 -103 66
25 85 -32 -46
63 -118 -67 -34
51 -70 -49 -105
51 39 24 -119
99 62 -105 -83
-29 -98 -44 -34
115 -92 89 120
-71 -118 -52 97
-7 87 -6 -102
32 81 -125 103
-103 91 66 -113
-97 112 50 119
-65 33 -106 22
118 51 -4 -112
-127 -110 110 53
-32 -25 13 -46
27 -126 -27 12
-123 61 70 69
89 -65 -62 -120
-34 38 -21 57
103 -102 63 0
6 -30 108 42
-89 -111 83 -71
52 50 80 97
19 -100 63 -31
-96 -53 125 -57
91 -10 -93 115
-86 -96 -4 18
-36 -114 -15 -22
48 83 -41 -69
1 -77 33 62
25 49 6 -102
-92 -33 48 -63
50 89 63 -118
122 -62 -100 3
-89 99 19 -72
-40 117 100 52
46 -96 64 -92
-16 114 -107 -26
104 23 4 12
-59 57 104 -54
-13 -54 121 4
65 -69 -67 -122
70 -37 115 -69
60 -3 -57 78
-120 -10 -13 -108
116 38 25 -21
-98 22 -56 -111
43 -34 -75 -54
24 33 -114 -47
97 -73 64 119
-110 2 -90 -36
55 -117 -120 -104
-21 -125 -93 27
-124 -109 -5 -34
-14 -55 -115 -81
-95 -18 110 42
-36 15 75 -16
-40 -89 117 -40
115 -110 -82 -22
-57 116 -56 80
-95 29 38 -58
9 -119 -114 -50
125 -8 34 -54
61 -2 -71 77
-16 -58 80 99
96 -31 -114 -76
-69 -55 97 -93
66 -29 34 -55
64 74 -85 -106
-89 -31 65 67
75 106 44 -65
-1 17 -3 116
17 49 -10 -47
77 -82 94 -5
62 -109 2 -102
88 -78 29 49
68 -100 40 -91
38 -55 -103 -13
103 57 -66 23
-33 73 100 32
13 -99 -21 36
-124 65 -116 72
52 -89 -108 28
87 104 29 110
72 79 31 13
76 47 104 -88
17 -98 107 -14
102 -58 -113 -127
-61 -106 -94 125
125 93 110 -12
12 110 -127 73
-53 108 72 -116
-120 -44 -121 -49
-57 -67 -15 -96
114 -70 -83 29
107 -113 -97 35
-127 -69 110 36
-72 65 78 17
50 67 26 22
-55 -91 29 -14
17 98 28 -12
70 87 -30 75
-36 -106 68 -88
112 -81 101 51
107 34 35 -39
-21 0 -87 103
38 67 110 -73
-117 80 -125 -4
65 -50 -103 21
10 109 25 32
-42 52 -68 20
-24 -114 3 28
31 107 105 -53
61 18 119 -16
-36 -63 65 8
-61 123 -76 -27
-6 95 -20 -40
60 -46 -44 -45
94 30 -116 69
-107 63 34 119
121 -83 -26 -80
-102 -93 90 -42
-46 88 -16 -32
-112 118 -122 62
66 -122 -110 -50
96 -79 59 47
-118 57 -65 84
65 55 64 92
122 27 49 -16
-41 109 23 72
81 -65 -57 54
-60 77 14 17
-37 65 11 -125
24 -33 21 51
-12 -123 67 -45
97 50 95 38
-49 31 -61 -54
-105 -27 -84 92
-96 31 -44 -63
20 -60 101 -45
3 -68 -61 -126
102 51 29 -19
18 -50 -3 -21
-122 -83 -32 -4
23 -102 -8 -84
34 1 96 18
-55 123 -5 -38
4 22 32 124
-22 -7 102 -104
68 25 6 -79
107 -93 -11 30
81 87 21 -43
115 -18 -115 50
-35 62 87 72
-53 -37 -45 -34
-72 57 16 12
110 -29 102 -12
102 101 -24 -36
-34 102 117 -84
-62 -67 5 -65
-31 -8 26 -56
124 -108 108 99
-95 51 -53 95
9 -19 9 94
-69 50 24 -93
51 -95 -27 28
108 -127 -25 38
94 -117 -127 -51
-111 12 -44 -17
20 53 -98 -72
55 64 90 17
12 77 -44 100
89 -5 30 -43
16 19 -111 83
-104 120 -84 69
89 89 -96 4
26 1 17 118
14 -63 90 16
15 83 65 -58
64 90 81 44
-68 -39 -105 107
-70 87 -10 -69
27 -81 51 101
-101 -59 -21 -51
-48 55 104 -86
60 114 38 -98
29 -63 99 -89
-75 -110 115 -82
-27 -58 84 -50
-88 -65 55 -11
3 57 -1 44
80 -73 53 -62
48 -97 85 -14
-3 62 -105 74
33 -63 102 43
39 101 -127 44
40 -116 -23 70
-31 79 -15 -66
-114 35 -83 -126
-51 -115 -1 56
-4 24 87 45
-67 94 -75 21
-86 -106 -85 -72
11 -99 29 -4
-8 -20 -18 88
-100 61 -56 121
81 -21 63 96
67 -22 15 -124
-70 41 -92 61
-49 -92 61 114
-29 -110 -48 -38
-109 41 95 -94
30 82 -113 -91
56 -102 -104 104
-49 28 -65 84
-53 -20 3 -121
-23 28 121 -7
-54 93 59 15
96 -12 -51 106
54 32 57 -34
-20 -18 -44 26
79 24 -113 -47
-70 -106 -61 82
81 25 5 -8
113 -18 61 6
-117 -18 69 -13
99 16 83 -9
-34 -19 116 -15
-92 -43 -91 9
41 -115 -95 -44
-56 59 -5 87
-29 114 -56 -30
87 -95 34 16
-83 -115 113 5
-117 43 -56 113
74 -100 -19 -14
2 120 -96 -121
-93 -59 -100 -72
-66 115 -43 -59
63 -31 0 -99
-60 -73 6 -13
116 18 11 -68
111 -78 -64 -12
-39 -75 119 7
-88 -62 -22 -23
-74 24 -17 84
-67 -58 -125 -45
64 109 31 -72
-105 87 113 47
-33 -37 -17 98
-124 62 -111 39
-75 -42 52 13
-28 -70 -77 55
65 9 118 41
-93 52 13 0
79 109 79 -68
4 -87 -117 108
54 125 -53 2
-112 79 63 -78
-7 40 0 78
51 -123 114 -106
-108 -2 -48 16
-78 -99 -43 -111
-103 26 -56 -113
-67 -121 122 -72
-96 71 98 97
-95 -68 81 19
113 13 59 2
70 -60 52 -28
73 -41 -94 117
-21 -51 111 -21
29 67 -100 122
15 103 -101 76
-105 -69 -10 124
-123 82 -84 70
-14 -27 71 68
-4 -82 102 -81
78 -89 102 -113
-111 112 70 -87
-78 57 112 -104
-93 -74 -12 -39
-98 108 -13 91
58 -25 110 -127
-80 1 -51 51
78 48 -45 -106
-110 -103 83 0
40 -105 4 11
24 43 -27 22
-75 -117 113 82
-8 -82 -48 44
85 101 72 -120
-75 25 -59 -104
-92 -107 100 -74
-18 67 75 -23
-65 67 40 15
-92 21 -81 79
75 -100 8 120
52 97 -94 -51
16 -35 107 10
66 -76 -19 -38
-2 -29 -26 50
-46 -96 118 96
-32 20 39 -78
-28 -72 -1 -106
22 -56 -46 50
-26 -53 -99 -40
-36 -59 -65 -28
123 -95 -34 51
95 10 -99 68
103 46 -91 83
20 91 76 4
29 -50 -26 -94
44 24 19 -22
71 -106 -113 -80
-29 115 67 83
-90 118 -60 -101
-92 115 50 -23
-50 101 -39 -102
38 -26 -83 26
-20 94 -19 -58
80 9 124 -124
71 116 -45 -28
-120 34 63 106
110 -2 101 -61
-59 -11 -38 -80
69 -62 82 121
-42 -2 -91 14
-90 35 -75 -21
-8 75 112 6
35 -57 60 -18
123 56 -117 -51
-108 98 -108 21
-75 -54 -82 -110
89 31 78 22
-70 94 -29 -124
-52 -6 -57 -76
22 -43 79 -104
108 78 76 104
42 -117 -95 8
15 -7 34 -123
-25 -74 -91 60
-117 123 117 -40
-51 75 101 -14
-61 -30 -14 99
94 -70 70 -111
27 56 -23 16
94 -39 -29 2
-18 17 -6 -23
-84 5 70 -95
-106 5 -97 106
-60 106 73 -60
6 -83 -74 102
88 -111 29 -98
112 39 124 59
93 77 -35 51
-106 -87 -60 -57
13 -2 -121 53
-48 82 8 25
76 111 20 2
46 -63 -107 88
74 -92 119 77
1 109 -53 -36
40 7 -37 59
-55 93 109 20
-73 -13 43 54
73 64 53 105
24 -57 -24 6
-119 -62 -121 118
-32 42 -1 -108
-105 34 -10 20
38 30 -76 -104
117 -46 -40 -73
30 -109 20 -13
-117 19 -43 -33
70 3 48 115
-36 82 19 -74
-112 46 -3 55
-72 -36 30 -85
116 -14 -34 99
-28 -28 -121 38
97 9 78 76
-56 105 -49 17
-99 25 15 -100
-28 62 76 -74
-17 49 71 19
-45 -63 -73 -67
-9 -6 -15 -122
4 4 62 -123
59 96 -98 11
75 -43 91 -36
24 13 102 -19
-48 -1 70 -80
34 109 -105 -12
-102 -83 7 -4
107 -66 14 99
-78 -26 94 -76
-20 -29 -5 -26
-56 15 -62 82
-67 42 33 11
78 -9 -18 -112
33 67 -59 1
-65 68 -106 115
-3 42 1 -50
45 69 56 119
-46 -58 8 53
-45 16 -11 -107
-97 -13 30 -8
29 -21 -48 -7
-8 -112 -54 117
-8 100 -91 -59
86 15 103 85
-47 2 33 -32
-52 -28 14 -29
60 -88 85 88
-35 -70 -24 72
-98 -39 86 28
55 -49 44 78
20 -76 -65 100
56 -50 -42 87
92 -38 49 16
-26 -110 21 19
-107 43 -17 -82
-51 -104 38 98
-80 41 74 -3
77 34 118 38
-20 52 -109 -78
3 -51 45 -117
54 -12 23 -44
99 -27 -45 67
101 52 -66 27
95 -97 8 89
23 38 -27 61
-97 -118 -15 108
3 -20 -79 -43
-53 -80 17 -78
48 -16 31 -73
-24 -103 56 102
-106 -72 -30 54
-12 -85 10 25
51 -49 49 91
-108 -68 89 -36
-21 -37 80 -54
11 121 -69 -67
93 -33 32 -76
103 13 -112 11
-93 125 62 -40
-8 -12 -114 90
50 -51 -91 -108
38 62 -45 76
89 -87 15 -114
-100 57 76 58
-125 -125 -39 -56
-56 -106 24 -102
-106 86 -93 -27
42 -34 105 -82
117 -15 -117 -122
-124 -69 32 98
77 -93 86 75
107 71 -52 -98
77 -69 -78 66
67 -58 -51 122
92 -31 -45 -48
67 -104 -117 -6
41 13 -96 77
-44 -89 -73 33
-88 71 -118 -126
-19 14 -14 119
69 -69 105 65
122 31 35 -127
69 -83 -107 108
119 -58 -45 -38
84 111 -42 10
7 79 -62 28
60 -35 94 34
-126 75 28 -115
118 -39 115 -78
-3 -43 -107 30
27 33 -59 97
1 -42 99 -17
9 123 33 121
26 -25 105 117
21 81 -97 18
-113 43 22 12
90 106 3 6
-114 -88 -120 -49
-32 80 -75 -66
-81 105 -10 -52
-19 105 -64 81
100 -99 43 1
99 48 -114 -55
-122 -118 -112 90
-22 -111 0 -104
-41 -61 31 87
60 -68 24 61
-56 117 6 -5
61 -74 -110 95
-111 10 -70 78
-104 -95 36 1
-99 108 -62 -112
-115 45 -110 -44
-70 -51 -50 72
97 90 15 4
-10 -47 -30 1
24 35 5 77
-22 43 61 31
121 -117 -63 -29
11 46 50 -90
-41 60 41 58
5 -52 -95 81
-29 -125 23 58
-47 -13 -58 -12
80 47 20 -27
-10 -98 26 34
76 -63 104 -23
0 -67 -99 -108
-70 -38 -80 9
19 71 32 13
-73 -109 60 -78
6 -54 120 -41
6 106 106 95
-39 -122 1 85
5 39 -76 112
-63 24 -121 -22
-14 125 -58 72
44 105 -101 73
33 66 -68 -95
-27 79 21 -69
-104 120 32 -86
-102 21 -62 -122
11 -54 18 -21
-18 -42 69 62
-28 78 -117 22
55 -36 -14 12
18 16 -81 -109
-37 97 8 56
-68 -115 8 59
-104 -113 29 -5
60 16 -24 12
44 101 -40 -87
-123 -84 69 76
26 -10 107 40
-105 -13 54 38
39 110 16 -121
-72 74 3 106
-7 11 9 -97
74 -86 -120 -49
43 45 40 -43
-57 -122 55 -5
-88 69 18 -80
-20 -49 -75 -62
-52 -71 86 23
-66 18 11 -125
-125 26 23 85
105 22 -8 -101
0 -44 -40 -83
-13 -69 -27 -91
15 -33 -114 -28
-107 46 -111 -45
-23 -14 56 -87
30 74 -79 -12
-112 -1 31 -117
-8 89 105 19
75 34 -111 -20
83 -112 -25 -117
4 2 70 -38
-50 43 -125 97
-19 25 53 2
-86 -117 101 45
-53 -25 117 79
-22 6 -85 -78
42 -86 -95 -48
67 93 35 -100
121 72 80 -59
-13 -63 -55 -21
-41 -36 -117 -29
-82 40 -9 -7
63 -30 93 112
-86 -33 -69 -43
76 -86 -69 74
-84 59 124 30
-57 106 -91 -60
69 21 -85 -66
-106 78 97 24
3 116 46 -12
-38 57 -79 -88
-110 102 -32 105
119 44 6 -10
-10 120 96 -60
-88 -59 60 7
20 42 -10 29
83 13 59 -64
113 -85 11 -117
76 -35 -24 71
34 -1 45 -7
-16 -57 49 -64
92 -39 -37 112
-115 77 -114 107
-18 120 -64 -91
-75 -109 -17 -79
-12 -35 72 31
109 34 -105 46
10 -49 -123 -41
101 -46 22 -89
-32 -2 28 -4
45 12 -83 -49
52 -55 37 -28
12 109 23 67
-75 5 47 -113
-24 -89 67 -71
-5 -60 -12 41
-12 42 62 -81
-109 -94 -28 -24
-39 -96 -21 125
53 -81 86 -115
33 -56 42 52
-96 10 18 -39
-124 106 66 -65
-72 95 32 86
9 -95 -13 80
21 -120 -93 92
115 60 19 119
102 79 -94 -30
-79 -92 41 -98
-71 76 -40 -68
105 -59 3 -17
95 74 -74 59
61 120 -111 85
-69 82 -127 34
-37 73 103 -122
-93 106 -52 119
68 -5 82 -31
-83 -109 -17 -116
-125 19 0 102
-29 124 100 -93
56 -46 46 80
-30 51 66 -14
84 0 -78 43
52 64 44 -20
68 -115 112 -77
-89 17 43 -81
-67 94 68 -70
-19 -90 -57 73
-76 30 -118 -7
88 -19 24 -4
21 -17 -107 98
-126 -29 -37 4
-47 -104 78 -112
-46 99 -106 -94
-116 55 -98 75
-31 -127 -39 -81
-86 124 -31 28
-124 92 10 80
13 -28 122 35
-3 -28 91 48
59 29 35 40
-77 -56 -47 -71
-17 94 18 101
-41 -121 -58 21
-121 30 -38 -26
81 -21 -106 73
11 -20 62 -104
118 -89 12 14
-105 101 -72 27
8 34 -66 -112
-72 -98 -42 -48
-119 -80 -69 0
-110 85 -16 93
-92 -13 91 47
-87 -14 -47 -50
79 -102 86 -34
-77 75 17 99
-2 73 -68 39
-85 -76 32 -49
-127 -1 101 -22
59 51 99 106
-29 -71 45 -81
106 -114 93 34
123 65 -79 -58
88 -124 -37 -46
-30 111 55 -65
-24 -86 11 38
-2 -36 -11 -3
103 106 -114 70
-59 83 -106 -34
100 -92 -38 -103
9 28 -106 -8
-20 -126 -55 90
54 -87 102 87
125 -120 -63 -56
-13 -92 20 104
2 35 -61 -104
-72 4 63 -1
-76 -30 -64 -70
49 121 -110 -65
29 -75 29 6
-15 50 -10 -108
110 51 95 -27
10 77 -11 60
-38 75 -49 44
17 -103 83 -93
-25 29 46 29
-6 69 -93 -63
115 54 -115 -88
-108 21 -91 42
-76 59 3 -100
-120 98 -21 -34
-62 107 -15 -56
-65 46 13 88
106 -116 0 68
-33 -36 -102 -38
123 85 -91 -67
36 -4 -56 73
-121 101 -77 -26
93 101 -121 -125
27 17 23 -25
85 1 45 107
-14 -86 -42 64
-111 -127 76 103
125 -121 78 85
37 -8 -38 19
58 -71 50 78
108 -24 16 -74
-100 -47 121 1
-78 -84 62 -3
-126 17 66 -92
114 -76 -117 66
85 118 15 -67
-71 70 -127 -116
86 -32 36 -111
-96 83 24 110
-70 -50 108 1
-15 -113 72 -81
1 88 -126 -67
-108 44 29 -5
14 -21 -20 4
73 -71 37 79
96 -123 68 34
-101 -45 -39 113
-121 -52 -106 -55
86 -52 -76 35
60 -70 86 -48
-35 45 65 0
91 -50 -83 -2
-72 -23 95 26
-70 16 49 -114
-11 94 74 -74
-103 -34 118 13
35 -120 94 57
124 -54 29 -51
58 -33 -32 29
-81 25 -111 19
117 -125 -36 110
72 60 -126 77
10 -29 99 -22
-127 -47 -97 34
-39 39 53 -5
-110 8 -46 -103
-112 117 -76 -86
8 78 52 11
-47 -38 -82 91
59 -73 -11 -56
20 -64 33 82
-86 61 -86 24
89 -90 14 19
-30 62 -115 -90
49 -37 -118 9
-39 124 79 116
101 -79 5 122
-39 -8 98 66
-14 -89 -103 7
-101 23 -30 -34
24 -64 70 -58
14 44 -84 79
14 105 78 -3
56 28 83 -16
-84 -125 -111 75
125 37 -101 79
12 84 36 -61
-43 -38 43 -46
-29 99 124 0
30 65 -37 -81
70 -125 -39 108
-118 30 -68 97
-121 90 3 123
53 -87 -123 101
0 3 -65 109
94 16 124 38
5 85 35 -7
23 -122 87 52
30 -115 93 -17
-114 74 26 92
54 8 63 47
-102 -64 62 -76
21 122 33 -103
-44 -112 -1 32
123 123 -124 124
2 66 -20 -32
101 -45 52 70
82 54 33 73
83 -95 56 -23
-41 92 108 95
-3 115 5 -119
95 56 -126 17
-57 -79 -46 0
82 56 24 -111
11 88 107 74
-123 33 -48 -87
34 -75 122 52
-15 101 -81 -123
-10 29 22 -21
91 7 13 91
42 -91 14 89
-47 94 104 107
78 30 -66 47
-92 32 -74 -25
91 3 -39 63
67 74 -6 38
113 -75 59 -15
66 -124 104 106
-53 -100 108 -115
10 -59 -95 9
-69 121 97 101
121 -24 50 85
38 -91 -62 102
27 -68 -123 -30
31 -66 51 4
-85 16 -54 -93
2 -82 8 124
-61 57 -1 -9
-59 -92 92 92
-57 2 -2 86
-4 9 68 8
92 -75 62 -18
-97 108 -118 23
73 65 0 -55
-101 60 34 -122
-88 -59 97 -33
58 -96 -91 -33
99 14 -59 -74
3 -63 112 34
-15 116 -25 -31
-22 -119 102 22
77 -29 21 -106
-110 -65 57 -39
-31 68 94 116
-92 52 -30 69
-57 -63 73 3
67 -40 49 110
-19 -35 -66 23
14 -32 72 109
-48 55 -38 91
61 104 -15 23
-111 45 107 -44
-104 123 42 118
-120 -113 -112 -50
-103 -38 42 -117
103 9 39 68
30 -116 -111 -56
-10 110 115 -116
-67 -126 -32 -8
-40 44 72 85
105 67 42 48
-66 5 -96 -70
47 -64 -65 0
109 -114 -111 -94
-62 -108 -90 -4
-54 -61 12 35
-38 58 91 40
-64 -87 -108 -123
2 -80 -5 -67
-58 69 82 27
107 -13 81 42
2 9 67 -69
96 -34 25 108
108 54 104 -73
106 -73 119 19
-51 -113 -53 -68
107 -36 -68 -39
-7 -58 38 -32
82 13 81 -95
49 -30 56 -107
64 125 -109 -127
90 65 8 98
28 86 -96 107
5 -37 -40 44
-101 -105 111 122
9 28 -34 -96
-79 -65 -119 -91
44 -10 -8 -17
62 -2 124 91
13 92 -58 24
-12 -2 -112 -14
-48 30 57 93
-53 -46 27 101
22 70 -64 118
18 43 -19 58
53 69 61 -85
117 83 65 -115
75 112 6 103
-53 -90 107 -26
30 108 43 113
84 -27 81 67
32 -110 0 83
-25 33 15 99
-5 -119 100 -60
88 110 40 104
-83 -111 26 -69
-106 34 89 8
-24 -33 -13 -113
-44 -29 -110 -31
-14 97 103 -50
-69 20 87 -106
77 -124 67 -66
-52 33 8 115
-116 -95 -5 106
-60 105 124 -124
-25 -110 68 31
-87 82 -68 57
17 19 29 -16
81 -94 -31 -116
-8 64 -17 125
-119 -109 -45 -127
-57 95 30 86
100 72 -103 17
60 125 122 -52
-49 -67 30 120
40 -126 124 -58
42 64 2 -127
8 -115 62 112
-107 8 -37 83
109 73 -118 -9
63 6 77 -101
-82 16 1 -36
-46 -113 72 -55
-76 113 91 -58
-91 115 110 -1
-100 -119 -67 -123
0 -39 -94 28
-114 -11 -108 -41
-24 75 -60 -37
-57 3 6 77
-34 41 -89 100
-75 -36 29 -110
75 -3 71 67
-115 -87 -50 -58
-64 -95 66 18
60 23 -24 53
-76 99 24 88
-20 -42 -25 -61
-51 -109 -119 56
18 116 -116 117
-81 108 68 48
-7 85 19 68
-68 -5 -25 0
-107 -31 -10 -107
68 4 61 40
20 -86 -85 -102
2 -107 71 104
-111 50 -26 10
89 -22 110 -86
61 60 6 -41
-87 -87 93 -100
-39 -84 118 13
-91 118 85 -76
107 -23 -37 -21
13 -108 -80 5
66 25 -114 -114
-43 23 123 9
16 -99 104 -43
-43 -106 41 -32
123 81 19 -97
-91 124 -63 35
-21 -45 91 115
61 -66 -87 67
101 12 -119 -1
-22 20 -36 76
-7 71 107 87
-15 82 73 -126
60 12 65 -11
67 -21 -64 -38
98 95 -63 37
42 -124 122 -78
12 -30 1 -104
6 -42 8 -76
-39 -101 44 73
117 39 -99 -20
-111 -33 -35 65
124 97 84 67
-16 -23 -47 -13
42 -122 -40 123
44 57 49 -111
31 -115 -127 115
56 97 101 -101
91 -97 -113 46
52 48 -55 102
-110 -3 -56 -57
-83 58 -56 -33
-79 4 112 16
-51 -4 52 -124
-68 84 -60 -23
21 118 47 32
-86 72 12 -4
98 -122 -117 -32
-68 -70 34 -16
-86 7 -42 -52
-16 -84 13 103
-50 17 -18 41
-37 -123 114 111
63 124 -66 115
44 -13 11 10
-1 123 6 -87
-64 49 60 123
-6 37 -49 45
60 25 87 -31
-118 37 74 74
111 34 45 44
-75 29 120 119
-105 120 -22 123
-53 108 -92 -90
50 108 -126 66
-46 106 -101 -62
9 125 54 -17
-72 79 -101 -29
59 76 111 -53
38 71 61 -88
-11 29 -7 22
-24 31 99 38
-117 -91 -50 -66
13 -95 -65 96
95 -70 -69 -127
55 -65 -79 -71
95 71 105 -99
-32 -92 75 2
-53 32 -29 26
-29 111 -70 119
47 123 -81 -45
-21 61 15 -23
-24 111 -102 -11
-98 -37 -56 -93
118 -83 5 91
-94 -20 -50 69
-1 -29 14 -114
-53 -116 -124 67
108 115 -84 -52
99 11 -94 22
64 68 -41 -77
-24 -122 109 50
120 105 63 -39
-1 73 50 -97
-113 -55 116 91
103 85 41 -107
-2 67 47 -92
-44 -101 -31 98
-32 -84 59 124
40 75 94 -65
-116 79 -79 36
-64 49 -36 95
57 -56 115 9
48 4 -118 103
103 -85 -33 105
-56 -84 -113 55
0 29 47 108
-126 -81 -19 13
-65 -72 -92 42
38 -66 106 9
73 31 -13 -98
-118 -24 64 -60
74 -19 60 9
86 71 41 85
-85 104 -8 -100
-56 -32 27 78
-36 8 -107 115
1 -30 -82 47
85 -5 34 -45
-2 -125 47 -109
-72 14 -42 4
36 -64 -56 0
18 82 -109 57
-17 -4 78 54
-65 36 -87 -74
-109 -87 125 11
8 -37 108 125
89 21 55 -110
120 -119 123 121
40 8 -7 12
-124 109 -28 -71
98 68 -26 -75
44 -41 -11 16
-100 -49 -73 91
-25 -90 56 -60
-60 -47 90 -92
-53 -18 28 93
-13 121 21 -9
-99 -115 61 41
-48 86 61 52
-10 67 -95 -20
35 -7 37 88
-104 -51 -71 -127
50 101 1 -3
65 84 -11 71
71 -109 -54 108
78 116 102 -96
62 117 -73 9
-105 64 -60 -33
-103 68 -89 113
15 62 -69 -117
-50 -124 20 114
63 84 94 11
112 -89 73 122
-16 78 -54 115
44 -40 24 1
30 -25 80 118
-103 -27 35 -107
-97 80 114 -93
-108 -61 119 -37
-21 83 -87 55
-84 3 119 107
-93 -118 -62 -77
-42 -31 -6 -126
41 -112 -100 36
-10 45 -39 -11
94 -77 26 -36
12 -68 -109 -125
-97 112 -81 -57
-33 -45 -119 22
-125 34 -123 105
56 83 -57 15
40 -48 -54 33
-80 -32 -75 29
-125 115 -87 -78
-40 46 32 -74
122 8 68 44
-37 1 -46 -4
85 -119 -95 96
-92 -76 93 -81
-44 54 68 -75
77 -71 48 -47
66 53 71 88
-80 66 94 -14
-91 123 77 -17
118 -16 83 -126
69 -65 16 -35
86 -126 -111 -41
118 72 109 -89
-17 113 -94 -126
-13 1 109 -74
6 100 29 79
-34 52 -52 67
-120 -117 -127 113
-85 -91 10 59
53 32 51 99
37 -84 13 -63
29 65 -111 56
93 45 -90 10
-91 -68 -23 -90
-15 -125 25 -74
-39 -90 -106 -6
97 77 -86 46
11 -112 117 107
-115 84 -97 16
-24 -36 15 100
2 92 -45 -7
56 -54 -91 -76
-18 65 51 0
-73 94 -111 51
68 -95 -71 -69
-104 -45 -6 -70
-72 -72 -30 -92
-48 -75 -82 92
125 17 -37 -44
-15 -117 -5 -88
102 -114 -105 -118
-43 -12 35 13
-101 -17 -64 -60
77 105 -107 26
-114 -17 -30 -71
-86 -64 -29 97
-95 46 -17 6
-23 41 -17 39
-66 -28 111 -100
49 12 -113 -84
67 4 116 -114
120 49 -111 90
-84 67 110 70
-54 -10 48 17
117 111 91 110
-58 95 123 -3
-76 -51 23 36
56 58 40 39
21 -23 -112 -38
86 -120 118 23
70 -52 -87 -86
-77 112 49 -70
-97 64 56 51
15 -77 -117 119
34 23 86 -34
-115 -102 13 -115
112 78 -98 -43
-54 -80 41 44
-50 78 17 69
110 60 -69 -63
-101 30 -72 -81
-55 -120 -83 -91
46 -109 -29 -111
-126 -60 122 -98
-101 -90 -94 28
92 78 -110 -121
-38 -83 -96 -127
124 -89 125 -6
-47 103 -108 47
-26 -69 55 92
-99 67 -95 -99
-11 -78 21 -101
48 -52 -69 -12
-65 71 0 9
-31 98 10 88
-35 -100 -15 -81
-95 101 27 76
-24 -75 81 -32
-22 44 95 -120
-116 -123 68 32
-88 -61 -113 95
-9 7 -108 -108
113 10 107 -78
116 -104 -126 -64
29 -2 81 -126
38 79 -17 81
33 -89 116 -72
83 117 1 -38
-51 -49 97 93
-65 86 -65 11
58 48 120 -88
10 -25 -77 -59
-30 -87 124 -83
10 -112 102 22
-28 -82 47 -61
80 58 -58 -3
-91 68 112 1
-26 -56 72 -94
-92 -4 -101 -23
10 24 27 96
61 -67 27 -49
-76 -97 55 -28
-86 42 93 120
-114 39 0 -107
-48 -76 -10 -65
98 -39 103 95
-121 82 29 -62
82 -29 100 8
-57 -94 -109 74
-37 -88 80 62
-109 111 -27 -52
80 60 -10 -37
22 -3 -95 54
-47 115 -77 -125
109 -97 0 -27
-10 65 18 -31
-117 -31 -58 -77
118 17 102 9
-74 -10 71 -105
-61 11 -88 63
-67 -14 81 -104
-34 100 60 -125
121 -46 -69 65
-10 -3 37 -78
-56 -61 -98 83
49 -47 -124 44
15 -121 -6 33
116 27 -6 -114
120 -32 1 117
-38 49 27 62
32 51 -7 -91
113 16 53 63
-75 -25 -16 74
28 -17 -40 -125
12 22 -57 -64
-53 -54 83 -98
-85 86 -94 -66
-39 -94 64 17
-101 -94 -19 -46
-43 -13 101 -67
-9 64 -81 9
-106 -76 -49 0
9 56 58 -119
85 -34 72 87
77 64 -62 -1
46 -116 1 -79
33 27 -25 -63
16 66 43 -77
15 -15 45 -80
97 38 6 -35
-76 92 -42 -59
55 12 108 -123
-90 -46 -4 16
30 -65 -126 113
-119 -121 -19 -35
-81 -52 118 -8
83 122 50 -53
-63 -50 119 108
113 95 1 8
93 114 70 59
108 110 -121 -35
-45 22 -53 -88
94 51 93 32
53 -122 6 -10
76 96 -32 78
-66 79 26 -17
92 -46 -3 37
-120 -96 89 -57
25 -48 -83 -25
-15 -67 83 71
55 -65 29 40
-114 -17 -66 16
109 -24 -31 -14
86 -40 102 88
-95 75 -85 -74
-86 -122 21 -57
-93 -118 -68 -48
46 -88 -100 52
84 -66 -84 -33
-82 114 -1 -39
-94 -118 97 36
-25 -44 -66 -103
-91 90 91 -61
78 77 67 25
125 -110 -6 -51
-76 -126 -79 4
-55 -21 -111 -37
122 88 -38 -74
-105 -34 -111 55
-75 56 115 -124
30 -110 109 -47
42 65 28 102
-45 6 -65 -110
-78 -114 95 101
-55 31 36 -108
94 -32 -67 75
85 -37 60 77
51 102 97 -27
3 -48 -104 57
-87 16 -107 -19
-98 -64 -54 118
-53 -116 12 -106
82 -111 93 2
56 -21 59 63
-80 114 -12 66
-72 -32 81 43
-14 -91 -15 -99
-67 -20 -77 -51
-19 -16 51 41
100 -35 -7 -50
105 116 124 -8
54 18 69 -46
-110 66 0 119
-46 109 -47 -104
15 -98 -95 16
-99 -18 6 95
-126 123 102 -103
5 49 -110 -1
-63 118 -61 -79
-98 94 -25 -16
-77 -21 73 110
-124 -62 48 87
-104 122 -11 -5
87 34 -39 -46
80 67 30 -57
116 75 -10 -17
46 5 -99 38
-120 19 -28 43
-4 -75 -18 33
-102 15 99 -51
82 8 68 -63
55 -67 51 -5
64 101 116 23
100 -58 89 12
-106 -57 45 55
-102 81 109 86
-89 100 -8 -95
-42 -104 60 92
0 -83 -55 -3
-46 83 -46 -54
-14 -105 55 -12
-72 -10 121 72
-70 -8 102 -35
25 54 -104 120
-81 -90 -76 10
6 -52 -90 -81
31 -68 19 47
116 -28 -44 80
13 -82 99 76
-59 -14 -103 45
-84 9 80 80
-86 -97 -84 -102
-105 -105 -96 -11
111 -6 10 98
43 -20 -61 24
-119 31 -62 23
59 60 -27 -13
-109 -114 -38 -125
-102 -125 -109 -30
58 -107 -118 41
20 -45 -41 -89
-23 -46 63 -65
23 29 36 91
-30 70 -106 68
-70 115 -59 85
-67 -28 115 74
29 80 12 -60
-49 -98 12 104
-104 -24 123 80
-62 -41 79 -12
-67 50 -115 17
-37 -94 -29 -111
59 -67 56 -116
65 89 -114 -29
35 -76 107 -88
-28 4 -84 91
-79 -16 -33 -75
87 -112 112 9
-45 115 -17 28
92 -73 -10 24
-85 -120 -102 -110
1 -119 35 6
21 74 -80 71
-124 43 39 123
-75 6 71 24
-81 -108 91 -123
-88 3 -109 -62
-80 -119 -64 -75
-17 -20 40 21
-114 -59 22 76
57 73 -77 -45
-119 -26 -95 -67
-124 -98 -22 -92
-55 -33 57 -79
-10 -75 -44 -17
1 1 28 92
23 29 17 104
116 -104 116 -85
21 45 24 79
37 18 11 28
-25 -71 65 42
-49 7 -93 28
11 71 -89 -107
9 36 -40 125
96 -6 79 -122
16 -125 46 -35
-100 37 -52 -29
-106 39 33 8
95 39 3 -42
28 -103 15 34
-111 -100 97 -116
53 -13 76 -10
44 116 -74 2
-6 -36 77 -42
59 -87 87 -47
-14 63 -117 42
-82 -73 -27 39
-109 -71 -75 22
69 -43 85 112
-4 16 45 -125
72 80 76 -107
106 106 -56 -35
116 -73 -77 -78
-57 93 -44 -109
65 33 55 107
87 91 -56 -14
-110 95 6 125
0 -36 71 -76
-18 48 -43 -55
119 102 -35 -12
95 -3 75 -68
-53 92 -42 -119
-20 43 -21 48
-13 -15 72 -121
-2 -69 74 15
1 -63 -27 -28
70 68 78 -107
121 119 -88 18
-42 -123 44 -101
-67 -113 125 -27
15 3 64 -106
-81 39 -39 -9
-24 75 -62 -98
98 44 11 -94
84 -49 -95 57
19 -24 113 62
73 124 103 -5
97 -87 -52 15
106 86 -14 -62
32 -9 22 99
-49 54 53 -93
-67 123 -12 123
66 -10 -38 19
85 -32 85 66
124 10 -6 116
91 50 -94 105
-119 -95 116 12
-77 -93 -57 62
-66 -10 -126 -91
66 -69 27 -53
-3 -6 58 100
54 -103 35 -50
102 89 121 113
121 71 -111 59
-67 -53 -106 -71
0 -80 -86 -33
0 -9 34 100
-10 117 -107 -89
72 -120 -125 86
113 -39 31 111
-12 -90 53 -55
87 -108 -125 -110
-94 -116 18 -79
125 69 -10 -125
-56 59 -42 8
20 111 33 -28
-76 0 -109 78
-121 -80 -47 36
100 63 -98 -64
-11 112 55 -40
-32 -94 53 -24
-122 -79 -10 75
-32 -44 -58 12
-69 59 -1 44
113 93 45 -121
43 116 37 -28
69 -11 -92 46
63 -65 -70 -41
-90 112 48 -86
83 -52 -67 116
14 30 0 -124
-15 24 114 97
73 9 -5 -84
-98 14 -70 -118
23 -100 40 -28
-62 -45 34 -97
29 89 36 70
-68 87 55 7
98 105 -89 38
4 -26 -30 63
89 27 -21 76
-106 52 67 -82
-86 -120 36 12
-58 -16 72 107
83 -97 83 -81
28 -97 -28 39
-79 -115 14 -18
-9 45 -65 58
22 3 -101 -80
63 48 -25 28
-117 -39 -102 41
-44 -28 -114 -35
62 -106 -124 -43
2 4 58 -66
-21 110 -69 -101
-8 -10 -36 -11
75 16 -19 -65
21 -63 -19 112
-63 -38 -46 108
-126 98 77 -68
59 50 -6 -122
115 -71 -8 83
96 -8 118 98
61 111 16 -11
-126 -9 34 -87
-47 -46 -84 40
121 -24 -50 34
76 46 36 -65
-74 -102 109 93
58 123 -99 76
-12 -28 -93 1
-15 100 -79 57
-20 -24 76 111
64 -121 85 -66
-125 -117 -12 100
-108 -51 -52 -97
0 33 -66 117
45 47 -38 82
73 -88 -23 7
122 -33 -40 55
100 109 -52 14
-43 -42 -1 -28
121 -7 -88 -69
59 -54 -63 -11
-75 55 -11 34
-114 -15 96 120
93 -9 -70 124
-101 53 -82 64
-24 26 24 -7
-61 41 3 -18
-88 -8 -86 -125
16 22 124 -78
-86 63 -6 -88
-21 -102 13 -65
43 64 93 83
73 120 48 55
78 -4 -14 76
-48 121 -99 -38
-118 57 76 -76
122 17 -16 63
-44 36 -45 -58
-89 -30 -103 108
89 84 63 -33
-2 -29 22 74
-109 71 100 -21
-60 43 48 -28
74 -99 111 101
18 -1 -77 -21
-14 80 11 46
-41 -1 -74 22
-27 71 27 -117
107 -9 -99 -60
0 -26 25 118
114 70 89 103
17 -39 -76 -115
-80 -24 -124 86
-96 62 -92 73
22 -72 47 -119
51 43 53 113
33 50 -52 -53
13 40 -7 -51
68 95 -100 -114
-109 100 -51 100
81 83 82 18
53 49 90 80
-51 -50 -125 -90
24 118 70 -21
-8 -77 -60 27
-114 -9 5 -41
-59 75 32 69
81 -127 51 -10
-22 97 69 1
-28 86 -32 42
-83 -127 -124 2
6 -66 47 112
-28 -37 75 107
-52 -72 -106 95
100 -112 -95 105
86 17 24 -107
-26 95 95 43
-38 72 -58 -9
-109 97 -70 27
25 42 1 -103
-54 0 -12 116
82 -40 -49 -46
-70 -107 77 94
106 -7 60 95
-120 125 -124 -105
73 -44 7 54
-5 78 -59 -96
19 53 -92 102
0 -60 -103 71
-50 -6 -92 -123
-106 84 27 -54
-53 -84 70 -11
-5 -81 16 90
47 30 39 121
-102 26 -32 -16
-96 -114 -42 -2
-19 -65 -87 -96
59 102 48 104
-35 -63 8 -117
1 85 -87 66
5 -119 -77 80
-114 -34 81 -11
41 -50 -98 121
-84 -12 112 84
1 -62 51 -93
112 69 64 -95
-35 82 -1 -116
-70 -52 -73 -58
71 -52 -99 95
33 36 -22 91
-76 -15 85 50
-55 -119 21 -103
94 91 -124 119
91 -124 114 99
-94 7 -42 55
103 -7 -97 -87
-45 -52 125 -86
-125 22 -23 -116
-7 47 -32 -100
-70 -29 -67 31
-42 111 -79 54
-120 -36 13 34
-113 92 -113 93
-53 25 118 -71
77 -119 -17 47
-7 2 -55 82
-125 60 22 -98
14 -7 -52 95
53 -18 -58 119
12 94 36 -86
-71 64 -6 -90
-35 -31 -19 -18
45 41 -110 113
-12 -125 -10 -127
47 0 -89 92
-66 -46 79 -28
125 9 -118 120
-65 69 55 -119
-73 -92 -79 43
16 16 96 -123
-27 -59 -125 34
124 44 -96 -106
119 -71 86 37
-12 -9 -18 -65
31 125 -25 -120
20 72 108 47
71 -98 -35 -93
66 -107 17 -20
-84 -29 98 -16
57 114 -67 -13
102 -77 59 -125
122 14 88 61
35 72 11 120
86 -105 79 -108
106 31 57 -92
-59 33 -116 -110
-104 -53 -20 17
113 15 -47 50
-36 -58 -122 119
15 -59 99 87
-16 -46 93 -86
-62 -103 66 114
-114 -58 -117 50
-28 47 71 96
-80 -4 42 49
-101 95 -44 -43
-46 93 11 -59
-75 52 45 6
-34 -23 -91 113
125 120 -16 -45
43 25 47 50
30 18 -8 -12
-106 100 -29 -38
9 -68 5 10
-107 -39 -61 57
58 -99 120 -53
-83 -17 41 65
-36 106 -50 91
-53 -20 46 45
-107 80 41 41
-28 -127 78 89
-98 -88 -91 38
58 14 -85 56
-36 60 -45 67
48 -53 122 -38
-23 32 108 12
-96 87 -99 72
-89 -94 -23 123
-59 29 -83 -76
81 -61 92 48
-88 78 92 23
-5 36 -70 77
-29 94 -95 50
40 6 78 -64
-61 -50 -40 -117
-15 -78 -121 -125
-104 6 -108 119
-36 -40 -39 -84
92 123 49 -2
-28 -4 -30 86
-84 16 45 -92
115 -97 0 24
-10 -104 -58 12
113 -23 35 35
20 -104 -62 97
-5 1 -57 68
115 -3 77 21
8 100 40 -4
124 -6 3 -23
-119 -85 -30 115
50 52 7 -74
50 -100 -120 111
41 -80 -7 49
31 17 -39 -12
-94 54 105 33
-81 -56 108 15
102 47 -119 -58
-90 43 105 56
-3 -122 -96 -67
51 -3 114 101
76 -115 -86 74
119 -107 63 -64
-2 -69 97 -54
87 -61 -4 105
34 78 -89 -45
-53 -125 0 81
-119 100 -15 -116
60 46 -22 -57
94 -16 -101 -81
111 -22 -100 -60
-56 86 -26 50
-64 118 -13 67
-50 52 -102 -39
54 47 91 78
31 -79 -62 27
53 -44 -112 -27
-104 -63 84 121
-49 77 18 118
-22 12 -85 -110
-66 -18 115 -87
48 -101 -119 -57
5 -70 21 29
-1 48 80 69
87 107 40 19
-15 -18 -117 110
-38 -47 -104 94
-93 47 76 60
27 -81 -40 -18
-3 55 -38 -98
-48 -72 51 116
74 -4 42 35
113 53 25 -94
-60 -111 29 -119
-10 95 -105 60
-40 39 -111 -50
-70 100 97 -110
-97 -83 47 -91
9 88 -126 24
-86 -60 -107 82
-22 104 85 -116
-40 96 87 12
83 -98 -8 -6
21 84 105 2
76 -86 72 -89
-92 76 23 10
-64 -12 -8 -45
7 79 -108 -80
49 46 46 105
56 87 -70 14
10 55 -116 -76
108 22 78 89
-95 -90 11 14
-70 -107 -105 -43
0 40 -120 124
1 -68 63 60
-107 105 -42 -90
-55 78 -70 119
-71 114 23 -32
69 -95 18 100
-14 123 60 92
-125 -53 -57 -41
-39 -105 -32 22
94 -111 -108 58
71 -56 110 -67
97 95 102 2
73 -77 -3 -12
85 -16 40 -46
53 -121 -47 -117
-114 -77 -75 -91
74 87 -122 -81
-11 78 -58 -78
-30 -15 -103 -120
77 -124 40 -108
-80 52 119 29
-45 98 47 -125
-50 20 -98 64
23 22 25 93
-116 73 8 105
-3 -83 -31 -90
17 0 -85 84
123 -94 -55 -127
64 7 -115 -102
-42 -123 -87 -19
-110 39 -92 -31
67 -43 41 115
120 78 5 96
-110 -68 58 55
116 -113 -32 -89
110 119 -99 -64
26 -97 -8 -119
1 73 -92 48
-22 70 -77 -11
25 125 115 -112
-51 -98 -86 -64
59 -73 26 37
-57 18 -6 2
-97 -6 105 27
-58 -110 -9 11
-73 102 -6 113
-15 -127 -50 89
18 -102 -36 -35
61 94 -42 -14
-75 85 -23 49
23 -44 27 62
91 31 74 57
-75 -43 -105 63
-37 93 -59 -30
47 78 63 -101
72 -81 2 -47
-90 67 4 -60
110 53 121 -103
68 68 31 94
-46 -28 -32 77
118 68 -11 -25
-67 69 -93 29
-9 -123 60 -117
-111 54 70 4
-77 -104 54 125
-20 -32 82 97
87 -124 43 100
-126 19 43 -52
-44 -1 120 -74
97 -18 -26 101
-101 36 -101 78
-14 -123 -19 -36
-38 53 58 13
-80 -4 -126 -85
-44 77 23 101
34 64 67 54
99 34 124 53
-120 -88 -83 20
-68 57 -65 100
120 -92 -88 18
-9 -64 66 39
-110 -74 -1 57
-60 -107 -122 81
16 -2 -9 -61
-106 -40 -13 42
-68 -33 -84 100
38 32 -2 36
-18 41 -19 -62
11 -50 24 11
-50 -54 26 -9
-122 -54 -68 123
-115 -77 -43 109
99 82 -48 -71
-22 32 -46 111
82 54 118 27
65 32 86 -8
-97 107 19 -2
78 -71 -48 -106
-114 52 19 -27
-5 17 -100 -27
-105 52 -76 51
11 -48 0 124
-77 -64 -94 121
67 -92 -107 -66
23 -40 -113 42
-24 56 -57 73
124 -123 59 -107
-95 39 -76 -65
97 -111 -80 -108
-106 -32 -65 -39
-50 -116 43 -102
-13 -97 9 -5
87 -49 98 28
33 40 22 -21
-85 8 -47 101
-48 65 39 -8
56 -112 91 19
0 -4 -30 -74
93 -66 57 101
-55 72 97 -114
0 27 -19 -48
67 121 2 83
87 94 124 34
32 -34 -69 -17
33 -98 11 -50
36 -45 -3 -119
-25 100 -45 -36
-79 120 -58 -51
-25 82 -83 -119
42 -111 59 53
-109 -2 -88 -95
-16 -126 -17 50
111 -38 -106 92
-74 -68 80 13
-121 -93 42 58
95 29 -101 -84
-73 -107 123 121
-18 33 99 119
60 117 -56 -13
-19 -43 39 -29
-66 49 55 -116
96 -38 -54 73
42 -109 -46 77
-118 42 -85 14
-105 -93 -40 108
118 83 -91 9
-11 10 -53 -23
81 -3 36 -13
-125 -9 45 -95
62 -102 87 -12
124 -109 -108 -121
-75 80 70 42
22 103 -80 125
-80 62 123 59
28 -54 -36 31
-70 34 -22 -82
51 -22 77 -27
-27 -76 -46 92
-61 -26 117 21
44 107 83 -45
-89 -38 79 61
-71 -48 61 -13
-32 -55 57 106
-85 50 59 -40
79 9 -113 11
67 -54 -12 -58
-112 21 -72 70
-115 72 9 22
23 118 -21 120
49 -64 74 40
-67 110 50 97
92 -103 33 123
-56 -98 19 -37
-1 21 29 -49
86 -121 121 -88
-75 106 -37 -56
105 97 -46 -121
-86 102 -100 101
-23 -108 -49 -111
-24 23 10 -89
68 69 -20 54
-52 46 -44 118
119 118 9 -39
-14 51 48 -90
-69 -74 -14 -94
-100 -72 51 94
-54 -91 125 43
-22 72 -28 -115
56 54 58 -10
-48 -70 55 -111
89 42 85 -122
-53 -56 -95 -125
27 -112 -100 120
61 -25 -121 -55
-11 119 -7 -87
14 -53 33 -55
-5 -44 -102 -119
-36 -58 -40 14
84 38 -3 9
-80 74 107 12
-80 65 -33 57
-66 -74 17 67
-127 -37 -29 0
-33 17 9 19
-51 -76 -76 18
9 11 -59 94
110 -88 68 -12
7 5 81 -1
71 -24 -85 98
-34 104 -80 -18
-87 -56 -51 20
-89 -101 -11 -6
53 108 -35 -14
15 -63 -86 34
32 14 122 117
-77 -73 -12 27
-38 78 17 -92
55 96 -11 92
114 -54 -96 118
27 32 -6 -50
-92 -77 -34 16
98 107 101 122
94 11 70 -53
81 -19 31 19
70 124 113 -90
77 68 89 87
-121 69 47 -8
-79 -114 -64 -79
101 32 121 -113
-126 48 -102 70
40 74 58 -84
123 -85 -67 60
104 55 -76 -25
-48 -27 27 -61
-39 -127 112 118
-5 -32 2 57
-80 93 98 -48
21 -42 -68 54
-37 -27 -123 93
63 -64 -92 11
-102 70 -47 -4
105 47 -44 -81
-68 -75 97 -117
42 35 -88 -28
90 69 -116 -105
71 -25 -4 -69
-27 -71 -9 -35
-119 63 -38 -79
101 -121 37 -65
112 111 59 -120
112 -13 118 -126
8 -14 21 -61
-26 58 -75 -87
2 35 -84 116
-41 -39 -46 120
-125 27 -18 22
17 -4 -112 -31
51 -114 15 -68
-37 70 105 5
-23 25 -74 110
-72 91 42 -24
1 -20 49 65
-58 58 -122 -43
-84 108 74 81
95 33 -97 1
-51 -100 8 -73
-94 100 -26 89
-27 19 19 31
-118 91 -95 51
-48 -41 26 59
-86 116 -103 70
18 -49 -116 -105
-47 76 111 -15
-63 58 -57 42
1 71 -122 -112
17 39 68 3
63 48 -68 124
-114 -82 57 20
66 -62 78 -25
21 -14 52 -120
12 38 -109 -106
50 -1 -114 -42
-46 -82 63 -55
2 91 -50 2
-7 120 87 -54
-45 56 28 2
120 -2 92 80
-100 82 -19 83
-111 -6 -63 -74
33 -107 -51 0
-31 112 57 -24
47 -75 -118 2
70 22 34 12
89 -47 24 35
-124 27 8 23
-20 -119 80 99
51 -82 2 -120
48 -117 83 35
35 93 124 -91
-15 81 93 112
-58 92 83 -94
-6 -82 -74 -114
124 -118 -73 108
-93 37 -62 -125
43 -108 50 40
-8 45 119 2
4 19 31 -36
52 -31 -56 -119
-36 -44 -120 81
-71 -93 -46 48
-1 107 29 36
6 -77 48 -15
51 57 -12 57
-36 -82 99 -53
15 62 64 -4
46 -62 115 -113
97 32 37 -116
-95 96 -20 36
-57 -8 46 27
97 -69 -108 -38
5 -77 2 -76
-14 84 -20 -96
65 -113 -7 100
-68 -76 -17 1
-55 90 21 108
-28 -68 -97 -98
1 -19 -110 -66
37 -91 -113 41
15 35 -35 80
-117 -75 81 -123
99 62 -72 -46
17 -90 -119 0
102 -19 2 0
-46 49 18 88
60 45 -99 102
-23 -24 -16 -37
96 21 -102 -20
79 -44 -71 64
-72 39 -10 63
80 -96 -96 46
82 109 -17 -19
-82 -40 -91 -27
62 50 15 4
-91 11 -93 -92
-89 -127 52 20
-104 -94 115 72
48 118 -122 1
125 -60 -27 91
-15 -102 19 -101
-21 99 -37 -16
69 -47 -77 -53
63 108 -60 118
-85 101 -99 -103
-119 63 80 -107
22 83 -32 -8
-66 -4 92 15
-69 -16 -122 -118
29 -49 93 -111
2 57 -112 -39
-62 104 -65 66
65 43 97 -90
104 -33 90 61
56 105 -83 8
-110 121 88 30
-84 35 -4 100
58 114 -17 -108
94 22 -107 -35
-56 -4 -26 41
102 -46 -125 59
-66 -54 -34 77
113 63 -69 86
-108 55 -92 66
-39 66 -73 -120
1 -91 37 11
36 -42 61 13
74 61 -107 30
-65 96 107 -70
107 87 -46 -20
-124 74 -98 56
84 84 96 80
-4 56 88 -85
-21 19 -121 -85
-77 66 115 31
-69 71 82 28
-12 120 41 -44
-20 24 -75 -79
7 43 85 -122
75 120 -7 -56
101 -55 30 102
60 -123 -18 -37
-39 -121 83 -19
-119 -24 -23 -60
-8 -37 -17 71
41 -23 -18 -31
-31 42 21 47
-6 123 11 19
49 -27 73 -82
72 85 -84 81
-46 107 -96 9
-106 -89 89 -122
-68 61 -9 91
21 -89 -111 60
110 -115 -114 46
12 54 113 -118
-78 111 114 -79
-119 -32 -68 75
-20 -81 67 -103
-72 -23 71 -30
42 -81 95 99
111 -122 82 -109
31 125 -114 4
-34 84 97 -80
-56 21 48 -120
-43 -44 -99 -57
-49 -36 32 6
57 -62 -92 80
117 -66 -45 -46
-87 38 -99 -106
10 -104 95 -59
10 72 -6 -127
-100 -34 26 11
-16 46 -30 83
83 -41 99 111
49 -5 13 -10
94 -21 92 40
-50 -90 -72 119
33 -127 82 79
-33 -6 -80 -106
57 75 -28 -12
69 82 -37 -22
103 -71 0 -82
49 -3 -117 114
107 105 51 76
58 101 -58 -126
35 -51 72 56
82 3 103 -50
10 -16 23 110
67 19 -42 82
-11 -21 -85 17
-51 109 25 95
37 93 74 -87
-118 65 -127 18
56 -114 -8 -61
-22 -11 -57 116
-66 -45 119 62
14 98 -17 -50
77 115 77 89
125 -115 -58 20
97 88 -93 63
32 -118 122 -20
2 -7 95 -127
-85 -70 -114 77
-21 84 -10 -113
105 -52 93 18
96 33 70 -10
-28 7 -24 27
5 -42 -93 -62
-50 -4 -73 95
-90 -45 6 -121
19 117 23 -115
28 -3 10 92
68 98 -76 3
105 -86 -65 9
-44 -77 -98 -103
-56 82 -120 -107
-9 36 -108 -90
-6 -9 118 -31
13 -32 15 -79
-22 71 -37 -23
-22 10 60 -31
-87 -83 95 -86
-15 -117 66 -15
68 -35 3 47
41 51 -34 84
121 -70 -96 39
-66 30 -107 -27
116 25 58 69
-122 -78 -122 28
84 -116 58 87
-78 41 22 47
88 78 -110 114
108 115 29 -121
44 -84 117 102
-124 -64 71 -70
68 -34 -14 -123
119 77 -122 -25
-31 0 -72 -49
-105 -7 111 20
32 -19 124 -117
-38 80 110 -104
69 -88 -55 71
103 84 -73 -79
42 -54 -46 -72
42 -4 59 -83
100 -112 -107 50
95 -84 36 -1
-102 -127 -89 -112
-102 -72 91 -17
71 -65 -71 -116
-62 16 -105 2
-70 29 -81 114
-13 111 103 -6
88 59 -121 -109
-104 -73 115 104
34 -125 -85 -21
84 47 -127 -47
80 98 -65 -107
39 -32 -113 -8
115 29 -90 9
-20 -71 93 108
-21 -61 -5 -17
-53 77 118 38
18 -95 -65 112
-69 110 -33 -14
-65 121 -43 -78
-92 -8 2 17
93 -97 58 -86
82 -54 -123 -37
21 74 -16 99
113 90 11 17
48 -123 -116 43
-25 -39 17 -24
-102 4 -71 65
3 -96 -45 89
-53 -75 34 125
115 -117 28 32
-113 98 105 -21
-41 -94 5 87
0 -32 15 -37
-2 99 -26 43
77 67 102 112
46 -10 30 -61
5 87 120 68
28 46 -4 -110
75 71 -120 82
22 72 -23 -102
-30 -55 15 30
-97 -110 -34 76
92 48 28 -26
-61 102 83 26
-30 -85 4 -86
-109 -102 20 67
-77 -66 112 121
34 -107 -110 117
105 -100 -126 -51
88 15 33 -87
37 44 -18 -72
55 85 80 -8
42 -113 5 -43
-118 47 -29 79
-52 -79 11 6
115 9 15 45
-108 -113 -80 58
15 -83 -21 -102
-51 -86 77 -108
-99 92 -117 -126
-82 -56 -79 -65
-38 -42 13 92
-27 29 -4 -14
83 -1 47 122
117 51 -1 -77
15 28 85 -6
-84 -47 22 64
51 108 -43 16
-97 -86 -5 -23
-104 -16 0 0
1 -120 51 100
-62 110 -94 83
3 78 125 40
79 -82 93 93
93 -45 -126 122
-95 48 -94 -35
38 121 -12 -85
-19 84 115 -91
109 119 59 105
120 -34 -71 53
-62 86 7 110
2 124 -24 -32
92 17 -106 76
119 46 30 1
54 -57 29 -31
94 -9 -118 31
101 37 -82 124
123 32 -93 47
13 74 105 -119
-109 -80 37 -102
-109 13 -56 14
-28 -1 89 -28
-48 -10 105 -78
-25 -86 17 -22
57 -104 40 -89
-122 61 3 -110
101 -18 -59 -93
5 -32 122 125
-12 -1 13 81
-32 41 -16 33
39 -99 102 95
-7 12 -40 15
39 72 -118 -40
-41 -5 61 19
79 91 2 -4
-31 33 -89 34
-111 85 43 41
-28 -94 125 -37
66 -77 -104 33
2 -7 55 76
-110 -119 66 115
28 -60 89 -9
95 -71 -70 31
-58 -56 -2 120
-47 -26 48 -29
-119 -65 48 3
61 74 22 3
-19 -87 -56 118
-7 -78 -26 123
52 85 -63 106
-76 -39 44 111
79 102 42 121
81 120 -69 -35
109 -91 -18 81
70 66 -38 90
-127 36 59 -120
-124 80 72 25
23 -19 -123 -79
-19 19 51 108
19 -72 -52 18
15 35 -49 125
74 -125 -15 55
-122 -7 -117 -30
94 10 -101 -69
-126 25 -5 -106
-60 -19 73 -44
-82 25 109 -110
-23 109 88 -68
-116 -99 -25 107
105 35 -25 -125
-29 54 37 62
108 39 17 -122
62 -44 121 123
77 92 -44 -123
75 -88 79 48
63 25 114 13
-11 63 66 -127
116 -56 -106 103
-65 20 78 -18
-68 68 74 95
89 -6 -33 -48
-65 -79 -61 76
4 -85 -61 -80
45 -73 -3 57
-81 70 -127 -50
64 -72 33 53
118 98 -72 111
-96 -5 -79 41
100 -122 -92 75
-39 -92 26 -69
-78 -26 60 92
-41 -114 35 12
-27 61 125 67
13 117 -40 118
78 3 -93 -122
29 85 -38 -105
86 98 -24 45
-7 -74 48 5
-58 38 -42 30
22 118 3 -38
107 47 70 16
107 28 90 -16
93 -64 -116 -114
-101 -56 25 40
-118 117 27 -54
7 -9 16 58
-63 -59 69 -57
-107 53 13 -109
17 113 84 -92
-16 -124 89 78
-109 75 -100 40
73 -121 -3 31
73 -90 -75 -95
-79 64 109 -82
-38 -105 -9 97
-84 21 4 -24
20 74 28 -109
-74 112 74 9
-109 101 -83 -126
101 -66 -32 -52
64 -87 -120 -10
84 4 48 -79
-60 -24 5 50
99 -61 -26 -5
-9 19 -20 108
114 4 -81 -95
-54 -5 73 -38
34 0 -5 115
-40 -38 0 103
-83 -20 60 117
-67 87 -9 51
-47 10 112 106
11 55 99 -96
-97 69 45 72
-16 89 -65 -63
-32 7 -51 -35
29 1 53 1
4 -74 11 36
94 -2 53 19
48 -65 -43 -87
111 52 -25 18
49 -88 94 -88
-71 40 -27 -14
22 91 -104 30
68 -29 -78 -101
104 -22 72 -95
-53 47 -79 114
116 -114 92 102
-78 -36 14 1
-70 -55 -54 -64
94 -3 -9 -68
-75 -114 -93 -119
57 86 39 -90
12 -60 -26 -104
102 54 42 91
-31 -106 -93 -116
-126 -36 -11 107
10 -61 -7 25
30 -27 116 40
79 63 41 -68
-92 -7 26 108
-2 121 -118 113
-67 117 -107 87
-31 -26 68 3
-111 109 106 -24
120 2 121 -38
-48 -59 -20 -31
34 -38 121 72
-74 119 -25 46
-114 -8 -98 -31
-41 -72 -109 29
-110 44 -93 56
-8 -92 -100 81
89 1 102 -96
27 75 -43 120
-17 32 -86 54
83 -40 34 -79
3 -37 114 64
23 116 -79 104
22 -85 -115 -86
0 -25 60 -1
44 72 -29 117
8 60 42 -61
-74 -37 -116 47
-81 97 75 -41
23 -121 -82 -2
-86 -69 -58 -85
-91 104 108 -80
-41 3 -18 -120
100 -70 -26 14
-57 76 68 -84
51 104 71 16
-27 -26 87 44
19 26 114 -107
31 22 61 -103
123 -38 67 62
-86 99 79 -53
-73 -11 -36 -105
46 -101 71 111
20 -9 -69 -60
-15 25 29 79
-66 -65 -125 11
21 -93 29 -68
39 -5 -103 117
33 44 93 98
111 20 -31 -61
115 41 -8 -93
115 43 -97 66
39 -102 -16 82
-71 67 -34 41
-97 58 69 45
-112 -62 107 -71
49 48 -28 -110
88 -58 97 -90
69 12 -58 2
110 13 63 28
-8 -108 -122 -108
-63 -24 -99 55
84 -44 -109 -98
68 -58 -11 8
28 93 -56 26
29 -68 -19 -51
76 -110 -90 108
-97 64 58 75
2 -80 76 -45
-6 93 -68 59
-22 69 -105 -2
-102 34 -6 83
120 -7 91 -18
108 32 -34 -124
-66 -22 95 22
97 -111 24 65
100 46 74 26
-32 55 -103 37
-101 -101 33 73
46 5 59 65
63 108 124 -122
-86 -91 48 125
-72 0 105 -1
61 99 -64 -41
114 121 -72 90
-125 42 99 30
44 -60 -101 -116
-65 -92 31 79
-22 125 97 -79
-102 109 -11 125
-97 83 -69 31
46 -1 91 18
-38 -29 60 25
52 -16 -4 -34
-81 -88 -2 -92
-13 43 54 -83
-123 76 -101 77
120 110 -62 99
31 -37 -37 105
39 103 53 -70
-63 -8 -44 119
-43 7 -125 -33
114 42 -60 -55
-85 -36 69 3
-111 -63 -124 36
-64 -112 54 -101
-17 -111 -81 -34
24 -60 -60 45
-8 -24 -84 -81
-37 97 -36 52
30 1 106 -73
-111 -99 -31 115
-3 -121 36 -75
-62 71 -104 52
105 122 2 -6
52 75 21 -12
16 -55 -77 -51
91 -42 -116 -14
57 17 -61 -71
35 -55 113 -25
-7 7 -70 -98
-111 45 -20 -89
0 70 62 -98
85 0 59 2
-13 -44 -84 -85
55 -74 51 -44
33 81 123 107
-46 101 74 -2
-77 -117 -45 -22
-16 -13 -86 -63
-30 -102 -40 -14
-122 -46 -64 -125
-106 -122 23 -85
14 82 73 -91
-32 73 -56 -102
-86 -24 -83 -114
71 -73 59 -64
-91 83 43 -50
-1 20 117 106
51 75 -125 18
-110 6 45 73
-50 -116 105 10
28 -16 -57 -20
95 -54 73 -14
61 -68 -126 123
114 -110 74 32
79 -85 -109 25
38 -46 25 -102
-77 29 -33 42
39 -69 -36 116
-78 -126 72 -19
-24 106 -39 -85
47 2 -56 101
16 -50 87 25
-69 68 -101 -90
-120 -59 45 23
-82 -108 101 22
10 -54 -27 -122
-77 13 40 108
-60 -58 -7 116
-60 67 68 -35
6 -63 -125 -81
53 60 -69 -110
-81 -50 34 -48
28 -1 -120 67
3 -111 36 80
-65 -105 -18 122
-94 64 51 -123
51 6 -47 -19
91 -23 -12 81
-51 86 50 40
-45 -33 -28 1
106 -127 -41 31
29 -59 -36 -60
39 14 -34 21
-85 -46 -29 6
-47 27 -52 -76
-42 91 110 73
47 -90 -25 17
-80 88 48 -108
9 46 110 104
13 -29 102 -48
96 -58 -100 -1
13 -27 -97 25
23 91 9 -9
107 28 -14 -80
92 120 -4 69
-21 -68 -127 67
-27 5 124 -122
-35 72 96 -120
-75 -3 -60 1
-86 -18 -65 -98
99 -92 -118 -47
4 108 115 24
96 -88 123 -108
-98 -115 -84 46
14 101 54 21
103 -12 17 107
19 95 40 -26
83 -118 86 -99
53 7 -70 114
110 63 46 33
-58 -41 -6 59
-16 -60 -56 -75
-25 111 -87 -109
-96 48 121 71
-10 -91 112 93
0 -12 103 -107
-114 -1 -19 -72
36 -74 -28 -51
-102 73 56 4
-74 100 122 -81
13 -78 6 124
104 -12 94 -17
-88 -56 -68 -86
49 8 -82 96
106 -43 26 -112
-32 12 -112 -89
104 -75 9 48
-43 123 -66 85
-93 -112 51 41
6 -75 3 -15
70 -23 94 -122
-100 -124 120 47
116 -75 -93 -66
-60 9 -100 57
-116 -21 25 112
52 -56 117 45
-119 -79 8 -43
96 -79 -43 98
-70 -38 23 112
31 59 25 -66
-43 -79 54 73
111 20 -52 9
22 -50 -118 48
-45 -120 63 -108
1 125 66 7
106 114 64 -26
-110 119 -71 -8
-34 14 45 101
89 -90 33 -28
82 -26 -95 0
-115 -84 99 -107
101 87 -26 -8
49 -97 -97 118
66 100 -45 113
-97 20 -100 -73
31 118 -93 -104
-97 19 -122 -30
75 120 73 -83
-41 -14 -42 -4
-123 32 51 -30
-99 -115 89 -87
39 -65 11 -98
-40 -36 -3 53
-35 101 -4 -65
-109 -109 35 123
113 113 -92 -75
-92 117 -45 -64
85 -25 5 83
87 -118 98 -76
75 -3 28 82
-118 -34 52 -1
106 45 96 -58
-68 91 -8 -1
87 -94 4 24
114 -30 92 55
-13 -13 31 -2
-7 -86 -46 -59
-54 16 -44 -100
-86 73 -91 -12
74 52 -85 86
73 -124 -95 -109
63 49 -89 32
77 117 -108 -61
-80 -96 115 -59
5 20 -24 -36
45 72 -8 -91
-3 63 -95 109
-12 61 22 54
-22 -4 -111 100
21 106 -32 10
0 43 -91 -56
46 67 -78 95
-86 -111 87 83
82 -105 121 -26
-7 110 13 -16
81 -39 15 -89
-27 -68 -73 -2
-96 -45 -46 97
29 72 2 19
119 -62 18 120
86 -100 22 19
-79 -114 1 -29
110 -126 26 124
-92 -46 -69 -17
-83 87 77 42
-3 -94 36 -81
-60 8 -34 -85
86 33 -44 -66
108 117 -119 -89
-81 70 39 -48
30 -28 -63 43
-125 -90 -66 32
-62 115 66 -29
10 -34 74 34
112 63 -69 69
62 70 -72 111
83 -74 52 -39
-7 109 41 60
-99 -35 -31 101
34 -98 -17 124
-53 -108 -51 8
54 -21 -16 114
-65 -106 74 5
71 -53 -124 -23
-107 -79 -52 72
16 93 -14 -61
-92 -36 10 87
120 -73 -49 114
125 9 21 -78
-107 67 -48 3
-104 21 -5 60
46 1 -64 19
-6 -118 -54 5
88 -19 11 107
-94 3 -26 90
-112 117 74 -73
-6 -72 -14 -57
-125 21 53 46
20 -93 96 93
-120 -93 10 -38
-64 -96 66 -5
24 84 29 -14
-69 67 23 32
116 92 19 -6
-11 24 -32 36
-117 29 -20 22
-25 119 -97 -120
41 -10 -94 -92
-112 -118 78 -50
31 -24 -68 118
98 -120 -65 93
38 -5 -9 -18
47 -102 113 48
-83 30 -62 -123
-29 80 -33 87
96 -100 -23 35
10 61 9 58
113 -22 91 -78
5 99 -71 125
15 -112 26 -39
13 62 -19 111
-18 -22 -116 67
-43 -72 4 6
19 46 112 16
-25 -27 -2 -29
15 48 -83 96
-124 -56 7 94
-122 -4 -125 26
-104 -91 69 86
58 21 -104 4
-72 -65 -23 96
97 -119 86 -7
-30 -25 -13 22
-48 85 -93 -125
-14 96 -105 -99
-36 21 58 -89
-63 44 -35 19
-110 -47 -99 87
14 -114 69 24
-118 119 -110 65
22 -72 25 -82
-51 113 69 -62
-123 119 120 54
58 93 56 27
0 -50 69 105
-29 -91 -123 -15
47 57 79 -95
16 76 -105 -115
-117 -23 39 -10
-51 101 -72 68
-29 -25 124 111
-125 -34 93 -7
42 79 -89 5
-1 108 -107 -74
96 101 0 -53
78 -42 -67 -107
-14 48 109 -84
-42 76 -109 -124
110 69 -35 -62
28 42 -78 -23
-113 -71 -125 27
-86 95 105 44
-100 -32 -86 55
28 -69 120 -80
93 -95 79 94
95 -28 -109 -32
60 1 29 -56
-39 9 121 -50
3 -67 -96 -66
104 -85 68 47
37 -114 77 58
23 -47 -54 -66
-33 1 38 -12
25 85 32 118
-46 125 -39 22
83 37 -51 -117
-32 70 -84 -79
-103 114 -57 -39
-40 -120 79 -104
75 27 21 -76
91 120 -54 87
-112 73 69 32
74 -92 38 120
113 -88 -20 117
-66 59 18 -10
-11 -105 81 -44
-127 -119 58 47
89 -9 -64 14
15 69 -48 -127
-95 -61 7 -101
-18 58 -95 -40
98 97 -40 -71
112 95 -114 116
-56 31 110 -123
52 53 -15 70
-124 4 33 -23
-22 114 104 120
62 -7 -64 -57
118 -84 32 -36
-85 60 119 -66
-74 42 76 -46
92 113 1 -88
-23 -112 125 -94
-19 37 107 -27
118 -116 -9 -51
-88 82 12 54
99 66 125 112
54 69 4 -39
-23 -26 25 -82
-125 -63 -43 -32
-2 2 120 -57
-112 -74 45 -8
-94 -32 63 -106
53 80 70 72
75 -63 -74 -53
-101 50 -50 97
-2 -76 -78 33
-40 -3 -81 69
-99 -104 124 -112
-17 61 -127 -112
92 -43 13 -111
-17 -3 72 -122
-47 -31 -41 -119
52 -100 75 -105
101 58 30 -98
-87 82 -35 -23
27 49 -67 -66
11 -45 -87 -20
91 24 -119 54
9 47 47 -104
19 115 21 -11
48 -22 60 46
-94 -108 -1 -70
31 42 -119 -30
81 108 -49 -77
108 51 -83 65
106 -99 -103 38
47 -65 -67 14
-35 67 -19 56
-6 -7 17 -1
27 88 56 67
40 34 66 -68
12 17 -31 9
-75 105 -10 28
101 81 -68 107
27 42 31 -69
10 -120 -66 93
1 -98 -5 7
-25 37 -69 43
-89 14 118 -99
-45 -48 74 -12
76 -104 -124 -72
8 9 -121 78
28 94 -4 -1
-37 -60 -25 113
-116 55 -71 -44
-16 -33 50 104
115 87 119 91
-69 71 -40 101
-111 21 -108 -6
46 76 -75 -120
-45 56 69 -6
-124 80 -126 -6
77 10 90 -39
97 42 73 -58
-79 -127 63 -117
30 76 104 3
36 65 -88 30
-90 -123 -75 95
-20 106 19 8
50 -115 40 -37
46 57 122 19
-47 59 99 -52
101 117 20 20
-43 -90 27 -82
42 49 36 -6
-87 -44 -84 116
35 -67 40 101
60 -69 17 -25
-48 68 94 53
-64 69 -77 26
-76 84 -121 89
-53 -46 91 72
116 -8 -59 -101
-100 -70 82 -121
43 37 13 -127
-115 3 42 -37
-52 -104 55 -50
121 -49 -10 42
-57 -110 66 96
22 -122 21 -63
81 107 57 90
-51 53 -10 -53
58 -98 62 77
-57 114 54 25
96 88 -93 96
12 -29 -56 79
-67 11 89 -44
7 -123 -7 98
79 -85 106 -6
-31 56 -122 123
-85 90 -78 95
69 87 95 -36
-16 85 50 2
-82 72 87 87
28 108 8 -34
-51 -45 96 -15
-36 -118 -95 -117
-114 -40 38 -89
-16 61 -65 60
-126 -26 18 -29
-54 22 -114 1
-60 48 58 -97
-80 -114 47 -19
-87 11 18 2
107 -55 82 117
-101 72 -23 -55
-124 -122 -69 32
-32 -29 -11 -109
-122 78 50 -32
75 119 -36 -49
29 54 -65 11
37 -81 -101 48
26 122 -25 38
-8 26 2 -16
-120 -33 88 -96
-67 -33 4 -94
111 -31 47 61
2 77 118 -10
77 67 105 -75
-109 -63 -111 -98
6 -67 -63 21
-112 106 -63 -79
70 -96 88 -73
91 -68 13 -16
75 12 30 73
-12 -93 50 -74
-12 -121 30 49
-125 -123 -22 51
-51 5 50 -119
41 -113 110 118
-2 16 18 66
-110 -72 -59 -122
118 -100 43 16
8 -100 5 50
14 -9 -95 -124
-39 -118 -64 -115
-112 -35 80 -66
35 -22 -104 -71
80 -10 87 -16
27 3 -63 -48
-19 -8 38 -22
42 -20 -4 -67
121 -115 -43 -76
84 -59 119 71
-91 9 -16 -116
48 81 58 94
-121 -40 -46 -30
-8 79 -86 -35
-56 -40 110 -87
-68 -99 108 -106
-124 52 6 -110
-127 84 123 74
-42 -18 -38 13
99 -60 -35 48
77 -122 115 -65
107 -63 46 90
-95 -36 62 -79
-23 -122 59 -11
-77 58 93 -83
62 37 -58 -30
-76 -51 31 -92
-33 89 91 36
44 116 14 -121
99 32 108 -61
-43 109 -78 -84
-102 -47 -61 -98
5 -43 17 -91
69 -20 88 -56
6 28 -112 42
28 24 -53 15
-65 -87 -76 -78
13 -71 17 50
19 17 17 122
-68 -116 -33 -1
-43 -91 -113 -109
-89 -35 -106 -69
-18 -12 31 108
-5 53 -85 80
5 68 105 56
9 92 -13 27
-66 -35 -5 37
37 17 -45 48
-110 33 88 -90
8 112 44 52
-15 40 -64 -45
-11 15 8 -62
31 -35 20 -57
53 75 45 -126
69 -81 114 -53
56 -125 -93 -28
69 124 -74 -5
-25 -49 48 -41
12 0 -92 29
103 -7 12 88
94 54 -48 -75
29 103 -32 -122
-26 105 71 -105
-65 66 -64 -58
-62 46 87 -17
-77 -28 -40 -37
-93 15 17 31
-32 -44 89 32
64 80 26 24
-124 -83 86 -35
-11 74 -120 98
27 16 40 -76
116 -115 89 -65
-108 19 110 21
10 54 57 28
118 -112 -62 79
-48 -72 88 81
-102 107 112 107
36 101 102 98
-68 -109 -50 75
33 31 -101 64
-104 -107 -30 -14
-29 -22 27 -8
39 34 76 -28
-20 54 -22 90
-93 -102 99 -60
-82 5 -123 44
14 14 -7 -23
-3 69 44 65
116 -79 -105 -82
105 -30 -19 14
-68 -113 4 -33
-41 -41 -41 -73
62 52 82 -57
108 91 3 61
-125 116 -59 98
-12 30 46 -100
46 -125 -56 54
-20 -17 3 122
59 62 39 -109
17 66 50 -106
54 1 -97 84
-56 0 -4 -2
-38 -22 -78 4
-14 -29 -43 -102
100 -69 -101 13
-104 118 82 24
-29 -44 59 23
-46 70 11 -123
85 81 -22 -69
-44 58 37 -75
-62 -39 62 18
-47 -55 -39 115
13 10 -75 -22
-125 -53 -113 28
-16 -23 35 -84
-15 21 -115 -88
-32 -58 85 -51
-46 5 104 -9
25 27 -66 118
19 111 -18 -49
-127 -103 -76 -88
93 -93 48 -82
-89 18 84 76
-107 8 41 -62
-29 93 -75 122
106 -19 75 99
108 39 85 -77
-77 -81 -96 0
50 -69 43 -10
-73 34 99 -111
25 -92 -105 26
-49 -81 37 89
-106 20 14 115
11 1 14 -7
-59 -42 -42 -3
-72 21 -3 -32
57 41 -52 10
-23 -12 -36 79
19 94 -56 88
-13 78 37 59
10 25 3 27
107 96 55 -2
-68 -24 122 -116
-125 -95 122 -101
15 73 63 116
76 -37 101 104
91 85 -64 -86
78 23 34 -110
53 113 -42 82
-31 -40 36 -44
73 23 -73 108
-19 76 -124 86
103 76 -58 41
-118 58 -107 -103
93 54 -127 -51
82 33 -116 -115
94 -78 94 43
-68 -63 -38 -59
55 86 56 -24
-78 120 112 64
41 -3 -55 47
-4 64 70 39
6 6 71 -121
-121 -54 -124 -98
97 87 -9 -63
19 -66 104 8
-36 -27 119 -76
109 -74 47 -67
91 -96 25 -20
110 -16 49 -90
56 -94 -50 -102
91 8 80 31
57 9 -88 116
95 115 87 -86
-73 -42 26 69
-82 -74 -101 -59
-40 -78 -104 -50
39 -118 41 -3
115 25 69 19
-73 39 -71 -52
-92 84 2 89
111 28 -92 -13
86 15 -35 0
-41 19 -96 -39
40 62 46 91
-21 -58 95 -50
49 -121 78 33
-3 96 27 -73
68 81 -123 -20
-29 71 47 -8
-57 42 -17 -50
110 -118 76 -36
-66 124 47 -90
89 -29 -4 13
73 -2 -107 -6
105 -64 77 124
23 25 88 105
68 -73 -40 -98
97 -31 -107 79
-37 90 -17 11
57 -11 79 11
-125 35 -12 -95
-2 -45 5 22
123 59 -59 77
107 10 111 101
-96 -105 78 -94
-79 -119 -80 -124
102 -13 114 -7
-46 7 -125 30
6 50 -51 115
49 -66 85 74
5 -112 -31 -51
91 18 115 15
-1 39 0 -17
89 5 -93 -62
6 -108 -58 12
-41 -83 -44 80
-29 48 -66 -65
62 27 -20 93
-34 -78 -72 -80
0 57 70 86
-68 54 112 -110
25 123 -22 -98
3 -17 93 41
-51 52 29 -29
47 5 -99 23
-80 57 -99 46
92 81 102 51
42 3 -21 -39
123 42 -126 94
-98 -26 44 71
-111 2 95 -69
-91 -48 -15 41
-76 78 -64 -78
-68 107 21 16
13 -117 2 -117
3 22 -42 84
-52 90 -57 38
-47 -106 -123 -15
-77 101 -105 58
-117 -6 56 34
-84 75 -51 -117
73 95 -32 4
-19 65 47 -95
70 -78 -65 69
120 -8 -47 -12
-56 47 38 -21
108 31 106 110
84 -26 -55 -101
64 -43 -117 -72
3 -4 -8 -72
125 17 -3 14
49 103 110 116
12 46 87 -125
11 -126 -58 -6
34 42 -126 -126
36 55 34 61
-60 6 106 57
-126 -124 96 -2
-65 -125 86 34
-54 15 -27 89
-18 -67 30 125
-107 -13 2 -52
-64 -48 -76 -76
44 -19 -104 27
-102 -19 111 -65
-60 41 106 39
-91 79 -23 -70
64 -106 -71 -78
61 -99 16 34
-49 -74 32 91
63 -72 -81 86
28 -50 42 -66
33 -75 -102 64
-43 50 -96 -73
28 48 -84 78
-86 -99 -33 -97
101 125 18 -90
102 -105 -97 -19
71 9 5 -17
124 -1 43 25
-106 -117 97 29
-93 -65 -32 38
108 22 -82 -60
89 -7 78 79
-14 -97 -1 106
24 12 73 -10
-106 -24 40 -74
70 -63 -11 6
-38 -62 -51 53
26 95 -26 110
-56 94 -47 -32
-79 49 -63 114
-77 -94 12 -76
48 20 -93 -22
123 102 -27 34
-112 16 18 -84
-38 5 -21 -8
-103 -91 -110 64
-123 125 120 124
-79 69 -43 -13
-13 -23 32 -118
-37 -5 -125 7
-6 -18 -90 -74
42 -72 89 108
-18 -3 -104 -96
-5 -77 -40 -2
41 57 -87 55
26 57 -37 63
-127 -110 -56 70
-55 -122 14 83
97 -12 -35 -8
-82 -14 33 56
112 -3 -18 94
0 124 19 -2
-2 -79 -42 -85
54 -58 -80 95
-101 -80 -53 -113
-37 -3 -51 108
-61 57 -21 -2
-10 112 91 115
-61 -38 80 -118
71 -25 -68 -27
-124 -41 50 52
-42 28 2 -90
42 110 -19 -67
29 45 -59 -79
72 54 107 -78
-37 -93 50 93
-113 85 -120 -114
-38 112 49 112
124 87 122 -2
108 -73 109 87
-61 89 -29 -95
99 106 -36 -27
-22 118 63 -22
-117 122 -32 -89
56 -28 96 102
31 12 -8 -65
53 23 -72 -9
-58 99 20 -80
43 -76 -32 -34
-60 -40 119 -112
-35 93 -79 89
-88 -57 89 105
-37 121 -53 52
-47 114 122 -65
47 -55 64 90
-99 -38 123 -91
81 80 47 -96
90 28 -45 58
-31 62 0 36
-64 -31 -70 -50
-87 -58 15 6
-14 63 -8 -83
40 67 -101 96
24 -48 102 108
121 -106 -12 -5
-74 -101 39 -29
-54 92 -5 -43
119 36 48 -94
-58 -84 43 -33
82 76 58 60
-26 -35 -62 -116
104 -125 -17 -19
98 0 -24 -21
22 2 59 -120
-94 55 67 125
-82 -48 47 42
119 68 -97 34
24 6 4 -94
31 84 23 -21
62 28 -61 96
-30 -34 -54 44
45 -92 96 -13
-6 42 88 -36
-103 -109 109 45
-112 26 103 -90
37 -119 29 -125
125 -102 -54 49
-52 63 20 -35
20 -89 22 73
-87 -126 54 -15
-124 88 -106 -87
-47 -56 111 -113
2 66 -103 57
88 1 -114 -25
-120 7 -113 75
57 75 -113 89
85 111 41 -104
45 -119 44 -71
-65 26 -117 114
-48 -6 22 45
86 45 -113 -1
-57 112 -17 -110
-12 34 104 -92
27 -102 99 -82
56 -62 -18 93
-127 116 -48 81
88 83 -99 64
96 -47 113 2
-41 -13 95 103
76 -83 57 113
125 53 1 -127
84 -97 -110 -60
-19 89 93 92
84 -29 101 65
74 63 -38 57
87 4 70 -107
-44 -3 1 -67
