-25 52 -35 -113
-21 -56 61 -107
-25 -6 83 87
-53 75 -40 -11
-28 -24 24 3
22 -75 -126 -40
108 30 -90 2
64 60 -107 33
76 -70 -106 125
108 -39 -79 91
-69 42 92 60
80 -113 62 62
47 62 -77 -20
-73 116 -64 121
3 101 -77 7
-107 -55 39 -110
4 -39 -68 -114
114 122 -119 -38
-75 2 -44 -36
-17 60 71 44
125 -120 47 -93
78 -47 36 -78
-24 4 -126 126
6 -74 -22 -124
-74 93 63 18
90 -84 34 74
62 100 -114 -33
-80 -113 72 78
87 124 121 62
-88 85 80 109
-46 -17 -75 -104
26 89 124 60
-4 109 -87 29
-113 -83 -63 -39
-57 -119 -40 1
108 8 88 -65
11 115 -47 8
35 35 -95 -5
-123 106 103 122
-87 -100 7 73
-56 -116 34 -95
-80 119 23 -66
88 -91 -29 44
-24 86 91 -93
65 99 -27 47
78 3 -127 -123
90 119 14 -25
-101 9 79 -113
-38 -86 -4 77
51 -65 -32 103
113 -76 125 -32
4 94 101 23
103 109 15 43
-99 -92 -115 32
-57 59 115 -42
-100 -62 42 -83
-66 57 117 6
-100 -100 -20 -84
-44 -98 62 -53
0 122 119 -36
89 103 62 97
1 -7 -101 62
-7 -12 77 105
-125 -25 70 72
27 9 -66 37
97 -77 106 44
24 79 -69 -10
32 -32 88 105
52 -15 -66 113
58 -76 -116 126
-89 2 3 -15
-27 -15 56 -47
59 -15 -126 2
92 -74 -41 101
96 97 1 19
-2 2 -75 44
90 32 70 32
119 -60 55 75
56 -5 17 -90
-104 -59 -12 -30
70 86 11 112
16 -31 73 -4
59 -58 80 -35
-125 20 124 59
36 19 -38 67
19 20 -32 71
-76 105 33 40
0 -89 -46 -24
1 -117 92 57
89 50 23 31
94 -86 -29 -121
124 16 -38 -16
121 116 -68 -15
-126 1 -80 126
12 69 -91 32
123 119 -119 105
-29 19 -80 80
3 20 24 -74
-8 33 24 -12
-53 -15 72 36
38 -24 -44 126
99 -16 126 89
-29 25 -35 18
0 -18 -46 66
-74 35 80 61
41 100 33 -60
-95 14 -107 -80
20 120 0 8
7 67 17 0
-95 48 76 59
-13 86 -9 -106
110 30 -90 102
-19 -77 54 -120
-101 -101 98 -107
-98 -31 -100 -17
64 97 69 124
-67 -80 19 -124
-93 64 -79 -111
44 92 30 93
-82 -11 -122 -29
-4 105 -91 -104
-35 113 -82 53
-33 -29 60 97
-12 63 125 85
32 87 33 -61
0 -110 -103 106
95 -74 -70 -61
-24 46 -104 -14
-96 47 -42 23
66 -1 27 106
2 90 -111 -24
33 9 -85 118
48 -89 93 42
119 -102 -29 -78
25 24 -115 -68
122 7 -71 -92
45 -108 -63 -120
110 16 14 76
-13 87 15 -36
-30 -62 -96 87
63 -42 -77 25
58 -65 62 -3
22 -70 -70 -42
-79 52 42 -58
-113 -74 107 60
-27 97 -120 -75
-68 108 -20 -123
-25 68 -122 -19
96 -12 -34 -81
-29 -73 40 -76
16 -115 -14 -4
-22 30 19 17
-8 -65 -109 -36
-70 55 -38 101
90 -11 -66 -105
-1 9 12 117
1 -70 -6 -127
111 -94 -32 -2
-10 -80 -39 104
109 -11 1 -112
61 103 64 63
-59 -106 -35 119
67 -52 26 16
51 101 -42 57
-99 78 92 -59
-81 113 -34 110
62 116 69 76
16 90 90 48
-43 -89 -28 -95
126 94 -27 -105
122 -118 118 -59
-28 -94 52 95
10 122 19 58
-32 -127 120 -59
109 -124 -112 -104
-48 119 -126 113
92 0 32 91
-44 24 12 50
35 -4 -95 33
61 51 43 -27
-116 -61 -63 33
40 -54 -85 -84
-99 13 -116 -33
-82 2 125 115
114 -93 87 -47
-38 -120 -35 26
74 -38 126 34
-13 -23 7 68
-70 117 -14 109
-53 29 -8 36
89 -107 125 121
36 10 -27 73
24 64 99 49
-29 112 -92 82
113 103 -32 24
23 62 96 -91
-116 -15 55 -115
-105 89 -29 -23
-98 -111 -15 -66
-44 -16 89 -42
13 59 -109 49
-28 12 61 105
19 -52 -119 71
-100 78 95 0
-76 -45 122 -17
16 -11 -59 -29
12 -103 52 -5
85 100 -75 23
16 -71 -89 -19
53 -86 58 39
14 95 -6 5
35 87 93 107
-53 18 111 -52
-119 -54 58 108
17 125 102 -121
46 13 40 42
9 50 -101 -6
66 -123 -99 37
38 -45 8 112
-19 -63 -42 116
17 -57 89 -83
4 -92 -58 124
31 -109 61 -20
54 39 -37 74
-38 -109 -89 -2
67 45 13 114
92 -2 -70 20
92 72 -67 -1
-23 39 -127 3
77 -36 62 121
63 124 -15 25
-72 33 38 -11
6 -70 -84 45
32 45 -67 -81
21 -48 -10 85
75 124 101 36
99 19 -108 57
18 -81 105 -79
-114 15 31 -127
-11 -74 -10 -125
16 87 57 75
-116 -54 96 -112
72 -26 76 24
28 -11 -120 -6
-36 36 -38 8
58 -68 50 -100
92 -27 -87 100
64 27 118 63
17 73 33 117
84 77 92 112
29 13 -82 -93
125 6 -46 -13
69 -81 25 66
-118 -72 -98 114
123 -19 -123 -9
120 -95 -10 -63
18 96 111 49
-117 -43 -102 -65
89 -42 -69 -101
49 77 33 -30
-23 -29 1 21
112 -73 -122 92
81 69 -33 5
-26 -125 53 -105
101 -75 37 74
74 -45 17 -43
-50 73 -18 -127
-77 45 77 -124
62 65 -15 104
-96 -94 -36 -33
-56 -89 26 122
34 54 -10 -125
-5 -78 -116 65
-74 108 5 94
94 123 -71 17
-16 -81 23 79
101 -43 14 -62
-53 51 -25 38
64 124 98 -90
-78 -30 -46 -98
-49 -37 51 63
98 -76 121 38
97 88 -49 124
-98 119 -22 -77
-47 5 -99 4
10 56 17 -54
-111 124 -44 88
-59 -94 -122 -75
66 77 -2 107
-85 112 75 -13
-17 121 23 55
-48 -33 75 -10
16 -120 4 -24
4 56 -103 67
-32 67 27 -35
32 50 -67 -6
-77 19 -107 -123
82 -36 42 -67
-106 21 -58 -127
5 105 -116 -38
-82 -94 49 -50
90 -83 27 -55
-102 121 -81 -7
86 111 -72 -34
-21 -65 -80 -67
-47 -102 -92 -127
-120 -15 -29 125
52 79 -81 -1
-72 86 -114 90
-100 87 -50 88
2 -19 26 -114
59 -72 -13 -121
-125 -17 23 110
-21 111 124 109
-110 122 -90 99
-13 -113 64 89
-9 101 -100 74
-89 57 -111 103
-42 90 -2 -84
-103 17 -115 84
-103 -60 10 -61
105 -19 18 -17
100 -17 86 -94
-17 -120 40 -15
108 -45 -86 41
-27 -122 52 -102
-64 98 59 56
-69 -19 70 101
-7 -95 53 22
-107 70 -58 119
-16 -124 -34 -53
62 -66 -34 -33
24 -73 9 119
3 115 -97 -88
101 -92 24 95
-122 -62 84 92
-53 -124 -49 6
-10 -15 -34 120
102 51 -66 57
66 -49 75 8
-102 51 45 -84
5 -58 26 -10
-60 -109 84 97
-108 -15 12 -81
-127 -38 14 -64
-90 -91 -2 11
-28 -51 107 -125
33 6 50 120
-118 -123 23 10
44 2 -115 40
2 -44 -63 -65
-27 -55 -111 -119
75 15 24 -90
119 35 -34 -33
-79 -59 -66 60
108 50 -50 -11
-8 75 9 34
-52 99 -93 -127
-88 -64 22 -68
-64 -35 -56 -117
-23 101 -114 -68
-98 -93 85 37
-123 -45 -5 -50
26 -66 4 -39
109 -86 -39 18
-88 -56 -89 -24
-114 -96 51 -3
38 -31 -105 -65
15 97 25 17
97 111 119 66
78 -75 -24 -24
51 -89 51 70
6 -61 7 51
72 -86 64 116
-113 -17 29 -95
116 94 103 27
36 29 -90 57
-31 125 101 27
55 -95 126 68
-42 -62 -118 -123
-5 -54 -31 -10
-90 13 31 -81
100 -19 88 52
56 -113 29 8
-123 29 -81 -60
-52 45 2 27
-33 -13 115 36
-92 -102 -85 -101
-59 20 -117 126
-54 -24 -90 6
72 -105 -81 -38
-82 -21 12 90
13 -24 62 82
89 97 -17 -24
-68 43 76 108
-28 112 -60 5
-8 -91 -56 -1
-22 113 -36 -97
-6 9 118 -77
-99 78 -88 -87
86 -117 23 -127
-82 -27 21 -38
-18 36 54 87
-71 -127 -65 54
-73 -13 40 15
21 47 73 -75
9 74 52 -71
-11 26 41 -93
-65 116 -103 -38
-53 -90 2 7
82 91 34 -37
-111 0 43 59
-20 123 51 54
24 -103 71 52
70 117 -40 33
49 -99 -65 107
22 26 28 -14
85 -79 71 -47
-44 -23 49 20
-10 -42 92 -65
61 -24 -79 -57
-127 96 13 94
87 51 -5 56
83 -66 -96 30
-99 -79 45 93
-98 16 40 -109
-110 -127 -50 -13
47 114 66 118
92 -15 -14 94
38 51 -65 4
1 -120 29 -73
-25 3 -96 -118
74 83 -18 34
-4 97 -41 -73
92 -96 50 7
-35 -120 -63 -71
119 -61 88 87
59 125 -56 -74
121 111 101 -61
-77 -31 -36 111
-120 34 -93 -32
-40 -50 -96 -8
-82 107 16 68
116 37 54 85
14 95 -73 48
82 -121 -54 -121
33 23 -43 19
-16 -3 19 -92
-99 60 -46 -126
1 -81 69 20
-117 106 2 67
87 -9 12 -108
-123 -91 38 94
9 98 -75 44
-29 116 122 -42
-20 -104 -47 74
30 -8 -69 110
87 0 96 81
-14 -13 81 -114
-119 -88 66 109
-103 -25 73 118
-106 107 110 -124
26 58 -99 -19
-30 87 -91 -53
-58 18 0 -43
-86 -28 -87 38
-94 -111 37 25
102 -6 -52 -41
-11 -22 -42 85
-101 -71 -97 6
91 40 -30 -116
109 121 -75 71
10 45 17 26
85 92 62 -6
-82 -64 2 124
-74 -21 65 -77
53 -92 -13 -102
-99 21 -117 -88
-117 36 -15 59
-89 104 99 -74
-30 -73 -17 24
118 22 -59 -72
-95 122 -92 111
20 83 99 116
107 -47 62 123
-19 107 98 73
26 66 117 -55
73 -88 -111 1
89 -67 43 -24
-86 -103 -89 -93
3 114 101 -20
44 51 94 -26
-30 -116 -109 -27
-84 59 123 -79
61 -111 -54 -71
-73 113 -81 -116
-66 -48 88 -45
-120 95 21 -47
87 101 -10 80
70 72 -103 82
-39 -116 15 -69
26 105 -19 -102
-81 -96 -118 -112
71 17 23 -102
85 -42 122 7
-114 -49 -11 -121
9 -13 48 -56
114 -69 87 93
-46 95 94 -12
39 99 18 59
106 -25 -111 -114
31 24 99 -20
60 -83 -30 3
-91 43 40 90
55 87 -20 -89
-113 -8 113 -124
-35 86 25 13
82 33 -112 109
42 -20 -2 66
-73 99 42 -94
30 123 119 -115
13 -110 32 -32
99 -5 -89 -82
116 -99 62 113
93 -66 117 108
57 -112 56 108
111 -7 -118 30
25 -25 -44 5
-63 94 49 -125
45 14 -8 30
114 -60 18 62
-91 25 48 65
53 110 79 -55
15 -79 -7 -40
68 12 59 122
-91 -67 101 43
-4 70 -89 56
-65 -82 -40 -117
-66 -51 98 25
71 -76 -124 -69
-56 20 -35 -65
-74 -11 115 109
-18 -54 -21 98
-71 90 41 113
122 -125 -8 -122
-123 -123 -74 -81
87 49 -119 -29
-108 -6 113 -67
-5 106 35 50
-46 -66 17 88
-125 32 99 102
-115 -8 -3 111
-39 -55 -60 14
-27 -30 -117 -23
56 -61 -5 92
-99 9 67 25
98 -52 42 -119
79 -88 -103 -123
11 59 98 88
-4 79 -90 -56
123 5 48 -38
18 70 -91 -68
48 77 -100 69
77 -47 -14 -88
-83 96 -66 -35
-13 58 -61 -72
-88 -30 -88 -37
77 109 -95 -122
88 19 -48 40
-36 -31 -69 -69
-80 41 -115 -21
-83 -39 53 42
-28 63 27 38
60 -121 5 107
-83 -70 121 115
-97 -105 42 10
32 -21 53 30
-89 31 -46 -28
-126 78 -51 93
-116 -89 66 96
-115 -82 27 -15
105 -111 -24 95
-30 60 64 -40
-19 35 112 -58
83 30 71 -54
105 96 98 -65
28 -68 -49 94
-91 93 -106 68
20 -32 100 114
-60 91 64 -111
-116 22 17 10
-10 65 -106 90
-8 123 82 -78
-114 64 47 -99
76 36 123 99
52 -3 76 -121
-99 11 -95 6
-17 -49 32 51
75 -70 87 -102
98 46 98 -99
-124 81 -29 13
105 -89 -113 -9
-99 29 -53 -12
-96 2 47 78
-44 -106 75 -101
67 -47 -2 108
56 -36 93 -107
-81 80 -27 59
-44 -122 19 57
69 3 123 -127
-70 -4 38 -113
34 61 35 -64
113 -103 -104 -116
-110 -113 108 80
-101 -56 -68 46
89 17 -35 -75
-120 -49 -101 46
-78 116 71 3
-35 64 44 53
-104 -68 -6 3
20 -82 -113 25
94 78 71 -111
-2 108 -44 100
-119 38 48 121
60 -65 86 118
117 -11 2 -40
-56 11 -64 77
81 -56 -107 -110
94 -64 -46 -18
111 -33 38 -96
-117 -83 89 -95
124 -26 41 8
-117 86 51 -40
-87 17 -52 -7
-82 32 79 -48
-74 -42 -36 20
33 74 40 32
114 124 -31 -126
97 -95 105 77
30 33 -51 -12
26 22 -25 66
38 -25 -38 46
-6 114 15 98
-22 -9 44 -79
-24 75 -67 67
-5 6 -119 -122
-55 -25 95 32
-87 -14 76 -120
-56 50 -36 -66
-44 -66 -17 123
-1 -121 75 -44
80 4 6 -70
-106 26 -1 -125
-1 -87 60 -22
-114 75 82 118
-116 -41 -116 13
-103 -83 115 -6
19 -73 110 -28
45 8 93 -9
-75 55 -96 -77
-84 -46 70 18
83 22 -91 -32
-72 -23 -69 3
28 74 115 -93
61 -35 54 63
79 -31 7 -52
-79 -34 85 31
58 61 -104 20
-91 -124 92 -20
-2 -108 60 24
-78 49 51 -32
-23 36 122 -11
-30 100 -62 -49
34 36 -122 -89
42 115 -13 58
118 -3 -116 3
109 -110 -88 -107
15 97 -29 -102
-120 -28 112 94
-41 -86 44 -114
-50 -126 -9 -91
-59 38 109 -87
-66 118 -68 -3
-17 -114 120 103
89 -44 2 103
-58 17 -5 -39
121 -100 -62 35
101 -123 65 40
76 56 36 -83
23 -81 -97 11
-118 67 -10 -114
-48 74 -35 -118
-52 -34 -23 -127
5 -108 -120 43
76 -127 -71 -64
-10 84 -100 -7
-21 37 47 101
76 37 -79 113
-8 -84 -72 28
-17 79 6 -20
123 61 20 -14
-50 2 73 -91
-108 -102 -99 -127
-9 -93 70 101
117 -69 -59 33
113 51 78 -116
106 -108 53 114
88 123 -85 -2
98 89 -78 -99
57 -89 95 56
111 43 50 23
44 -90 -44 23
0 -2 -83 -76
-48 50 106 -4
-9 -120 114 -43
1 119 -120 29
-32 -26 -123 111
-42 47 -94 65
-73 -9 90 43
74 30 -14 82
17 -102 8 -81
104 -15 -52 91
-56 -39 -82 68
-95 -127 19 -97
80 14 -75 -80
-59 -23 -38 62
92 66 114 64
70 -65 -55 33
41 -39 48 -115
-55 117 -51 31
105 75 -60 -30
-3 -26 110 4
-26 -109 70 98
-46 13 105 -105
-45 -19 -53 1
-40 126 -74 71
-39 85 15 -63
-52 122 71 15
21 19 -68 -35
89 33 -79 96
113 -93 44 -26
90 -117 -29 72
-18 78 -54 66
46 -119 -125 -43
-102 -56 -80 66
70 28 -11 93
26 25 -116 5
98 -80 -91 79
-84 100 -113 -85
48 -41 -58 -82
114 -20 -5 43
109 -107 23 -21
119 -48 -81 -11
-4 15 -103 -92
75 -77 -113 -60
-107 13 86 -109
-94 -50 -3 68
112 -11 -76 110
-101 29 111 28
-93 8 16 -22
36 30 18 -126
49 -51 4 -38
-39 -34 75 -121
-33 -20 -54 -89
13 31 -57 63
-72 113 42 61
-86 56 -92 -44
68 -10 -121 -74
1 44 -8 45
-22 -81 -5 13
-9 22 -10 -107
86 92 9 -102
-119 -113 -118 88
-6 -7 -3 42
-56 24 80 -79
26 -37 -91 -60
-78 24 -109 -28
-68 39 74 -39
18 19 36 74
97 55 114 -59
47 -79 99 -20
98 33 -9 21
81 22 48 -91
15 35 92 71
32 -117 10 73
-50 -51 125 57
126 25 -126 -64
-93 -121 -43 18
-61 -86 -10 -3
39 41 113 75
103 -104 60 -82
-109 -60 90 -26
-86 -96 39 -19
110 -92 104 101
-31 36 3 -55
8 -31 -5 -58
41 103 68 -115
-79 -68 2 60
-123 44 -101 32
21 -120 102 72
-78 -61 118 -84
-3 -70 -125 -42
-58 2 87 44
-126 -26 81 -93
-30 87 -98 -12
-120 22 -84 58
-92 69 -51 93
-97 -81 121 -73
80 -22 62 30
-7 -73 16 -116
17 16 12 8
84 -125 16 -98
109 -105 -36 -13
-24 -10 -123 84
-24 120 -20 -63
-7 -98 21 -44
70 22 82 72
103 -96 33 117
-112 76 -90 116
98 125 14 -92
97 23 -14 109
-62 -23 -43 -126
91 121 73 65
-53 -61 52 62
23 26 68 82
-73 -122 35 22
43 15 -42 -68
-27 116 106 -116
111 -79 -86 38
-46 45 -93 30
88 106 30 78
6 -61 -48 -121
52 -114 -55 15
21 35 -62 -37
2 35 82 78
-108 82 -118 -103
66 -103 125 -74
-95 36 -33 -114
-63 -18 -48 -74
110 -3 52 3
99 41 6 -103
13 -11 98 8
21 98 68 -103
-49 -60 45 60
-116 -96 0 -32
-36 13 -97 -50
-108 18 93 -68
63 6 32 -35
-85 126 2 -68
23 83 -97 115
-123 83 34 -118
-39 2 -2 -117
50 125 31 -72
79 73 87 -45
9 -29 21 -55
28 62 110 -13
-121 -48 16 124
-31 -124 -124 -25
-88 -111 -27 -25
-4 -76 93 -76
36 -4 38 103
50 -65 101 -12
63 -66 125 99
-121 27 -36 86
-114 71 101 125
-42 5 126 55
2 -66 91 21
118 102 -49 21
10 87 -70 -8
39 5 -63 -115
85 90 114 109
85 53 -46 101
45 32 36 81
99 113 60 11
63 21 -76 55
-11 -102 126 68
-94 -76 -16 124
-46 104 99 105
93 52 29 38
-86 -107 -86 13
-15 -23 64 -111
-8 9 41 1
2 -68 -80 -99
-31 -118 114 -70
60 104 -107 -100
75 119 -94 -120
59 86 72 49
-49 17 60 -41
-40 45 83 -59
32 44 65 -41
-27 -120 -51 72
121 -41 -85 1
-19 51 24 99
24 -111 5 20
-107 104 -70 31
-18 100 11 52
15 83 7 115
-100 -77 107 58
-123 -123 -34 118
-32 -120 -64 10
-90 -17 96 -16
92 -47 95 8
-24 25 -55 66
79 50 67 -79
-92 -2 -60 -50
-23 41 89 -6
-9 62 -14 -118
21 36 12 -37
104 -126 -10 -115
53 32 -33 16
-96 -96 -4 98
-117 -118 -113 -111
40 18 55 73
25 104 -69 -50
-4 122 89 -14
-106 116 30 84
85 44 -96 51
46 -15 -8 21
99 -6 -96 94
-9 -89 113 -116
105 47 -110 21
13 126 21 -2
8 -82 -24 110
7 23 108 96
75 -42 22 107
-39 -106 -36 -99
-115 82 -126 -99
85 79 52 -101
-78 -33 79 115
23 -40 -84 77
-106 43 37 61
-31 56 -125 63
-10 -109 -105 29
-98 -89 -20 -17
-103 0 101 -17
8 -22 58 16
-56 1 -20 -123
-125 65 4 -24
99 96 -64 -22
-30 107 89 -118
21 0 -82 103
91 27 -62 41
-16 -115 9 116
36 -42 106 -38
-70 -74 -116 81
78 -114 -7 34
53 -7 -108 -53
16 115 95 119
-58 -72 83 -27
58 4 -17 -3
4 -108 10 -104
118 99 26 -91
102 85 -74 104
-25 21 74 -90
46 -124 60 -71
45 -108 -111 -9
-57 -124 93 -114
-125 88 101 -48
58 -73 116 4
-8 126 -104 34
30 -46 19 31
60 -68 19 -79
-65 -18 83 22
24 -19 -52 -98
-70 102 -11 31
-28 64 -109 48
45 100 -34 55
-15 55 97 18
-65 -12 -15 123
92 123 -81 75
-71 124 -10 -83
33 17 70 -124
20 112 -81 91
15 70 -81 -50
-4 -53 -25 9
-38 16 -59 121
116 -67 10 -78
-125 77 -21 -15
-34 126 -10 109
70 -47 123 -19
-77 117 19 42
-93 -82 26 115
-59 -35 -64 37
84 -79 21 -54
64 -123 -28 -58
-38 -124 -2 103
-89 114 35 1
-104 -71 -28 -58
-87 54 46 -68
-20 60 -71 -97
-44 24 89 -92
85 30 24 -20
-22 30 -42 92
7 35 55 92
-114 -8 10 -48
16 54 95 -22
89 77 -58 -84
-55 -83 100 56
-21 -44 -46 122
-21 57 -107 68
50 33 91 -121
-58 -1 15 82
32 120 75 20
88 15 48 71
21 42 26 108
-8 0 14 -71
37 -70 -107 -46
-59 3 -41 90
37 88 -79 19
-13 -39 -43 0
12 121 61 41
33 50 -11 68
-1 106 121 -57
-42 119 -95 -47
24 -67 -67 -30
-100 58 -85 41
39 -42 49 -111
-30 70 110 70
-30 -63 -54 -43
-123 -126 -106 -16
-71 -62 -54 -30
16 -16 51 -3
39 -42 -52 -40
111 40 -90 60
-69 10 -29 64
115 -65 -79 64
-96 7 -107 -108
26 -1 -60 -18
-12 86 15 -8
104 85 -49 86
-12 -36 -114 27
-3 105 40 -70
-100 -102 -15 63
-62 25 120 126
3 72 -84 -31
-86 116 99 -122
39 52 -105 -39
-5 50 43 19
69 -77 -117 120
-116 -54 -120 24
124 92 -87 36
101 -43 -56 -73
9 -81 15 48
110 -24 82 -86
-68 84 70 -116
2 -121 -48 3
-19 -125 -101 -14
-21 -88 102 33
92 1 119 -120
-27 32 -4 48
-21 -27 -124 94
70 -18 118 -109
-96 9 -116 11
-82 -9 -112 1
-65 -19 -9 117
-107 30 -115 34
-124 28 -26 122
95 -69 119 0
-101 -59 -103 3
-31 68 -103 20
34 26 -2 126
5 99 61 92
93 -119 -12 102
50 6 83 -68
44 -7 11 66
47 -20 -20 73
85 88 98 86
3 -52 92 -98
90 112 -107 28
120 90 62 33
85 35 52 -94
-87 -77 47 -46
-70 -53 57 -105
48 0 22 -111
-59 -20 11 -34
-113 -37 35 -95
84 -3 -112 34
-62 99 40 120
28 -81 39 70
73 20 -4 -127
72 119 -41 0
63 -61 -124 58
25 -81 -90 15
63 -107 99 -71
-11 53 -82 116
14 100 76 17
-89 9 -29 124
-51 79 82 -13
97 6 123 91
23 59 -37 -30
-8 -82 -90 14
-28 117 -56 62
-93 19 -98 -50
123 -44 -15 -103
40 -40 -114 26
-26 87 22 48
121 -45 -18 51
3 42 -109 73
-100 84 45 -57
78 -65 -55 123
-4 -9 -7 124
-109 47 116 14
-8 38 53 -67
36 40 81 -98
-119 -64 33 -8
-76 -39 14 75
-75 99 105 59
-50 94 -87 68
123 -60 92 -120
-126 -23 -3 -18
-42 41 -8 -1
55 -112 93 -66
-15 48 30 -116
-93 -117 -64 110
-78 85 21 -59
-80 -108 -27 67
44 33 117 125
73 61 9 -60
-93 81 98 88
96 -63 -120 -83
-41 47 40 -52
54 -52 46 -81
-113 -23 19 -102
-76 -35 22 104
-107 -77 -90 -108
121 29 51 4
-73 71 -36 -100
-124 22 -52 45
-61 -42 108 66
88 34 -37 55
-23 -127 -56 -41
38 -122 86 25
82 17 -67 -116
-122 90 -101 8
83 -4 -22 65
57 -35 -19 113
-29 40 14 -93
48 109 -44 -72
49 13 61 102
-79 -82 -15 62
8 -85 20 -4
-31 -38 -89 -43
117 49 64 -66
-22 -21 -74 -2
105 -119 -40 -91
-79 -87 -111 -40
-107 -77 -69 39
55 -87 -89 13
64 -117 110 19
11 -51 -1 -82
-83 -127 40 -20
-109 -52 -56 72
61 117 -19 -116
61 112 33 -83
-38 -25 92 122
69 -120 25 -37
46 -41 30 109
47 87 49 47
-44 -46 18 66
-60 94 33 -1
36 -46 101 19
111 28 40 -44
-15 97 -52 -6
115 15 -87 39
-126 63 -99 -23
74 66 -77 -53
77 -118 14 82
-77 -10 73 -7
-89 -100 -125 -44
70 27 -11 -126
-35 38 3 16
-34 -88 -126 -47
41 126 -116 35
107 -63 -73 -83
79 90 -27 85
-66 -79 -1 95
25 -105 24 121
-90 -100 -107 54
-21 18 36 -29
45 -9 -55 53
102 -6 -98 60
-20 -30 -96 67
67 28 44 -49
-87 -65 -105 -24
-53 -80 32 122
123 -71 -10 -28
-4 33 24 39
-94 56 28 37
-121 68 37 -72
-63 65 -81 20
-109 29 74 60
18 92 35 43
111 95 91 -2
11 -79 -15 -90
-64 -59 8 34
48 -12 56 76
102 -63 -97 4
-15 -19 50 -59
30 -8 -40 59
-61 -53 -83 -124
26 27 46 118
-21 64 91 106
-77 -78 -122 -69
-3 15 117 -98
42 101 -6 -3
-91 42 -4 -27
-93 -41 6 68
-110 124 73 -15
-99 -51 -69 47
-2 116 17 -19
96 112 -106 -60
-59 37 105 -79
13 34 -19 -42
-75 -5 -41 51
3 -86 -30 32
-19 -77 122 113
-43 46 -1 108
-107 -84 11 -25
-60 115 1 -36
63 -104 -3 99
13 -17 -30 11
100 51 125 -111
-29 124 -46 -24
86 121 24 122
-109 37 103 -43
-120 -100 -123 17
-27 36 -10 19
-64 -37 -11 -30
-117 -74 45 -81
12 118 21 118
11 103 92 -123
81 56 -108 41
-82 122 -116 -58
-111 -13 19 26
-80 -20 108 -76
-32 -58 55 122
100 -26 -53 33
62 88 23 15
27 75 64 121
115 114 81 51
53 78 91 -46
-36 51 47 111
-124 7 -19 35
-80 -55 -56 -12
45 -47 -47 -15
97 -32 -56 19
-65 -90 -61 59
-59 -115 47 110
61 -97 119 80
-14 96 -106 -35
86 43 -61 -74
10 -86 -64 -2
-107 80 76 66
41 24 -93 56
-98 -71 94 -81
35 -109 -14 -120
-102 -15 104 -57
-98 7 -61 -63
-92 -103 -91 -127
15 -91 13 104
8 5 60 0
73 -1 -127 36
-93 66 63 -24
-105 -119 -94 46
78 0 -124 30
95 -26 -53 -29
-56 -125 14 60
77 45 96 -94
-83 -67 -45 -5
-26 -112 -62 40
17 -9 34 106
-4 16 -26 60
-62 66 90 -115
56 -17 31 124
-94 -89 67 8
87 78 -8 -2
-73 -101 -10 93
103 -75 -89 -63
17 105 30 53
-115 -107 19 -75
-109 -71 -103 86
-97 -47 55 -105
-96 62 -54 -118
100 72 -74 -76
20 32 -14 -114
50 28 -18 116
-75 24 -49 -106
-98 63 -124 77
-69 87 -120 82
-116 -9 31 78
-94 -46 120 -30
-1 -53 -23 76
-79 -49 57 95
113 122 -35 26
-110 -32 86 -90
81 -41 -40 -78
-120 41 6 -59
44 -7 -64 29
28 11 -7 -63
-21 19 9 27
34 44 68 -28
-46 15 -77 13
-45 49 70 -16
-72 76 51 37
17 58 87 90
29 33 -68 91
89 -8 55 10
47 -105 85 21
107 -115 -27 33
-104 -20 -117 -111
68 47 -103 -34
73 -107 -44 83
83 12 -91 -86
17 -27 118 -80
-25 -100 -87 -29
-81 112 18 78
99 108 -23 -4
71 105 -115 82
101 13 -28 -97
2 -112 9 -55
38 75 -74 56
86 97 -28 -19
-41 45 109 34
9 88 -120 -121
-92 -110 -125 -100
-58 108 44 21
-100 104 -74 54
-63 -28 -107 124
107 99 -115 -71
-79 -10 -74 10
-75 -84 -81 -75
-54 -82 -115 37
-26 -104 -126 86
-47 -28 14 10
35 25 3 -17
-26 -111 -116 54
-12 -104 -99 43
25 100 -6 60
-38 102 -63 -44
-9 28 -112 47
81 -24 -36 58
76 -101 118 53
42 59 47 94
105 34 37 6
7 96 96 117
25 -95 -73 58
-121 116 -71 -2
-116 -112 80 -85
-11 100 77 7
100 -17 -77 73
32 -53 -120 97
87 89 120 72
-83 86 -69 4
-24 67 29 105
29 -30 98 28
77 -49 -4 87
44 90 -124 -38
-24 9 -9 5
-72 -32 84 50
-53 15 -96 -100
-106 105 -111 -69
-38 108 71 -22
57 -102 -103 10
123 -83 -45 -117
77 53 72 -24
-60 111 -33 28
75 107 -63 -79
47 -76 -26 88
54 60 -71 -81
31 105 46 114
-102 113 -14 -123
-44 -76 -23 75
120 -74 33 50
38 27 98 -113
96 -67 -6 -107
-82 69 6 -90
-66 -42 62 82
-50 74 -82 13
95 94 -125 94
-122 -35 -120 44
109 107 -20 33
81 112 -53 -51
-78 -117 -33 28
108 -58 41 -112
-60 -29 124 -80
56 -64 59 -38
62 121 -52 11
-27 -39 -110 -109
87 -73 -26 -10
82 26 6 -124
-20 -13 -99 -69
-3 -30 -111 -21
-85 117 -48 66
34 119 -120 13
-22 -120 94 -32
100 111 -34 -63
43 -89 -47 59
-44 -40 114 -42
-35 -42 -84 9
37 -54 -92 -27
92 28 42 43
85 88 42 124
-24 -62 -73 72
48 -37 -106 -27
27 -7 -35 67
-20 13 45 -118
100 -119 54 120
119 27 -94 115
1 32 -39 -35
-57 113 -61 84
20 -11 -34 35
-29 -15 -25 -37
-38 78 -111 -110
45 -12 -35 84
53 -37 -46 -60
65 -14 -127 -70
26 -19 20 -12
-41 -118 -69 75
-87 -23 5 -6
65 17 -106 -30
120 109 41 93
-60 69 11 -72
51 21 -29 -52
-102 -13 19 -19
60 71 -81 119
-57 26 -88 5
21 78 4 -105
-22 -44 15 114
-12 -19 93 8
-87 -16 19 -16
-25 -82 28 110
121 91 -60 -6
-113 99 37 1
67 -17 -104 -101
-88 63 61 36
98 93 -104 -104
106 -124 -61 -94
57 49 87 53
120 -12 -105 -19
-59 -33 126 53
-66 41 -71 125
121 60 -74 -58
-27 -71 10 40
7 -25 38 -43
-67 84 -125 0
51 -42 -81 68
92 -52 -90 115
36 111 41 69
13 -41 -70 -78
-98 62 -27 -103
-16 27 51 78
57 -2 112 -5
-81 -10 100 -89
-112 120 -106 85
-74 21 72 113
-112 -69 119 -97
42 74 -96 59
34 126 -119 81
11 96 -118 86
121 -111 -60 -80
52 -17 25 -5
21 -27 -26 113
-63 63 89 -77
-92 -47 105 -1
-40 66 -24 -113
-32 39 -5 70
-127 111 23 -6
39 125 -2 -71
-47 34 123 41
93 -55 13 -58
-122 -44 -76 117
-125 -47 -65 -79
-52 -16 47 -19
55 64 -63 -47
67 90 -113 -28
-96 -32 0 68
18 -15 -45 -85
-12 35 104 -50
-70 -95 -114 34
61 119 4 88
-69 29 -45 6
-7 97 49 40
-45 117 65 69
-101 -48 6 104
-115 112 -64 62
99 19 76 -48
-5 -85 74 -39
20 -33 68 44
23 -126 -8 -106
-13 -71 101 -56
-121 78 56 -9
67 -14 -112 119
-45 51 82 116
80 -56 -4 97
-15 -116 -2 -75
-53 5 -101 12
17 6 -31 -123
-71 28 -50 -59
-10 -8 -69 -95
-66 -78 -16 105
-109 86 69 -5
66 94 -81 39
68 -95 13 -44
54 7 -49 87
-114 87 19 0
-74 93 120 20
-99 -104 -46 -65
74 -23 -71 8
90 -66 29 74
-111 -62 -122 -70
-59 28 -66 41
69 -46 90 84
41 49 91 49
76 -57 123 3
-118 -30 -39 -93
80 -126 -4 -104
-54 38 -106 26
43 55 -89 91
29 111 102 -108
91 -87 54 20
-20 19 -44 99
-17 -62 30 -75
-94 22 -61 6
79 -101 -118 -55
97 -32 -80 -58
105 59 -28 -69
124 -126 29 68
-63 -45 26 89
-118 -75 -49 -69
22 51 -80 21
-5 120 -106 -28
-30 30 -103 109
-100 65 -15 -83
-60 -121 -79 9
36 -45 1 10
36 -55 109 -82
-22 32 -96 -122
48 38 17 -54
-14 -101 -74 50
35 116 123 -43
-1 25 28 -17
-113 4 -35 -5
-55 27 26 19
120 -36 -111 -85
-7 -87 42 50
84 109 40 -89
-15 117 23 -17
96 52 -81 -65
97 121 -18 -59
-85 48 -94 -88
75 -67 50 67
-66 -70 33 -53
-112 -46 -34 -80
119 10 -46 -90
-1 -109 36 59
-65 -51 120 46
3 74 -26 -63
119 -8 -37 110
-120 51 110 106
81 -55 125 6
-21 -39 -89 -15
60 -100 -31 54
-91 9 -46 -72
59 -43 -126 61
-70 -21 -5 60
102 122 40 36
-14 124 -21 -91
-49 -36 -110 -30
-65 22 11 58
57 77 -124 86
7 -67 -21 -74
-40 -60 92 79
1 -73 -125 78
38 114 -7 1
-26 -90 -43 112
29 5 113 74
-36 -107 114 71
67 -19 -81 -44
-45 -93 68 -59
1 68 12 60
-101 -72 106 -105
25 -107 -67 -65
-6 -76 -40 25
109 -73 -82 -96
-73 -32 5 -92
-18 106 49 -22
-70 -89 -48 -31
-15 85 -67 9
-122 115 -19 -93
-89 22 41 -10
-123 42 -41 81
-52 87 80 67
30 -71 -1 86
73 -99 111 37
-41 13 32 -82
-12 111 -16 23
-83 17 119 -24
-43 66 101 6
-20 -110 -34 22
118 -95 30 81
-2 107 32 42
115 78 -6 10
111 124 -13 36
34 73 106 -100
-117 78 39 119
-81 118 -1 19
-10 15 -2 28
24 -56 -21 125
9 47 -95 62
97 -109 67 -54
40 47 106 65
29 50 -30 115
13 118 1 34
-35 48 111 77
-80 49 117 -64
-67 29 -89 0
-40 -102 -111 -57
-115 -59 -102 -79
67 -121 -70 -79
-25 -75 65 113
-66 -111 43 -103
123 125 3 79
-99 -11 107 32
-102 -4 16 -103
-74 28 -55 -8
-72 -63 -35 121
-42 -48 41 115
-20 51 -10 105
71 78 29 -45
19 66 41 45
-113 3 11 53
46 -98 -71 104
18 51 0 -80
66 96 8 -106
-122 76 111 57
-24 -92 -49 92
-12 -71 -79 45
-46 -62 -51 -83
118 -49 -108 64
93 -5 106 93
-61 -45 -125 54
78 -64 -88 -69
55 -66 4 123
-68 -12 -53 -6
95 -21 -32 -37
30 107 2 -66
-79 9 -36 31
-4 98 -67 120
79 -80 25 36
8 73 122 -70
-27 -16 45 -66
-89 96 -70 116
81 -29 101 83
64 -84 -99 -69
-57 -36 -119 -1
92 6 29 58
17 16 87 95
3 -107 -64 -38
-92 106 101 117
86 -66 42 -52
42 61 -115 -117
-74 -112 -120 -24
-69 -71 -88 109
59 2 -34 94
76 10 -84 11
79 -48 -47 90
-126 50 12 -13
-38 -105 18 -66
96 -15 0 -66
-90 121 111 67
38 67 94 -67
1 94 45 96
28 21 -6 -18
-115 27 -28 7
-106 -54 103 53
79 79 4 96
-105 -9 -58 88
-44 122 -27 -44
76 33 -100 8
-127 37 -65 -106
-58 -3 21 -32
35 -49 -123 -68
-8 -82 50 48
6 89 -72 -18
59 120 104 29
71 -24 -51 102
18 -126 -120 -53
97 54 -3 -90
48 -101 -108 12
-85 61 -97 -37
96 -67 74 67
-19 -37 35 -33
15 16 125 -115
-15 -93 116 75
59 21 115 54
75 30 124 -80
117 -93 -42 38
31 78 24 -14
49 96 -28 32
55 79 107 58
-29 -125 80 69
-43 -3 10 -45
-103 -60 -67 -99
-1 -109 43 66
-54 -67 43 25
-108 -80 83 -41
24 11 -18 98
55 -100 69 63
-69 5 -77 21
-116 -78 4 118
-15 42 84 38
25 -114 75 -96
11 61 18 27
-73 54 82 -8
87 -53 -107 44
5 -41 41 -69
-39 105 54 74
22 -45 -63 -64
-57 -124 65 15
-24 76 22 86
114 47 81 -35
46 14 50 20
50 -16 33 -9
-69 -85 79 -116
-88 -10 -108 94
38 3 28 56
-38 -34 -115 77
-62 -91 49 102
-62 -92 54 -102
-53 72 -20 40
-85 22 20 -120
-99 -88 90 30
81 0 -44 -12
55 16 46 -66
107 -121 80 -83
59 111 56 48
27 53 87 -40
-55 35 51 84
-91 106 81 111
95 -9 -71 -120
79 -33 -11 94
-18 -108 -4 103
-75 -9 -116 49
-111 -64 -86 -34
29 19 110 -117
-30 50 -57 -20
-70 -94 123 -108
-78 -26 88 10
32 -76 -113 101
-44 3 -91 -2
121 -88 -56 -88
108 -72 23 -24
11 -18 64 8
-35 -34 -72 -68
10 -89 -100 -79
36 -3 -115 96
-92 -27 -102 -42
-124 95 -46 64
38 -1 -40 -1
-8 87 -106 2
-97 -9 -117 92
-82 -32 62 69
64 102 -118 40
0 110 24 -29
44 -16 -68 62
-41 17 -63 119
95 95 106 -71
55 -22 53 56
98 -119 -106 13
-39 48 -110 -13
76 40 17 15
-22 -113 79 -65
119 39 -115 -47
-96 9 -88 20
90 91 85 -46
-51 80 73 63
-52 44 -90 83
60 -57 121 99
-80 -110 16 55
-89 68 59 -39
96 -66 104 13
-19 -47 113 101
6 83 -51 121
60 -38 -114 -33
-74 4 124 -89
-56 -103 -51 32
59 102 63 38
-8 92 -75 94
67 28 3 109
118 98 80 22
-32 125 38 72
119 -56 -66 57
-122 78 -96 -29
10 3 59 -52
49 -69 -97 -35
-59 62 -76 -39
-1 41 -97 126
85 122 -44 103
-1 22 4 -115
-83 -1 42 -14
49 -108 116 77
-47 54 36 97
1 15 77 -111
24 -70 -56 114
91 -19 -105 46
-56 -120 -69 90
-17 59 -115 39
101 113 28 89
61 -112 -9 -126
118 82 17 -98
-25 -115 -32 114
93 110 -34 -46
-115 43 85 -34
21 -16 -73 -47
40 83 -12 15
73 52 74 -20
95 -75 87 0
52 30 33 -71
-76 9 54 -17
-127 -84 99 -53
-30 80 -119 -96
-113 12 97 109
78 121 57 8
-56 27 62 -116
-63 -21 104 -86
62 -13 11 -25
43 -33 -111 97
32 122 93 85
-43 40 23 -72
6 -42 50 -26
37 109 64 115
-74 72 105 49
99 -13 11 -40
-79 21 -13 66
-65 -24 -45 -25
28 123 -111 -122
19 56 102 -100
66 -90 -9 -91
-13 116 -60 86
90 49 -85 36
-70 -115 -76 -70
-96 81 -23 100
119 60 110 -45
58 124 -29 110
-24 56 123 -100
1 42 82 -80
-88 -31 63 76
72 88 80 -14
4 38 108 27
9 -17 16 56
-52 -97 88 -9
14 109 -103 -94
-61 122 24 126
-10 106 -55 -102
20 64 -24 -118
83 -61 24 -123
67 58 -101 80
-15 -113 35 76
-23 53 -84 -102
47 34 87 -33
50 -44 12 87
4 -41 48 55
-16 1 118 -39
-62 30 3 -6
21 89 -44 49
-12 86 85 62
125 97 -12 -90
125 15 122 122
-18 52 79 -82
-103 -107 88 -7
-6 5 -58 -15
-21 -16 -20 -81
87 68 -37 -110
21 92 99 86
-24 23 64 67
-88 114 10 -39
52 113 72 119
75 -67 64 -123
-6 109 53 -73
-91 -72 59 109
-26 -35 69 -55
-69 112 -126 65
-24 60 -77 -98
-117 92 -20 -52
39 -38 77 -5
72 63 64 61
-3 54 92 -6
-34 73 -25 95
58 85 56 111
34 119 -97 -76
-39 -52 1 55
-106 -88 -27 -17
1 -63 121 63
106 54 42 21
-49 81 -106 38
-29 109 80 -120
62 47 -111 -111
118 -38 13 17
38 -47 112 -50
45 -122 35 -18
-114 111 -56 61
15 -74 125 -101
-115 113 31 117
120 35 -68 -122
69 86 -70 -79
23 89 34 -102
-81 -123 90 -108
6 70 -69 64
114 18 4 -111
121 -114 78 -115
7 0 -84 -9
15 -109 -65 107
111 108 35 -47
35 19 20 -28
35 32 -6 48
-84 -24 24 -67
-3 17 -57 -21
-78 -63 -29 -96
36 13 70 -70
0 14 37 -16
79 111 126 -60
-88 59 80 92
16 62 4 45
-38 -100 -32 109
66 -97 -125 118
8 -104 -113 43
31 73 103 -83
66 -120 -57 120
-20 -13 -25 106
-3 -71 80 99
-98 74 102 18
-14 69 -11 93
39 -68 -30 43
-2 45 23 69
-34 6 56 -6
125 110 -20 -124
-35 23 -122 -96
-22 18 -113 40
-6 -32 73 101
74 84 -122 -16
-8 -5 63 -61
-22 11 -85 17
-32 4 63 68
-47 -87 83 5
32 86 120 70
-93 -106 65 84
22 -16 119 -117
77 123 106 -125
9 -68 -52 -41
-114 97 -110 -15
123 105 -55 -105
74 -45 -3 47
-59 -81 -12 87
-98 -103 28 98
109 120 -16 111
-103 -54 78 106
121 110 -70 -34
-9 -1 41 -103
-50 -29 -12 -80
98 -118 -29 75
-117 -43 21 86
45 7 119 81
64 -2 -64 -126
-52 -7 -86 82
-74 123 -53 -112
113 115 -110 99
117 59 -38 16
-122 57 -20 107
47 111 -80 -86
-52 60 -51 4
103 118 2 90
-69 27 -101 -49
-56 -121 63 -17
-9 46 -65 104
-4 -116 13 126
-85 -111 -65 125
81 -8 -92 85
-120 -59 -38 80
-92 -100 -10 -35
47 -52 -27 30
23 16 -114 74
-57 109 52 -4
-3 -91 -99 67
15 100 47 46
52 -109 77 -22
-107 -64 37 -101
-73 116 -99 20
-103 -58 -65 36
2 22 96 -112
18 69 54 -28
-98 -83 -109 87
-94 13 43 -66
-10 93 -28 -106
52 52 -17 36
-55 103 115 19
-90 -58 -12 111
-49 57 20 -119
-96 4 -78 -46
-123 20 -41 -2
-53 37 -106 58
-60 93 -84 -94
-51 -86 9 -22
-33 7 -60 19
106 94 31 0
35 57 -43 61
31 -45 -33 53
-96 -62 59 -12
10 2 66 -68
88 -111 -32 16
-112 -82 39 117
31 -21 -40 1
11 -9 -43 -124
-57 26 -17 -78
12 -33 81 97
75 -36 96 -63
-81 92 53 -22
71 2 -22 -104
-124 -20 -109 26
75 -88 -78 43
-53 109 67 -116
67 106 -101 -15
54 66 -79 16
2 -68 54 -98
-44 38 -100 -103
-32 -3 -118 60
-86 -88 97 -51
120 -23 -10 -86
-81 37 118 80
109 -106 57 84
114 -21 -101 -87
-48 34 32 90
-39 -62 -116 40
-55 -52 -38 73
-118 -32 121 98
48 -108 -89 -68
-62 -63 51 -4
36 24 118 27
2 31 -71 -50
66 -99 -113 -116
-27 28 -44 -3
-25 -104 21 10
-18 -50 -27 18
88 14 34 0
-70 -52 22 120
70 -92 45 36
-106 78 -1 -48
61 -28 56 89
-32 33 45 36
20 -110 -90 67
23 96 -19 -5
16 59 69 68
21 -24 115 78
103 95 78 70
12 16 -47 109
-41 14 -67 71
-82 -96 -113 -84
17 41 -74 111
-84 -30 -123 -19
-101 -12 -41 -24
-5 78 -49 -85
-31 117 -97 -29
-111 92 -45 -18
54 62 87 -96
40 13 123 84
-93 5 73 -99
-58 25 -33 -106
66 45 -59 124
91 -39 -56 119
1 84 44 -41
-32 -53 39 111
-74 -40 75 29
-74 90 -112 -29
-108 -82 67 65
-1 -70 53 -17
1 -47 66 29
-44 -58 -120 -99
-16 51 33 3
60 35 69 91
-20 76 84 -19
-108 -55 39 -124
115 118 -109 -26
91 45 43 13
13 60 57 -42
92 -76 -17 53
-19 -42 -85 83
72 116 72 -86
-38 112 -13 -102
23 -85 -51 28
9 -108 56 83
112 -89 51 -116
79 95 55 78
-117 26 -86 27
-117 -90 -30 43
-109 64 6 46
-12 102 -15 42
92 -63 -29 104
-56 59 -76 -10
47 -8 -121 -117
-25 -67 -60 25
12 26 -26 -18
12 43 -77 -11
37 -82 -75 -40
80 -7 -115 -39
-3 -10 -74 57
-12 -10 -124 -53
96 -79 -121 -18
-6 -117 -36 54
105 87 45 -105
114 -100 107 -17
-71 -102 25 -74
-99 83 -31 36
-114 -50 -93 -98
-36 -111 67 80
110 30 116 -35
45 -49 -18 120
89 51 -26 -22
123 -81 53 -64
118 116 122 38
-64 -41 89 106
-121 -106 -47 82
113 41 -54 10
57 7 112 -3
-78 102 91 -76
33 -127 108 53
60 34 -124 17
4 43 118 90
-124 -127 -57 94
50 73 61 -93
-120 125 24 83
-92 50 116 -5
-85 -101 -96 -50
-7 18 28 124
29 -112 -29 -81
123 59 -97 -124
37 -111 -89 -80
46 90 48 -89
105 4 -98 30
-106 75 -62 -20
-116 94 -92 -110
-38 53 71 125
-127 -1 58 -38
-41 -38 109 6
-58 -84 72 24
-42 -109 -27 18
-33 126 -27 -98
121 42 -95 74
101 -116 -10 -34
27 39 9 118
21 -52 119 -99
33 107 62 -11
-113 -126 52 103
-11 44 54 -110
-125 7 43 82
108 38 37 58
33 -20 59 -33
-6 -117 -60 -5
82 68 -15 -30
-35 88 -106 66
44 -1 6 42
-103 119 57 -43
-73 123 16 -33
14 39 28 96
92 51 -9 49
-119 58 45 22
32 69 87 69
-86 -75 96 59
-54 123 -89 -6
-113 71 29 -5
-17 3 -45 -118
-36 -99 79 -93
-122 12 -17 -90
-51 -35 19 -61
8 -120 119 -6
-44 47 4 51
-43 67 -83 8
-41 -112 -51 67
112 -119 -68 -50
-51 117 121 -57
-113 -57 -26 98
41 -106 24 -15
101 44 -127 -118
107 80 -18 72
56 -15 89 -78
-116 -39 81 60
26 110 -16 -50
41 36 -7 -105
43 6 111 69
43 -103 -110 62
13 -85 -50 -100
18 -69 60 -65
57 -36 51 -72
27 32 -17 9
104 96 84 92
97 -60 -82 121
98 112 -61 26
8 -122 80 -104
48 103 -34 45
-115 69 -103 20
-10 -46 -17 -46
-62 74 119 -83
-14 47 -65 -52
111 77 -14 -17
121 55 75 19
-93 103 -75 -102
110 -114 -10 -83
44 88 105 65
-77 43 -9 86
23 56 118 -109
-46 -52 55 92
-36 60 59 -95
19 -100 -5 52
125 -2 49 -91
26 -29 -30 -1
99 40 -48 -90
-51 -2 -41 124
-74 22 -112 -100
112 35 60 45
-82 -56 108 55
119 86 -43 -102
104 -43 25 105
-63 6 23 -13
-64 -41 43 -21
23 -32 30 -51
107 18 -41 79
97 21 -71 -25
23 -37 -83 44
82 -40 -13 -81
40 51 42 7
-78 48 -44 -37
6 -37 9 117
-19 -71 -97 -107
-38 -88 -16 -83
-51 49 -41 20
-27 118 -11 -36
17 -100 41 66
-103 -70 114 -87
6 -53 121 125
-90 6 45 -53
14 -62 40 -125
119 -11 -29 97
24 -109 18 64
113 -12 -3 -40
109 -93 62 -127
100 25 45 49
124 -2 107 98
-39 16 98 93
19 23 83 -103
-112 54 115 -55
1 -86 19 97
34 -48 108 -24
55 18 -94 -39
-3 -83 6 -107
-6 -58 -32 -23
-80 107 -89 -97
106 -118 -98 121
116 -110 60 -40
116 -3 -55 95
-113 -124 63 40
-119 -19 9 26
4 81 -112 15
-29 -7 -76 -59
119 -123 -108 -49
18 -17 -126 -35
-115 -124 42 -19
-54 61 -33 -23
-120 -61 112 63
-18 -119 94 -11
-117 -29 101 125
-86 13 36 -8
13 -116 -91 -54
124 120 -55 -76
71 2 118 -72
-68 -105 -25 -88
-64 103 -43 23
29 78 90 51
69 119 95 -39
-97 50 -108 108
55 81 109 2
25 -115 -6 -25
92 -22 -9 -58
67 58 -29 -46
-53 -10 -44 64
-59 83 86 -69
60 83 -2 -17
-66 16 0 88
-23 -60 -113 89
108 55 -93 55
-114 49 83 -26
-28 -121 -98 83
-79 89 16 -17
118 104 51 -56
82 92 -48 116
-45 -86 -111 63
45 77 -121 27
-118 -94 -92 25
-122 24 18 87
6 -99 -2 25
55 -47 46 24
-53 -102 -1 -13
-2 98 -100 3
-53 38 61 -50
51 -38 48 -107
-74 56 -25 94
-69 -56 51 -108
-16 96 86 -69
-57 9 -19 1
29 63 72 -72
118 68 -93 -5
3 118 109 -24
-121 -101 -127 91
80 102 71 44
-41 -87 -5 -53
-86 -11 33 50
-65 100 37 105
59 -1 81 99
48 5 -80 96
-125 -12 47 62
-29 -12 -114 63
-16 125 -67 31
-33 -111 -4 -104
-12 23 -46 -78
118 78 114 -49
-49 -58 -101 -113
-78 -92 119 -120
-49 3 62 -81
77 -23 -30 88
104 -32 61 32
94 -12 113 -115
-127 -94 62 -49
108 -50 -7 -35
-30 -46 118 71
93 119 31 64
125 25 -90 -114
8 -37 -74 2
81 -27 78 -39
-72 -34 -35 -44
-43 61 117 -106
-93 101 -112 -78
-6 0 -15 43
-111 -48 58 119
2 4 -43 39
98 -34 6 -47
103 89 -59 -59
20 64 -112 -77
-23 37 104 73
69 42 57 -62
-119 -21 -28 -42
-64 86 -106 34
55 29 38 123
-18 -31 -110 -57
65 -1 -31 -127
88 4 -124 -3
-46 -101 43 -69
-96 33 -100 -22
-23 55 100 60
-58 -66 80 -94
-41 -14 -22 88
-72 -15 -115 56
-110 54 77 -15
101 43 -89 61
42 81 -49 18
23 54 115 -98
122 -30 -70 68
-61 -57 120 18
-22 -121 -88 -58
86 122 65 -60
110 -79 -76 -14
-21 -99 21 90
-50 -119 123 47
-52 -86 51 56
51 70 0 -108
88 27 38 -56
-63 54 113 -15
-104 0 47 71
-45 86 -65 57
55 -68 -29 -66
-98 93 -106 75
84 -2 29 115
41 -86 -30 65
-97 30 -16 18
119 -6 -111 -90
14 87 89 79
-18 56 -106 67
-72 -9 19 -71
44 98 -93 -14
-3 1 -76 -43
93 70 37 -63
51 1 91 -107
53 -112 108 -5
-67 -74 40 -102
-48 92 -63 -28
-54 64 43 -111
-7 59 -105 7
44 53 -57 -20
-49 34 -82 109
68 78 -50 -112
-57 -32 19 -126
-118 50 -3 -47
101 12 -58 22
-96 -23 -44 1
54 111 117 -70
70 83 18 6
-83 -31 -105 -105
26 77 7 -49
-84 -101 -102 -31
79 -92 -19 -73
64 91 57 -59
-67 2 -73 -6
-31 -48 -41 -90
-9 80 -50 29
26 -93 -49 -61
-41 29 -94 -31
41 41 23 -57
-125 -70 -96 -97
-46 -85 7 -23
-127 -67 -114 52
96 -122 -25 -118
-57 -38 98 30
100 21 -2 60
81 -31 -54 -13
63 111 42 -77
64 76 -72 80
-87 -96 -113 -66
27 -100 81 -64
110 59 114 58
2 -1 -92 -14
71 -115 -113 -39
87 60 -106 63
90 97 75 -54
-103 -27 48 43
-11 38 -87 45
-40 40 -18 -8
-31 17 88 101
-71 2 -32 -7
124 -66 88 9
-60 -47 -111 -11
-78 -16 -34 40
58 75 -43 21
18 55 29 24
-54 -19 17 -110
-86 112 84 -27
-83 -46 -111 -55
-114 49 29 95
4 -46 123 20
-8 -8 -81 -21
-20 -119 77 -49
27 -113 92 101
119 -109 -38 52
-102 89 26 26
46 -36 49 -46
96 53 3 66
97 -86 -109 -111
108 33 -52 49
56 -65 3 -21
-79 -73 26 -29
72 -76 -28 -11
-10 -121 -82 -82
-28 16 24 61
-74 -66 1 -79
-103 -118 -10 80
16 58 72 29
103 -36 6 16
20 -48 -57 105
-50 -85 26 -38
-50 71 33 -102
-7 -83 84 -65
67 52 -60 125
26 75 -126 14
-20 -98 -79 12
90 -84 33 -115
-50 88 -2 -30
108 -102 21 28
-80 100 40 -62
106 73 -41 -49
77 -105 -47 126
-80 -4 2 -44
-108 59 -82 3
55 -116 -88 -62
-28 -50 -112 -45
34 -84 125 110
6 77 64 -28
-106 -110 -116 52
-5 118 94 -11
-77 104 -57 96
-80 -109 -122 -44
27 -75 -21 -27
-80 7 59 -59
-117 15 64 3
-6 -59 -105 53
-91 -119 -113 3
-35 70 -111 26
21 -56 21 -7
-117 38 -56 -22
88 -3 -93 -9
-114 119 -114 -118
12 -90 -20 -9
110 -94 41 -118
-6 17 17 67
62 95 -13 -127
-116 -25 -124 42
13 -30 -22 -43
86 -7 4 -46
69 -109 2 -116
-47 -54 -30 -122
8 -3 -77 -117
63 57 -1 12
-55 -126 -120 122
11 -4 -75 100
-118 85 84 -16
-120 -92 93 -22
76 125 -114 112
54 114 85 -42
21 108 -78 94
39 -108 88 -41
7 9 1 26
38 -90 118 61
-84 -42 -84 -54
-9 62 -6 6
17 -77 114 -90
24 -77 -118 -8
72 21 120 -58
-43 -71 -2 -89
88 -95 59 -110
56 92 -71 116
-32 76 -80 -86
-101 -54 -18 121
52 42 -96 106
-102 -103 -53 -105
98 -71 52 104
-2 -41 93 -97
-64 71 104 -95
85 -126 -110 47
33 101 98 -44
-93 51 -14 125
118 18 -18 126
-40 -56 -3 -98
44 -75 10 -41
52 49 11 66
58 90 36 33
47 -115 -88 -39
-60 -86 19 82
101 -34 -109 58
-105 123 -74 80
-63 12 -104 -94
-75 121 8 -110
-71 -16 -123 26
30 54 -115 -45
-99 -125 -38 -24
-5 58 122 -52
2 75 -20 28
-46 -51 101 86
76 -126 -1 101
7 -102 90 -40
76 -112 23 40
126 60 -55 -96
-113 101 13 -123
75 -54 -76 -51
41 53 -18 50
15 -22 120 -1
-121 -88 28 32
-29 15 112 100
-43 70 -63 4
-117 -20 -102 61
37 23 93 -43
112 109 109 113
91 103 40 77
23 -5 16 94
61 -60 -24 -48
31 -75 -22 25
-84 12 -38 -27
112 -31 92 -119
-116 -59 54 116
54 -100 -72 -29
69 98 -18 98
-51 -25 -22 -19
-16 -70 -50 -53
-86 38 -60 53
-95 -57 -72 -23
72 -27 -77 -54
43 -7 15 38
15 -123 93 -45
54 -77 -118 12
118 -124 -33 18
-48 104 -92 -103
87 76 -30 36
-27 67 -119 -67
-75 18 43 35
126 -65 -7 119
98 -23 78 -124
-35 41 45 50
79 -100 42 -48
-52 -12 -59 -30
106 -127 39 -32
90 -111 -16 123
-37 -40 35 46
42 118 39 -38
-79 62 -90 23
22 4 49 -69
73 -60 71 87
2 -79 88 104
119 -2 95 111
31 -17 40 -80
-77 -85 -30 55
88 49 -4 90
-48 57 -17 77
15 -101 68 80
64 94 108 30
36 67 86 -15
-42 -14 121 114
119 -4 -79 -52
-73 85 -72 68
-33 -84 31 58
-41 118 53 -44
79 23 28 -112
37 21 79 17
114 -91 -51 19
30 -83 18 78
-66 36 -28 84
-76 -109 -19 -84
-121 121 44 -11
-60 123 -94 66
-59 -73 -118 96
-86 -87 77 103
69 -6 10 -118
-26 91 60 0
51 21 8 65
-36 -15 103 -50
-43 -98 85 -79
-119 17 -59 -70
57 -66 95 -76
61 -88 38 43
-65 19 100 -78
33 13 -50 120
-31 62 93 -85
49 -92 -6 -20
-118 -33 -122 -71
1 -57 58 91
-107 -36 -1 -48
-72 110 87 -12
20 102 54 -103
28 -123 -8 -107
-110 47 70 -71
-35 -109 0 -31
65 109 3 42
-107 99 105 -88
-61 25 -1 109
102 109 -73 84
52 44 -19 -30
85 56 55 -16
87 70 -13 -11
77 113 -41 73
-47 125 -62 -109
83 120 7 -10
63 -86 -86 -69
-108 -55 -111 -101
47 -126 -65 -66
-28 -109 -111 -59
39 82 -11 118
123 71 -47 -89
-92 40 45 4
102 25 69 30
76 68 88 -99
73 68 -77 24
-114 -59 18 42
-71 83 -116 82
-111 -98 -40 75
-29 -105 81 1
-49 -96 124 -119
-113 28 24 60
125 35 86 -101
83 -19 -52 20
-63 85 49 -19
1 -118 -81 -5
-69 -32 62 -25
-4 -42 18 -16
46 32 -101 92
-110 123 39 49
93 -46 44 -56
-74 95 126 34
-57 36 18 124
-90 59 9 123
73 110 72 51
-93 -46 5 14
92 30 -124 39
84 64 25 28
76 66 107 78
22 31 -105 -80
20 -3 38 -73
-60 79 -40 89
-127 7 57 -33
12 -22 5 -20
50 -86 -26 -4
12 -25 18 66
-54 79 94 -20
-6 -111 68 -57
-66 -87 95 115
124 123 119 103
-9 34 70 114
102 -83 -70 51
-2 34 -84 -113
-50 -58 50 -27
114 32 67 -125
86 -42 -54 -77
-61 125 -52 -35
48 17 -121 -115
-8 -62 -124 10
103 -40 -111 -76
6 83 -59 96
74 9 91 77
83 -107 -104 102
-124 24 59 99
-125 -60 121 -27
40 48 -74 -93
95 -72 -20 89
-88 77 -60 -82
-50 13 27 -122
-111 36 104 113
-29 -47 105 -126
121 -51 52 -62
-76 -36 43 123
90 -106 -17 -21
55 -61 99 60
58 12 88 -59
-44 -25 -89 -115
-87 -71 53 109
-116 -115 -8 74
-31 -71 -88 -10
-48 0 45 -93
-125 -8 -123 90
-117 -2 -57 -11
56 10 -22 -12
34 -61 72 -97
-53 109 -57 109
-62 -58 -87 63
32 -108 57 98
50 80 25 12
71 -89 17 -83
11 -58 -3 23
-37 110 -58 38
2 86 -44 -39
-49 124 -15 -35
-56 37 -79 -76
-95 -106 -14 111
5 103 -110 38
-10 -11 -91 94
115 95 -64 10
-49 42 -5 48
-84 -46 -41 97
-112 -74 -26 35
-30 28 -126 -34
13 41 80 -69
-59 -9 -36 53
103 -83 20 -104
61 -37 -34 -70
109 27 26 0
-121 42 -81 -75
59 -90 69 87
92 98 -75 15
96 26 -80 -33
19 9 -64 -35
54 -3 122 51
-89 -124 -2 -125
120 -64 -99 -12
-117 -31 -26 58
75 27 97 -107
-89 95 -26 -82
-62 -37 36 75
-17 -46 -5 65
63 -29 -93 31
28 -25 1 -103
-85 102 -44 67
63 -77 2 82
-2 108 125 64
74 -59 -119 -126
34 60 102 61
31 -118 -14 -52
36 118 -43 -79
111 -58 112 49
3 74 5 110
90 61 85 109
-38 102 108 -102
-56 -123 126 -113
-5 16 -127 16
37 -125 52 -81
-33 -115 -8 80
-73 107 21 -62
54 27 38 -38
58 -66 123 -26
46 89 11 72
-120 -31 -11 71
-64 102 -107 72
-13 118 63 -43
64 120 -108 -120
-70 -82 -97 114
121 -35 112 -119
-113 -34 26 10
-99 118 -48 -92
-44 -19 -10 -91
-42 -57 23 41
104 -35 -48 -26
28 48 38 31
-114 -11 97 121
-55 121 -37 88
77 -38 -99 51
-79 43 92 92
-56 87 93 5
-86 7 -86 36
-23 -101 -70 -82
-62 -103 -55 -11
27 1 -41 -54
42 52 25 54
-3 -61 -122 -3
-70 -58 -75 -62
-70 122 -46 -41
-126 76 22 -91
20 -25 -104 -16
84 -63 65 81
123 1 -11 -12
109 94 -23 111
-125 -82 -73 -53
88 86 64 108
-83 26 -51 65
-104 74 -93 -104
-100 100 80 104
-112 -69 81 115
54 79 16 -113
121 98 -117 65
-49 90 -13 -60
-85 -59 99 13
10 -53 82 98
-25 -87 106 50
87 71 -69 -89
-125 76 -121 -79
-102 33 -27 48
-49 -126 105 -1
71 32 4 -108
114 -11 36 -96
-100 -51 -127 60
-72 -93 -16 -98
-74 -92 121 55
89 -48 -70 -45
-63 -59 0 -77
-106 88 -21 -19
-12 -27 53 -28
36 -60 -92 52
53 82 50 80
41 18 -106 -62
-107 -28 0 -84
-25 -81 -89 -99
-74 -38 -43 -111
-48 60 31 115
-55 95 78 -79
-27 -126 116 48
110 14 -69 -31
-29 58 -25 58
111 51 84 -126
115 -87 83 -5
101 -46 16 4
12 -99 7 -114
119 -116 -29 5
-47 122 -22 -96
-54 43 -47 -59
-83 -22 9 49
33 100 -28 18
-119 -66 57 -99
-3 -14 78 25
15 6 -8 42
29 -49 -35 -124
-46 114 57 49
44 103 80 -53
-114 3 115 -14
-66 -22 -64 -26
45 -22 82 58
-108 -70 -16 89
-71 102 77 68
-9 78 -31 -36
-76 -91 -120 -84
-30 108 5 -10
-59 31 -83 9
106 -96 -95 -2
-61 -98 -14 76
-99 3 90 57
125 -98 9 26
2 -66 -125 46
-60 -103 51 13
103 -84 35 -73
87 9 2 61
118 -87 44 -64
-97 108 -81 2
-32 82 -51 -18
-59 -70 -22 -84
-54 -72 43 -1
89 34 101 -98
-57 70 -10 -73
-61 13 -125 -102
-71 -2 24 -75
70 -85 60 58
-79 -86 76 113
100 66 -117 -25
-30 90 18 -43
-28 -24 52 -82
-84 -106 53 59
94 -14 107 -3
-4 -98 -120 -30
-71 -17 -55 -13
-108 104 -103 -109
-123 -53 79 0
-56 83 87 27
-88 96 -102 -101
62 -45 0 50
42 29 39 60
41 -95 83 101
83 -31 -17 -112
-105 7 -102 -32
-116 -56 5 -22
92 -11 69 49
-102 5 -106 79
-115 28 33 -21
-105 -31 107 -110
114 -11 -98 -102
16 77 -89 33
26 48 65 113
38 2 -15 6
-82 -78 38 -22
88 18 27 41
-56 92 -54 -111
119 62 29 58
-58 78 22 118
-122 -102 39 12
-29 14 -106 -77
23 48 71 -24
50 -39 13 85
105 10 117 55
123 -119 -49 -76
2 25 -115 98
-77 58 -94 -93
102 3 106 -8
59 -58 119 48
64 113 19 -61
82 -25 -55 -12
76 5 -61 11
-7 -34 68 69
1 -37 -36 -65
-99 82 -116 -51
-87 2 -91 45
80 48 -104 -29
22 -28 11 119
-70 46 -99 35
112 118 15 -68
-33 -86 105 -85
80 -54 49 64
32 -64 115 -126
24 87 -62 38
-97 -13 104 -102
-99 67 122 -50
-103 -80 -63 53
-61 118 -38 18
9 -90 -41 21
121 -63 21 -101
-22 -5 70 119
-84 -28 -100 45
-111 -1 -5 40
122 116 3 -52
103 76 66 120
-82 86 87 30
-59 9 -43 -117
-59 -29 -37 113
66 88 31 33
39 -34 46 37
-13 92 60 -97
-117 -41 -7 2
104 -23 -101 99
-126 -25 -27 -107
-70 5 52 45
-43 -35 -108 -67
-90 20 114 -103
2 -7 32 -102
70 41 121 -61
97 -127 -77 -123
-115 19 12 -80
25 -71 -13 -93
-52 -34 -123 98
-106 -25 77 57
47 54 3 -4
-75 84 31 -59
88 -24 118 33
72 88 50 84
124 -112 114 -12
-52 77 -19 106
-89 -39 46 96
126 88 -16 -81
44 9 104 114
87 0 50 -51
60 123 96 114
-113 -92 113 -65
-59 86 80 41
-54 -104 82 -79
18 -121 -124 -38
69 -68 -73 -112
99 90 82 -99
23 117 -114 -49
49 -95 25 -107
17 -105 -71 107
81 58 14 -35
-108 30 -109 53
-25 56 -51 82
23 62 110 -95
103 104 -110 -55
33 32 61 54
-111 -109 91 -58
99 -8 -27 -94
-44 25 68 -54
74 -40 -43 -117
-37 16 90 61
125 94 -1 -15
-48 -121 -112 99
122 -112 40 126
-116 -93 113 -107
50 43 100 112
-111 -96 -87 6
88 -101 20 25
-62 9 -36 53
-67 38 -125 84
70 -25 97 -73
-127 -27 70 -83
98 47 79 109
-102 -7 14 122
54 71 -82 -6
-97 88 -69 95
-99 -22 96 -111
14 104 36 58
112 -104 -19 63
118 -37 -103 59
-96 -12 -46 -18
18 -91 -102 9
124 99 -64 -56
20 54 -22 -42
83 30 -75 -36
-29 107 63 -117
-97 49 112 103
-28 94 -41 19
12 -113 31 43
-27 37 79 -99
-14 -21 26 -20
2 -44 -113 116
4 86 -78 38
-105 -69 -38 -13
-53 28 120 66
-5 8 29 11
101 -110 55 126
-78 14 -10 74
99 9 99 11
63 -20 76 -61
53 39 -50 56
28 -53 -89 -103
-107 10 43 -113
83 -80 -42 21
60 -12 108 96
-78 23 13 -59
-124 92 -50 72
-119 -7 -13 35
-27 21 58 18
-31 72 115 113
-47 -85 -33 98
-122 86 78 -61
12 -28 -116 109
-62 -126 15 23
29 -47 96 7
94 28 14 44
30 81 32 110
-58 -13 -40 -122
-101 -46 -40 101
-8 -104 -26 -94
40 -81 79 75
86 118 -104 -63
-110 -84 -52 -71
-21 28 104 -4
71 23 85 34
11 86 106 35
-12 -35 -86 -100
-5 82 78 82
92 -104 8 -22
-10 109 -75 72
4 91 -28 -123
97 -79 -30 -98
-56 -25 -65 47
-102 57 -91 98
-121 -1 40 -36
39 62 -25 92
78 -75 114 102
4 106 82 -20
-16 25 -121 102
28 69 -61 -20
95 -17 106 122
20 -45 112 -4
11 -24 -61 87
-121 23 61 71
-18 -94 -22 19
-70 -119 -80 -13
82 -87 -80 45
106 -103 -12 -50
-20 -103 19 -89
-9 -49 -48 -101
-24 -54 63 -60
115 19 -100 85
-5 111 78 33
112 10 -45 -98
-106 -125 -27 -23
82 75 48 -126
76 -74 -122 -21
123 40 108 93
-5 94 -126 73
-17 -126 -35 97
74 98 108 55
72 -27 118 60
-31 -17 -122 108
-1 -24 109 19
96 27 -127 107
116 -95 126 -88
-96 69 -111 -2
-120 -71 -86 -30
9 -8 -41 35
114 71 79 53
-74 -44 114 -103
-61 124 62 55
46 24 98 -82
-106 11 48 -120
-89 107 35 -79
-82 -90 8 -74
37 91 -36 -88
-94 -32 -49 108
-1 -111 33 47
-18 -76 -10 80
93 -119 -95 60
-15 93 77 21
58 -43 69 -118
-122 120 -13 -7
13 -63 -108 -71
111 -82 8 -118
73 -15 105 67
11 -116 10 25
49 49 89 -117
62 -10 36 -89
-75 90 78 103
-72 -24 1 -72
-10 4 125 -98
-116 120 -93 -51
52 31 -26 107
-41 68 -76 -48
7 -106 93 -53
56 97 -70 -35
64 123 -25 12
-121 0 123 -73
103 -22 -66 112
-38 104 73 105
-30 109 -51 55
-9 -92 -39 24
44 17 2 13
31 -35 -14 -100
60 27 15 95
104 79 -95 -108
42 12 -27 73
-105 72 96 -16
-114 -37 25 -51
119 -43 -19 -97
101 112 -6 -21
-74 5 13 28
-85 -39 -13 -29
-81 103 -57 38
96 -61 -66 -19
39 -91 -9 114
-42 -2 8 81
-76 -37 -95 110
-47 -86 76 -16
110 -2 27 112
8 23 124 -22
-3 -15 -64 -5
126 93 -14 -108
-112 17 80 -109
-8 120 8 38
-90 53 -35 -23
-28 -38 31 -84
60 -52 119 17
-49 -55 39 42
48 12 -32 -39
-25 18 79 96
-122 -6 108 43
-12 35 98 102
120 54 121 -66
69 82 16 8
-39 -32 -2 -38
116 -42 31 107
10 56 -7 -52
117 -36 -58 123
20 5 -105 9
-70 59 93 80
54 -82 -106 64
-120 -5 -108 51
-50 -89 -91 50
34 -53 -10 -24
33 -97 -5 -74
44 -94 114 71
-6 -15 118 -66
-105 -82 -72 7
-10 89 61 3
123 38 84 34
-15 -84 0 -20
30 -111 -69 10
-29 -44 18 -83
-20 91 59 -66
-69 49 100 63
87 32 10 -117
-26 -58 -5 105
62 47 -94 100
-27 17 104 -24
54 76 85 -88
-109 -61 -46 53
115 -64 -45 -81
-122 -112 72 112
18 52 48 43
-89 49 -15 12
109 10 -57 -18
-73 1 -79 36
-107 -91 -12 -104
-73 -103 7 -1
106 81 -35 -34
-57 97 71 -6
-104 -117 -55 -116
-93 63 68 100
92 57 13 -105
-45 106 101 39
-40 -48 -31 12
-94 71 -53 31
93 0 62 13
-97 2 -25 -113
-71 -53 -94 -25
68 -53 -99 66
125 -112 39 -51
-91 -47 21 44
-4 -109 71 -26
8 -51 101 66
-87 126 75 88
70 -67 -102 -57
121 -25 83 -58
-21 29 -21 -25
66 -109 -60 58
-58 -15 -71 37
-67 -36 -98 71
73 25 97 -1
65 -13 -122 -110
-118 -36 11 97
65 -51 -27 -44
65 -76 67 82
105 78 -97 91
17 55 -18 -35
36 101 26 -75
17 -42 125 25
-126 119 -42 5
-124 36 -122 116
21 77 -10 101
119 -39 26 55
39 84 33 -114
-72 100 -47 21
-82 16 110 -112
-8 -44 29 92
-120 -40 3 89
-109 -31 -62 -49
-42 -4 74 82
22 -82 -15 -37
13 -95 5 90
-51 27 -7 0
-50 24 -61 111
-13 -65 -15 -34
99 -80 63 78
-116 28 44 93
43 17 -88 49
-43 -71 -41 -44
64 75 57 -7
98 74 -54 -21
-4 70 -28 88
76 -85 -9 -105
27 58 121 109
-91 6 -63 6
50 -106 -23 -40
25 -3 -49 -38
72 -77 88 48
-26 125 70 118
99 -22 65 -68
-82 -92 58 76
38 -117 -116 42
114 -89 71 11
-92 -76 -97 -95
13 18 41 -70
56 24 73 0
-97 -73 125 105
-118 60 2 102
-113 -125 -85 31
70 -61 -72 -65
75 -113 -19 -12
-36 10 38 -81
-71 -78 114 -57
15 18 -46 -12
-23 -40 -126 -24
-44 98 -85 26
-57 38 -34 -86
5 11 -63 -94
-8 -127 83 2
85 20 -67 87
21 -40 -60 -1
12 -106 20 -46
1 -98 -2 -31
-104 -114 -92 69
75 -104 60 -33
-73 77 80 -104
77 24 54 -102
66 -48 38 110
-63 113 -53 51
35 -85 -99 37
-47 58 -74 -89
-86 28 -99 43
3 116 10 59
106 14 76 47
-86 -34 32 -96
42 32 -102 -13
1 -72 125 -6
-22 2 -47 30
-8 103 71 -76
-37 9 -106 -94
-18 -79 1 -55
-44 -75 83 -28
-4 40 -83 68
9 -23 22 18
76 -22 -85 39
73 6 83 -80
-2 111 -121 80
69 -112 1 -13
-91 103 83 118
37 -3 -47 64
90 86 -66 -56
61 -3 33 -62
-98 111 -108 60
-46 -21 121 74
24 120 4 -91
4 -51 -39 77
18 125 123 -40
66 48 -95 -70
83 73 -100 -93
121 103 -3 10
-63 -86 -43 9
60 -17 -113 99
57 -59 -23 122
22 -64 -87 87
-57 -72 23 108
-103 91 -23 6
-9 34 63 -119
-68 -3 -79 97
-77 60 -58 -91
-97 98 41 -66
-35 58 -114 36
36 117 -49 -120
26 -92 -80 -43
-100 68 62 80
86 76 80 -77
-24 102 42 -27
-99 -1 -46 -118
-22 39 82 -127
-89 -107 -63 -113
4 60 -67 20
10 -41 -23 -94
-4 -18 48 -95
-30 103 -67 -118
54 -44 -63 -51
-127 5 -48 -113
113 -100 95 -105
112 -19 -21 17
-15 -30 13 14
11 -100 -86 96
-29 -67 -5 -64
-97 -47 111 73
-118 -120 21 77
-69 50 69 70
-98 95 17 75
-108 -80 73 2
-91 1 4 -28
-74 -6 -103 3
-119 86 87 76
74 -94 -85 -54
-34 -106 -58 114
2 -34 66 -96
-22 16 76 -127
117 -56 48 -78
13 -113 -75 44
-120 -54 -82 -59
-14 19 111 38
-5 11 -11 -85
-108 20 -107 -46
-71 50 -54 -30
26 30 73 -18
-13 31 -86 119
-60 61 61 -58
-50 68 -38 -17
-16 -25 17 -109
125 51 113 -58
-65 93 -53 80
30 25 -24 -53
0 71 26 -72
-106 -39 -109 31
-102 42 41 100
-105 -81 -115 89
-62 66 16 -55
28 -51 35 41
77 -97 -43 32
54 98 72 -69
-87 -16 66 102
-32 54 40 -6
28 37 -23 65
105 -54 55 4
-29 -2 10 47
-53 -114 -90 12
-83 17 80 35
66 -53 125 41
67 -99 -110 -108
111 -114 34 49
-74 -97 -70 -24
42 58 0 82
30 -103 63 125
-109 72 92 8
95 -125 67 108
-42 81 100 17
14 115 -119 62
-34 21 76 37
96 11 -108 -93
-75 47 -18 75
52 8 -124 27
44 40 -26 -81
-34 44 -80 112
-37 85 52 -44
124 -60 11 77
-3 -55 -124 -52
-55 -51 -80 26
-26 -22 -51 -89
92 -70 -109 -40
83 -15 -51 -51
58 -100 117 -62
-118 -2 86 77
-70 73 97 14
-3 -16 -44 15
-32 -95 17 24
30 62 13 62
123 -81 -16 16
66 81 96 -85
-120 116 -125 -3
-116 -44 -112 -50
80 -69 117 49
-65 62 107 -79
-77 118 -95 -98
59 -52 -113 -46
-36 126 -105 78
-34 97 -83 -66
79 71 -113 116
106 -82 -64 102
46 56 121 118
44 -53 29 95
62 89 -76 54
-40 -71 -45 -62
22 -108 -95 -56
-103 -82 -55 -30
-71 -41 5 -73
-67 -39 -120 -112
118 48 109 -12
-67 -113 65 22
3 -26 -74 -114
-92 82 111 -23
-46 -61 -118 -79
103 -17 -63 91
-71 -101 75 -15
5 -57 -45 -71
-8 -35 -113 99
-17 -27 -9 -52
30 -108 37 3
-55 -6 -87 39
26 2 -105 -105
123 85 16 -119
-115 28 27 -77
-64 -76 81 -90
-28 65 18 63
-77 9 13 40
-73 -19 79 43
-84 -18 68 33
24 36 115 0
-23 -118 -28 20
126 105 -19 -20
75 12 62 18
-34 108 112 101
-65 -44 -103 -116
21 -103 -117 -64
73 -2 -78 62
-39 -29 -12 -32
49 -114 -127 81
-103 59 -56 -59
5 -23 99 19
-105 -119 -10 -34
50 16 -95 2
-114 110 -127 -38
58 -39 16 79
-38 47 44 80
-114 93 24 -17
55 15 -45 -56
34 2 -101 -54
-29 87 113 -56
92 -105 -60 14
63 -11 -22 -35
-63 -60 0 -65
96 97 -15 -38
-47 -25 87 64
32 -12 79 -115
124 66 -4 19
24 109 -40 -117
59 86 -113 -118
-87 27 60 -55
-76 0 -100 -63
-111 -33 44 10
-65 101 126 93
82 47 -90 103
113 -58 -24 76
-75 78 44 -9
-54 -74 -108 -49
-97 7 -70 -23
-118 -118 112 125
-89 28 30 -91
-9 -61 114 -85
79 85 -76 -27
-72 -52 -60 111
9 103 -22 -3
-36 -105 63 -19
-67 40 -84 86
24 51 58 90
94 33 -112 -106
113 -71 -66 114
-21 82 -57 114
-38 -56 -58 -98
-25 23 -96 -42
106 107 -71 -19
-119 -97 -57 9
-115 58 3 -93
97 -107 -64 -33
52 -94 96 -7
35 -113 -8 -32
-122 126 -19 85
-31 -96 52 -45
97 28 95 85
-10 98 64 -49
-50 19 -21 -2
-113 6 116 -55
-27 84 -30 38
-102 82 -36 -3
119 51 -55 96
-5 -75 56 59
70 -50 -36 58
-40 125 -115 -85
-52 -77 -109 21
91 -6 83 -104
-102 45 28 110
-8 -46 108 -28
106 29 -111 -60
-84 109 -67 -5
-35 68 -54 25
95 -61 -17 -126
121 -39 49 70
-102 72 -29 -101
-39 18 54 -127
61 112 -25 3
119 68 -87 37
-77 -113 -120 -90
-14 -45 -72 47
90 -25 10 -26
-50 49 41 -45
-98 -123 -9 95
71 83 -97 52
122 103 88 98
121 -105 -80 -19
-88 -122 -90 41
-28 -101 75 -59
-71 -111 116 -57
91 -81 121 -49
-18 -115 11 -4
-19 -38 -42 -36
-104 93 -55 106
-124 -15 -82 120
-110 -85 80 33
-35 -25 -4 -118
-55 59 -97 28
-68 121 3 -10
55 -114 58 89
15 -126 -104 78
-64 112 71 -28
-14 -104 27 37
102 94 -37 39
63 79 -102 -63
-8 -124 29 121
-127 107 -78 -18
86 11 -54 59
-66 -47 36 -72
-17 90 112 -107
13 -119 11 75
-58 1 -10 70
77 86 -72 -97
86 -91 47 -37
-14 116 78 0
47 -6 -59 58
-92 -96 98 -64
71 42 -80 74
114 -47 30 21
-68 13 -127 -63
111 -95 -90 -103
26 77 -69 92
33 -27 -1 -87
30 -71 49 -80
-56 49 47 -72
-63 -116 -59 88
6 -39 65 -103
-127 32 106 106
3 -79 19 -68
107 29 50 -126
-55 56 17 60
-18 36 -67 -111
-79 -52 60 20
50 3 -85 -71
-78 68 81 50
-91 -82 42 -113
33 -48 11 119
20 102 -104 -3
64 -10 -48 -34
98 -63 -40 -40
73 86 76 17
-2 -39 92 -67
-113 -34 -77 -101
86 -54 -67 58
-97 91 -116 -82
31 -96 32 105
123 109 99 53
-67 -82 -43 74
-48 7 -124 91
-76 119 89 31
75 -16 84 -92
54 -74 -9 -1
-111 109 -53 30
99 -23 102 22
-11 -85 -16 -13
-101 -91 -82 -15
-93 4 -48 -48
85 26 -7 100
19 -6 -47 45
26 22 -9 -70
-65 120 28 65
44 -28 43 37
-62 17 40 38
-43 61 9 77
75 61 80 16
-5 -126 -22 -20
-56 43 -2 42
77 -71 -47 103
88 67 30 116
13 -109 -121 9
83 109 -74 -24
-42 -46 -67 -41
-126 50 114 75
-97 -95 78 -48
-117 33 126 0
7 0 -97 125
48 -2 110 -81
78 92 53 -21
80 -109 -47 -5
90 6 -21 -79
-55 -78 -47 -33
-116 -105 -74 -10
126 69 107 100
-69 36 -125 -70
88 55 -71 17
39 -38 68 -73
-83 76 -127 -107
83 -107 -76 -46
43 52 -61 125
-15 -84 32 -118
-64 104 79 -59
-60 122 -100 53
-12 -77 53 -124
-49 -111 -20 67
-54 47 106 56
-105 -110 1 -93
-64 117 58 95
-69 108 -127 3
-61 -91 83 -99
-39 33 -28 61
93 -6 -38 4
113 -114 114 91
33 22 48 3
87 -43 105 23
68 -107 101 43
95 85 -102 -87
-6 99 -90 -40
-117 105 -99 111
119 -68 67 65
116 -67 118 19
46 49 -106 -50
-15 57 -5 14
-84 16 -31 -51
102 113 12 -73
-77 -26 39 33
33 -99 -59 70
31 -48 -97 89
-16 -82 -31 77
-76 10 88 -54
-87 95 -51 3
59 -14 -76 34
49 28 83 -41
-19 96 13 97
98 97 120 -59
-8 -61 -67 60
-57 24 63 86
109 61 23 -98
60 18 -32 -72
-75 -121 -31 69
-15 92 -3 72
79 52 4 34
69 33 -7 69
-90 98 -6 -102
1 -124 -89 -74
90 33 -95 72
-108 -112 21 45
119 120 -1 90
-41 -46 -66 -97
116 -86 -116 -63
106 -55 3 124
-13 90 9 -22
51 -112 88 114
-50 -3 3 98
97 114 24 73
13 2 71 -16
-1 -107 19 -39
-81 22 75 33
32 64 -43 39
0 84 -56 -86
101 -119 -103 89
97 -126 -109 110
-108 106 105 106
93 -58 -111 -4
-39 102 68 -34
-44 3 -41 -77
-46 26 56 100
64 -120 81 95
37 109 -7 97
27 45 -124 -42
0 90 96 88
-18 -29 -91 96
-57 -95 -97 55
-3 -116 -117 -40
-56 -96 -71 38
60 -42 98 -109
-12 84 56 -114
-95 -118 -48 64
-64 62 -60 91
-36 -3 43 -48
-69 52 -31 112
-109 21 -106 -119
-119 73 -101 -111
44 121 -83 -120
80 18 -3 -5
-95 -127 76 -122
-87 55 -123 59
-48 -110 49 -46
-63 -45 54 61
8 3 122 -103
122 -59 55 40
83 -46 50 -11
-33 -95 -17 18
-3 57 103 -112
-48 111 -90 41
7 -50 107 53
-65 -16 -39 32
-90 22 123 16
-76 -99 16 -52
17 101 -64 -37
-39 -115 -56 56
-123 -116 41 -125
99 -95 -7 86
-78 56 108 9
105 82 50 -99
-89 -37 -28 45
-111 -72 98 -82
-61 69 14 -61
-105 103 -34 114
109 61 23 27
-74 10 89 -51
-112 -87 -30 55
0 101 -67 -42
81 87 -10 -28
-79 73 52 -126
96 -8 50 117
-5 -42 43 -51
8 -69 65 81
-116 -124 -11 77
-33 -3 -87 -5
126 -121 87 88
-59 -59 -47 -98
-55 -122 -39 19
80 85 -62 -118
16 -91 79 -51
-51 -96 109 -81
-18 72 43 82
-8 36 26 -118
31 -31 29 -123
-51 -127 87 104
3 -61 71 100
35 -113 104 67
-35 -98 -25 -46
-53 43 113 -68
102 -88 65 29
-54 92 -7 95
19 -125 -92 -85
15 97 41 107
-13 -19 -38 80
36 97 -44 -51
33 -123 101 -50
-37 -41 -114 -24
68 103 116 -45
47 -74 4 94
83 -33 95 -119
-75 -51 78 119
-68 -82 -74 -54
-16 -33 37 -105
-101 -58 90 66
-19 61 -51 51
-78 -4 -109 -127
-88 32 -106 -16
93 66 -88 -90
-80 55 -53 81
55 51 -21 60
-120 -42 -60 -53
72 9 -38 2
-48 -33 -58 117
85 -38 -69 19
-100 -56 -114 -104
-16 -84 101 -72
90 95 -8 51
-96 50 41 66
-103 -12 108 61
-62 -86 65 36
121 -52 9 36
105 92 -90 33
42 -67 46 86
-39 61 -110 -58
-46 -12 -48 -113
48 72 -115 -9
-85 60 125 -71
71 -111 50 -96
22 -73 115 57
-115 -81 -41 -66
54 -99 -106 -63
-99 -80 -123 122
35 119 74 83
-27 -57 46 35
45 13 10 -62
70 -56 100 -103
44 -68 47 -88
-121 46 23 83
-82 -42 13 125
-107 -127 -5 19
-3 60 -95 -124
106 -125 -37 -76
105 99 -100 -58
70 55 -71 -20
87 126 97 16
-104 69 41 106
-51 47 -52 -59
-27 31 -36 -36
-98 -110 -84 27
-29 26 -7 103
113 -13 -68 18
97 89 -72 -97
-27 -69 -4 2
-31 39 61 107
-21 63 96 -110
17 98 39 -57
-22 -74 117 99
-34 -52 -93 -117
-67 -84 -7 -60
-103 48 32 -44
-14 95 4 118
38 117 63 47
-127 3 101 -42
-66 -64 17 -2
78 -23 -66 -93
122 -115 35 -85
2 56 -17 77
0 -77 54 16
18 7 -83 36
41 94 -86 105
7 -113 -68 -88
83 107 37 66
106 -16 55 -51
104 -23 107 -21
119 -6 95 -48
106 -3 56 44
57 6 92 -96
-20 74 -14 18
-60 -1 73 7
-14 -120 -64 107
7 -87 -88 -125
17 66 79 -18
93 -14 -16 52
22 -124 121 116
6 38 -102 11
90 -111 88 -36
99 -97 77 118
35 16 79 -21
18 -17 -27 -16
-66 -16 113 105
27 119 35 -12
45 118 -93 -100
-25 -3 -26 9
76 15 -107 -76
35 106 -31 -77
-45 -73 87 -51
-1 44 65 115
-35 -40 -48 25
119 87 -36 -81
80 107 56 -90
11 67 -113 -127
7 -127 -79 -32
73 29 -102 -41
45 107 -35 116
-26 97 -57 12
-33 32 -10 20
-9 -77 -47 -92
-61 1 -14 27
117 -17 40 97
84 14 -28 69
87 -19 124 -8
-49 6 33 55
-109 -1 77 -99
61 70 79 80
-104 23 112 -118
54 -23 41 49
17 113 56 108
45 30 44 110
74 -73 19 29
-126 36 19 7
26 79 -17 120
-90 3 -26 80
66 -33 -36 -57
94 43 122 62
71 100 93 -104
116 39 -60 0
-35 -84 5 -73
93 126 30 -99
26 83 26 -91
91 94 -13 53
30 -125 123 -6
-85 -121 -3 -79
-7 -55 117 -87
-22 -51 79 54
-1 69 93 99
-37 27 -120 -96
84 -64 10 -115
63 -35 35 -67
54 -120 -99 -33
-87 30 86 21
76 -117 -126 50
41 66 98 3
-48 51 68 -41
121 114 84 25
30 82 -22 11
93 -111 26 120
121 -105 56 52
-80 -108 109 -126
-40 -97 27 2
121 -50 -124 113
13 100 35 108
118 0 119 72
66 6 -97 118
10 108 -107 106
74 -105 3 32
20 74 -99 -23
-76 -13 46 34
-27 -44 -67 -3
72 -57 -58 11
-20 82 115 106
121 93 89 63
-107 110 3 -46
-40 -17 102 -118
27 -116 -121 17
65 64 122 -14
-102 -113 115 124
-95 -66 101 -81
-33 -93 65 72
-52 -5 118 121
-45 -103 -71 -96
-65 -116 -65 -51
-36 -127 51 -58
8 68 5 89
-42 92 -89 -105
-60 52 -124 -2
47 123 -107 101
56 -23 -62 59
-121 -79 -112 17
-44 122 -41 -30
-53 -94 33 -102
-62 -3 -65 -41
-87 86 58 -30
-4 -49 -118 -113
-86 -35 57 87
123 -111 60 -119
-14 -92 73 80
-92 -80 -77 -31
-9 -33 -58 -54
-48 -60 118 22
-51 80 -12 126
93 -122 26 -53
-40 93 -125 -76
-54 -3 60 126
63 -63 -76 107
90 122 -52 14
-39 -56 107 -60
28 71 10 -13
-71 122 100 -62
-38 117 -78 -114
122 -112 54 43
-86 81 -18 -106
-60 -109 -62 39
-55 124 19 16
-74 25 -16 -110
23 -11 -43 11
-89 -23 -60 -103
63 96 30 45
-5 90 -7 -67
-28 -77 -30 9
76 -126 102 -123
62 69 52 -42
5 59 -60 125
-119 -35 22 27
10 80 106 -3
106 -67 -77 -118
6 -66 -15 5
-6 70 63 -5
56 59 -65 -17
-39 59 -77 50
125 4 -24 -5
-80 -96 -8 51
52 -29 -54 -94
36 -58 43 -18
-112 -69 53 -109
98 89 -33 -15
-87 -47 47 94
-25 -74 55 -33
19 -66 -29 -35
59 -63 -60 -100
-110 -102 -24 19
-73 -9 -4 57
6 1 -120 97
-77 107 -43 88
-103 47 55 64
121 107 -45 -35
-11 10 -72 -116
33 -8 -57 -111
125 61 -6 -4
-118 -97 -68 -58
-111 -78 -91 82
62 90 113 -10
80 72 88 77
29 32 88 -48
-117 96 6 -5
-93 -95 -110 37
-115 74 101 -38
-18 81 64 -127
-65 89 -94 -25
-118 0 84 -121
-72 -48 37 29
124 -116 17 -80
84 -102 -16 83
-6 111 -116 21
-86 -67 -70 125
54 -94 -121 -19
-93 -113 65 90
99 -103 106 -69
123 -49 -42 123
6 52 79 -40
21 -57 -7 125
-35 126 -32 -96
-75 -69 126 -59
62 4 -42 -110
99 -47 114 -14
56 -104 -62 13
-66 -74 15 69
3 -91 -91 101
3 63 -93 52
