76 31 4 -3
-95 -32 62 86
36 -59 -6 -7
-112 -62 15 -74
-70 -9 73 88
-81 -119 54 13
35 -3 -103 -115
-110 103 69 -17
-1 31 -71 -113
107 -91 -96 -41
37 58 62 80
18 -121 -19 -85
-116 105 9 -78
-50 -4 76 -64
-85 -73 17 117
122 25 -16 113
106 -32 -64 -29
-105 -24 -100 -95
17 76 59 115
-67 -22 115 -73
97 -6 71 33
105 121 17 -68
103 -35 0 -72
-39 -122 124 -46
94 80 68 -72
-67 118 58 84
-100 79 -109 -40
56 -107 -118 -118
74 28 58 125
120 -21 51 -120
-70 -49 -59 102
-104 -52 109 0
-3 42 40 -57
-125 104 -56 71
-100 124 48 55
-34 20 7 -79
15 -67 -72 -75
106 -76 110 38
-85 8 20 22
-42 56 -113 2
-79 -13 -20 28
-30 31 -84 -118
-19 -3 115 -37
78 -108 90 -41
-76 -4 -17 55
114 -6 82 -24
117 -111 43 -61
-78 91 61 -46
-59 -37 -93 -116
-45 92 -29 60
-90 108 20 112
55 96 -8 -96
118 -33 103 86
13 115 111 -49
57 112 -98 72
-69 -96 82 35
-115 -88 -86 7
-35 69 -20 -18
-10 62 37 38
124 -69 -91 66
100 72 113 -10
-84 16 -99 -63
-73 -106 -32 -69
-35 121 -84 125
-53 -113 49 -62
-22 63 106 -29
69 -59 -79 73
3 -71 74 56
118 109 37 -32
61 110 -92 -101
115 60 118 24
-98 -4 42 -61
-74 105 65 -87
-38 -4 109 78
-43 97 -96 -69
19 102 59 -14
27 -65 -68 51
-30 -11 51 -17
-60 104 65 115
-50 -111 11 -87
-103 -83 124 23
-100 25 88 -106
-61 124 10 -13
-12 -109 -122 47
-8 105 -119 26
-110 91 45 -91
-86 15 86 50
13 122 -76 49
86 117 -53 -71
67 125 23 66
117 43 -27 17
111 -22 -44 124
-115 -32 -111 -22
13 80 47 -16
38 52 28 -53
-108 -120 -10 -126
-69 -12 -40 -14
-6 12 68 14
30 -67 102 109
-47 50 -95 93
-69 88 18 91
66 -104 -42 23
-52 124 -97 -12
-59 65 112 -40
-11 12 -18 -127
-49 -80 50 92
3 47 -72 -119
-13 118 -39 17
-87 14 -60 43
-106 24 -81 60
-81 -10 37 -95
-7 125 -6 32
-112 32 74 -31
-32 40 121 50
59 -15 -9 86
-37 -112 -23 -46
56 46 -55 67
60 -110 77 34
20 -57 48 68
19 -37 -68 121
64 -124 3 -55
-9 73 -82 -61
2 97 -33 -4
-94 55 98 36
-99 48 -8 3
30 50 -76 95
-55 -7 -45 95
-99 72 -117 21
-5 -74 -74 -114
47 -87 -8 96
-81 17 -65 114
-13 -73 -44 -103
-83 -126 78 21
-82 33 88 -80
-98 -107 -71 -105
-33 68 64 109
57 -31 69 101
-76 113 -54 70
23 -30 80 8
-104 31 24 41
-23 -33 -90 72
81 -35 -3 -102
-92 21 -104 73
-38 9 -43 80
-99 11 -124 58
29 -34 -75 -61
-91 -107 54 -4
112 -60 -17 15
26 30 32 -38
-107 124 -50 -61
-4 98 -74 -86
68 42 46 -34
74 109 -71 108
-45 -42 60 -8
-87 -71 19 -23
48 -81 55 77
117 23 94 115
0 -55 40 63
-75 -5 -67 -120
74 99 -108 -101
28 -119 19 -10
75 88 -77 5
-33 107 48 -14
88 59 -18 50
-4 15 -19 23
-82 -116 115 52
56 72 -48 33
-119 36 41 117
-47 -84 -74 120
-92 8 -65 -69
-37 5 124 66
-71 -12 27 -53
7 105 -67 22
74 60 55 -17
-124 12 -57 -99
-77 106 8 102
118 -55 -54 -88
22 -69 59 -45
75 61 -39 81
-56 -77 53 -24
-70 100 23 -65
90 54 -36 -93
-100 -110 3 -30
-105 11 17 122
26 -73 105 28
71 -113 31 -114
9 34 63 -100
93 -124 121 73
116 48 22 38
-84 60 58 76
25 4 28 -83
106 -24 -29 -70
-113 122 103 115
36 -19 77 3
-105 108 52 86
100 -120 -95 -49
-4 -78 -47 -58
-91 52 108 12
120 47 45 97
102 -109 -4 124
-89 -63 82 -106
-100 -109 93 -9
-11 -66 -102 -36
112 -36 -33 109
12 86 34 124
-25 -99 -68 -83
60 78 62 -48
-30 -98 31 109
-48 55 30 112
-66 -113 -1 48
6 -72 -109 -41
54 -18 59 -74
-122 15 65 114
-110 15 121 -105
-54 115 -95 -47
63 25 89 -64
-125 29 -103 49
112 -88 48 -85
99 83 -81 -73
-2 -90 -34 18
51 68 -41 -121
16 106 90 60
-37 -50 -109 88
115 -25 122 -42
-75 -20 19 -71
-69 -111 -91 -22
13 -54 -115 -58
8 -99 56 29
113 -78 106 -6
99 12 0 30
-17 102 101 73
86 79 44 74
56 -63 114 100
54 -56 110 -122
-70 -75 -68 -45
-39 93 -79 -9
-19 -25 125 -96
117 114 -107 18
-46 89 -82 -125
51 -16 -8 -81
-50 85 -74 -19
-90 -39 3 123
123 -42 -77 -55
-101 -90 73 -103
28 -80 78 -83
11 -7 82 89
-48 34 110 -22
24 -99 -22 75
95 82 -74 -21
100 -56 -116 20
-47 -46 79 20
76 -96 -73 -99
45 61 -35 -82
92 -10 95 125
-104 -125 37 88
26 -4 -11 45
-93 -27 -119 39
-96 -36 72 100
-6 77 -73 120
-30 101 -38 -71
59 5 108 -57
-95 19 -118 -24
82 -67 38 40
118 -2 -116 40
11 55 -17 1
29 26 -76 90
115 62 73 -93
-6 -43 -78 120
90 -8 -23 85
-111 102 -39 86
12 16 9 108
62 -117 105 -79
42 -76 121 21
13 -115 76 77
17 23 57 73
18 81 -104 33
78 120 -101 -108
10 -42 21 -106
-46 117 109 98
18 -26 -114 -61
110 35 -89 -118
30 16 113 78
-99 91 -76 -58
14 69 10 105
-98 43 118 -100
35 63 15 21
-102 121 -21 -47
-123 -97 40 -18
-13 -34 96 74
66 116 -15 -102
-108 12 99 113
121 106 -57 16
-86 -42 119 118
90 80 -86 109
24 -56 -101 44
96 -10 -14 118
103 83 -59 -29
-27 111 -7 98
123 -60 34 -65
29 -79 113 117
-25 26 -50 -115
-101 -102 86 -48
19 41 -51 -19
88 2 -101 -124
90 -63 -85 0
-97 -65 -26 -55
-41 110 48 37
-46 -76 -4 -84
59 101 -115 61
-38 -31 -62 -27
-126 58 64 -35
-120 5 48 52
56 115 -51 82
50 13 84 49
63 -79 -80 -18
116 72 -113 121
9 -78 37 -3
-30 -62 85 -18
-90 77 -120 29
-126 -100 65 8
-25 76 -99 94
16 -25 -120 -4
-51 63 -51 27
39 -69 113 17
19 9 -48 1
86 25 -38 -2
-110 83 49 83
16 -36 -26 66
47 -96 -100 68
-100 72 -45 -29
17 -24 22 -116
88 24 20 72
125 95 -124 -2
-83 23 106 96
-29 -66 -72 -9
48 -76 15 -110
123 -44 -72 34
21 1 -71 -52
35 -30 88 7
121 -127 4 -102
108 90 -8 71
84 -106 -18 -67
38 -74 45 -74
-114 -56 77 -5
120 68 46 104
110 -27 -56 79
69 10 74 45
73 3 53 -32
42 -88 70 -17
99 36 35 -123
123 -124 14 50
-49 70 -62 39
-105 -78 106 -50
79 -84 104 102
83 -113 26 -59
12 -79 36 33
59 -69 -32 25
61 -76 -36 65
-119 -54 5 89
2 -41 -62 -100
-20 34 75 110
-7 11 62 45
-8 86 -42 77
42 -72 -7 -70
112 -1 72 125
-57 -63 -72 107
-109 89 73 45
51 110 21 78
-121 -115 -1 26
-64 48 -21 -21
-12 53 -56 72
-111 -49 -36 -76
124 53 25 -95
10 -112 -56 -100
-55 -12 30 -23
78 -96 -103 -32
110 -24 -31 -45
-110 -45 61 49
20 -53 93 -119
-54 -102 -6 0
110 -121 -13 -6
37 -89 32 -14
74 -50 -100 93
-118 -11 -83 -40
13 -100 -92 81
-11 -20 -63 -114
97 46 27 54
94 99 -63 22
-99 53 10 100
10 -23 -87 11
-84 25 11 -116
60 -104 46 -63
-1 39 53 95
4 107 -3 16
-94 74 -85 35
-106 -117 17 62
50 -22 -34 38
10 4 -57 -72
21 -60 116 29
19 91 61 -40
-52 100 -108 -35
92 74 -107 118
60 63 -120 -54
-74 53 35 -56
120 -125 57 62
1 103 14 33
-75 -4 -114 -13
-34 -14 102 39
107 15 46 -80
31 -40 -43 -51
60 56 12 81
92 79 110 -11
-21 90 36 112
-85 120 -29 37
112 -33 43 77
-93 -16 -26 23
32 41 117 -94
26 80 -14 -83
-28 -7 -29 112
60 -106 66 9
50 -16 12 93
10 -82 -106 29
-66 -1 -60 114
96 31 -4 -28
50 75 107 102
-24 7 99 -62
-87 -19 27 -72
12 64 -58 -35
122 -39 -45 -57
114 -96 -105 -34
-59 -109 -44 55
-60 -84 -46 -113
111 -107 4 13
-79 12 -32 -121
-57 113 -101 25
116 -49 76 -22
100 85 61 110
-29 -50 44 0
34 46 46 -52
76 70 -109 76
-125 78 100 120
82 66 14 -16
8 46 -85 49
-71 -76 92 3
82 -108 -62 -80
-13 -124 109 -32
102 86 -7 -15
105 -35 77 39
-127 6 -88 108
-89 52 -98 27
34 10 91 113
114 30 77 -71
48 40 118 40
-107 48 -99 20
-91 113 -115 18
-109 -95 43 61
78 -57 42 64
29 52 57 -48
4 8 5 -57
70 -126 -55 -77
-120 -81 69 111
111 16 45 112
-35 2 -30 85
100 64 72 -92
-28 32 -118 -59
4 -32 -82 -73
112 79 110 -103
12 -59 34 -25
38 -13 -109 -110
75 -62 -40 111
-92 -52 -125 80
108 84 75 -40
-42 -20 -113 60
-88 81 -66 -36
61 -55 -47 22
120 -18 14 -78
-78 0 -70 111
91 22 9 -20
-44 47 123 31
61 79 6 65
74 71 19 -119
-67 -49 19 -48
44 121 50 96
30 -62 -35 36
90 89 -76 -15
8 109 18 71
93 68 69 48
-117 46 23 -95
56 13 101 -4
-86 70 -82 -90
23 67 -41 -123
113 -103 68 89
115 125 65 62
-79 57 25 28
96 -14 2 -24
-76 121 -10 46
64 22 -64 74
15 113 120 96
-119 59 -44 121
-91 -76 125 36
113 25 -43 -124
-56 -56 -46 -32
-34 42 -64 8
-12 78 -101 93
-7 -41 32 -5
-103 -118 33 -62
64 123 33 -88
-121 -47 -102 -68
-103 75 40 -42
20 -7 -14 -90
38 -28 -105 123
12 -86 64 -26
-44 104 16 -31
-22 26 108 -35
84 -26 -81 -11
65 -97 55 -55
-52 -95 -53 -70
61 -51 66 42
110 -18 -40 -74
15 55 36 -15
66 66 10 61
-87 -78 39 104
64 -72 -51 13
-63 94 101 -38
-15 108 32 92
-7 1 9 -54
-24 49 -11 102
115 -82 1 -69
99 -47 -89 -17
-69 106 -63 -54
-63 -28 -61 -107
-41 6 22 64
-95 60 125 61
-12 109 19 -113
-35 -103 85 87
37 -13 49 68
-70 -9 119 63
-100 -110 -57 121
2 103 102 32
-26 51 -9 -71
28 9 -78 -37
84 -19 26 125
-126 108 -73 2
32 -86 -48 -100
125 -28 -63 -76
-65 105 113 8
-71 -85 -92 79
81 12 -57 64
63 -52 -4 19
-104 79 52 -61
-17 14 -106 88
-24 0 110 -104
-37 75 -51 105
-103 123 54 -119
51 15 -26 109
3 -43 -126 57
80 -81 26 45
3 -18 110 -108
-93 19 121 -30
60 15 121 -80
-55 -102 -20 -70
73 -80 36 -79
66 -17 -12 70
96 -33 -114 -68
72 -75 -105 -91
-23 68 -103 55
30 -69 -59 -113
96 91 -16 -26
-71 -97 -29 -17
-50 -45 107 120
-115 -29 58 25
16 -74 40 112
-61 25 -108 5
-10 102 123 -38
-26 -126 12 27
-6 59 97 52
11 109 -37 -122
66 16 92 -109
-111 123 -77 113
81 27 32 -125
-119 111 -71 -107
100 46 72 119
81 104 120 20
-27 -49 -55 24
-19 75 73 -58
58 23 -85 67
106 -60 -126 36
-6 24 -28 76
13 -84 -37 -16
10 71 -39 -113
-59 125 -66 -94
115 -114 6 -17
-65 -34 -85 106
6 -41 -70 -86
17 -11 26 91
-122 -5 90 21
9 -41 62 -79
-58 31 -125 -66
-28 109 115 47
119 -11 -9 -83
-74 -108 96 -53
23 -57 112 82
-47 -74 68 14
-70 -27 -104 -18
-49 -44 32 9
-7 75 -98 -65
110 -24 113 -74
72 118 20 -112
-114 -76 52 3
-69 -29 36 -81
57 -23 -126 42
81 -35 -126 -1
-11 77 104 63
-91 -18 45 120
-112 0 -18 -104
-48 100 -93 -3
19 -38 -121 -47
114 -71 -125 -44
96 113 0 65
-124 -114 -8 92
84 -57 -38 -73
30 -62 100 -32
23 16 36 68
27 -5 108 -92
-86 -101 -14 92
-37 -30 -119 43
-112 79 88 -6
-66 -86 -52 -102
-46 -52 -116 24
92 91 -28 -63
-33 17 91 -40
-110 49 -107 -15
25 99 -13 -34
-38 69 -125 -75
-56 100 6 104
96 -23 103 -28
19 -54 120 -35
119 71 91 101
95 -55 80 37
-123 25 88 113
24 -58 -9 -97
3 -15 123 72
99 96 -66 -3
-22 98 -104 68
-90 -12 -42 -121
-78 115 -82 113
88 96 68 -127
-2 -16 -117 -114
27 60 -117 125
102 -94 -98 -5
122 -13 -64 7
89 2 60 59
-11 13 57 -79
62 87 124 -107
75 22 29 97
123 -35 54 -28
-82 -78 -70 67
66 21 31 104
49 -77 -95 -51
43 58 -28 -27
-122 -16 60 67
52 97 -46 90
119 31 111 -98
88 -80 -69 27
3 -94 -76 -108
100 -30 26 -38
117 -47 5 115
-78 53 -22 -16
-25 -20 -79 -103
2 -105 103 8
54 38 -40 -72
80 -67 -27 22
11 9 -33 -45
54 -8 59 107
-84 -98 -57 -4
20 -44 -9 -13
40 -32 58 -94
-50 90 -105 104
-126 99 60 57
31 109 39 81
-36 12 -88 98
-55 10 74 -123
-63 -37 85 -107
-27 17 -112 -25
74 -4 -51 -18
50 -19 60 -103
15 -87 -38 -2
57 -33 13 -107
-87 28 -64 75
124 117 -63 55
-80 -16 40 23
-108 -68 -80 124
29 -123 12 -68
-5 -95 -99 89
15 -71 -36 -67
116 79 -56 78
78 -25 84 119
8 40 -127 115
-90 -12 -69 -35
-22 38 105 -116
-68 -110 -107 -18
2 -5 -50 40
34 -111 -108 108
-44 76 86 60
-68 112 -73 57
-106 105 -11 68
117 106 -46 102
12 35 39 23
-58 -58 -21 -118
-7 -4 75 -116
104 -100 41 72
-28 4 121 120
-91 -56 -54 -80
-101 -20 -57 -101
-94 -35 24 -120
-12 -68 42 -94
-68 -16 92 98
-31 -52 -44 -9
-79 116 -100 100
6 117 106 -68
-13 -2 43 47
-103 -101 -39 -90
-10 -14 -23 84
-72 96 -88 40
51 3 -46 -10
-16 11 31 86
-86 90 -117 51
-3 -79 78 -91
60 -3 -91 71
29 61 122 -123
41 64 35 -116
39 118 79 8
18 -69 -95 4
-124 98 125 109
20 -73 -25 -52
-121 -75 64 56
13 -99 40 -2
83 -7 7 56
52 -32 -25 -96
-56 -96 -32 117
-67 -117 31 -108
-87 82 67 4
-124 27 123 57
-10 85 85 104
39 -109 57 97
93 104 -71 -62
0 88 -71 46
95 12 98 42
-66 15 -98 -43
125 -53 116 35
116 -46 -15 82
-48 53 24 112
54 103 119 -32
67 59 7 17
-112 113 123 -108
84 -101 95 -109
71 -31 -15 -39
-59 90 -71 -79
107 58 33 -54
-39 -2 57 102
-3 82 -1 -123
116 57 -79 87
-17 7 -75 16
12 -80 -36 47
118 -24 -78 89
-67 -38 -6 3
70 -38 19 69
40 -3 109 -44
96 77 68 -53
105 -64 -6 -66
-94 31 81 98
30 75 -26 95
44 -113 -71 83
-69 109 44 104
-10 -32 84 -83
86 -60 3 -42
-25 70 37 -61
28 -47 35 22
-119 84 70 38
-61 25 81 110
-17 -86 94 -61
-4 56 99 82
46 60 50 113
-127 110 73 -113
-46 62 -34 -89
-60 51 124 -108
102 -95 -48 -5
102 35 -102 33
9 -120 -81 -52
-108 61 81 53
-106 -2 -12 -93
22 -44 51 -52
33 -98 24 -11
-105 101 115 -104
-35 49 37 -66
-12 -2 -53 79
-123 103 99 -127
45 -65 -121 7
35 12 17 -20
99 -66 -70 54
79 41 -81 50
2 34 -39 77
30 -45 -7 -15
53 60 -124 56
-56 -55 70 79
-46 67 31 36
103 -67 -58 -31
74 -84 -22 -123
92 82 -106 115
110 -112 -39 67
26 49 -87 30
23 18 -42 23
-59 -8 -20 106
63 42 -109 87
-88 -63 -40 101
28 65 4 -7
-53 -121 49 -2
-43 -94 -65 -32
-120 62 -62 123
26 -56 64 90
65 58 5 -20
94 123 -40 13
5 24 79 -99
-121 -38 79 -90
56 -87 -95 -52
53 125 35 2
-22 -122 -20 -99
-33 61 89 67
120 -67 -86 -91
-116 116 -113 28
68 -124 63 3
-96 36 -41 14
105 21 86 -32
-8 112 -94 20
26 16 50 90
5 -100 18 59
-26 -45 74 119
-118 -75 -21 4
-121 -22 56 33
102 -79 103 -95
-87 55 56 41
104 -28 34 101
-28 101 -6 80
115 29 -106 -112
58 125 30 -108
46 -12 66 105
21 10 88 -73
-61 -16 78 34
36 -120 -94 4
-112 110 -50 62
-2 -33 -2 49
23 99 -20 60
-68 59 51 88
-74 -61 114 67
-60 69 10 26
56 35 -111 -25
38 95 -91 14
-111 97 -39 -68
66 82 13 -74
66 47 -6 39
-40 94 114 -38
-75 -73 11 84
69 -105 -105 74
-37 56 120 102
32 65 -103 -97
-47 -88 -18 12
97 -65 -9 -15
77 -55 -118 -28
121 -106 35 44
63 -118 25 -19
84 110 -76 -38
45 -108 79 -97
27 -44 -15 -62
-78 41 81 -58
-90 65 -74 12
-85 59 -104 87
-22 -80 -14 -53
34 1 -114 -9
-31 -10 -68 65
-62 101 28 -119
-34 -49 75 -51
122 -26 -93 -44
-104 117 -103 -60
-68 54 -50 -107
-22 -71 -79 -88
42 107 -20 -102
95 47 11 -118
-38 124 56 92
-117 -56 72 57
-99 46 -52 -69
-107 48 -65 125
-24 116 67 -73
62 74 -99 10
-16 24 -39 -96
-9 12 91 51
-53 108 -93 78
53 -65 25 -63
18 -52 90 -127
-43 52 -62 107
-56 -28 -19 -108
95 -95 -81 22
-118 -18 18 -117
-105 101 -105 -1
-111 -115 41 -42
-95 -63 -109 -78
-15 37 38 -31
-76 -90 116 -63
-102 -50 61 -72
-36 -49 -77 -118
-42 26 -67 49
-95 98 53 -59
-100 -77 -94 21
99 86 87 -39
-104 94 -21 -41
52 -106 34 22
25 20 -65 -93
-24 -10 -118 -57
2 11 33 -85
34 47 113 -90
83 -40 -77 15
78 -76 -117 71
0 -102 56 -27
-39 27 96 -44
79 32 31 58
-60 95 77 108
-90 -72 50 -27
63 27 -63 98
-11 37 -82 70
107 108 -67 118
113 3 -36 -44
-22 88 -121 -102
87 -113 -14 116
-21 111 -19 -113
72 -51 -33 83
-14 -8 -117 37
-69 -96 4 -11
57 -22 92 -3
94 116 -102 -23
82 -65 2 32
110 30 84 -49
-48 54 -121 22
68 90 81 -52
-78 48 47 66
-36 42 -123 36
58 -29 27 -59
20 -39 -24 25
43 -50 -14 -34
-75 39 71 49
11 74 -113 80
100 5 -113 -83
-75 39 -43 43
111 20 -57 80
-122 -64 37 -73
-40 96 115 48
68 110 -4 0
97 -96 93 2
16 -43 -47 30
-109 -75 -41 -93
-43 42 -52 107
-8 115 -104 -82
59 -94 -112 69
72 -26 48 86
120 -12 -91 82
-75 -55 -117 124
-112 -53 -46 46
-113 72 79 -99
-90 106 -45 89
38 1 -24 -47
-30 -93 -119 -67
86 10 -119 116
103 -125 -85 110
33 48 34 -3
0 -59 -79 -76
55 -45 115 -93
-30 -70 110 -52
-76 53 -27 -31
-36 -19 97 -30
50 -69 -73 84
-93 106 35 80
55 54 -88 -114
124 23 -22 -76
-73 -115 58 -106
-61 92 -50 37
-84 117 123 79
-70 23 69 19
-35 -37 86 -1
-103 53 113 52
-66 -8 119 58
-51 97 -12 60
-96 61 -37 -15
-94 -85 74 87
-40 5 74 -66
90 -29 54 108
-106 89 70 -69
30 -12 56 -101
107 -86 104 46
-39 -63 -100 -3
-92 117 -21 -46
56 -75 -64 -118
-101 -49 -96 60
-32 -12 -22 89
-16 -114 33 18
-117 18 22 -109
85 52 44 30
6 117 -6 72
-106 86 55 73
35 -86 -109 37
-97 94 -76 65
-87 -118 -40 109
-81 107 104 78
43 -63 -123 -16
-8 52 -83 24
106 120 -71 -109
35 114 79 77
-78 2 72 -13
-34 109 -3 119
-103 51 -76 -4
8 -60 -65 29
42 -83 -119 -82
110 109 -42 0
-13 67 42 -26
76 55 -121 -41
-51 -46 95 -91
122 -58 1 -48
66 31 68 119
64 -87 8 -121
34 -55 8 -111
-94 -47 -24 -42
51 14 0 30
-107 20 30 -56
-47 43 78 -53
-56 78 80 -85
26 53 65 -44
-76 25 -48 29
69 -57 54 11
-16 -126 -38 -71
68 -24 112 -1
-42 -10 76 -16
-33 -45 68 -13
41 -66 109 105
-41 107 -58 -24
125 -75 4 105
-78 -84 45 -17
49 -56 -85 -32
34 52 -51 74
66 31 -61 112
-4 123 122 -108
-107 84 117 -22
63 -119 74 -97
20 -52 67 -25
-23 17 -17 -89
-32 -10 -21 110
7 57 -119 -123
49 -48 106 19
66 -8 46 -112
99 -5 -14 -124
-57 106 25 -15
85 -108 44 101
-34 -29 38 80
-124 -32 99 108
-66 -39 -88 13
2 22 -63 36
46 94 55 -11
-50 63 -126 83
-15 101 57 -86
121 36 -105 -53
104 58 -61 118
-3 55 21 -16
30 -66 117 99
-43 -78 2 54
119 -102 -40 -22
-23 41 51 -72
-5 -16 81 -6
25 -3 57 -119
-45 93 65 1
-34 -117 105 -110
57 -24 -26 75
-1 89 -32 87
-81 -10 -18 62
125 111 39 99
-61 54 72 111
-16 60 -30 -87
-23 57 123 -33
-80 -127 80 77
-71 -106 102 -81
-126 122 -10 -70
19 -48 -22 -77
88 -6 -95 44
-73 33 104 -96
42 -11 20 97
-68 65 -68 -66
-65 101 84 -69
66 -45 21 -8
67 93 -16 -106
67 -50 -48 124
58 -104 120 -28
-43 -123 -122 77
38 -103 102 -7
-69 -31 -110 -85
-122 101 -15 -81
-73 95 70 -104
59 -105 70 17
-9 -62 98 -34
121 -106 78 30
-16 -31 -94 105
-87 -68 -116 99
-127 -54 99 -27
-5 -56 108 10
-67 -84 -13 -123
-118 120 -84 84
52 -103 -23 18
-57 -9 41 -73
103 -109 14 -57
79 100 67 62
64 39 -69 -12
-71 54 -18 -93
20 -48 77 -107
100 123 -120 -122
-84 -59 64 -37
-5 -102 106 -101
-73 -57 26 118
68 41 -29 7
37 81 2 -103
21 -12 119 -37
-21 98 -114 37
-82 -32 -40 -67
-83 39 101 86
32 96 119 -30
82 52 27 -89
-16 -101 -34 -102
108 -113 32 -85
94 74 29 59
42 101 61 7
50 -6 -108 54
62 103 -3 -122
-86 7 -74 116
28 -80 -8 26
-102 71 -103 -42
-71 118 -65 -25
-67 55 61 66
-9 -98 -9 -58
39 121 85 -29
-81 -22 86 -66
112 -38 -31 -34
0 44 67 -36
114 -112 -29 -107
-92 -101 -66 -118
-60 24 112 81
65 -60 29 -97
67 102 -84 -93
76 22 -55 88
84 42 -56 -70
87 8 114 -106
68 57 53 87
10 -15 104 123
119 -26 -22 105
63 90 86 -8
-16 107 61 21
-97 34 3 3
74 -118 100 -92
-121 -18 116 77
108 -40 -86 -64
-124 107 59 108
-12 88 54 122
61 -89 32 66
14 91 101 112
30 -2 25 96
53 -29 -1 43
-77 -24 -24 -92
-40 104 -90 89
29 -4 72 -30
-113 -92 107 81
-106 86 -121 -38
-38 -56 -46 88
79 -73 19 -107
69 111 -95 76
-93 -68 -8 58
-84 -44 -53 -89
84 65 -61 -127
113 -63 -35 107
53 -78 47 22
103 42 120 46
29 81 -12 44
-116 -82 99 117
-54 -29 -124 -79
-108 101 -71 -108
70 88 69 -97
-61 4 123 81
104 30 10 4
-74 -71 67 -120
-11 40 120 -96
-25 59 -45 -60
1 -88 -105 -63
102 78 34 36
53 3 -1 -16
-57 -37 -118 -8
-93 -122 85 -1
-21 -16 124 -76
-121 110 -87 9
53 -84 -59 81
99 49 56 -116
-21 -4 18 -96
61 -2 -39 125
65 6 -10 103
-90 -21 -50 0
-25 -80 30 65
72 -13 118 -1
-107 -35 -104 -103
-118 56 62 32
116 22 -63 99
9 -94 71 -22
39 101 82 -95
122 -95 67 100
0 70 -48 -113
-47 14 49 23
63 -99 -120 -127
43 -9 0 55
-121 -64 79 -126
45 -49 95 -70
14 -3 -21 -113
-49 -78 -36 15
-127 121 -59 -120
-43 -23 -27 -41
-113 -2 57 -18
7 104 96 26
-38 -45 -127 -4
19 -44 -105 -76
93 98 44 -63
-46 -34 101 39
45 -34 -119 69
-92 42 102 -125
79 56 102 114
-67 -127 44 -87
72 -108 40 -12
-68 -3 35 -61
-113 -89 -90 19
22 91 -80 -28
-85 -106 -72 -83
50 70 26 27
97 -20 -11 -43
-39 -36 13 48
113 103 77 86
7 -107 99 -25
-118 3 -74 39
-127 91 59 50
-18 112 53 -32
32 -86 -66 -90
-121 -60 -116 72
49 82 -115 -59
-66 -38 23 -5
114 40 -115 24
-27 9 -55 -79
-23 -46 91 -32
-24 67 103 -108
112 15 52 -13
19 81 70 106
-106 -91 -16 107
55 -66 64 83
66 -55 -9 -82
86 93 98 -72
50 -91 118 -115
-3 18 -49 41
24 -56 56 64
41 -6 13 -92
-105 -9 -71 104
2 -37 77 -4
-95 -117 63 81
8 62 -112 -66
101 -126 121 -61
-37 88 80 -67
-2 -126 -99 22
-54 -37 0 -47
93 16 -9 44
-61 -27 125 57
-126 16 59 91
-48 -96 -46 -109
22 -32 -74 -77
-3 -60 43 108
78 41 -21 -81
-123 -5 -17 67
82 -17 -9 -1
11 -12 123 27
-55 81 55 -45
43 1 -62 124
35 -66 -75 -17
109 29 105 113
-107 78 18 86
-39 -71 -79 25
11 43 -12 -38
-110 60 -56 -27
38 -113 -69 60
57 -1 -29 35
-99 73 -71 86
92 105 90 13
-63 47 -122 -100
102 -115 118 -89
-124 -121 117 -52
115 86 21 56
-114 58 -27 -15
90 -110 123 13
14 84 -73 18
45 37 112 -99
-102 -52 97 -65
-94 -59 47 -109
63 -28 0 35
-124 50 -20 -37
21 -105 -92 25
90 69 67 86
64 -51 14 103
-114 113 -64 41
-104 58 -22 5
-101 50 -121 20
-93 7 -13 71
-45 -26 -59 -57
45 119 -55 -94
-36 -5 83 -4
-52 65 -24 -104
76 -92 12 -98
64 118 117 -56
14 5 10 21
-84 -44 58 -92
-84 -4 -64 -35
0 -72 -126 -34
108 -114 -101 117
124 -37 -49 104
-99 -10 120 121
51 105 -41 121
46 -78 -78 -45
-86 17 4 59
-79 -6 78 34
92 -46 -40 -78
-88 88 56 -78
-107 100 80 42
24 -101 -44 -82
-113 -75 -21 -48
-99 46 -6 -20
105 3 6 47
28 -41 -50 42
55 -18 55 1
92 -32 -79 81
18 -108 4 67
20 89 -51 71
-93 -42 93 -12
41 -13 96 -18
72 118 81 -28
-22 73 103 -13
-15 7 53 -77
-71 73 -87 117
-53 -74 -75 -3
-35 114 -74 -48
-120 -95 115 -46
-1 120 -31 32
-44 -88 29 -118
86 18 -39 -40
-106 -16 -3 125
-101 102 -75 117
37 30 -34 10
-94 -85 125 109
116 -66 -48 4
-50 -55 29 13
-64 -18 103 14
123 64 -104 85
32 -120 -17 41
-39 -1 -77 39
122 5 116 -26
37 47 -16 -66
-24 49 -4 118
-84 65 26 12
-6 -15 48 -86
96 -123 2 -107
-75 61 -64 -110
-82 -1 -48 -45
-72 -1 71 43
6 40 119 18
110 109 30 115
-9 80 -44 -85
96 -117 25 -124
-72 -87 18 27
54 -54 32 -68
105 53 17 -104
-73 20 -78 -3
-104 99 53 -64
-58 45 92 107
-84 101 48 -43
86 -17 91 -8
-33 -10 -81 53
-75 -15 -60 -30
-11 -36 -16 115
10 75 -11 -11
44 -99 -38 -74
-112 89 -32 28
-65 -3 18 -28
48 -71 -50 -9
46 -54 -97 51
89 27 92 25
89 16 -40 -82
78 -100 -5 13
90 89 -119 115
-95 36 28 11
15 80 -22 -63
-117 20 20 -41
-96 16 122 -14
-104 52 60 20
75 0 -66 -69
-93 16 -124 -35
5 17 -87 -59
102 -123 -18 17
-121 -114 123 -87
-43 -97 51 95
-37 63 -17 -121
-119 7 62 7
48 -63 -39 98
33 114 -58 -100
-63 -19 50 -75
17 -63 -58 -37
-92 35 -46 86
-27 -24 107 -17
-2 -111 -108 -34
14 49 -119 -58
-33 94 94 17
-86 98 37 102
113 -16 -56 22
-17 -33 -56 -119
0 25 73 117
102 -42 -72 70
-119 -126 8 -113
122 96 -121 76
30 53 67 -123
-28 -90 -81 97
-87 -6 5 -97
-95 50 38 84
115 -90 69 -34
98 49 -88 31
10 50 97 -96
37 57 -11 -83
-25 116 25 -61
-50 50 6 -103
-116 -32 -125 52
-96 -88 37 -8
93 -34 16 40
61 114 -12 -53
44 45 -93 -3
-77 -54 33 -116
-82 6 -114 60
-76 15 -62 29
-88 103 88 121
-61 -103 121 67
-51 16 -11 76
-4 -98 -79 11
-122 -79 -63 -104
-32 -70 52 69
-90 -8 15 -77
75 -20 -46 -49
92 -3 15 -50
48 120 -98 67
101 118 -53 -34
0 30 -27 97
57 50 -121 -34
-87 -39 -105 -38
61 -109 82 122
29 -61 11 -42
-2 -28 33 -1
-117 124 105 -62
-95 -86 83 -12
-92 -121 50 30
-67 -42 -94 99
69 -90 -47 -58
-83 -93 96 -114
91 35 -95 22
-77 -124 -24 66
25 -53 96 -67
8 -64 65 46
122 -120 93 102
25 100 -109 -88
-127 115 71 46
2 -5 25 23
-121 21 -42 94
28 26 98 -25
36 59 -43 100
1 69 -97 -34
-108 50 83 -57
108 -56 7 -101
67 -3 32 -93
49 104 71 -24
77 -76 32 13
29 12 -87 -126
122 11 -17 -26
-117 18 35 123
-34 -106 75 28
-101 73 8 -64
-98 86 67 -69
78 -91 -114 52
-1 -70 -79 10
-124 123 121 -113
-103 -105 -118 116
-11 -1 100 50
-89 -37 -87 -83
41 -47 36 114
-64 -67 101 57
-47 -59 -70 -109
124 33 85 -52
45 -102 48 -1
85 -60 69 -68
121 -63 -38 -19
-122 119 -64 -40
-14 105 14 115
111 -46 47 68
-108 3 23 -17
-58 51 72 -107
55 9 56 -35
-76 98 -17 6
-29 -93 3 99
67 46 1 27
20 -107 -124 90
54 -46 -116 -26
-114 -124 89 -36
-111 60 -104 -74
54 -89 -30 65
101 -115 -93 2
-29 38 56 -68
123 -30 -56 125
26 19 -127 -99
114 117 -44 -76
-9 52 82 3
-25 36 42 -65
-122 -32 101 -55
97 105 -103 -51
79 101 -97 70
62 72 -26 -105
-120 -20 112 68
109 -78 32 106
-5 -8 55 77
24 70 -90 62
-40 -48 -45 1
-79 -74 -42 -73
-18 -69 35 84
-7 -5 -46 -78
78 4 57 -88
-20 45 -25 22
23 71 111 -66
-38 94 56 -97
-21 117 34 -3
-110 -72 -44 114
68 -56 -58 -90
-32 -27 -74 77
0 22 60 -13
-68 -72 -62 1
7 17 -30 26
101 79 -115 -40
-62 -101 -26 -15
29 -63 60 -102
-124 49 -86 -55
43 59 -95 -108
-109 58 89 -18
-47 -120 108 40
122 117 -32 -46
-121 52 -127 98
-52 -34 -58 -113
99 92 -21 42
107 105 -15 55
-82 67 -4 -80
98 109 -70 7
-73 -60 -10 -51
-91 44 74 122
4 21 -92 -78
32 -6 -115 38
-83 19 -88 31
-101 80 37 111
-68 51 -86 40
-6 -80 -94 -51
-104 26 0 6
36 -40 -107 109
-34 2 12 100
5 -72 100 80
70 63 99 13
67 112 -63 -31
32 -64 -106 6
68 1 54 -75
49 -49 64 99
-18 59 19 65
-55 -125 78 70
50 9 8 -20
14 -68 0 -60
-114 112 -24 -11
62 80 82 109
56 26 -72 75
-62 -113 37 96
-67 -109 -36 80
65 -78 -69 -35
-96 -61 59 -36
86 29 39 -104
-65 12 69 94
97 39 53 -3
4 80 -10 110
-103 62 -100 64
20 -95 34 -103
49 -96 -116 -60
125 -115 93 94
58 -127 16 13
-86 114 -42 -89
119 -94 -35 125
-4 -46 -30 -86
-61 9 3 28
-17 -3 35 68
-108 61 85 103
51 76 0 21
-96 70 62 -44
95 -83 97 30
99 113 12 -103
-3 106 -115 16
-85 -19 48 59
-40 57 -98 -78
14 -109 7 -76
-122 79 106 -99
104 -126 25 -100
40 -105 -121 -104
-33 -49 21 10
120 39 -113 -61
53 40 -76 95
46 -106 -95 -77
-114 69 -10 -114
96 120 29 -82
43 -100 -61 72
-32 -13 -26 122
-62 -16 -30 49
103 66 -86 19
-116 -30 114 75
-14 99 91 -83
-11 4 76 87
27 47 116 55
-73 -69 18 -14
-48 37 61 -12
-98 -12 -89 -112
-44 77 77 -39
81 -32 72 75
107 53 -9 115
-37 -68 10 117
112 -4 108 79
-111 -54 24 -104
-77 -78 23 -121
92 -6 -9 -70
-2 102 27 52
106 -10 -90 26
76 -109 -44 -122
-46 48 21 -103
-101 -42 97 -104
106 -28 32 65
-102 27 -69 124
-39 119 103 -91
4 95 19 -114
-17 -75 -127 -69
-46 -1 37 115
-69 -1 -49 99
26 -73 -65 -110
-85 72 -61 116
98 29 21 105
82 -19 88 -125
-99 119 40 -74
-29 100 -78 -82
-24 -44 28 0
-43 78 -28 -42
88 -2 -41 -116
28 67 -47 36
78 -125 26 1
-93 -72 48 96
-120 -119 76 -70
-23 -121 -22 -27
68 10 22 -83
1 -26 -26 30
87 105 107 22
21 86 -80 -11
28 64 83 -69
125 10 -34 -101
34 -13 -104 -83
26 -88 -102 14
-107 44 78 -65
-85 96 94 -123
5 -44 21 73
62 -92 -66 66
16 -36 -59 49
103 46 103 -71
-52 45 28 -25
5 -113 -56 -82
-95 97 55 -40
118 -69 -42 0
75 36 -113 33
57 110 -53 -120
-73 35 4 -112
117 21 -100 -86
-2 -69 115 79
15 -20 7 24
-44 90 -47 -42
-36 35 -91 -35
-49 24 -55 91
10 78 50 60
10 -61 -5 22
-89 24 -4 33
1 83 90 -61
-113 116 -14 53
24 69 -53 122
-68 -21 -29 116
-78 30 124 -70
-69 -82 -61 4
-120 -98 16 118
-97 96 -116 30
-8 -77 -20 -55
-117 -50 57 -74
-98 -35 -18 -57
19 -110 90 10
125 11 -33 -105
88 48 -89 -37
-114 -85 92 113
79 22 23 -1
75 -58 -97 -108
-9 -55 -22 -101
-6 47 -12 36
67 -106 -124 21
49 -1 -73 -87
28 83 -11 -65
39 68 37 -68
95 119 -59 -40
39 54 -12 -57
-27 110 55 11
-74 -62 48 -8
-89 86 105 -72
-115 -96 -89 27
13 -122 -36 -93
49 32 97 87
-65 -77 28 -83
-68 47 -20 -117
9 -98 111 32
-107 69 -79 -66
8 18 -53 -16
52 -15 -65 -39
-97 44 -80 -83
87 52 -10 -23
112 23 25 60
111 119 -90 -43
-26 78 47 105
-37 -11 -121 83
-31 -104 87 34
73 119 -41 -21
-76 22 111 99
77 -36 16 -73
-30 -99 64 24
59 76 74 120
-87 -98 -127 74
-103 43 120 54
-50 51 125 -60
39 100 -83 -127
63 -63 -22 -27
18 -31 -53 -55
-56 -118 30 -51
99 87 4 64
-99 -103 30 -100
11 30 -78 85
108 124 41 43
-27 -45 108 -106
77 -48 54 98
103 100 -122 -87
-39 112 -62 98
79 118 -62 6
-1 96 101 101
73 34 51 59
-71 3 -120 -125
99 83 -101 79
61 72 -83 -59
85 -44 -18 94
-26 -79 70 70
-10 9 -84 34
-41 66 -101 -122
47 44 -120 33
4 -106 27 20
-12 -56 -1 -105
-63 -68 -60 -63
100 27 -41 -117
-126 -96 29 121
-69 0 -108 -28
-121 2 -90 101
-10 10 -94 15
88 -5 -33 -105
-33 -63 -21 87
84 -113 97 107
-50 75 119 -97
10 -123 -21 -127
-38 98 74 62
-89 -72 37 3
-18 37 90 121
-15 -72 -59 31
-117 33 23 -80
97 -108 -71 -10
-119 74 -19 5
24 45 16 28
-114 125 18 -75
14 7 18 -36
68 -38 -77 -125
59 -73 -124 -53
-60 -92 47 76
53 -1 -17 -110
110 72 55 -71
-64 107 121 101
-82 46 110 -55
-111 -36 -68 75
89 125 -95 -42
106 29 101 40
-75 72 77 -110
0 -7 122 46
14 -59 66 42
39 -46 14 -8
-19 -92 -4 3
77 -107 -102 25
96 -40 84 -106
52 5 -100 92
-50 60 2 -27
10 -71 -16 61
-87 20 -39 19
59 104 104 -16
-73 93 40 79
3 115 -72 -100
-92 100 -57 48
52 -14 -100 9
-73 81 93 -67
-80 9 111 -114
58 21 -51 -89
101 -28 114 75
36 -102 74 78
-50 93 70 -114
13 -85 80 30
98 -1 24 -76
37 -116 -21 10
-39 40 112 36
-119 -84 -17 77
-120 10 124 -68
-27 5 -15 -76
-112 37 -83 106
-39 -68 78 -99
-127 -62 -117 -121
13 110 94 -45
118 -72 22 -67
8 125 -70 89
-19 45 69 -74
-20 30 17 -94
10 33 -51 -36
-36 78 113 -68
-107 50 53 24
104 -118 -47 64
-91 -101 52 -115
-28 3 -97 -67
-77 -5 97 44
-55 72 43 -39
68 44 -18 -70
-106 17 -119 45
66 19 -3 125
44 68 -18 -2
-114 31 89 -126
22 23 -83 -124
-72 -120 -43 -67
8 44 90 -51
-111 -78 76 -68
-119 -13 -75 -48
119 14 -7 16
112 -26 86 -47
1 92 110 79
100 86 112 -113
-46 61 50 125
-100 -91 -124 -24
-103 24 115 -56
-35 -28 95 -104
-39 -43 -20 -101
-39 23 19 -11
-92 -126 17 85
123 -98 -83 -83
-93 -102 66 -10
51 -103 -2 122
112 -84 60 -48
-88 0 84 -24
-126 57 -36 -53
66 -77 71 -113
36 -69 30 -78
-81 -41 -12 105
-34 104 -77 64
-80 -53 -116 -95
121 -75 92 -10
118 -120 -123 -46
-115 5 115 6
94 111 -29 43
87 -92 -81 87
90 -122 1 82
-4 -57 55 104
99 54 -17 68
-38 -107 3 52
-32 -36 105 -12
81 -62 -95 101
45 -80 -24 48
46 -85 31 -127
60 -25 53 -39
45 6 -56 10
-27 -14 -84 31
2 46 122 107
-15 99 119 -56
118 -12 -4 125
121 62 -51 -39
-7 -100 25 -85
107 107 -75 110
-99 121 -118 2
-100 79 96 -89
-119 -5 110 -102
46 -31 -76 -25
-97 -100 26 -72
-100 79 5 -31
-70 -123 114 -88
-88 -37 116 -8
94 91 -54 -4
-15 -61 119 -90
-37 60 -95 118
112 -98 -93 43
0 56 25 -37
-58 43 49 -51
50 29 -23 2
106 -21 93 14
-15 53 -106 -43
56 79 -77 -69
64 -86 -64 44
-100 78 8 -46
30 105 -112 -65
4 85 -12 -105
-108 -13 45 -5
27 -114 25 8
-103 -119 -108 -31
-35 -21 -108 59
69 -92 -50 57
108 -49 -47 -126
-96 108 66 -111
42 14 90 97
-93 72 -16 -70
25 81 31 95
-59 -125 34 25
-118 103 67 -51
-19 37 -88 16
-80 -18 8 35
-52 116 25 52
-14 -105 46 -3
-106 80 125 -127
6 -8 0 -101
58 91 73 -100
-88 -91 -14 14
-27 97 72 -122
115 114 -47 -95
-43 -80 50 -109
-127 -36 41 -115
61 23 111 27
119 60 -72 -33
-44 50 -12 -9
114 -61 -89 -48
-24 -32 73 109
-52 -14 96 29
-98 -118 38 -64
74 72 34 -68
-69 0 103 16
19 107 88 -79
-82 -68 92 22
101 -3 54 60
38 -66 -22 -87
-87 -100 99 -122
72 114 103 -102
-10 13 115 -45
-36 6 87 -44
2 91 -82 -23
-47 84 33 38
-75 84 -101 98
122 -27 43 112
-58 -49 -34 114
53 -27 7 -22
-110 -45 -38 -90
3 -10 46 -98
-75 79 -29 121
-42 -65 -48 4
35 41 70 -83
-73 23 -51 87
107 100 123 3
71 76 35 52
43 9 124 82
62 -92 -88 79
119 109 66 -66
-119 76 7 37
-73 125 -77 -59
0 67 -57 67
-66 -27 -32 -60
-90 -33 -50 86
18 39 71 117
-76 40 114 -123
-18 -44 -9 -73
28 46 -126 25
-11 -32 -52 -108
-31 -102 75 93
-108 -74 -119 108
-106 60 26 45
-49 -74 -7 -5
-31 39 89 -49
-4 23 -81 -49
40 -114 36 -74
84 45 58 12
-34 2 -105 -81
-21 -82 7 -12
-53 -35 -113 -53
108 12 -122 57
-126 106 -61 -55
120 8 5 -5
117 -24 -108 -54
94 -63 12 -119
26 -95 72 96
-112 33 -33 53
109 -43 -66 -121
61 -72 120 -127
-50 -65 -55 -34
-6 -94 -16 -62
98 90 31 -98
62 -21 -39 26
79 -100 76 -3
52 119 10 -15
-20 -24 25 82
81 -113 -59 -27
-90 107 -67 124
35 116 -124 1
93 -113 -124 117
114 49 32 -65
-48 88 -13 31
124 -19 0 -13
-122 77 52 -73
-78 -47 -70 -82
6 76 -119 -45
-34 11 -65 -63
12 29 -112 -44
-7 -42 116 -91
-8 109 -62 -12
14 18 -34 34
-45 102 -115 76
2 -33 16 -81
-52 70 -20 64
16 19 44 1
-87 -20 90 81
91 36 -101 30
-2 3 -89 -62
70 104 9 112
-17 79 -122 -126
-5 -119 33 -105
-7 76 -50 -60
37 125 78 81
-78 -3 0 -123
80 -16 -58 -40
-35 -88 36 108
15 81 15 90
89 -64 -26 77
-79 53 42 16
74 46 57 -9
40 -71 -125 0
61 35 12 -64
82 -32 64 -96
-103 51 22 96
-86 -29 88 -42
-21 56 -1 43
-13 26 -34 -124
106 120 111 -116
74 12 9 -31
-48 -19 -40 -108
-22 -119 -65 -44
-81 104 54 -76
-100 12 59 -58
-102 42 -17 56
-10 -66 42 6
-86 -27 31 12
-121 16 -43 -35
-32 -58 -18 -66
-13 -30 -96 -43
115 -105 -65 65
-1 -21 12 30
-112 124 -2 17
-120 -48 85 -24
-33 123 118 -62
111 -48 -57 -126
-82 50 -59 -119
-42 123 21 -95
-38 42 -13 52
96 -75 -46 107
-19 -101 83 -123
70 -32 -75 -89
107 77 -23 -49
-95 -84 89 12
-115 -108 -50 -13
-100 -102 -89 117
-85 -43 15 112
39 80 35 80
105 107 80 -33
-115 20 90 118
-56 -99 54 -26
26 47 -13 -115
100 29 40 123
-17 116 102 37
107 -75 -103 -63
-33 89 100 -72
-41 -31 90 96
71 -12 23 -122
-92 7 98 -20
115 -4 -121 -83
9 -67 -22 -76
9 62 -10 36
36 -35 -64 -79
-122 81 85 28
-76 -117 63 75
75 96 46 80
-38 -25 -14 105
-47 36 -37 -77
104 -81 68 -28
67 20 -115 107
-46 13 -46 37
-39 -61 -25 37
-72 107 78 110
27 15 89 -126
73 60 26 -30
61 69 -75 37
121 64 -77 -117
17 87 24 -4
110 -43 -76 104
-62 58 93 95
-93 -28 92 27
-92 23 37 51
105 -74 71 115
-54 -103 -50 84
21 -65 76 -81
112 78 -62 37
-119 11 -53 72
-66 -71 60 47
99 -104 91 -21
12 29 -3 81
-108 -120 88 52
-109 122 -15 108
-44 -22 1 -80
28 -85 37 43
10 60 114 56
-113 -116 -21 -40
-54 31 -29 38
-56 96 -99 114
-60 -2 -94 -13
-77 78 -111 108
-111 -11 47 -123
38 -72 -27 74
15 12 -37 -46
38 78 0 114
-17 13 70 -36
65 -99 14 -42
63 25 -29 -85
6 39 -19 -116
61 12 -5 12
75 -81 -86 113
-20 65 -105 -61
-104 47 48 81
-30 118 87 52
98 101 -14 -59
-26 -21 32 54
-2 -47 92 -90
-29 65 122 120
-4 98 30 -67
-22 99 -14 -77
-98 92 -26 100
-14 -91 -44 -108
118 74 32 -38
-92 -79 -40 -5
-7 -123 -96 88
102 -124 -9 89
113 -45 16 1
53 -113 102 59
104 45 -43 -100
-127 -108 -46 68
39 -82 -34 -69
20 -27 92 120
-14 23 -23 105
82 -34 47 105
1 -123 -105 -84
121 -10 29 -14
-72 -11 107 63
-21 -93 81 61
-99 -35 -1 60
-13 -5 28 69
-94 -105 -111 119
-114 -12 -103 -75
56 -72 -94 -117
-41 -26 -60 -17
19 -1 -70 -35
-58 102 -18 -101
-81 -46 79 98
-56 110 72 -9
22 -81 -81 68
100 72 102 6
-28 -4 94 23
-82 103 -125 76
-79 -95 54 2
45 -75 -76 29
-24 114 -93 -112
107 50 -13 -55
102 -1 22 -117
46 6 -15 20
-11 -36 -14 66
103 -89 -8 64
-82 -94 43 -10
-49 33 8 46
64 47 23 96
9 34 -83 84
60 0 -34 -79
72 62 46 -77
92 26 -35 86
-84 -105 -63 -92
26 -51 -94 40
-7 -80 70 -71
1 39 56 82
-95 106 69 -103
124 -9 123 70
-82 -97 24 36
24 90 -89 75
-108 -102 -73 -83
-3 114 25 -74
14 -72 118 53
-37 94 -52 -26
23 -100 78 93
-113 -112 64 -35
96 55 -50 -66
-92 95 24 -110
112 23 114 -98
22 89 30 40
12 39 13 -59
55 17 17 24
-64 96 -15 -32
-30 33 -107 78
-117 -61 -12 -122
-22 -11 11 -96
56 -43 -40 14
6 6 -99 91
64 -61 23 -69
32 6 117 -104
-6 37 -33 96
-89 -39 88 -119
-32 -80 -61 72
115 -99 -58 54
118 -111 -42 70
-69 -118 32 -23
-60 119 82 84
88 7 -126 -75
-6 -94 -101 -83
36 -43 -43 106
-81 -106 -47 -60
-112 -108 40 -65
-73 20 125 124
-27 -120 70 -91
-95 91 -31 -110
13 -53 19 87
-109 87 11 87
30 -43 -72 54
17 -24 12 27
80 -67 115 69
44 85 -67 111
30 -32 -9 76
75 -27 -58 -28
20 -41 108 19
58 6 114 6
-115 76 -116 -90
10 -123 -126 13
19 -27 49 -70
92 -101 -4 -59
18 113 101 -44
-52 63 -81 -99
81 -35 -64 9
38 -112 1 105
3 68 2 -95
-69 11 -19 122
37 51 102 -115
5 -10 -79 -71
-12 52 -122 -24
87 -54 -115 25
17 -100 -10 64
30 -5 -67 55
103 87 106 115
47 -69 111 -39
119 6 -63 57
65 -94 -20 118
-116 -90 -118 111
-109 -64 -14 -35
-115 82 100 116
-79 99 15 -22
48 17 94 87
119 68 15 62
-26 72 16 44
-118 36 45 -123
62 -33 -113 2
-72 -1 119 -69
111 -28 -30 108
114 26 -28 87
-42 68 62 72
125 120 -36 71
-112 -55 -19 123
100 -6 -98 90
-2 -28 -112 -30
12 -11 -95 39
-5 45 -125 -13
1 -113 18 -122
110 -109 -33 46
111 80 -83 -117
-100 87 -6 -103
111 -65 86 -98
89 -127 26 17
-18 -116 -12 -126
-28 74 14 8
-124 -46 -33 96
-80 -55 13 109
-119 3 -67 75
-12 -61 -127 110
-51 -105 -89 37
64 -127 99 -127
24 52 42 109
-85 -15 87 -62
50 61 -106 123
6 -120 -114 16
-63 117 100 39
20 -34 -92 25
63 -84 -26 -114
55 55 -25 -27
81 69 -73 -15
102 -20 121 68
-115 110 -96 -54
104 -23 -32 43
-47 123 15 -104
-106 -91 70 -32
-126 57 -31 84
-12 -87 -90 -63
39 -97 44 -112
107 32 27 54
52 115 52 89
-115 -4 63 -35
79 21 -120 -61
-59 -43 31 47
-49 -38 -81 53
49 -67 -121 43
38 98 117 59
103 -80 -41 -47
113 -85 -57 124
12 43 99 37
-73 87 -53 -9
-25 38 43 -77
-31 -78 -74 -56
-124 44 -26 -126
-13 -82 -111 -4
-105 -56 -102 -125
109 -53 -14 -76
-8 -103 -9 88
17 12 67 -70
-71 -113 17 61
68 118 108 -118
121 34 45 -32
-105 -59 96 56
7 -12 69 9
94 59 -108 -107
90 105 -121 -21
102 30 -88 95
75 17 -59 -73
-70 22 75 63
106 121 102 -40
-68 20 102 77
-121 -12 92 -32
-124 -51 -80 -115
-91 -64 -48 -65
78 -77 9 -16
-14 107 22 -112
-103 -95 -32 -105
-4 -92 29 115
9 107 -86 -114
60 68 15 -20
-13 48 77 -82
-19 69 71 57
-80 -4 -53 104
-74 43 -81 -93
100 20 -23 50
5 -86 -8 -81
-55 -90 11 -117
-81 119 -58 35
-37 -82 24 0
11 -111 11 -92
17 -121 -86 -104
98 -45 105 98
29 -113 7 -64
-23 -31 -77 67
-52 -99 51 3
-78 46 92 -14
-121 -103 92 -16
-24 92 88 88
73 -103 4 -1
-115 -37 30 42
55 -26 101 -114
99 78 103 -65
53 120 -119 -29
-83 -56 -74 -67
0 -74 112 115
-66 -58 88 7
70 -59 37 -40
-58 -47 54 -99
-76 -68 118 -69
-98 44 -40 -60
-74 80 -91 32
81 57 -38 21
-13 -75 -86 113
47 -112 3 87
-14 34 -79 -116
-3 37 68 14
52 39 -19 -32
-127 -124 98 -45
41 44 -110 85
15 -59 -105 89
-72 -26 68 43
100 39 36 -78
-22 -124 -15 28
4 -10 -86 -83
84 46 -109 -1
23 -39 87 0
70 51 104 -67
-69 -107 113 47
11 54 85 57
70 14 -73 -53
-52 9 60 -42
-103 -94 -46 -96
76 -42 -11 32
-58 84 105 -49
38 -86 30 31
73 -60 3 108
-13 96 -112 63
110 -58 44 79
60 -103 -81 65
86 10 48 92
-80 -38 -77 90
-27 17 -14 -126
-95 -18 119 -103
-76 -22 111 -54
-123 -101 -112 13
57 -96 -122 -19
88 120 -4 -83
-50 -68 -51 -79
75 65 -28 74
54 -40 -79 -99
55 -5 125 104
-94 0 66 31
119 -56 -87 -13
-32 116 -15 -2
-22 -77 87 -86
98 18 -37 -56
75 -107 118 66
15 93 11 74
-33 -71 -12 -20
-83 39 -105 -36
89 122 -100 70
-110 -30 -91 86
13 -20 91 69
79 86 32 -24
115 -36 32 53
-64 -85 97 121
-40 50 29 16
-44 48 63 -22
-117 -9 46 -15
74 93 -95 -127
83 24 72 -68
-58 48 -98 40
69 -82 61 63
-107 -103 -19 119
90 -88 -53 49
70 -22 61 -70
-58 -52 -47 99
-104 57 -40 -12
-68 79 -101 70
-28 -22 107 -95
-115 -17 -36 -125
-58 -119 -3 115
21 -4 -87 19
-83 83 -88 89
-50 123 1 62
-11 63 -74 60
-40 -73 93 -116
-29 -35 -99 -41
43 -25 60 71
36 -110 75 -73
68 120 -30 -19
62 -45 106 71
83 -71 -82 -5
-44 42 5 4
-122 -44 82 -49
60 18 102 -104
54 111 50 -79
50 14 101 -77
26 -62 -61 98
31 106 57 118
66 -37 -123 123
91 15 104 109
-64 -54 25 43
-73 47 -97 122
95 40 -126 -32
7 121 93 -102
125 -48 -99 79
-23 -21 116 -51
-116 -91 33 -71
-91 54 -100 63
-52 5 48 -3
67 -59 49 -50
-19 121 -68 -119
-94 112 80 -9
65 -51 -18 94
-116 35 67 -46
-68 -81 97 50
73 94 -44 -111
-14 -126 -20 -71
125 -28 -98 -37
-96 -18 -109 -66
-44 -34 91 44
-120 -6 114 -45
-78 84 -67 103
-100 81 -42 -69
117 92 -30 -78
62 122 -112 -5
27 108 54 -124
-118 42 93 -56
-67 -113 -29 -119
-102 24 -45 13
-32 105 -81 -127
-76 -78 -103 46
32 50 51 28
-59 43 -112 38
-42 -80 47 -97
75 -111 113 -37
-10 -53 45 -127
68 -27 105 61
-10 114 93 -100
-119 0 59 -48
91 72 -15 10
-12 52 -76 23
-101 -90 3 -77
-105 17 -69 5
-64 -44 -98 -72
79 -37 -63 96
-73 107 -68 -14
79 -120 42 -94
8 -104 -15 -123
-14 -55 -28 -23
49 95 122 -85
65 35 -23 -87
-56 -100 -127 -13
17 -62 105 -22
-127 38 61 -62
79 -80 64 61
110 21 54 97
67 -78 22 -121
-18 -58 -7 -116
51 33 -21 -92
-99 -124 26 69
110 78 60 -16
17 36 -1 -111
-56 -23 -59 -48
-53 105 -8 -77
123 37 37 -96
-120 91 -37 -95
-81 -36 -102 -11
22 -92 31 33
-47 81 -41 44
95 -111 -54 79
90 -7 -115 92
-106 123 109 115
90 -42 85 56
-82 -126 42 -29
22 24 59 -64
-14 -82 70 83
-23 123 94 -118
72 -56 -64 89
-80 -23 -111 -24
-122 -5 -43 94
81 42 -33 -8
-91 -121 85 -42
-123 -64 -97 14
19 100 -80 75
97 15 -17 -69
120 7 29 -92
-4 109 -64 110
-29 -13 118 45
67 -52 5 -60
42 -8 -125 -27
-116 53 82 -12
-86 47 115 -36
-86 17 -72 -57
-91 71 92 -49
-74 57 -40 71
101 19 -78 118
-80 -104 49 28
-95 -39 5 90
-95 -122 -97 68
-104 69 -54 -87
-38 97 67 94
-2 -61 13 -4
-109 -71 -36 -19
-37 89 -40 93
-61 73 69 65
107 64 -37 113
-19 -65 -65 -71
-66 63 -92 -98
-1 -104 -124 63
-21 14 -34 -19
-74 -99 -25 66
68 7 -36 106
40 -20 -78 -57
54 -71 52 -44
59 -96 -1 94
-26 -61 50 -8
-48 87 47 -87
52 45 93 32
93 84 29 -79
-5 100 109 -21
102 89 25 74
102 14 -12 122
48 -36 -55 -2
-68 4 -94 22
59 17 -43 -81
89 75 82 82
-110 5 -21 -22
121 -94 -46 70
-122 -36 -99 -118
122 84 -123 118
97 94 -93 -44
-112 -101 69 21
32 103 61 -120
-42 118 -14 -2
-35 32 -62 -86
-64 43 -40 -112
-98 11 -43 65
17 -59 -71 -114
94 -73 20 30
-75 -111 -94 -119
-19 -37 46 51
15 97 -60 -13
-107 -91 85 -3
113 -89 -3 -12
-127 38 15 12
-82 72 -63 66
-101 7 11 -59
38 -16 59 -34
-45 14 -120 95
34 100 -3 -98
36 116 -22 -88
-83 -29 41 -15
92 24 -111 80
-124 123 92 -8
-21 -72 -96 20
-73 -113 61 -47
38 41 -26 -9
-120 -18 106 37
-32 -25 -117 51
80 84 41 35
88 -53 -125 -101
17 -117 -66 -61
21 -93 -63 -54
60 -25 -102 122
99 15 -114 -104
97 -10 2 -72
1 81 -30 49
-26 20 -34 63
-40 12 73 33
87 111 -4 3
26 -106 -14 -70
-125 53 34 123
-67 81 -79 37
66 -28 109 -102
108 -11 -73 52
-117 -12 -29 100
10 88 67 100
-77 -106 -42 107
-11 -77 -40 105
76 18 42 -32
93 125 85 -27
-47 59 93 -30
-121 -24 -19 76
16 27 -19 -19
-103 107 32 -88
-2 77 -56 -40
6 89 2 1
-119 77 -95 -65
-86 79 -114 -26
125 -43 -118 98
-80 -13 117 117
-73 -6 -88 30
-1 50 100 -94
-55 -37 -111 -118
2 -106 84 72
87 -119 81 -5
-111 85 4 1
58 118 -108 -82
102 -92 -44 65
-111 24 113 115
125 -59 -8 26
77 49 -102 61
25 -56 -42 -87
69 84 -76 50
-51 0 67 115
-2 -27 -94 -121
-59 -62 32 39
-13 25 21 -72
98 19 24 67
96 82 94 15
-99 -44 -49 -2
28 54 2 22
-12 114 49 -126
65 123 101 36
-36 15 -13 18
-8 61 -20 -76
-12 89 -6 -118
83 -88 -60 16
23 57 -72 112
28 74 83 -116
38 -76 -121 -24
-65 41 -94 -1
125 50 75 12
-97 -47 12 76
103 -80 79 64
117 -17 53 124
-31 -44 96 69
-16 -119 -1 68
-88 91 -95 -107
40 123 38 21
81 53 97 -114
-72 61 -89 -8
80 25 55 105
-13 -3 44 62
7 -25 93 -55
94 -32 118 -53
-2 54 20 -44
6 -56 41 -57
-117 -21 62 111
72 103 -113 58
52 -42 -80 88
14 -76 -1 -108
89 -8 -112 112
2 -104 78 2
-106 104 -82 -42
33 -49 -82 18
55 -44 60 10
-22 107 78 -101
-2 -6 47 41
39 119 45 -5
-25 -40 56 25
-28 39 -77 89
82 56 45 -11
78 -118 32 120
-125 -82 49 -115
103 10 -116 -108
-66 62 59 -12
22 -96 97 -20
12 -73 -45 -56
57 -107 17 51
107 -107 -104 28
30 85 -121 108
18 -104 47 84
-28 -23 -94 112
110 -33 -125 15
-59 -29 -42 -48
-36 -122 -127 -42
-71 71 33 -89
66 110 -34 79
16 65 -54 113
78 108 10 -106
28 -99 36 -68
-2 65 -95 2
51 -74 -98 74
13 -110 -68 84
-62 -23 48 -20
53 -77 25 61
-80 -71 27 125
67 2 46 -38
3 -80 96 -38
-117 97 65 -37
108 109 -12 20
107 73 100 -79
-35 9 -113 -31
61 101 46 -117
-2 -80 -126 -6
-45 -110 114 103
-69 12 111 81
54 -69 -123 88
4 -72 -31 119
-76 -111 112 92
64 93 -17 -102
-107 -82 10 86
84 -119 -61 45
121 32 12 -29
33 -55 42 81
-72 33 54 52
41 -127 67 -111
-13 20 -88 42
-52 98 -119 35
94 -86 -104 -50
-55 -113 124 -37
78 53 87 -40
95 77 1 103
82 -44 75 121
-117 111 -88 -75
121 100 16 23
112 -49 123 -49
118 53 -83 56
-103 4 -31 73
-37 -86 116 108
105 8 -117 -118
85 57 -46 84
20 80 115 -60
-84 -105 90 -4
120 54 -40 35
73 74 20 112
39 35 23 58
-123 41 -73 112
10 14 49 -70
3 6 31 64
-72 -85 -63 38
56 104 7 6
-41 94 124 -81
25 -93 -60 -16
46 -78 -27 -71
112 -104 -119 -39
-98 120 -99 109
-19 -24 28 93
-75 -122 -82 -90
74 -84 -6 80
53 35 -24 76
74 -79 -101 107
30 -37 86 67
-30 -59 -50 67
121 -40 22 60
45 76 121 -67
67 -24 -13 7
21 -28 -80 -101
118 -55 -19 -19
25 -71 -84 18
92 -64 -122 111
-14 -4 -113 50
-45 69 63 61
120 48 -23 124
91 6 -70 -96
116 41 61 -50
116 4 47 41
-7 88 -33 -2
87 34 -119 5
-42 33 32 105
62 19 11 73
92 -52 52 124
-123 22 24 116
40 -25 92 -106
-59 53 37 37
-21 89 -54 -96
-24 103 60 110
91 -29 77 -91
122 -74 -32 -17
-4 -81 32 -48
42 13 -35 -3
-32 11 -75 -73
-87 36 51 82
-116 66 -70 47
86 -27 -45 -64
0 -79 0 9
2 6 7 115
24 -84 93 46
-56 -31 98 76
-1 -61 42 116
-109 -58 10 -93
-21 28 -15 -2
-77 103 68 -25
-19 89 123 -30
85 -37 96 -123
39 -41 -94 118
116 38 106 9
-43 22 -108 -22
125 1 -100 32
-71 43 -70 39
-94 37 -39 103
97 29 83 -28
-87 -120 -19 -37
84 107 98 -25
1 100 27 92
51 89 84 -88
40 -70 98 -93
68 -12 89 -84
-114 -34 98 -89
112 -49 -5 108
-25 -39 83 -37
20 -39 64 72
-78 56 -44 -80
-76 -87 52 -50
-28 -10 -108 45
-82 -36 -39 39
120 9 48 75
-48 48 21 -39
-93 -87 -99 47
50 -47 75 89
57 -121 35 84
112 105 -51 -126
17 68 79 -124
-82 73 66 13
102 98 -59 -43
99 21 -122 82
80 -60 -123 51
62 67 57 -89
-57 92 24 21
97 32 -26 -51
89 57 -105 113
-123 13 70 26
-54 55 48 -28
107 -102 -65 91
77 48 119 43
-82 11 -116 116
57 32 38 3
-86 96 -69 11
32 73 105 -5
50 37 48 -99
85 -50 20 79
61 50 5 -90
-67 38 7 -12
22 -98 78 -40
108 81 58 -52
23 18 -90 -105
121 -25 44 -12
62 122 100 44
6 -16 1 -97
-83 -50 113 6
-40 -21 44 91
103 65 4 -52
-33 89 97 -2
33 -72 -50 -59
-59 -65 -66 -92
-20 116 -115 -121
69 -15 -74 69
-125 -109 -121 87
-55 -101 42 -89
14 44 -41 12
-126 -29 69 85
-67 -37 -115 111
-113 40 51 -91
99 20 -30 -44
-2 77 -19 109
49 -88 -126 27
79 102 -55 108
80 110 58 -98
-38 -46 -19 -47
-74 111 88 82
40 -121 22 -93
-79 18 78 84
76 81 58 35
-77 -70 -5 -114
56 -35 -15 99
0 69 76 -45
56 -123 -54 64
13 -92 -60 66
51 120 72 -85
-98 18 41 77
-87 -4 -100 -80
77 11 -36 -110
37 -5 57 1
-61 -17 -44 -78
-43 91 60 96
18 87 98 33
-20 -9 66 -3
62 -92 59 100
-26 -24 11 -4
-81 38 124 87
74 -59 34 67
74 -76 -91 114
-47 -60 -52 -87
96 3 58 90
-22 16 -86 -88
87 -82 6 -125
38 23 -84 63
124 -59 -95 -84
53 -41 76 -17
5 40 -46 -60
11 52 6 -25
54 -25 83 -8
-49 24 -90 113
6 119 113 107
-93 8 3 84
-113 -33 118 -42
36 45 40 78
-107 -27 -21 68
92 -121 -22 -104
105 68 -20 -66
-127 -38 -12 -64
121 -26 -57 44
92 -67 -51 3
-105 -117 -60 93
124 -97 55 45
102 -56 -75 30
109 -20 100 -27
-61 -39 54 -50
-17 -8 -114 115
75 -124 39 -108
-101 -30 -24 -14
60 69 -7 -44
72 11 -69 -94
71 -41 72 -80
105 45 41 -17
42 73 -52 -27
-42 48 -7 -69
-77 -121 43 56
-113 98 96 -113
69 -70 -84 40
-24 98 114 -90
18 -106 -111 63
-96 62 98 72
1 -10 50 -55
-32 -112 124 29
-5 -94 -38 -43
-32 43 88 -125
61 -54 -97 57
87 -73 79 -107
-12 13 -38 87
-43 80 -104 -119
-80 -41 -42 -31
-3 -4 -11 -63
59 -36 -23 45
24 -13 54 21
-104 75 -104 108
-85 55 21 112
81 -48 36 -35
50 -87 122 89
-55 44 88 118
-2 -109 -101 -39
85 -12 56 24
-28 79 19 40
80 36 54 -42
-88 -19 21 100
-12 113 -47 79
-78 92 -72 -54
9 29 69 82
-70 -27 -43 -74
-10 -43 -62 121
58 -66 -23 -107
-74 93 -78 36
19 -79 105 -11
-44 67 -21 29
63 -34 16 -50
-79 122 -11 -76
-121 68 52 -126
26 -65 3 -4
8 -79 -36 -112
89 117 94 -51
-114 -64 87 -25
-13 117 113 95
-35 -23 -81 -70
64 -29 92 -95
31 -37 -75 59
84 -3 53 -44
-107 -5 11 -80
-55 -44 -82 -50
79 25 -87 13
17 34 75 -75
-68 5 114 -17
49 41 -40 109
-42 -27 -2 18
94 -44 93 -13
41 119 33 18
-7 -112 62 -71
-56 -18 91 45
-122 -55 -55 34
44 -39 23 36
31 113 -73 -38
12 -72 57 -102
-125 38 61 -8
-74 -75 -17 -82
-14 -102 5 69
39 108 5 12
91 104 41 -7
-93 -28 -80 -64
21 62 -91 -81
98 77 83 13
-43 90 7 -113
62 -49 -31 -43
-83 22 -121 72
-48 96 -71 -6
118 -74 -20 17
-88 -120 -102 -70
-30 -98 -106 106
1 69 38 21
-75 104 55 121
-63 -71 74 29
-76 -90 -86 -85
-1 6 120 -44
-29 -12 -52 45
-72 16 -1 95
-15 85 45 62
123 16 88 -75
-33 88 60 36
38 -95 95 20
-115 -39 -36 -84
-47 -49 -39 52
60 -83 -55 65
113 38 39 105
-52 49 -32 115
40 34 -4 -71
-98 -47 -29 36
-103 -63 -2 -81
33 -49 -126 -56
14 121 83 -67
-98 31 -39 -1
-56 100 39 39
-50 65 -106 -44
-22 91 94 -94
-101 64 14 -35
97 -73 79 82
-19 -10 -1 7
-47 120 -36 -38
50 60 21 113
74 -108 -54 -59
-6 116 37 26
-21 -124 -54 111
71 -16 -59 16
122 113 21 66
-49 37 104 41
-12 -3 -33 -28
-127 69 11 -43
34 28 -86 -90
74 125 53 26
-24 62 111 -41
-33 -3 77 -107
-31 117 -94 115
7 -24 95 -81
-119 -114 49 -110
-56 94 27 121
-120 60 -106 -62
-53 14 110 -35
43 -50 -80 -102
67 -38 14 44
-85 -119 -54 0
-16 -23 108 -119
70 95 109 33
-109 16 -120 75
-52 -108 -90 -26
-108 89 -84 -86
41 -110 -2 21
19 -126 100 -97
111 74 -103 19
-31 -21 53 -6
-113 25 -45 47
-92 9 -23 113
98 -57 -88 -123
124 -65 90 -118
-81 49 34 2
60 46 -73 44
-58 -69 17 22
37 99 27 96
-105 -16 -65 8
39 14 -56 -119
-106 55 -105 -34
120 -112 -115 76
40 -84 117 31
82 -115 -99 -108
-109 -8 38 -69
59 108 -8 -4
54 19 -69 106
123 33 115 120
-41 112 -84 36
-51 117 -86 110
25 -119 -19 119
6 -105 -95 -16
-78 8 118 -9
51 -4 16 11
-56 106 73 -124
-109 -66 106 -125
107 -28 -75 119
-33 74 39 11
-73 119 -57 86
122 -97 -75 96
69 -10 119 -63
18 30 18 38
-77 -32 -49 -67
-46 -24 53 -32
112 -124 98 -16
-101 -4 54 -19
-99 -73 -22 38
-57 109 25 16
69 -108 -58 -120
56 67 -58 -6
6 99 39 95
124 -91 -81 0
-9 -96 -36 -110
-74 14 -118 -68
26 -56 109 13
-16 105 -25 54
122 115 -14 42
-117 26 -5 -62
-122 40 48 -61
53 85 -57 -70
-68 9 -65 70
-50 47 124 62
-108 -79 -51 -70
113 -16 57 63
70 -42 104 32
-45 -102 -68 115
-66 -44 74 0
-66 -111 -79 -43
29 23 27 -61
57 -87 68 -60
85 -111 -44 -91
-118 -6 -79 100
-112 44 -86 -118
-81 70 -109 -55
-31 -126 122 -124
-92 51 -42 -54
48 102 -77 -3
-73 98 122 -125
34 115 -81 99
51 -81 -5 52
-71 50 -59 53
-62 -108 -107 -6
-45 71 -74 -33
77 15 40 89
-18 -27 -7 -127
52 7 80 115
0 33 109 -27
-44 13 92 -26
-45 56 -93 -5
12 -47 -28 70
-60 -14 37 -10
-95 55 -101 80
51 -122 11 67
-44 -105 -9 121
61 -72 47 62
-51 101 104 -6
-96 -48 -15 53
44 121 75 -122
-27 59 -127 70
24 -54 -23 59
-96 56 104 3
-44 -93 -4 33
-86 0 -114 -65
33 78 -61 -27
-84 16 -54 -11
9 -27 -46 -104
-93 -120 -47 70
7 87 -33 10
-49 -123 -113 13
-55 43 125 57
91 -35 70 -114
-33 49 -50 -101
-31 -103 -102 49
35 98 -9 38
8 23 -29 79
21 124 31 -93
-51 30 10 -3
19 -126 -120 -68
-93 -8 10 -40
-6 -60 34 -21
-9 -104 -98 79
-86 -24 87 -41
94 -55 -8 60
-33 -48 6 107
-32 49 12 27
-106 -13 -98 54
75 34 27 57
22 51 41 -101
-67 52 -63 -2
7 20 -124 -68
-103 -110 -80 -83
37 -5 -8 -120
-11 20 79 -71
-67 -101 41 -88
-40 -81 111 44
62 -99 -75 106
-59 37 3 77
-16 41 -110 98
-12 36 -42 -18
86 37 -23 -84
33 -72 -74 52
-76 100 41 -127
12 -118 -77 30
-6 59 109 -22
119 -105 -51 24
-65 51 -88 -109
-46 99 -84 -3
-114 44 -121 -112
72 -43 -19 122
57 55 -125 -126
-27 13 -45 -41
-95 44 -105 -104
-39 104 60 -31
-88 117 125 -9
88 -52 -91 -127
52 -95 51 -29
6 49 1 -123
93 -36 -109 -9
119 18 -80 -44
56 -4 -69 21
82 -58 66 52
117 -77 -29 125
-121 -54 77 -15
25 -119 -48 61
33 -120 91 -28
-103 -60 78 121
16 50 -75 9
-78 79 16 -12
-104 20 -64 44
-50 -105 4 -6
-72 8 -72 -71
-57 114 48 -90
9 -12 -70 55
107 65 -3 -46
-2 -97 69 40
-34 -86 -70 -82
-59 99 -61 -62
122 28 -18 34
105 80 27 24
-81 61 27 54
-95 -67 -92 -109
-92 0 -71 -8
15 39 73 0
-73 88 4 113
91 78 59 41
61 -39 -102 -65
60 38 55 47
-19 -31 98 -101
-64 -102 -69 29
47 61 122 30
-82 -88 1 105
-35 -17 -38 -2
4 -17 48 -76
-102 -102 115 83
31 -41 -29 -39
117 32 29 79
-122 -97 -91 111
-124 39 24 10
-60 87 -79 -94
38 65 44 41
-2 51 62 117
-35 5 105 -53
-104 1 -92 32
-47 106 -60 -123
119 99 -39 -17
-39 61 -65 75
102 88 73 16
-6 -5 105 90
-21 -124 44 -5
-82 83 -74 12
-35 44 -85 -76
17 64 40 -102
13 59 57 -87
56 -19 94 107
15 -43 38 -29
80 -108 -10 83
-96 -85 -69 4
125 22 36 36
-18 31 -58 44
-90 119 57 61
123 -42 -43 109
52 37 3 -104
40 -96 -80 67
-97 111 -36 -97
117 37 62 11
-8 60 -91 22
95 123 -79 -13
-92 -66 -87 -54
16 -90 79 89
16 33 75 -106
28 -109 -32 -42
-56 -110 -12 -44
41 -67 -110 98
-93 -31 -93 -3
-53 55 116 -57
-51 -77 -8 -103
-24 -118 76 -63
-60 102 -54 -110
119 -48 -89 -121
50 -69 41 -118
-101 55 43 71
122 -76 112 -1
92 -98 -45 100
-73 6 77 -28
101 38 -89 -117
45 63 -7 -110
68 39 -87 -19
123 116 83 12
-109 120 -40 -85
17 -87 30 30
114 67 31 -21
30 9 -8 38
41 94 -49 -58
-93 -78 -81 111
-66 97 -100 -56
-12 2 34 -98
28 32 76 -39
-83 74 -88 -57
-109 11 -55 49
-22 32 29 17
12 74 111 7
29 121 -44 -85
120 107 38 33
-125 -91 52 -54
75 -96 11 -15
-77 -114 115 72
65 -39 -36 34
78 -68 63 25
-42 -54 82 4
33 97 -44 0
25 -119 90 -52
-36 -106 45 30
-5 73 -64 108
-1 -122 27 48
23 90 16 -125
-57 -102 122 80
24 -38 -2 -23
39 -83 -69 49
49 -13 -29 -52
-24 79 56 -35
-101 77 50 103
11 -52 70 54
6 -111 -24 -76
-53 -51 32 -83
36 -10 -51 -123
60 -94 65 100
117 -39 -14 -115
-27 123 10 68
-98 -22 -120 88
-102 64 -88 82
-103 -22 -24 39
-83 56 -80 -81
45 -66 79 -112
108 -6 -85 -48
-21 -105 91 -7
83 -125 53 -10
41 -39 100 94
-20 85 -17 71
86 31 -60 17
-118 -70 -45 44
-66 93 -53 54
38 -90 -121 112
52 59 -63 17
111 -55 86 -32
-102 5 -19 14
-60 76 25 -74
38 75 18 -95
34 67 -16 -42
-85 80 -71 -109
-10 -61 49 -27
0 -41 -66 -120
40 112 -75 -19
54 -91 -104 43
105 -17 97 23
-50 64 -84 -59
82 -64 -63 -93
87 116 56 -24
-55 49 -38 104
-60 70 40 -19
-89 -74 -11 -30
12 52 118 29
112 -21 68 75
-87 98 -118 8
99 -94 -90 29
12 -39 -82 -123
-61 24 112 105
32 -14 46 55
38 -69 118 -60
71 122 101 26
-69 -107 -47 109
86 -49 -80 -114
125 34 -46 14
-48 -5 101 -21
-7 58 -88 -40
45 -4 45 95
24 101 -120 -39
-95 -117 -101 -78
64 -46 74 -7
19 -100 -84 36
-106 32 33 -56
-66 10 -116 105
-102 33 -111 17
9 -127 -44 -104
105 106 31 55
7 9 -61 120
-117 17 -2 -24
88 -127 4 87
119 27 124 -1
87 -27 31 95
-91 -69 -13 -31
-6 -31 -123 -117
42 -6 -96 -82
-62 -106 -18 -123
125 -90 -45 -66
38 -73 63 19
73 17 -21 -22
-28 -64 92 -68
-58 34 74 69
-73 85 -6 88
-100 -95 -9 -107
-120 -118 -56 57
-25 75 -102 79
-63 -17 -123 -97
-92 -8 -60 -77
-119 -119 -58 -76
96 63 125 -12
-31 -84 101 -120
82 -127 -80 -32
27 -117 -84 -67
-112 60 -31 -122
30 -12 -53 -64
-24 36 -123 -41
7 54 -82 115
-28 70 11 45
-125 -49 70 107
-4 -127 -50 -30
-102 -101 71 124
33 -100 -115 93
125 103 -34 93
9 -73 -14 -116
-114 77 -121 43
-89 34 -32 8
-89 51 22 -6
-13 77 -70 57
-124 43 85 51
-11 105 73 -11
-88 -56 -44 -125
-53 -28 113 10
60 100 -94 -11
1 38 82 -127
-98 -9 38 86
35 124 96 17
82 69 -9 -34
47 -1 14 29
-122 -48 76 -2
29 -76 -115 -82
84 -13 19 -70
56 -10 89 -71
4 -122 12 95
-27 82 97 -62
119 -19 96 44
102 -86 30 -71
17 -77 24 25
111 26 -8 23
116 -89 121 -19
-21 83 35 -101
-7 -40 79 -125
76 -62 4 21
42 -36 -15 -95
-81 125 -38 -58
27 57 125 46
-13 30 -74 65
-23 -63 80 -13
-39 21 66 31
-78 79 -43 -45
23 -81 7 -61
-125 76 87 -8
108 106 -67 -1
113 -52 100 -19
-85 14 -88 -114
-17 85 -34 112
109 94 20 -96
-41 -118 -126 91
39 43 -78 -59
-67 23 -2 -43
-25 120 58 -113
44 -118 -86 107
-30 -53 -94 120
-53 54 -71 -80
-39 -30 37 62
-14 -3 -36 16
-82 -100 122 110
105 98 -49 -96
-31 122 20 92
53 -1 -77 15
-98 -67 -97 -80
-2 -109 83 60
-82 -54 47 -100
-104 -47 -21 81
69 -20 -85 65
71 -30 -103 -38
123 116 -105 76
108 83 -4 115
-115 -43 -124 -71
-84 71 -50 89
-108 40 15 -80
123 86 27 -44
-122 107 -81 -94
53 124 15 18
-100 -85 63 83
-38 -38 122 55
-115 74 61 -33
-7 82 39 23
-2 -40 103 -110
75 44 15 -64
-59 -89 13 -9
67 -115 101 -88
77 41 99 26
-43 84 -47 -16
-7 103 -33 -112
26 119 98 -8
-122 74 10 -14
-31 87 100 -4
-35 51 -54 8
0 -8 104 -44
37 125 43 65
-78 -24 -111 -67
99 96 63 -100
1 24 -66 108
-34 106 43 -45
-18 -81 -44 62
-21 40 -87 79
-65 68 -29 69
-126 -78 12 19
48 11 -104 -56
3 14 113 109
-24 6 38 -63
-74 11 64 82
21 -122 14 -69
-93 -84 55 22
-57 -9 -10 -127
-84 88 -108 112
19 -67 50 67
-66 -18 124 99
0 84 119 -64
106 -29 -43 -20
-101 120 -20 49
-110 121 51 -28
49 85 -33 79
1 75 -20 105
-101 112 -112 -100
37 69 -36 11
-49 54 -93 10
-8 -100 -32 58
95 118 107 -88
-101 61 85 -11
-26 -58 -14 101
-13 -10 92 5
-62 -101 -44 -90
52 32 113 -94
101 13 18 -60
-92 35 12 25
56 41 -36 99
-25 24 99 26
-46 -33 45 1
-78 -127 120 -80
-16 -2 16 72
-70 27 24 -92
55 118 106 41
-33 -90 47 -127
82 -94 71 -32
-9 -2 -30 46
-70 32 -80 -36
-92 116 83 -51
-79 -24 102 -30
88 77 55 16
31 92 -69 -16
56 -67 -124 89
35 114 123 -94
45 -36 -84 72
-68 -13 48 65
34 -57 68 50
-69 -85 -86 -79
-11 -105 100 -34
-97 86 2 10
52 2 -61 -126
34 -39 108 -38
-75 -9 -17 19
-116 -2 94 46
-29 -66 -3 17
86 125 -53 23
57 123 18 16
124 -116 -43 -88
-66 27 100 -105
120 -39 10 -28
-114 -105 68 -18
-55 59 58 -15
-22 -28 -9 -36
3 92 11 0
32 -126 -96 111
55 48 27 -86
-31 81 -66 86
-118 -53 -59 -12
56 -119 43 123
-15 93 -98 73
43 -58 -73 85
-11 117 -78 -65
-82 -42 -119 -119
-62 -11 12 20
-34 -83 68 -1
48 95 101 -88
30 -113 -20 -124
-38 -62 98 91
-87 -24 111 -83
70 -123 5 123
-30 64 100 26
-17 78 -88 -110
122 -48 117 -28
-92 -28 -16 -41
-25 -16 -4 -47
110 39 -29 -46
-72 51 -53 42
49 49 108 -118
-42 -124 -58 -49
13 25 -54 6
-44 99 122 -6
-82 41 -34 -118
45 14 -87 -100
33 -24 62 72
-58 -115 -47 87
-48 -62 -85 -76
-21 -79 -72 18
9 -88 64 125
-106 -56 -25 -40
120 -103 -22 -56
-79 -73 109 68
-89 100 -63 -29
56 26 -10 -2
-48 85 54 39
12 6 44 11
-34 33 -23 -20
44 -100 -59 37
-4 21 -96 -2
119 115 -81 -111
74 99 -35 19
95 -43 -59 62
-79 -125 -56 14
101 35 -26 15
-110 -8 125 -32
11 -22 3 103
17 -69 121 62
92 -97 -89 11
-41 118 -41 58
119 -87 -122 49
-87 -85 -85 -54
95 19 -31 1
-52 77 69 99
-105 -27 42 4
-6 -30 122 98
-7 81 52 -57
9 68 0 -83
92 -8 68 95
-106 -60 123 122
-90 -1 -10 -49
24 31 108 -43
55 116 -44 66
-33 37 -23 30
-121 -32 111 -2
51 33 10 -108
106 -117 -99 -81
65 64 120 -118
68 114 46 -67
38 -1 -81 -99
-75 5 33 -98
111 -35 107 -49
48 -19 -20 28
92 48 -67 -21
84 28 -19 106
-112 125 -31 -28
9 -43 -29 99
107 93 79 43
-16 21 -55 -56
-105 124 6 21
-122 118 -109 -3
-6 -47 -70 14
-46 121 48 -103
116 -64 112 -61
38 -46 110 -53
-48 50 27 112
26 -16 -49 68
-31 -12 -108 -41
-87 -72 -88 67
38 10 54 -72
-33 82 61 50
-19 -25 45 3
6 -105 -66 15
-12 -105 -121 31
-113 -77 -65 -111
-58 66 -104 43
-75 -10 -74 27
-33 -69 96 82
70 33 -104 109
-110 -16 4 -2
-108 -35 -81 -48
-80 122 99 38
90 -95 -77 -16
-85 -82 81 66
-31 67 116 108
-83 106 35 107
70 94 -76 46
-49 104 77 30
117 -49 -119 1
42 94 4 -95
-5 52 102 -15
-105 -69 -36 103
90 -99 -81 94
-33 45 -122 121
-120 14 85 64
-87 -12 -95 -30
1 -7 -24 107
15 -119 -92 3
-106 46 59 -114
-19 87 5 55
-9 -80 -93 -126
-102 -69 -65 -60
58 -45 85 -77
-69 -47 -57 93
-51 109 79 46
-124 -59 -14 -38
22 125 -35 -51
-53 -111 117 -6
105 -6 81 65
-103 85 -127 -1
-116 -85 104 -71
85 -102 -64 82
34 109 24 -8
10 -33 61 -96
93 -19 48 11
107 -79 -39 42
123 23 -27 14
-54 -4 61 29
17 21 -58 -50
-122 24 3 -95
-108 -78 -84 121
-110 121 -72 -84
-98 -42 -9 125
-40 -105 19 75
38 -98 -76 -84
-122 -53 25 -48
-48 98 33 -23
8 40 -101 -66
-62 49 20 -99
13 -84 -87 -36
-46 18 -121 -89
84 -68 -47 -39
-101 75 -52 36
77 63 19 -15
-27 -122 49 -27
17 -60 -55 -50
88 -18 12 100
45 96 -68 43
-17 7 -102 -43
21 101 -2 7
-107 -90 23 -86
-48 -22 -42 -82
86 114 32 -23
-62 -96 -73 -37
2 -54 -17 84
-58 26 -73 -87
-69 -19 119 120
-115 -32 21 -46
-76 -77 24 -114
112 -127 7 108
-60 44 -86 45
-105 72 -114 -74
9 -44 -10 24
27 68 125 24
-23 -47 -49 -72
-80 101 121 -8
-75 99 -17 -38
-15 -34 32 -62
93 90 -21 114
-6 -30 -109 -51
28 116 -83 -52
-84 -45 -21 -22
72 -7 -110 112
120 -31 19 91
18 -55 -76 -67
-94 119 105 114
44 -41 120 92
-92 40 17 78
-72 49 -108 3
-49 -29 61 0
-5 75 -121 -91
74 57 -28 34
-41 39 -52 12
-27 15 -52 113
15 -56 87 31
72 -24 6 -11
-23 93 76 82
29 -46 8 -60
-100 -26 -32 111
-59 -79 -117 1
-11 67 -105 -32
18 -22 -25 30
41 -121 124 -87
38 -103 110 -21
81 -78 -89 -52
5 78 96 1
109 90 39 58
-81 80 101 -15
56 -42 19 -91
47 79 -41 121
65 41 -44 -19
40 -2 -26 -2
61 94 -124 12
91 -94 -39 -50
-39 52 30 -103
-54 -79 -69 -57
6 -25 -126 -33
105 -21 -31 0
-88 96 -4 32
-87 78 -14 13
-75 -77 -29 94
1 125 -39 56
-5 -71 -8 -118
-43 37 -55 -73
114 -84 54 55
91 -24 97 31
-36 -79 -83 -29
90 -32 -38 -32
-62 -8 121 -106
52 -97 19 107
-113 -61 32 -97
67 -89 26 117
-53 93 -115 18
-72 -53 89 -87
-1 -72 38 -64
98 -1 -115 -39
31 -127 -70 42
125 5 -30 -30
-73 116 91 -32
-70 -93 8 -18
-108 -67 20 -2
124 67 60 -127
63 17 -32 50
-88 -94 12 -88
67 77 -121 -3
-31 10 125 -52
-122 61 -41 61
-119 -44 13 -11
71 100 -21 -122
72 114 57 85
82 -120 -2 -19
78 -92 -22 10
-4 -76 -59 -9
-81 106 94 71
-33 -49 35 77
52 13 -24 -121
58 34 -91 54
-38 111 -68 -122
-44 -6 -59 38
124 -38 36 24
-80 -26 -1 89
54 -32 48 -39
-37 -91 -34 59
53 -9 -45 30
-74 -57 62 54
-82 1 -1 -101
124 47 -77 48
-13 67 -23 26
88 -66 62 -48
-57 15 -63 -126
-102 -52 62 -107
84 -15 -42 113
10 -17 -71 8
-45 10 116 -36
-104 56 39 -120
16 72 -9 -79
-118 125 -99 -78
37 -16 102 -9
-6 -97 -8 -26
97 -118 23 119
-102 26 -101 25
31 56 -76 106
108 102 -30 -55
-113 78 -72 -31
73 45 -40 93
-22 125 -16 53
71 -30 -68 -2
26 -50 72 14
105 -46 55 7
10 -90 -77 85
-35 -104 -91 -68
-122 121 -11 -29
-35 -9 -94 -69
-48 118 105 46
-17 43 -107 23
95 21 83 -124
-3 -87 -53 -90
-97 -29 107 92
29 24 -119 79
-77 47 22 90
81 -18 102 -80
59 -67 42 27
1 59 -82 -39
-35 -57 -41 -76
-116 75 -82 9
73 108 -59 68
-1 -89 64 -29
-35 41 94 -26
50 15 -1 -63
34 -36 8 -60
124 66 -22 -50
-120 -59 -119 -27
22 -71 106 -39
-40 -12 10 -105
-29 67 -60 -19
-96 103 -35 31
91 -59 77 9
59 118 59 -102
-84 -39 59 72
100 -80 89 60
26 -52 -54 76
-14 46 -100 0
16 84 -113 99
28 -54 100 35
21 122 63 38
58 20 -61 105
-25 125 65 29
-31 36 -27 19
-127 -26 52 -51
117 -126 -15 -45
52 121 -42 120
-76 81 88 -4
-21 -14 78 37
121 -13 22 2
113 -70 -124 -75
-78 -113 -9 67
-76 65 42 88
-73 -63 -108 99
-114 57 -19 -113
-8 16 -112 -118
-110 89 -107 100
-23 -99 -7 -104
-76 88 -95 2
-66 -39 -76 32
60 30 -2 66
-50 -16 115 88
25 -94 32 -94
102 112 -53 -93
93 -9 87 99
-107 70 103 -2
-104 113 34 -57
74 -42 83 27
-117 73 -43 24
-56 29 -115 -26
32 106 49 -114
-91 4 -31 -58
104 52 -101 0
81 22 -116 23
90 122 115 -125
-48 -45 -70 65
101 18 -49 51
-50 -34 31 98
30 -108 104 -31
-81 -123 44 109
-56 -101 110 108
21 -69 -104 18
-34 -13 97 -35
-92 -90 -50 26
16 52 -95 44
13 63 -22 78
15 64 67 -109
-56 85 112 -124
-98 1 -85 -52
-100 42 118 -29
82 -123 24 89
-83 -99 100 -86
15 -98 -31 8
-46 109 -104 56
7 -14 85 82
13 -125 47 -103
42 -65 -117 -92
31 -108 -114 -69
-127 27 112 -17
-80 6 -59 106
73 -24 -60 10
123 103 -32 13
9 -5 -55 -113
102 117 26 -112
61 -125 -107 -121
-87 -115 123 98
-25 -23 -67 3
88 -121 38 -91
15 -86 -67 123
-93 12 -103 13
31 9 -17 -72
-20 86 -76 54
-103 -86 8 75
65 -11 -1 -104
-111 -6 87 42
-62 74 3 -56
27 -28 -84 -19
-106 -66 -42 73
72 20 -78 -70
-113 -94 53 10
117 -112 -20 67
67 33 -53 123
-20 43 -5 -54
-65 -52 -43 95
-3 14 113 -85
66 11 -87 39
50 -86 104 106
45 84 38 17
-40 108 -71 25
99 -21 98 45
107 -23 23 -79
-1 -115 54 114
75 34 -95 -66
-8 68 119 25
82 -6 -60 -89
-70 -61 -48 51
