-1875 -921
-519 -2376
-253 1484
2708 2101
3457 -1000
-3820 -3470
2037 -2998
3425 1747
-1465 -1263
-1065 3234
-2431 -269
81 -2524
1371 -3112
-1146 82
1104 -2116
-63 3905
-3301 870
3151 190
2204 -3504
727 2819
-688 -1498
-3056 -3536
1564 1546
-2496 -1163
-889 -1488
3667 -2024
-4224 189
913 -103
2648 -2338
-3213 2321
-1639 -1225
311 -3327
-3322 -3736
105 2343
3024 -415
-786 -3801
-2329 -2489
9 -2018
1561 -1239
-372 3491
3579 1639
-772 2473
217 1732
-4206 1977
-3948 -1087
1822 395
2604 -3597
82 1883
-2780 3743
-2346 -1647
464 -1711
-1695 1822
1093 1559
-346 -3879
602 240
493 2803
148 -3123
-2264 3795
-1194 -152
-1055 -4041
646 -1059
-2649 -1107
-2406 -3816
2331 4145
-2627 2405
-3097 -462
-3933 1993
-1443 2659
-1254 -754
-1782 -105
-603 1763
2308 3582
1384 -2219
899 -817
-3196 -44
-643 -1924
-1548 -2506
-4379 1638
-652 -1603
-1623 1107
2095 -3241
1997 -3097
-2925 78
-4472 -2656
-3648 874
893 2272
-855 760
2283 -506
1869 2937
1157 -3719
2448 1634
-2781 -1689
-866 -2399
1759 528
-416 3042
-3406 -1868
-525 -2296
144 -3411
2077 -3245
-1541 2835
-2285 -4011
394 -1159
-3653 -4111
-2222 -1953
1954 -3113
-307 -616
-993 2361
2647 -3839
-2680 1841
-3059 3100
-1651 834
3086 -1511
3470 2142
-1437 -587
3945 -1520
3086 -1630
1017 1865
-2303 -1013
-192 2415
-2360 134
-3311 297
2972 -3470
1526 -704
-3058 -713
389 -2011
1043 -1258
1949 1111
3333 -433
1796 -1657
-1955 -966
3793 -3343
758 -1941
-1762 366
1818 -2683
2263 -103
-380 -2257
-2859 3919
2199 336
-2531 3623
-1713 2766
-1146 -3720
1250 -2622
-1598 3626
-2485 2573
1238 -2523
-3336 -2525
3121 -3238
-830 2340
2217 -2031
-3771 -1474
2494 -3145
-232 3736
-1940 -1977
-1952 1668
-4184 2476
-1984 -3947
-3846 788
3043 -790
1474 -430
2118 -2530
-2638 -2755
-1099 -1376
3870 1826
1573 287
-3391 -2891
-1749 -324
-1198 170
1184 -150
335 1203
-2432 739
1045 118
627 1541
3828 2503
-3680 3316
-231 547
3804 1582
-1031 1705
2085 2472
1607 692
-422 3883
2923 -1143
3640 2956
-329 1259
1425 1116
2767 1322
-875 2190
-234 -2654
428 3401
-2929 -238
2268 -2274
-1492 908
-3806 -117
-2916 486
144 674
-2453 -3769
-1419 1004
2898 3958
-3272 1840
-1320 -3941
1366 3147
155 -3902
-575 1059
-2745 409
277 -208
-3900 2244
-1787 -3930
1226 -2786
-486 1234
2738 -1258
1717 -3174
-831 902
-1382 -4015
-3911 -3409
-1928 3596
939 -3083
-3978 1493
-358 -452
3576 1309
-892 517
1135 -3612
1202 -936
-369 -2935
-2384 -1650
1931 -1446
3775 2119
1169 -1286
3355 3256
-4114 704
1737 -991
-954 -909
-560 -1324
3220 -1742
1958 -2150
-2470 -2336
-2616 -107
1093 -1064
-3704 -3822
-1513 -618
-1189 3152
-929 -943
-413 -3159
1869 -3291
1723 180
1649 -1981
1560 -3050
3647 2613
-3977 -27
-1156 3500
3229 4112
-834 1385
-3937 -3192
-1597 2589
3667 757
-933 88
-2137 -108
2420 -2517
1829 2868
-957 920
2204 -3712
-2732 -912
-4433 -2947
-4407 2044
-1217 3829
2611 3868
1364 -4247
246 -605
-119 2752
3175 -3519
-4140 2783
-1950 2760
-220 -1177
2705 3329
1590 -3131
2012 134
-2514 -331
-1423 3225
-98 -29
426 2803
2119 -3621
2077 -2310
-1608 -578
2702 -3757
-1949 964
-3518 -1267
1137 2612
-571 1551
-181 309
-3088 186
1330 -4018
1575 3659
-2585 3083
2274 -1128
-1105 1038
-4079 -2532
-2283 -3151
-2425 -3066
-2140 -1869
-3104 -2100
-1471 2919
-1324 -2250
-784 748
-2535 510
93 2746
-232 -404
-3610 -3851
1769 4142
2558 -2665
-1686 -1538
2575 1688
2899 -940
-538 3429
1521 3980
-2693 2724
2080 -2987
2051 -2589
3354 -3961
1230 1855
-3011 2642
740 2812
-151 -3991
-1951 -2486
-4451 -1553
2287 2897
1060 -3231
-4234 -2557
987 -2506
-3827 1124
3812 -3631
788 -928
3807 -291
1398 -386
-2445 -300
3916 -3036
-1605 1244
-525 -2522
-3613 -1256
-1466 -1193
84 -765
-2409 -3867
-2962 1767
3142 2528
1396 271
1703 -2726
-1358 150
-2018 4166
-2907 1101
-2598 4052
-2923 3924
-1629 -2623
2964 -2162
282 278
1901 -1849
1399 -2592
-1879 1402
1480 -3076
2643 -1807
0 1221
1399 -438
1871 -3112
3664 1936
2743 694
2453 -2797
-2399 2416
-554 1318
2599 -3869
1883 2635
-2136 24
1702 -1697
2705 -400
-1700 -1555
-3288 22
1301 2845
-735 25
456 3909
-2540 -3644
-2070 -3296
1039 -3465
3058 -3090
-4381 -3159
378 -823
1362 -1862
-2656 -957
-2558 2598
944 -3117
-1022 -2052
3277 -988
-4329 2360
-791 2641
-1108 120
-3358 2546
-2972 1012
-712 -1098
-121 -1684
-1744 -921
2042 3880
1030 -1003
2732 -2601
-941 -1337
-2907 -3398
1817 1328
2424 646
-663 -2612
1907 631
3109 2420
2873 468
3408 3341
-1695 4090
-2370 668
-750 1917
-532 -2075
-3446 1874
-665 -3162
1666 1965
783 2716
-3627 1488
-1294 -569
1056 3520
1059 -3309
6 814
1350 3585
3182 2791
-3472 -1679
3182 1104
3737 4142
-1496 -2146
3227 3918
-4137 -634
-1517 -1320
-3030 1178
2353 -2508
356 276
1469 2047
-4196 -3783
-432 -1816
-1551 -1736
-3296 3648
-3433 -1676
3582 -3912
-4647 -1466
-2736 -1791
-3418 -3263
192 1278
-1586 -3869
2225 2533
-3310 1607
-2734 974
-1488 -1304
1789 -719
-1404 2206
567 3835
1912 -1649
-3190 3061
-582 -156
801 -3673
-44 -3594
-88 590
-1451 1634
1278 -2063
3498 2611
-749 1426
-2698 927
-2624 -3896
-2109 4049
-3925 -505
-2713 -93
-3501 3190
-1261 3819
1596 -3264
-1232 384
2368 1294
-1900 -2966
2056 -2912
2941 -1780
-518 -3922
2613 -1574
-705 -1461
294 -2302
-2305 3269
2889 3707
-2933 401
1352 -2967
-1246 -969
-1019 -1292
-334 824
-3012 2384
2491 -3069
-2963 -3366
-634 2501
1165 2520
3296 3327
-4099 -1831
-185 1762
798 882
-912 938
1303 -2537
1442 -67
-1897 -2860
2277 -2345
-715 3675
2348 1385
-3153 -2137
-3941 3023
-133 -3027
2331 1041
1737 -3419
2055 -1203
1523 -3526
-2755 3237
1780 935
-3346 -1428
2855 1991
1413 -207
2735 422
377 2030
-3948 -342
-2892 3114
3143 1052
1664 -2361
2160 -1329
2841 1583
-934 3284
-3802 9
-1575 3621
1955 -2130
1771 -2666
-108 -2047
4025 -1930
-1667 31
-639 -1972
-1317 2193
1386 1680
454 1041
2599 3233
2951 -3257
-2284 -658
-2447 3617
3007 -446
492 -2406
-703 -18
870 -2508
-930 108
2856 4099
901 -3103
-1111 -4059
-4144 -1238
-2280 -1845
-342 -1113
-3266 -1013
-2633 1191
749 -1873
-4386 1138
2276 3177
-1543 61
3073 -161
-4486 274
137 4033
330 2223
-3814 -283
2160 177
357 -850
1761 -729
-3393 1021
3512 -1518
-3264 1615
1173 -1351
-2063 499
-2003 1490
-3622 2525
-3962 1909
3664 -504
-1466 -1280
3469 2462
-3689 1297
-1143 1424
-1711 3671
-3675 3337
1745 1414
-1391 -3959
-2494 3378
3378 3300
940 1532
1373 -3333
140 2697
-2955 -3459
2671 -2940
-1029 1399
-1680 -2801
-628 2224
3945 -4028
3147 3799
-2074 3306
2376 -3934
3728 -211
-97 3412
-1054 17
-163 -3594
-1855 -1543
1363 3633
3119 -2235
3194 -678
953 -1900
3557 -2913
-3190 1086
-1209 -1509
3154 3398
-1388 131
-4371 -2685
-347 3462
575 671
-441 -3113
-425 4094
3471 -2136
-1413 2483
-3925 3865
-4327 -1911
3387 -3103
3524 -4163
1669 -2289
-1876 -532
95 2210
-3652 -4303
-304 84
2648 -465
-3417 3681
1286 3306
-432 2101
2713 1085
3779 -2193
2930 472
336 1270
30 1232
-693 501
2092 4193
132 -1263
3850 -2249
3259 982
2457 1347
-1166 2333
-1242 4135
-2066 -3529
-3186 -2853
2825 3166
-2652 2396
-504 -3244
2600 3239
-3604 -176
135 -67
-1551 336
-1164 -1961
-2080 631
3647 4159
-1775 -2872
-3248 2301
-403 2367
3545 1435
-2936 -217
-813 1828
891 2581
2473 -727
2374 -1861
-1256 2102
-1815 1763
-1403 -1095
608 -331
254 184
-271 -1423
-2218 -389
-3588 -2027
-1544 -2640
774 3011
-2871 1372
-907 1614
-2800 2761
2533 4080
-1154 2368
-3168 784
-2275 1130
-1518 516
1987 2843
-4413 2986
2275 -2181
784 3378
3532 -3770
3972 2232
398 -1827
1817 3517
2047 -1052
1178 2079
-1177 2972
4049 3466
-879 -1289
-1204 1056
-3774 -219
-1261 2177
-2087 -2549
529 3337
-2583 -876
-613 319
1992 -1105
1214 1263
2150 -1226
-3895 3603
-247 1652
-3365 -2925
503 -1614
2188 1563
-3710 -2726
1296 2220
-443 -3495
3125 3278
347 831
-564 -1859
639 2864
-3813 2665
-814 -1564
3132 600
-1122 -2288
-4236 700
2189 1958
-4244 755
-1325 1703
105 -488
-1041 -3372
-1160 -2294
-1401 1252
1156 3510
-2272 -2152
-1302 3494
-1623 -1484
2194 1415
1014 1670
-849 1838
2983 -3892
3420 -3213
-1487 -741
-2954 -4242
746 514
-1329 -1304
-1320 -1663
-4198 1592
1080 3780
-2544 1790
2016 1795
-2541 -3990
-2563 268
-2435 368
-1084 -1866
-1609 1285
1090 -474
-1718 2188
4227 2022
1766 1766
346 -2468
4045 3286
-1043 1546
-1258 2331
3730 2218
-1247 -2966
3406 -1573
586 -1935
61 4209
429 3383
1445 -1206
1955 -3001
-1509 -1432
3565 3354
1687 4051
2001 642
2226 3137
3341 432
3138 1609
-2369 -2328
-172 -773
3785 -121
-2311 -1303
-3992 -1840
1390 1692
-2199 -933
-361 -42
3802 -1934
3252 -2955
-1964 -1122
-2059 -3159
926 -1190
-1940 -2109
-1411 1118
2579 2286
2158 2027
-298 2253
-2178 -2710
1832 1086
2664 -1838
-3223 1783
-4017 -4210
-4209 -1212
2683 -2441
-2339 1297
-1547 -2679
-177 380
3375 -1409
-4313 2793
818 -1318
426 1280
2343 3220
1327 -2956
-2855 -1898
3996 1473
1292 -1035
-2762 2123
1715 2631
-1147 3003
-3720 -726
-2275 -1652
3572 1616
3335 442
347 -1441
1927 2999
-3180 -2754
599 1348
3075 1004
1480 -1914
-832 3842
1182 -506
-3163 -2526
-2958 1415
-2907 2656
2704 2997
1752 -729
429 685
1924 -2951
-3635 -3207
-792 2894
-2772 3897
762 -1952
2464 762
1848 -1246
3873 -2009
2252 -99
2003 4008
1816 2079
-527 -3908
-4084 3587
1988 903
-3871 3433
-877 880
-278 -793
359 -1909
1851 -1641
1457 -1373
-3820 -1538
-2487 -591
3012 -2554
-3358 2713
2160 -3024
-3078 -4132
1793 -3260
1045 -1761
-3017 -2580
-1670 -3276
-1835 1474
438 2597
3674 2413
1874 -3940
-2028 -2101
-2200 1681
1605 439
-3117 -2169
-3104 456
-3325 3420
-267 -188
1570 -1150
-469 -31
3629 -2398
-1028 254
-1327 -3465
-2376 -3163
-3425 -1874
-3774 285
-3679 2870
-729 -1013
-977 175
3203 -1563
4155 537
-2300 -3595
-682 -2947
-1042 -3541
-2108 -2272
1430 -4061
2889 3669
2980 1662
-2457 -3767
189 2302
2523 236
-3165 3430
-250 -1808
-1018 -2459
706 -3879
1332 -3500
1791 -1524
-2482 -3650
772 2319
2815 1158
-3099 957
-3789 -1047
-2580 -2031
3464 -2763
-2329 2285
143 3417
2658 1129
-744 987
2819 3345
-1068 1679
-3911 1570
3248 -4251
1664 -1380
755 761
1532 2724
-2212 -3005
-3953 840
729 690
-3312 -3288
3892 770
-2570 2727
-1575 -3750
-3336 2579
2960 3744
4034 1129
1784 -94
-3883 -2991
2183 -2088
2663 -341
3448 1647
-2814 4081
1595 -1324
2411 -444
1168 355
4132 2794
-393 -1392
-1598 -2647
1194 -1202
-2077 -2546
1174 -2620
3126 -2370
3089 3254
-506 -1170
2600 1153
2591 2421
3409 2343
-283 -1258
2029 3464
1518 -450
-1885 2904
-3082 617
3054 -2493
-2829 -2051
-247 343
-3750 -3936
333 2627
-2934 -539
-889 1592
-2917 -274
-1675 1654
1705 2823
2955 -1058
2825 -1929
1531 -2533
-2872 -2825
-698 -3913
-1525 474
-2908 2814
1403 -3924
-3838 -2321
670 -2060
3524 2572
-178 323
3581 513
-1749 1933
3880 -983
2314 1197
-2854 4130
-3582 -1250
-1198 -1419
-932 -1515
-2078 663
-1504 774
-1335 1563
-71 -1280
1112 842
-3627 3680
-1338 582
2313 3216
1259 -1623
1519 1798
-224 502
-444 -3822
397 678
-446 -745
-676 -2878
1712 1019
1538 4128
1741 -2222
-1072 67
2620 2649
-2409 3505
1779 830
-4071 2701
-3462 4061
3802 969
2337 1604
2171 3917
-2766 -1961
2574 1205
2100 3452
-2421 -3328
1712 3741
-471 -96
-340 -216
409 -1219
1720 -2629
364 1288
-3955 597
-134 1820
-2935 -3027
1400 3642
-1963 -3386
2163 -568
293 -82
-274 899
2227 1407
-925 2302
-503 2466
2145 3154
-1910 2405
3486 2490
2189 852
1898 192
1275 2953
-4096 3938
1483 -2692
228 -1355
668 4019
2840 -1330
2549 -441
-3322 2213
-3793 -1899
-3411 -3890
3730 1657
-1888 -1981
1395 -1762
2125 -3522
-724 3905
-2594 -2245
3607 -1484
-3764 2211
-2716 531
2517 1959
-2651 -3802
-1237 -1387
1407 1263
-3503 2146
1615 3595
373 4007
2515 15
-2299 -468
-3965 3850
931 -2694
-23 131
-99 -939
2059 -1628
-1303 -3302
2522 -131
-2638 2197
-1995 -1247
80 572
2466 2890
-765 -4052
227 4105
-2184 -1736
-679 3436
-1965 1997
2965 -246
-106 3876
140 -645
-3348 2355
2775 -4021
700 394
-98 -1967
-2473 3449
3155 2384
-3579 -2731
771 2433
3174 3281
2457 3537
-1272 -2670
-3573 -2592
1608 1344
-3750 -3034
1977 572
-2908 -2621
-2145 3749
4416 -1704
1960 2954
436 3814
3990 3926
-203 -3211
1103 236
4058 466
1787 -1912
-2644 -2256
1784 -228
1335 -3966
808 -338
-1313 1918
-399 -2514
3126 -284
-645 903
-295 1470
-3103 -1057
-749 -1614
-3865 3208
-265 -3999
608 3059
-1547 3356
-3301 2467
1967 1715
268 2042
697 -872
-634 -3293
-3293 -470
467 -2591
1924 -2021
-2889 -3737
3918 3300
706 -800
-295 -967
-2557 1927
-2025 -1997
-3615 -540
2302 1256
-2845 402
2481 3736
1971 -1509
694 -2512
2051 -1047
-1324 1137
1141 194
2709 549
-1051 -1441
3588 -4092
-3299 3319
-3513 -2910
498 -3607
869 -2260
-4195 -1548
2131 1902
-3756 -504
-2123 3254
-3568 -3516
1372 2880
-2554 -881
3523 -750
-2809 2082
3807 -3347
2603 -3633
0 -1113
-3840 -2786
2037 3466
4005 -3536
-2908 -820
-232 3962
1716 2907
3539 4184
2683 956
-2780 2352
-3056 4057
3287 -3534
-3191 1258
3113 -1919
-2153 -787
-2872 -2362
3050 3133
2044 873
1539 -3790
-3342 -2556
-2524 -1053
455 -17
-1806 -3393
-343 1879
-3698 598
-1417 4120
-2943 3913
352 -74
1130 3626
-1825 1586
2266 -4124
94 3206
3764 -3737
1866 -3644
959 -2011
-512 -3554
-4406 3035
2768 -3120
-947 -983
-4056 -347
-1966 -3441
3718 -3254
400 -892
-2790 1086
249 1349
-3857 -244
1354 601
-3844 -885
-1852 1072
2381 4010
952 -2575
2243 1644
-3231 3269
3475 1631
3434 -446
-356 -3005
1286 -3503
3363 -2716
-999 100
2641 3954
3599 -3195
-799 4013
-2225 175
2582 -1110
3442 1239
-1805 1115
2576 -1677
-1776 -2787
-3820 -1852
1034 1018
-3940 2030
1614 -1659
2438 636
-2543 -3218
745 -2198
-2815 -1707
2382 2798
415 3939
2646 282
-3052 1370
-2301 -307
-3565 889
-3681 183
-165 -188
-3266 -3619
-2716 499
-938 653
2070 -2162
24 3994
2214 3912
-1884 -299
3956 -1051
-674 3501
773 4055
1183 3532
-1267 67
900 1957
-2844 -1196
-3821 892
-1649 3430
-1100 3380
-2136 -288
886 3356
-3651 1133
-3471 -3302
3057 -1322
3019 2949
2582 1700
4099 3659
386 -2286
3718 -2992
3393 2217
-3071 660
235 -3417
787 2418
-3702 -1235
3542 2144
3983 3251
2377 3875
-2652 -1792
1524 1065
1441 3119
3577 -258
-1069 -2170
-3382 1959
400 148
1820 -2835
56 -893
3238 -877
-3918 -892
-2535 2607
2541 320
-991 1081
2706 1526
1050 -1817
-1136 3945
296 -3868
1435 3985
-3579 -173
-2078 -97
1943 3143
-4110 4023
106 327
73 237
-3930 1861
-2416 2649
-31 -4000
-2930 -984
-954 274
2831 -9
179 619
-792 2010
2740 233
1752 2053
2903 -222
1541 821
3913 3169
-3617 883
110 -3548
-2094 3708
-1944 530
-109 3480
106 186
-2375 -2764
-2234 -1866
-2907 -240
-4174 2702
-368 -1030
2685 2506
-1557 -1278
-3447 511
677 4070
3357 1178
-1002 -177
-337 3165
4243 -828
-751 823
3432 1664
-3490 -3172
-3872 -3947
152 2194
506 -4006
2147 -1354
-3289 105
-2758 687
3903 688
-2308 1998
1071 -1360
3054 1091
834 4161
-1889 2391
-1794 362
1620 -3919
2794 -2628
-3643 2591
-2447 -3341
3349 -634
-1343 1635
1538 -3955
1708 353
1283 -2258
2743 -2714
3441 -4023
615 -2586
3351 300
-3299 1840
2965 -987
-1814 2219
3084 2205
2924 1604
-2038 2805
2328 3088
1392 615
-1648 -3751
1228 325
-2433 -2542
-701 -3514
2929 -2491
-1638 -2681
2391 -3568
1674 -1294
3692 -3521
-1013 -1866
3990 -2757
1956 -3397
1134 -4061
-3028 688
2695 521
-2445 1799
-3522 -31
1478 2367
-1748 3752
3045 2401
2420 3926
3970 -322
-2672 550
3924 -359
2547 -745
-2243 -1000
-1741 404
-2084 -3778
-338 -3545
-1558 -49
2977 -227
-3585 -1352
3806 -3785
3615 -3111
-1602 -1922
-755 -448
-3021 1894
-1119 -1185
3523 -3330
-3754 -3831
2686 -2728
2425 -3344
-1553 615
2073 1296
151 2208
-3635 1116
-3387 3962
-3878 -1467
-3809 -2967
834 -3530
1834 945
-2944 -2631
1193 1412
1671 -1307
3282 2046
4048 -1717
3264 62
-2659 2662
2901 442
2338 2750
-2758 -1316
3342 1745
4202 199
-3210 1281
3650 250
1683 818
3613 2423
-2728 -2646
3801 -2175
1787 -1727
10 1075
474 1687
3042 963
-572 -2360
-426 1202
2765 1916
71 3136
-3270 2412
2169 -1209
1267 1754
-246 -1740
-2650 1029
2886 2697
871 4182
3447 1315
-1169 -2950
-1131 -2918
-1512 1326
-3318 2436
2329 -2324
3493 -896
-1275 -1468
-2177 -3993
-728 -1388
1988 3256
-2812 -3828
2799 -1858
-3271 -636
-2938 2570
-3895 744
-3349 -1663
1777 118
-2016 -3321
-3113 -804
-75 -546
-3402 1666
-2537 -1701
-346 787
-872 -3953
4209 -436
3411 -1413
-2627 -3450
111 -1812
1186 -990
-1298 -259
2836 -303
546 252
186 -4021
2830 -3047
-3576 -2068
-3322 2901
941 -3777
-1366 2653
3845 1811
2770 -2125
3845 1155
1867 -2054
-991 1863
1857 -2480
-1572 -1021
-1778 -2560
3820 2644
-2571 -3559
-1685 -2829
-2465 2935
-185 -354
-1469 3940
3882 -1135
2346 1004
863 1102
3593 -2146
-3 413
3479 3683
1576 2132
-898 -3582
1429 -93
116 2524
988 -5
878 989
-3622 -1019
-364 1093
1692 429
-2595 939
1146 782
2065 3542
3177 3517
263 1999
-2718 -423
-1265 1
-2668 3045
170 -244
1706 3402
-1950 -532
-2530 3051
1377 659
3725 -3256
-2931 -789
-264 -1789
2613 -1789
-2435 2221
-2883 1080
4268 3616
-2207 -3319
-3155 1314
1466 3954
4718 207
2688 1500
4460 765
1284 2939
-1751 -1267
433 -1583
3328 743
-2354 1453
-1096 -2555
395 -799
695 -3410
1453 2144
-1542 -2686
-1832 -3810
-2404 -3726
747 869
-3457 -2977
-370 -1775
-2111 1512
-823 -3971
3331 -1743
-1173 661
4118 1881
3660 -867
2606 -2262
3779 3746
807 -1641
-1106 -2773
2280 995
-1559 -2426
3718 2959
-2792 945
2456 -1967
3584 3678
1451 2712
-2397 -739
-3641 -1993
965 2302
-688 -880
2627 2881
2391 -2690
-321 3569
-2377 3145
-3857 2576
1823 1605
2303 4133
-380 -3858
-3339 -960
4188 3512
3152 -3020
2744 1364
-1589 471
224 -1052
-1425 -2540
-1426 -780
-2493 -2856
854 -3617
-1851 1043
-2901 -3924
1269 529
-22 -1635
3463 -1140
4786 -2551
1009 -3469
-1931 -1414
-2252 1978
3717 814
2819 -3331
2259 2476
2330 1330
2140 -469
-3176 -1921
-1458 1067
3361 3264
3835 3172
3483 -2325
717 -2891
-3467 849
1848 -1598
1339 -3027
-2434 -1257
2087 636
856 -609
3353 1397
1461 3830
4051 -910
485 2331
2296 1510
-3360 -3639
-2031 -2437
-4026 3470
-293 1906
-1267 378
3692 -799
2490 254
305 -1608
1959 3386
-1697 1778
-3482 -574
908 3714
-3441 313
3582 1751
1532 4022
704 -2870
3041 -867
-190 3354
-2225 -262
-2067 -2023
-88 647
1204 726
-441 3340
1580 -433
2678 1535
-3641 -1155
4493 -1382
-530 -378
-874 -2389
246 -1183
2366 -3108
3522 -598
4385 -3854
4826 -3260
1631 1455
-1685 -421
-697 -241
965 2039
5333 2126
-2243 1770
798 3776
795 -515
4625 716
-2607 1971
1075 1083
1645 -3474
2413 2257
-3707 -56
3929 -639
3842 2454
3481 897
-3716 -841
-2427 3660
888 -2187
3284 -2514
1916 -2284
657 2316
1368 -1302
1467 -3927
-1345 -3224
3345 2318
-2353 3283
-2108 4145
-3170 156
-3458 3202
3560 -3680
-3781 1452
1027 -228
-2585 -636
-1776 2898
3543 -2576
-1699 1108
983 448
81 -189
431 1733
-1279 -2699
-2005 3854
3227 -3916
-2821 -3783
-3144 1481
-678 -2251
866 4012
-216 1472
-1397 -3595
2192 -3390
4451 2455
-1088 760
-927 1477
-1544 -607
1214 -3338
4083 1914
3267 904
3121 3762
3986 2621
-1570 1907
960 1075
-1508 -2492
-1787 -1024
-599 -2420
-1903 -2216
-884 -3091
4798 -2569
-399 -683
-498 -2848
-1107 -1053
-440 -2596
-3051 -1736
478 2480
445 -4261
2098 2955
-1031 -637
1100 326
505 2757
573 -1961
2373 759
-3588 3125
-3753 1555
2365 2105
3463 -1624
-1073 -1610
2989 -2628
-4044 620
-2518 -94
-2311 3231
-785 2146
552 2096
3733 -1071
548 -1064
-3224 2663
-1943 1167
-1435 -3154
-1752 -3947
4189 1180
1539 -3235
-178 -2372
-3333 -1919
-2410 4003
3955 -29
-1181 1569
-1270 -2755
-2617 -3862
609 -891
2289 -2194
-1527 4263
-1000 45
-1363 -420
82 -2042
441 3138
2513 -3599
-715 -850
3 3684
-2087 1849
-1330 -3111
4971 -3720
-961 3032
2995 245
315 1983
711 -2235
323 2506
2956 3011
2706 1768
3264 4494
134 -2061
480 958
1802 -2154
-885 3110
-2448 3407
732 -2007
-1228 -2495
3535 755
663 1529
1070 2735
-4114 1375
-260 -3249
2088 -509
2579 -79
162 2978
3017 74
-3590 -612
-526 4083
1089 2835
-2184 -2199
2427 -1256
-3539 -2504
-3665 -3382
3175 -2899
417 3382
3537 1386
1262 -1012
-3773 2374
1970 -3371
3305 -3862
-1058 2723
-1549 -535
951 1224
428 -1669
-389 -3580
1923 730
1191 1097
-3126 -2380
-232 2558
-1397 -304
-295 -1057
-3159 -754
-3153 -1377
4106 -564
1096 1379
-2904 -2231
16 3960
-502 -830
3768 3942
-586 345
3601 -46
2419 2710
1085 -2270
5141 889
-1537 2119
4840 486
4161 2594
2964 -1125
1048 -2230
3678 -399
-1718 2613
-2412 -1821
-947 -1271
1615 -346
-2026 1104
798 -1878
1016 -1392
-3172 -3896
-2579 3567
2276 -1755
1811 -1851
-2552 -4116
-3912 -261
-559 3328
105 -433
3497 3676
-3298 -3587
2028 -1594
2994 3479
3607 3595
-2739 2468
880 2387
149 -415
-3248 -809
-759 2032
3566 -515
2545 -3599
-251 2351
4063 2948
2822 2184
2350 -2910
-2510 -3580
4218 -1558
-3595 -750
-1534 -1839
-2597 1010
-3423 3775
2124 58
-2805 3425
2548 87
2408 -3518
-1809 -285
478 1083
4253 2791
-640 214
1129 1822
1291 3088
-2803 2414
-30 4252
4131 4007
2322 -2151
-2370 2767
559 -1088
4239 -2076
-715 4427
2026 -1072
-1519 -698
-2161 5187
-2837 478
-1599 -1904
-4569 1340
-1572 2988
-1580 190
372 -2180
838 3552
3569 1024
-2190 -4035
-3418 2356
1452 -85
-1277 2884
2940 -3839
2187 3776
3916 621
3331 761
1672 -1965
-2461 444
-2923 -852
2655 4155
2033 -3676
-262 -1614
-1977 528
1882 -2839
-315 2383
2063 -1364
1989 2908
459 4187
4146 1437
1497 419
1364 -1808
542 -957
-2689 3485
-2529 -1343
2404 2569
-790 3583
3670 -1352
3059 -3007
-328 2916
844 267
-867 333
795 3108
-3584 -1038
2378 1341
4353 710
3001 263
2182 -1611
2664 -1947
3323 -637
-209 782
940 -3180
2171 3238
-1651 2875
3486 -1217
-273 4805
2315 1388
3654 1536
904 1675
-10 -1845
-863 838
-4393 -1078
1920 -245
-466 -1381
-2679 3432
2030 -1415
2700 -1371
-2347 -3737
-4148 -418
-2307 684
-2592 -2160
-2 -1841
1177 3204
-3361 -2587
-4138 -1735
502 786
-2626 -529
-2537 -2010
-2807 -688
-2879 853
-3266 3450
-3158 283
-49 879
2713 -3201
1762 -2009
3346 267
-1619 -1022
-3510 -1904
2500 -3594
3039 350
-1006 2141
-3718 128
-721 -971
1905 -1962
-1073 -3466
4142 508
-617 3033
2308 -608
-1466 125
-3396 -2596
-1756 101
2856 -3017
-2740 -687
-1304 -858
-3052 2636
-971 -57
460 4324
-1648 1573
-2176 2868
1654 -1962
3330 3309
3948 -464
-250 -2028
2940 898
-4278 4828
2794 479
-3637 2398
-2916 2691
-1263 3869
2506 1307
-1591 -1882
-1545 3143
-1203 2244
1246 -786
-3403 -1487
702 2747
-1666 -562
-1669 3400
1355 2699
2721 1760
-977 3877
-2510 -361
3416 -8
3830 -2901
-3551 -918
-1809 2509
-2330 -3390
105 -2581
-1119 -2631
-346 -865
2417 -2269
2672 -299
2054 -549
2557 2305
-2424 3040
4045 -3832
822 -1317
-1511 -692
2571 -3630
-2290 4079
1957 -1729
1865 -3237
855 2890
546 -3315
-1528 2930
3571 -3155
-1397 1881
-1040 -447
2752 -1764
583 -595
991 -3322
-946 226
432 -2338
-991 425
1093 4554
2379 -1295
-2566 4416
3603 -1300
3028 3914
-4052 -3053
2244 -2530
-518 2142
1280 -2867
-2343 4278
-2009 -477
-4981 2875
-127 4280
-3658 4726
501 2341
-4899 -3698
1671 2466
-2152 902
2544 -1558
-1945 -4056
3196 -490
-2874 2473
-2373 -526
-2962 -3634
-1360 -2019
-2141 0
2783 -3829
3613 2231
995 2344
3158 -3991
178 -1166
-285 -48
3648 -1588
3882 3893
1324 4166
658 1852
126 -1708
128 -1143
639 3407
2650 -1797
-1166 265
4142 -3518
747 -1480
-166 -494
1484 2523
3809 3954
1571 3925
-449 3449
3409 1808
-1166 -1202
-1582 4389
-2813 486
-642 406
495 3035
-2780 2626
-1654 -332
4247 3243
690 -2431
-443 -2795
-3039 3061
-1349 3836
1195 -1853
-897 4029
3750 -1860
-1327 -815
-863 -1239
353 4057
722 906
2953 1482
-3944 2435
-4885 827
-42 3148
-1129 4374
2023 -1825
797 122
586 1496
-919 174
-2438 3140
2237 999
-2882 -2802
-4411 3300
3208 -1120
2058 2667
1249 -710
-1144 -1448
-3235 -4036
2299 1099
-3561 150
2153 3874
-3134 1256
-1691 -1446
-1145 3076
-4062 -1644
1357 2921
-3635 294
-2973 -256
2737 2912
-2237 -3155
-144 -509
1464 -3045
-709 -941
931 1132
-1680 3641
2380 -566
-2896 2171
-3247 -3030
-1899 2568
1100 -1345
-1687 3123
1016 -1915
-949 -3071
183 -2347
2261 3251
3247 -2645
2966 2036
-293 -303
-3321 -1821
4008 3967
-2461 -729
-1236 -1190
291 152
-1525 2403
-1666 4686
-241 4230
675 -301
-4501 3115
1315 1780
-834 -1231
-1376 3326
2558 -383
2831 2169
138 4714
-1732 2151
-1106 3230
1360 -1801
-5108 3521
-3513 760
-2164 2728
738 983
1698 -1329
-177 -2428
-1911 1340
-4107 -3167
-4385 -3629
1434 -3131
2816 2796
-1898 -3299
2711 700
2633 -2492
-3998 1363
2484 1889
2683 -1658
688 4059
-1653 3756
-3003 -2324
858 1283
304 -2491
2604 -4006
984 3502
-2874 135
2322 3878
-3758 2799
-3303 -3776
-2704 -1887
3370 248
1021 -1289
-1949 -1789
1035 -3805
-914 -1155
713 -3056
-2775 -3500
2009 -1467
-727 2785
-2669 924
-828 -41
2980 4433
-1398 1348
-2375 -14
-1607 423
-2397 1591
1700 2008
-4232 4704
-1500 4274
2419 -2167
-4263 -649
-3693 -1113
-4130 4503
1860 2851
-862 4498
-10 -2099
1055 2516
-2654 -1143
-577 -1919
2215 -1929
1928 -1675
-4939 -9
1862 -302
1195 1642
-103 -2432
2615 -2759
-2985 2411
3592 1959
-1992 1962
2409 803
-4002 -1119
-1732 3589
-371 -2640
-2387 -529
3354 -3870
-1143 1102
2696 -626
-1487 1015
1527 -1655
405 991
-3916 3627
-4106 360
2601 -213
3398 381
2244 896
2956 2940
2220 233
-903 1018
-225 -968
-3748 2076
-645 449
1471 2197
-2532 1218
3953 -3455
-410 298
723 3508
1319 -2431
1377 -3358
3871 2186
-89 -2021
322 -2586
-4015 -1731
-2965 76
126 917
-3246 -2939
-1838 -736
3906 -1977
1171 3815
-571 -2244
2929 1564
-316 2098
-1614 817
3243 749
-306 4309
-2409 4429
-3476 -592
461 1830
-1116 2122
-1314 1141
-3165 1096
210 3688
-2085 -116
2070 814
2338 1396
2660 -3222
-2782 2696
-1216 -289
1845 2919
1946 67
1800 799
980 1561
2315 -113
2542 360
2271 -4104
2239 2102
-4017 2904
-3084 4090
-2193 -2239
-3696 9
-409 2949
307 1750
-2096 -2378
-3518 89
1601 318
-3692 -3896
-1722 -16
-2645 1337
-1986 3347
-3127 -2812
-862 3025
2316 1162
2969 2961
-1505 -1832
1946 1514
3976 695
2800 -2230
362 -3488
-3731 2136
-51 813
-2450 3277
-3502 3632
1693 -2178
-534 -332
3153 -436
-40 866
-3059 2729
865 -1210
-3171 988
3478 -3231
-466 3903
-3943 4323
-3414 3469
3337 239
1480 4355
-3509 3937
492 2599
2504 1074
-2982 -793
282 3419
1787 -3049
-1297 -2591
3101 2255
3393 -3711
3422 180
2151 -3375
-2908 -3536
784 2996
2121 -3716
180 1130
1237 3114
-3428 -1549
2183 -1199
-270 3898
2379 -2509
-3830 -2554
-157 496
-1394 2446
2937 -1958
-1898 -1784
1515 -52
-665 -1503
-3003 -3414
-2175 1473
106 3998
815 -3493
-1877 -130
2261 2487
310 227
308 -2844
-2994 3858
-2034 -233
488 4367
878 -2725
-936 578
-112 -3428
-1017 -1002
3836 150
-2738 3874
590 3239
475 1637
-3196 -381
174 2112
3007 -585
2341 -840
-1081 4308
-3155 1210
2206 -2499
-3877 2764
2091 -3527
-59 205
-2766 3295
1686 -3666
-3419 1138
2126 -3597
1646 -654
-1812 -404
1261 436
-829 -136
-3417 2946
2762 3112
1041 1894
-1493 1347
-1727 1249
-2922 -3126
-2286 3818
-3393 1479
3653 298
-3377 -397
519 3216
1111 2183
-2897 3464
1386 1891
485 3624
2458 3876
821 -339
-1901 -3924
-1880 134
-139 -635
3399 -3833
2645 3823
-1612 -741
2974 465
-2258 -3294
3450 3176
1516 1418
699 -1450
-3395 742
-388 -1843
-3633 254
-3194 1025
-2645 -3611
4048 -3555
-594 -2818
-1725 -3758
-3879 -549
3455 4125
3686 -2862
-2541 -251
1343 -2371
-1087 -2608
-788 2223
-1605 -499
3915 -3921
3563 -944
-1051 -69
-3196 2057
-3399 -1496
-2165 2972
786 3315
234 -3152
398 953
2747 -1878
-634 -3314
-4226 3229
-331 28
2017 -2838
1109 -2973
1021 -342
-4041 -1286
407 2978
178 158
-4369 394
1810 216
3713 -1764
257 1131
-2101 1937
-1346 -2338
1764 -1227
-2992 391
1054 -3666
349 201
-1553 -1168
-1085 1797
1546 2497
672 355
-224 2540
3085 -376
1486 3230
2724 -2305
1769 -3747
2301 -1152
-3058 77
-2288 -3867
-2347 -1212
-2670 3228
1516 1636
1158 -2811
-1961 -3720
766 1413
-2433 2189
624 -633
-1267 172
-183 -3859
3828 -458
-1942 -510
-1022 4332
3015 502
-570 -3843
-930 -3422
738 -1163
2358 2553
1223 -405
-2151 85
-2863 755
4142 -3973
-2527 -118
2365 -3863
-2551 2114
2136 1989
3675 -2947
-3208 -2947
2684 -2082
3882 -1917
-1582 1841
2609 -3964
48 1176
-2296 1989
1060 3525
-1320 1339
-1920 2164
3044 872
-2198 3971
-2567 -752
-4176 3222
2520 3091
3269 -3677
-3291 1351
-888 826
3278 -3695
-976 2851
-393 -1402
2157 2219
3310 -4135
-2151 361
1816 -410
-1338 2145
-4125 -1705
3092 -2071
-2529 1192
-2823 1253
3030 -1701
-988 -1592
29 -3718
-3552 -3189
902 -3194
4234 -2643
604 285
-3347 -3170
-3143 3270
3071 -416
3739 -2224
-2526 -2635
822 374
-3020 -2879
2349 3986
1184 -2333
-3678 163
-3493 986
2270 1011
-352 -1475
3765 -3139
2787 1898
-2610 1994
-620 -794
-2284 3063
-2040 -463
1513 2062
-1830 -1715
-2136 674
-1383 2437
-2147 3129
-1854 1709
-3441 3953
-3585 -873
367 -2403
-3378 -811
1700 -2155
-1037 1335
-4041 -659
-738 -2251
-214 -2575
-1020 -2743
-812 97
380 -755
-3993 1520
1248 2757
3363 1704
-3833 -428
-125 -391
-2868 -118
665 931
-1634 -3844
3519 3958
272 -3433
1728 -2472
-3502 -2238
3332 -3595
-2752 647
-3595 -3701
1409 691
1423 -2982
229 -2601
-917 400
4169 -1865
4047 1893
-644 2730
1520 -282
-3703 2061
3317 -1359
-2934 3786
458 654
-1345 2800
521 -3316
448 -372
3352 -58
-712 -3344
-154 -1142
3102 3581
-472 -262
2408 763
2697 -283
4392 -2586
-1717 533
-2340 822
223 2848
-942 1843
-2593 2677
2666 -2689
-2416 4079
-2214 2593
2383 3851
-549 -3755
752 3515
-4094 1337
1901 1448
1528 1987
429 -569
-265 1914
2458 2659
1188 2934
-3956 -1585
2258 361
-3491 1276
-3874 2993
-3880 1621
3768 2388
-3935 1125
-2483 -1169
-1182 3127
-223 -1819
-2761 -591
3474 -3634
2868 -2278
-2272 3107
169 -3837
-2785 -3566
2487 2589
2996 2900
972 -1938
3750 1824
3125 3745
1594 213
1811 -3318
1679 1378
240 -2765
1437 1007
3422 -3340
1764 2141
706 -4
-3256 3907
3308 -914
-3504 -105
-1681 -789
3046 1794
2641 3375
4420 1355
-3002 -3549
-3667 -2068
3711 -1789
-1632 -911
4293 -3723
1394 -10
-3249 -594
-2471 -1838
-3210 -3113
2138 -1940
3180 -3062
-2943 210
-3433 -3758
-3108 -3480
-3374 3897
2417 934
2568 2440
-2514 2160
720 -3219
2383 -2097
634 -1047
164 -3943
2393 -346
-2785 -2850
2486 -36
-2628 2204
2000 -3692
1755 3342
-3340 23
-2847 3441
-3861 816
-248 -2315
685 269
-3708 410
215 3364
-1708 2654
1365 -1963
-3962 -1025
3069 342
-3286 1901
3963 1401
1541 991
2210 3581
-2147 -3108
2 4107
1163 2357
147 -3609
-2234 -2489
666 -2367
1745 -2085
1225 -1781
361 -1735
1636 -3760
-2804 2775
-391 563
702 4098
-2704 -3695
-1238 1374
-3305 3309
1283 -3854
-1615 -1215
483 3639
-94 -1453
-2622 -2882
-924 2836
4232 2299
2213 -3064
3606 -3103
-544 2309
1122 -172
1052 -1341
-3158 2120
-3889 -533
2324 1570
-20 -1949
-3320 -1979
2351 -2507
-1337 3416
-2566 3688
-4186 -2686
1843 -1554
1124 3556
-4141 289
-980 -2214
-1599 -1012
475 -3000
-2478 -2731
-1907 1110
-2008 1715
727 -1416
227 2422
-435 3317
-311 -721
-3604 -3161
-3454 1088
-3787 -3151
-2331 1200
2298 -3858
-3622 1192
-1019 -3425
-446 4083
-1874 -549
-35 1820
-1575 3215
-3270 -3287
-717 -486
4166 144
10 2686
-209 -1020
4382 -1380
1594 242
3449 -1934
-443 -2247
717 3275
1619 2585
2025 -417
1849 -13
-766 -3176
-1269 2262
-1155 -2962
3430 3901
-1546 2302
1654 3178
1745 3972
-3631 3455
759 3589
-2471 -668
-3509 -1724
3811 583
3019 3573
1080 -2001
2342 -2049
-1960 -4163
-3703 -2437
-3823 -4301
-4082 3542
1539 2594
-1117 2062
2619 -3674
-666 -3241
2480 1276
2619 523
3492 3235
3185 898
-1636 -1966
2596 1221
-678 1038
406 3926
1390 3888
-3892 766
-1073 -2526
-2814 432
-2164 -230
2635 -3860
-2429 1946
-2672 -2677
-4153 -504
1321 -667
727 3280
3234 -2983
-2356 -3424
-1518 -1118
824 -1019
4203 3767
-2527 -253
3742 2141
536 1677
4283 686
4100 -1260
-2798 -1286
-620 -1039
1619 -2779
-2884 -3031
-2718 4109
-3256 -1153
-1402 -3380
-1036 196
-2105 -3834
200 246
2298 -3104
1252 2523
166 2616
-2590 -3174
3558 -3945
-3177 -1289
203 -1844
453 -751
-240 -3903
3940 1178
22 -2454
3319 2155
4061 -1229
-2032 2185
1027 -1623
2471 1443
1651 -4161
792 1574
-2387 -921
1534 2156
-2013 2233
-3662 -2608
-2303 -715
-871 3839
3713 -4027
-2977 1127
-4120 -779
-1377 -348
-244 2452
3800 -219
-3481 240
2375 -3522
-1086 -2358
-2134 293
3769 -833
-4133 -3253
2499 -599
-1370 184
-1040 1179
-190 -2178
598 3440
3704 3076
489 -379
3812 428
2992 39
695 -3146
-1984 -148
2512 -2205
-2249 -3752
-1272 1568
-40 -3829
316 4064
2810 -1685
216 -391
1452 82
-3196 524
1320 986
3847 -596
-1397 3337
3574 2365
-3296 1145
4233 1523
2064 -1719
-140 3959
1219 3400
-1780 -463
3672 -327
-1514 446
817 3120
-2037 2954
-3531 -492
-401 -3931
1884 1992
56 -4246
-3607 -962
2603 -2177
1998 -852
2503 2075
3156 1525
-1887 -317
-2025 -2240
759 -1741
-2278 -1306
-549 -3579
-315 -2415
-574 -4031
507 -2010
-1883 -2247
1112 -2001
-1371 -2149
431 1456
2792 3300
1368 -3999
3918 -299
3454 -3001
2535 -3559
17 -373
-489 -2606
-2908 -1588
2012 2545
4015 2961
4171 -3203
1779 -2887
-2277 -564
-1011 1700
3026 2058
-2905 -2067
-1633 1948
3671 3731
31 -1439
2765 -2563
-3218 -2981
2390 320
2747 -2494
3690 694
3351 -3751
-2855 3149
812 -1053
-2940 -3056
4273 3718
-1064 2993
-1984 1024
-1490 1456
2341 -959
-2192 -2660
-1527 -29
-2081 -1532
-3054 16
1035 -1555
3690 165
-1652 968
3000 963
3451 -3175
-236 -3992
-3700 3564
2094 1227
609 -1460
2229 -1785
2061 -421
642 516
-1385 -2219
3679 -4097
2999 1377
-3423 -1342
-3172 305
2728 1682
3823 2671
-2179 238
-3697 -1168
1260 2112
1413 -3009
1633 3961
3665 -2946
2073 2860
-1929 464
-256 3154
-2253 1883
680 2545
2712 -2324
1618 -398
3805 2475
-459 -3458
-3251 -959
4050 -1977
146 193
-253 3689
-2418 -112
4043 127
-2681 3787
-2724 -2199
2888 -532
-2217 -338
7 3201
-2656 -1048
-3302 146
-3143 3578
601 3644
2689 -2617
298 1013
1329 -2204
-3104 -2366
-592 1113
1958 2645
891 3409
2500 790
-2624 -442
-1839 -1270
-3473 3255
-3184 -2293
-1589 -427
-1081 -3225
659 357
2111 2802
1144 1812
-3113 -811
-1030 -1632
2509 -1872
3904 -493
1672 -2944
3798 -4276
2251 3226
676 -2781
-3342 -2271
-1646 -1181
2119 3198
2492 -1112
-1056 2108
-2894 -2911
-4250 -1223
-2364 -2319
480 -3696
3729 670
1922 3696
390 1949
151 1723
1345 4203
1391 1803
4385 -3529
2375 2432
-1289 1151
2479 -1961
-447 3573
-165 -3550
4258 1922
-2825 1188
-2888 -365
4327 -676
584 1392
1469 1950
1492 -3836
3389 12
859 2492
-1132 -296
4150 278
-2974 -3505
-48 3506
3286 -1636
-3414 -1761
-1351 118
2777 505
-2570 2300
4304 3325
-941 -21
-3785 3389
-3214 2967
-1731 -2636
-1846 -358
732 -1486
3613 -3780
-1608 2730
-1653 2832
3971 -1508
-1217 -439
-3751 -3636
1171 220
-4115 -2055
3364 3103
3212 378
-3135 1333
342 2331
-1416 -1110
2894 -3869
-3925 -522
-877 -492
-4324 -2986
-3449 3917
-1778 29
-823 -1542
-2237 30
1213 -3939
3715 1968
3576 24
-3174 554
1878 -1340
1256 1729
158 -1287
-2271 1069
2953 3481
1543 -2264
4090 -3221
3364 -3669
-3026 1040
1331 4163
2355 1813
-103 -733
111 -4015
3687 1248
-2898 -864
3756 -3730
3159 -163
-2483 -2819
2079 2664
-2864 3077
-198 -2108
-1602 -3872
-3349 -2235
-166 1570
1364 2943
-3327 1758
3219 3897
3591 1519
3520 -236
175 -3818
3863 -3011
1303 2502
-2892 1149
376 2391
-3609 2277
3353 498
-1720 3404
3956 3104
-2655 1746
-17 -3236
-3898 -3774
-1811 -1425
654 -2680
970 -2720
-1785 -162
-1663 -3927
399 -2966
3221 -1261
-1307 2991
-3396 -3418
1263 1234
1385 1449
-515 -3414
-4037 1903
-1499 -2067
2354 -2532
-1937 2091
2075 -3119
-114 -788
-1092 1758
-3578 -2606
-1669 -2860
-2799 1325
2749 16
-606 -2370
1333 -3566
-1291 -3630
2181 1133
-682 3569
-3321 690
-941 2464
-584 -1486
2652 -2618
-2416 307
-3128 3673
3854 -321
-3801 -2873
2887 -693
777 2810
-3269 -3702
-2253 1624
-57 -795
664 -958
-1026 -4014
3244 73
-983 655
-1677 -1039
659 -3921
2910 -1005
-3380 3644
4127 1763
-2127 1205
-2210 -2569
-3307 2034
-3598 1220
2136 -269
748 3548
2628 862
-1046 -1072
-257 -3349
677 -3550
3644 -1458
-1131 -2749
-1985 2782
3638 -2342
2598 -525
1350 -4245
-3599 -4263
2713 3502
1529 -702
3564 -1386
-2839 -3336
-1224 2416
-1805 -2169
-1759 -330
2518 656
-2027 3438
2301 3736
-1885 3686
-1322 -70
-272 3456
2461 -2209
-3489 3721
-1677 -2010
1796 3749
-821 1734
3876 -2491
-3124 1739
541 -2347
-1247 1112
-3527 -1425
2873 -3578
-3631 2427
-1501 -2043
3822 -2830
-932 1425
-946 -3003
3162 169
-941 1150
-2825 3166
1254 -2773
583 296
-2560 3582
969 2493
-625 1633
-464 4080
3737 -1550
361 1127
-2330 1782
1305 2430
3948 1984
-284 -2523
-2673 373
-1523 -4056
-3092 3921
935 1038
-3249 3556
-128 -3479
-3581 -1826
3736 612
2813 -1367
861 -3684
-125 2690
-1523 -1599
-967 -1066
-1762 3784
-3431 2313
-1451 733
-649 -2831
2217 -4108
-3917 -2090
-3136 -1181
-4272 -2885
1996 2873
413 -3779
-1527 -878
-3347 1007
-1782 -893
2799 3043
-196 1344
2265 1936
2727 2109
1684 -3506
-627 -1257
-3137 -712
-950 -3481
-2181 -1376
1380 -2833
4387 126
-274 -3941
3748 1311
3984 3086
2674 -1401
-312 -3437
-997 1506
-2358 -3009
-2067 -3053
783 -3165
2127 -900
3723 -187
-2586 1939
-2769 -702
4002 3062
4055 -75
2827 -2681
-2077 -3203
-2157 1485
-3783 -3569
2846 444
-3294 -753
-756 -987
1381 1585
-2809 -257
1296 -4230
-1839 -1381
-831 -1346
-662 -1065
-985 -2352
-558 1142
745 2896
3456 -569
3407 -2982
-590 2688
-1391 3175
-240 -4187
2721 -898
637 961
2559 193
3677 690
-1736 -3449
3436 -1629
2978 -1097
-476 3388
-693 -992
3289 924
-3381 -448
1484 3369
-1629 2069
1600 -3890
-1613 2326
2668 -1611
-3187 277
-908 -513
-543 -1272
-3340 -1757
-2662 634
3720 241
3382 -2748
3911 3374
-2936 604
2535 3020
4332 1476
-315 2620
-1970 1135
-2039 -2222
-60 -650
-2359 -1637
2619 3006
1787 3035
638 -2338
-1683 725
2211 -1854
-3184 -3039
-2600 3719
-1815 3146
4373 969
3992 -2318
-3049 -3085
189 1908
1030 2907
-2396 -1645
2707 3191
-2261 3368
-975 3755
-1105 -3813
-3672 2505
3815 -3020
-674 -4232
-203 -1679
-2989 -4357
-2807 3210
-682 456
1492 1998
2453 -1220
-588 -3304
1201 -3596
-1838 -840
-2288 2269
-1384 2020
2648 -1644
-1868 3614
-2168 3381
-4291 -450
-304 3451
1219 -2797
-510 136
0 0
0 0
0 0
0 0
0 0
0 0
0 0
0 0
0 0
0 0
0 0
0 0
0 0
0 0
0 0
0 0
0 0
0 0
0 0
0 0
0 0
0 0
0 0
0 0
0 0
0 0
0 0
0 0
0 0
0 0
0 0
0 0
0 0
0 0
0 0
0 0
0 0
0 0
0 0
0 0
0 0
0 0
0 0
0 0
0 0
0 0
0 0
0 0
0 0
0 0
0 0
0 0
0 0
0 0
0 0
0 0
0 0
0 0
0 0
0 0
0 0
0 0
0 0
0 0
0 0
0 0
0 0
0 0
0 0
0 0
0 0
0 0
0 0
0 0
0 0
0 0
0 0
0 0
0 0
0 0
0 0
0 0
0 0
0 0
0 0
0 0
0 0
0 0
0 0
0 0
0 0
0 0
0 0
0 0
0 0
0 0
0 0
0 0
0 0
0 0
0 0
0 0
0 0
0 0
0 0
0 0
0 0
0 0
0 0
0 0
0 0
0 0
0 0
0 0
0 0
0 0
0 0
0 0
0 0
0 0
0 0
0 0
0 0
0 0
0 0
0 0
0 0
0 0
0 0
0 0
0 0
0 0
0 0
0 0
0 0
0 0
0 0
0 0
0 0
0 0
0 0
0 0
0 0
0 0
0 0
0 0
0 0
0 0
0 0
0 0
0 0
0 0
0 0
0 0
0 0
0 0
0 0
0 0
0 0
0 0
0 0
0 0
0 0
0 0
0 0
0 0
0 0
0 0
0 0
0 0
0 0
0 0
0 0
0 0
0 0
0 0
0 0
0 0
0 0
0 0
0 0
0 0
0 0
0 0
0 0
0 0
0 0
0 0
0 0
0 0
0 0
0 0
0 0
0 0
0 0
0 0
0 0
0 0
0 0
0 0
0 0
0 0
0 0
0 0
0 0
0 0
0 0
0 0
0 0
0 0
0 0
0 0
0 0
0 0
0 0
0 0
0 0
0 0
0 0
0 0
0 0
0 0
0 0
0 0
0 0
0 0
0 0
0 0
0 0
0 0
0 0
0 0
0 0
0 0
0 0
0 0
0 0
0 0
0 0
0 0
0 0
0 0
0 0
0 0
0 0
0 0
0 0
0 0
0 0
0 0
0 0
0 0
0 0
0 0
0 0
0 0
0 0
0 0
0 0
0 0
0 0
0 0
0 0
0 0
0 0
0 0
0 0
0 0
0 0
0 0
0 0
0 0
0 0
0 0
0 0
0 0
0 0
0 0
0 0
0 0
0 0
0 0
0 0
0 0
0 0
0 0
0 0
0 0
0 0
0 0
0 0
0 0
0 0
0 0
0 0
0 0
0 0
0 0
0 0
0 0
0 0
0 0
0 0
0 0
0 0
0 0
0 0
0 0
0 0
0 0
0 0
0 0
0 0
0 0
0 0
0 0
0 0
0 0
0 0
0 0
0 0
0 0
0 0
0 0
0 0
0 0
0 0
0 0
0 0
0 0
0 0
0 0
0 0
0 0
0 0
0 0
0 0
0 0
0 0
0 0
0 0
0 0
0 0
0 0
0 0
0 0
0 0
0 0
0 0
0 0
0 0
0 0
0 0
0 0
0 0
0 0
0 0
0 0
0 0
0 0
0 0
0 0
0 0
0 0
0 0
0 0
0 0
0 0
0 0
0 0
0 0
0 0
0 0
0 0
0 0
0 0
0 0
0 0
0 0
0 0
0 0
0 0
0 0
0 0
0 0
0 0
0 0
0 0
0 0
0 0
0 0
0 0
0 0
0 0
0 0
0 0
0 0
0 0
0 0
0 0
0 0
0 0
0 0
0 0
0 0
0 0
0 0
0 0
0 0
0 0
0 0
0 0
0 0
0 0
0 0
0 0
0 0
0 0
0 0
0 0
0 0
0 0
0 0
0 0
0 0
0 0
0 0
0 0
0 0
0 0
0 0
0 0
0 0
0 0
0 0
0 0
0 0
0 0
0 0
0 0
0 0
0 0
0 0
0 0
0 0
0 0
0 0
0 0
0 0
0 0
0 0
0 0
0 0
0 0
0 0
0 0
0 0
0 0
0 0
0 0
0 0
0 0
0 0
0 0
0 0
0 0
0 0
0 0
0 0
0 0
0 0
0 0
0 0
0 0
0 0
0 0
0 0
0 0
0 0
0 0
0 0
0 0
0 0
0 0
0 0
0 0
0 0
0 0
0 0
0 0
0 0
0 0
0 0
0 0
0 0
0 0
0 0
0 0
0 0
0 0
0 0
0 0
0 0
0 0
0 0
0 0
0 0
0 0
0 0
0 0
0 0
0 0
0 0
0 0
0 0
0 0
0 0
0 0
0 0
0 0
0 0
0 0
0 0
0 0
0 0
0 0
0 0
0 0
0 0
0 0
0 0
0 0
0 0
0 0
0 0
0 0
0 0
0 0
0 0
0 0
0 0
0 0
0 0
0 0
0 0
0 0
0 0
0 0
0 0
0 0
0 0
0 0
0 0
0 0
0 0
0 0
0 0
0 0
0 0
0 0
0 0
0 0
0 0
0 0
0 0
0 0
0 0
0 0
0 0
0 0
0 0
0 0
0 0
0 0
0 0
0 0
0 0
0 0
0 0
0 0
0 0
0 0
0 0
0 0
0 0
0 0
0 0
0 0
0 0
0 0
0 0
0 0
0 0
0 0
0 0
0 0
0 0
0 0
0 0
0 0
0 0
0 0
0 0
0 0
0 0
0 0
0 0
0 0
0 0
0 0
0 0
0 0
0 0
0 0
0 0
