1703 294
3842 -3821
1703 -3886
-465 507
2955 260
1676 2153
1948 -3679
535 -2753
2226 707
1076 -2079
1479 3477
-2673 -241
2663 -2500
-652 1764
3430 238
3851 2227
1929 -389
3676 -3790
4077 23
2219 -193
2031 -721
-3152 -2410
2961 -471
-3260 1196
1290 672
1329 1370
3112 998
2879 1460
4009 -3204
2079 3806
-2855 -3083
1216 324
3376 -2002
2728 -89
-308 -1453
1154 2099
-2433 -3092
-1563 -603
-2829 1904
-3779 1882
3749 3943
1199 -2490
-3714 -126
28 1228
1250 -1852
971 -1742
2802 -2129
-770 445
-2401 -2338
-2977 -280
-1627 -1568
-2505 -2228
3816 -2377
2146 -1351
-3809 -1380
2026 -1590
-1549 -179
2733 4045
-392 37
2907 -1508
4010 174
-2842 -2028
-3272 319
2549 -3057
2351 3183
3704 -3845
1839 -3092
-1587 3246
-2155 -1541
2786 -1105
-2217 3417
-968 -1772
-3588 2947
-1877 -445
-411 -1772
255 2095
-980 -2780
3400 -1810
509 -4079
622 -1500
-2218 355
-3015 1684
2756 -36
-160 875
405 2133
194 -2410
2058 1803
2529 -411
3608 -1678
-1686 -1568
-1920 2566
3323 554
2807 -3863
-3809 3900
-1321 -4096
1404 276
-454 2360
776 -3445
413 3504
-2228 -3261
-1884 3776
53 -1051
-1091 1830
3051 2636
-2568 -55
3286 3195
-3089 2095
-1386 1524
-3779 1165
1321 1631
3498 2908
-1777 -863
803 4029
-3883 -23
-579 2363
-481 1623
1192 -3565
-1143 4010
1058 2895
-1481 -3961
3537 -3312
-187 660
2957 -2901
-485 -1885
1467 -920
-2650 -3163
-4069 83
-57 3592
2953 -2689
3574 3358
1963 2445
2513 -3104
2685 -2668
-2042 -1820
3666 3596
-673 3040
3446 -809
601 -3598
454 -2179
-805 -2628
-760 -3168
114 3895
2274 2543
-300 3113
-1019 -3259
3899 1380
-2188 2844
1418 2435
2432 633
646 -2693
3829 2158
-1393 -2863
3103 -3450
-3329 -1939
2028 3868
-3691 3496
894 -541
2930 3691
-1720 574
1400 3452
2814 2997
-1470 -941
785 -252
2498 -399
-3282 2456
306 -849
3848 -2333
1155 204
-3997 -3566
939 2003
-827 2386
1855 -1239
-56 -2809
3610 499
342 1713
-3743 3210
962 -4012
3352 -1317
3519 -1424
-350 89
-721 442
-1290 -764
-1590 -1739
-3534 -692
-608 3789
3303 3466
-3387 -2368
3363 -754
-2210 -2230
-282 1391
2087 -1451
-856 116
1804 3036
1762 1986
1264 2909
-1621 2038
2340 1826
1693 69
-2396 -1293
-3978 3910
-1810 502
-3435 2626
-2188 3126
-2280 169
3519 -299
-2435 3976
1216 3105
-1699 1168
-1122 -703
-3512 938
1733 -2221
1754 2576
-3215 -3755
-2998 -708
67 17
3552 -655
1781 -3529
390 -2458
3111 -2737
-120 -3123
-3321 -2479
-761 3277
1486 -3745
2105 -3687
-161 2655
3671 452
-1753 767
2250 -1615
-1494 3850
1132 -1480
-2733 1011
-1434 -603
-3603 557
-4198 1988
250 -1392
2166 2876
-1566 -1200
-3683 221
3358 1651
3464 -3069
4064 -2225
-1338 2195
94 1227
703 -3189
4095 99
-1019 513
-410 -1736
-4046 -805
3903 1335
-139 -3196
-1542 -1340
2372 1600
1542 -901
-603 -3190
-3111 2665
167 -2765
1470 -3101
794 1337
-294 4054
-1656 -3676
-2385 970
1341 353
-1519 -3661
1698 2299
-3292 -2921
-3487 1561
1239 -1038
2869 3975
-3727 -2962
2587 1102
-281 1649
2839 2018
-3957 1583
-3969 282
-808 -2488
-1378 -3008
-747 1447
2092 1920
563 -1590
-135 -1976
-299 -1562
-2160 3793
1367 -3374
-2293 1331
-1911 -3258
-2486 1455
1219 -2181
3175 -3625
3114 -1364
2332 -1624
-1792 85
-1007 1499
2792 1103
359 3131
2856 3323
1503 1354
2846 -204
-3376 -927
526 2113
-1690 -3400
331 2093
2290 -883
2915 -930
-3045 -4006
-2092 3775
1700 3670
-2653 -4004
2031 -2093
923 -2864
2365 2226
3698 1211
982 -2144
435 -10
-2406 2935
620 171
-3598 1089
-663 -2175
1267 1046
3345 -627
917 -2528
-1290 -2543
3390 -3757
-1893 1499
-1638 1969
1355 3627
2311 -2649
2877 3704
-493 3578
3462 -1757
557 -3293
312 -1138
1087 -2390
-2994 1439
-1588 -3635
893 981
965 3720
-2342 -4050
3079 127
1529 3623
-1014 1105
3157 3891
3977 2341
-3052 3612
3784 -3179
2939 2094
-1922 3285
2497 1442
3599 1048
1124 -2543
2933 3745
-2532 -849
1450 -3372
3210 -3057
-4201 -989
-1731 505
-1163 -928
634 -2082
-1204 2172
3037 2444
586 1234
4139 2825
-1474 3800
-3053 -978
2432 -505
-3440 592
-1823 -892
2986 -3474
-2633 -323
2016 -2059
1786 -3692
-2193 -2453
-999 51
-1192 -1323
-2665 -3672
1169 -1208
2080 3737
-2865 -120
128 -1871
4058 1276
3841 -596
-3322 -218
-3705 -2955
-2419 551
-1000 -2018
-2367 2493
2410 -3994
3583 -2464
-3225 -2329
3978 -1692
-4092 -2460
-3248 2933
3809 -3035
2724 1603
2271 1053
-1321 3480
-3880 -3862
3438 2201
-4085 107
3272 -100
3830 -1581
-921 -3991
3806 320
-3293 905
-137 3291
1337 -1531
-2677 -3936
1485 -1373
-712 774
-1332 68
-4015 2236
3962 -4045
-2825 3612
1642 3081
-486 917
3362 -625
1143 2246
483 2955
1149 1106
2915 -3015
605 1207
1647 -2554
607 -1170
-3957 2083
3090 -2258
144 -932
-1270 -959
3543 -2961
-443 -3719
241 -2189
2883 -1035
-869 4140
3431 2895
372 -501
3229 664
-3175 -1644
575 654
-2284 -1973
1587 1953
-3971 -971
3751 -1294
670 1364
-1371 -599
-898 -842
-795 -1134
2686 -2975
3474 -976
3815 3995
-2440 1489
3280 -2583
-1237 2052
-1447 2488
741 -2656
1477 -51
-1085 -1035
-2664 3747
3301 -4124
1336 2571
-2487 -1465
-2176 1448
932 -1822
-2739 2244
-1901 744
-4105 -4043
3399 -3859
3108 2854
-820 -1841
-4080 -1925
-3322 2593
4000 2696
-2879 996
1324 1042
2966 1842
-3615 -3890
1034 278
-2895 -367
-4000 1667
4005 3377
3766 -233
-2949 -4016
-184 1015
1927 -52
2639 1836
-2952 -5
120 1391
-2284 2856
-3434 -1186
1774 -684
2764 3243
-1519 62
-903 2702
-642 802
-2360 467
2363 112
-2223 -3377
3949 2186
-695 -3810
525 415
-2203 3356
-380 -650
2741 -1552
2934 -761
-345 -2690
3733 1441
-3328 -3030
3444 -1215
-2637 1886
-337 -2909
-544 2593
1253 -2939
-3411 1415
-614 -451
2208 -1642
3237 2450
-992 343
3734 -1328
-195 -586
3214 -2066
-416 -3212
-508 -2027
807 -973
1006 -2086
630 3242
84 -3657
-3595 2255
571 2002
1910 785
900 1057
-1426 -2672
-1238 -3556
-3518 502
2123 -1578
-3755 -152
565 1929
2215 1412
3023 -3820
1748 -2941
-1801 317
-4062 -2338
-156 3321
-3135 2121
2932 -3529
32 2183
-777 -908
-1442 -4059
-1619 -1510
-3778 2855
-3177 3157
4106 -2978
1377 3033
634 -532
1336 2673
-3000 1413
-2270 2010
-2173 82
3030 -487
-998 -3273
2803 4080
-3263 568
1729 2705
-3282 -1992
-1807 -2941
4063 -3021
2581 395
-1963 -3169
-3415 1362
1218 1361
715 366
-1470 -3843
-2201 -1787
2747 4100
1777 -2708
-3930 -1448
-2524 -1174
-693 -936
1556 -1156
-826 3249
-2704 -3218
-4213 -1223
-1937 -1643
-4174 -2292
-635 -1206
-3469 -3773
-51 3272
3830 2401
-4218 1829
1712 429
671 2063
-1224 -1240
-1486 2159
684 -2655
304 2392
3059 -195
2573 2973
-1988 -940
-1756 415
-2695 -2785
-1473 -93
-1032 -2416
2374 -4025
769 1547
3139 543
-2215 196
-1484 504
-1871 3456
330 -3668
569 -1565
-1763 -3046
3010 -992
3647 1759
-1123 -1376
2655 -1769
-1138 -2118
721 -127
-1504 -2412
-3781 3790
-195 -517
2615 -3543
1300 967
2811 1862
3818 -1859
3440 2483
1033 -231
2294 -1377
-1053 956
2291 -3929
-357 -2256
-405 1348
-2050 1831
302 2643
3400 2856
454 -1678
968 1640
-3805 -37
-534 -137
-1283 3526
1753 -3957
-1437 -1591
268 3882
1219 -3145
3974 1510
-2745 3566
2505 -3584
-4135 1809
-4041 -1753
-2409 3816
1992 636
-954 -3798
1754 -1630
-4031 -2255
-1463 116
2358 -4089
-2781 -2769
-2249 2636
528 1383
-1572 202
-1462 2832
-585 1320
3647 3844
-2834 -3250
-154 3753
-730 1669
161 -99
-3785 -1114
1701 1037
2880 -3418
1890 -1383
749 -3605
1553 1845
2100 4064
-1255 4168
3720 -2178
2899 2260
-3852 -938
-4115 -3871
-516 -2334
-701 -1359
-3714 -2749
1497 1399
3231 822
2880 -1706
-2979 -3169
-4077 2851
815 2321
-1218 2015
1256 -792
3220 -1580
1345 -1463
-1365 -2402
-3492 -324
1016 -2920
-2746 -1988
-735 1618
-3295 3538
-3000 -3968
372 642
1621 2974
2055 3800
1828 1611
-2640 -2497
2798 -1188
-1848 3831
-3470 -2191
-1429 -167
-1781 1772
3777 3833
-3108 1463
-2128 -174
1779 361
2007 3566
3724 933
3168 -94
609 -499
-3806 3207
-1451 3637
-3524 -2549
3655 -3222
-407 3414
2670 1338
-3128 620
-3862 -3753
-2183 2800
1200 679
2341 1717
-3505 663
1291 -2064
1997 -3385
989 -1922
-2006 1374
1287 2937
-579 -2441
-1319 3417
1056 -2077
-3794 -3621
1807 -3531
-1624 701
3019 -854
2767 2983
-3536 -329
-1522 3308
1627 -915
-3307 3306
2411 -644
3145 30
-2518 1431
609 -2432
3937 3760
2245 1482
2652 2849
-33 -2862
-3728 3432
-4146 -1070
681 -926
-1163 292
-2529 2228
3632 3719
2987 -1775
-1256 -2324
-1234 -1730
3298 -358
-2814 3588
2352 2814
2558 1968
-4014 2518
-2974 -1330
3605 1872
-1348 494
-3478 3044
109 -1793
959 1027
364 3114
-3128 1975
3852 -204
2425 1117
-3292 -608
1914 -1152
336 -297
2558 2828
3857 -2505
321 -2393
-2741 3214
-3377 2319
1730 2649
3278 1816
-138 -446
-488 1212
2301 3890
-424 -1187
419 -663
3041 980
1006 650
1720 -3032
3372 -2774
7 450
413 2122
390 3588
-289 -4040
-23 -2216
-1782 3062
-1947 -2298
2369 -2079
1740 -2986
-377 -240
-618 -3724
3342 -2065
3589 607
-3185 2547
812 1826
1517 2864
-3898 2667
400 10
-1436 -2051
-3911 -109
-458 -21
2912 3833
-2133 118
-740 1636
-910 3132
2827 -3771
-3446 -3178
166 829
3300 2652
-790 -750
976 153
-1115 334
-4163 -4007
1687 -3764
-3718 1524
-1462 1443
-3129 -2801
-2356 -3567
-3786 3843
-3254 -1913
4065 -1899
-1161 -1304
-188 -3456
913 336
-1133 -3256
-3455 -3422
3668 -3509
1695 1655
-3214 1324
-2943 3240
3631 1589
917 681
246 -2315
1964 -2091
558 -848
224 3959
2259 660
-1857 3874
902 3191
788 -2008
-1079 -1289
1067 1901
-4061 -1479
-539 505
-3328 1300
-341 -620
-4027 2450
-2493 -2215
2613 1967
2909 -1949
1448 1713
-1546 -3718
0 -2501
-3428 513
-801 -140
-1632 -2575
1661 415
2575 -3467
-1641 -2035
2258 4012
3226 3339
1768 -3351
-1871 605
1256 211
3430 1796
-1313 -4043
-805 3001
-275 1069
-3891 566
892 127
1032 -3192
3059 -3600
610 1674
-828 1823
3807 -3303
-3300 877
3007 -1470
2460 -2391
-3089 -2246
-3508 1223
2822 1678
-482 -3583
1091 -3560
-248 343
-2533 -2131
520 -3212
2142 2677
2533 -378
-2494 -527
803 -2268
-3825 647
-2580 2188
3973 578
-3926 3735
424 -1209
1858 -89
-1408 319
2228 3363
-1391 -2413
-1643 960
3168 2876
889 2617
3679 -1216
-2249 961
4000 3849
2705 3443
-360 -522
1475 -1004
154 3683
-2462 -2105
-4092 -2686
3921 -3570
-2879 -2973
66 2948
-3905 -230
-2147 3209
-3195 2899
3956 1920
-143 -1136
405 1673
-2985 -2906
561 1576
3156 -1444
2792 1876
-1344 -933
3978 -4005
-1101 -1565
2195 3609
126 -271
1977 170
-2049 -542
-287 3179
1754 -1661
-1718 1268
3269 -2976
-1836 -3580
894 -2336
-193 1062
1929 3890
495 752
2613 2941
691 -3119
214 -1443
631 682
-1943 -1046
-2330 -247
3325 1986
-876 -1683
20 148
-1920 312
-3771 -1306
3887 386
1189 -229
2683 4012
-3426 3446
1544 -679
4119 -1335
2730 -312
-1809 1724
-1379 2898
3447 882
971 1384
1195 -1544
-3973 -4040
-3462 -2031
-2636 -961
920 2735
-933 76
1624 766
2266 3422
-4241 740
1111 -3920
521 2703
3000 3927
-2643 3113
-4218 -2088
-4054 3817
-3085 301
-587 -4059
3907 1874
-276 2085
-746 330
-1324 -2238
261 -2484
-128 -3217
2547 -1591
-3168 -2154
427 288
1582 -3779
2828 -22
-3606 802
499 -2789
2315 -1561
1149 3576
-2721 2566
2170 1918
1931 -46
1933 -978
-1327 -3951
-1618 3687
-1882 -3969
1364 1560
2195 861
-2602 -4000
2764 3457
-315 -3015
3154 463
-2916 2815
3102 1082
1100 -477
-2504 3190
606 2324
3760 -2857
-796 -1152
2144 1891
477 3837
-3005 -2623
2698 730
-3335 2456
1995 1782
2811 42
-2927 -3618
-3128 -1848
-1727 -4112
358 3040
1015 -890
-2087 2294
-1669 -2616
657 -3952
-2726 3578
-2047 2621
145 -1524
-487 3645
-2932 3409
-1436 -2850
-4199 -4
-676 -801
-2720 -2114
-1939 -1252
-902 -3462
2408 2793
708 -3415
-1737 -1140
3949 -3896
-1766 -1006
-2575 -1851
3688 1793
-342 1184
1226 2692
218 -1648
-1324 -1613
1203 -1700
-1475 2134
-899 -2214
-1087 -1647
1703 1412
1024 13
-3282 1283
3524 -3181
3900 -2548
3475 77
1182 1448
1107 -549
396 2399
-1521 3168
2811 1688
1649 3655
-2321 3355
2863 2809
-2642 3439
2428 561
3931 -2748
-722 3169
-360 3998
1838 2364
-1813 -2037
2678 -195
2909 223
-3484 1627
-3503 2026
1483 3115
4041 3414
-71 -3549
-2299 -2419
-2056 -2477
2924 -3319
1846 2871
124 464
-4118 3650
-2170 -2846
-1726 -1362
1559 1313
-3173 -3133
-4227 2656
2560 1942
-897 2126
3214 -19
-119 -720
3144 -4025
-1039 -132
-23 2323
-1521 3006
-3384 1174
1890 -3280
1535 2768
-4123 3401
-1808 -1028
-3265 -1531
-2254 -23
1502 -215
-2753 1397
3105 361
4079 3754
436 -840
-1784 3157
-2863 -3024
2079 -3437
1170 -3847
3832 -1741
-3593 3545
541 2875
-1587 1269
3212 -3057
-1569 1774
-1811 1167
-1728 -150
3837 -1556
-3687 -1443
-2820 -1918
99 -2396
3406 -4085
735 2576
-1003 401
-2297 -3548
-2014 -1270
3681 -1903
-3127 2350
2649 826
-3438 -1686
3212 -2835
3169 933
3133 -3167
-3411 3889
1048 1434
3059 1560
-405 -901
-1396 -3329
-1552 4078
-796 -2657
1045 -2076
-1298 991
-697 2307
-2381 3485
-1851 -4222
-2843 1371
-1459 1389
642 619
316 -1819
-2980 -836
-1385 953
3515 723
1749 -47
1827 -867
657 256
696 471
2757 -934
-2266 -1404
389 -187
-1398 -2513
-703 259
-1967 -2055
-2472 3611
1264 2709
2009 -520
-1420 3300
2606 4019
2267 -2187
3516 -731
2771 1676
-2057 1799
1644 3831
-2947 -2504
-1044 3727
745 -884
-3868 -773
2292 3107
-3746 3696
2144 -1491
1419 2353
-3339 -1524
2846 1697
2261 3948
630 -2459
2873 -1327
1526 2021
3458 -1889
3603 -2928
110 3681
1135 1985
3428 -1395
721 3675
-545 4025
4092 -76
-2680 465
3171 1873
3144 817
-1440 -1811
-314 3357
3305 2428
2318 2756
-3105 -3424
3770 -3622
-2027 -2265
1406 -960
689 -1820
3725 2006
-1583 -3187
-1124 -1809
2929 -1783
568 3587
1615 -1643
1483 2372
461 -310
1591 -3229
3275 -101
-2601 2250
1419 -3548
-1602 -680
-1055 3201
-2320 -875
-2631 985
-3432 -10
481 -2612
2386 1863
3246 -1344
3132 3611
1741 -2897
771 2464
1524 -2081
-2744 -802
-1536 431
2132 -538
245 794
2067 -1789
-3874 -1527
-1289 3789
3935 -20
4102 37
461 -859
1409 718
732 2815
3573 1346
-2593 1584
2610 3120
2076 2613
-3672 2178
222 165
-3248 -370
-996 -945
-773 1765
-1839 -3505
4081 4019
2774 3041
-3307 -1532
-1611 1731
2126 -4186
-523 1773
-2964 3709
1512 -3960
-1594 -1767
-2914 3097
-314 -2267
1933 1845
1511 2701
2766 -4063
-2657 1327
-1373 3617
-57 2775
-1024 -732
165 -1065
-2762 2380
-2930 -351
3850 -2365
-478 -2431
-1166 -1824
-769 -399
841 730
83 1766
93 1211
1926 2463
383 -2655
-2435 -1365
-428 3889
-498 -2901
-3341 -3393
2975 109
-3325 -3138
-235 -4223
2148 -3936
-2501 103
-1962 -2452
1040 -1410
762 -2660
-997 1390
3057 3024
-1943 1406
880 -2262
1462 2217
-621 -1814
1974 414
-3633 -2133
3856 2913
-3408 -2659
-3360 -3706
-1129 2830
3942 -280
-2764 -2309
3199 1879
3688 1506
-1481 -1827
4083 2582
1666 -3407
-3355 1830
3042 2437
3628 3960
1721 1443
-3473 3985
-1453 -1075
-3118 -3514
-3896 -1003
-77 2101
509 1141
-2709 -508
-2314 548
3617 -202
-2263 180
-546 2867
557 -4054
-2616 -204
-94 1596
909 1267
2349 -1695
3715 1968
-139 787
3183 339
-2889 2254
3686 3070
-2907 2606
-3251 -2393
-1850 -2340
35 3230
-590 -864
1695 -3140
-1478 -820
581 3092
-3744 3779
-390 651
3513 -3136
-1667 1716
-2746 -2610
2131 -4135
1889 1433
-3398 1861
819 -4346
-3693 -379
-3721 -234
-51 -4303
908 -961
1575 -4332
4215 -1399
151 776
-865 -3869
2569 -4030
2198 -3991
-2021 -3902
612 748
-2537 -1348
-3521 -3021
1398 1262
2349 -4162
503 301
3110 3264
2784 965
4052 -3691
247 308
-2139 -2070
260 391
-3608 -1232
1925 117
-3707 907
-2580 -3885
634 280
-3092 1344
-2871 2322
2959 411
-1518 -1270
2344 -1796
-2236 -554
4095 2027
1891 -2430
-2325 1494
655 3192
2142 -1382
2213 3426
-2144 -1611
1166 -1499
2354 2905
-2265 -335
-3965 1329
-2508 -3907
678 3559
18 3559
2806 -215
-2863 -3239
-3231 -1793
2383 -2618
558 -989
1197 2229
3148 2666
3825 -2921
-948 -2235
-2455 -604
-2155 -214
-3104 3504
3665 3601
-1354 3157
2928 -2651
-273 -2998
631 3204
-2541 -3212
4177 1462
-3643 3831
-2643 3050
2546 -2858
-3788 -2326
-2792 -2801
-559 -2341
3208 -3131
4287 -3216
433 513
4169 -4054
3203 2361
20 1526
1791 -3993
2961 3411
2518 586
3718 868
-1257 -3495
-2744 1979
-1616 1952
3754 3113
1323 -1124
-2416 618
2970 -3285
-822 53
168 -920
3637 3364
3869 -309
2621 587
3385 194
3621 -531
2388 -702
3824 -1759
-3997 -1109
151 2041
-2253 -438
3536 -3238
651 1888
-2823 3781
-663 1845
899 1658
-423 -2193
-1332 -3908
-754 -3451
-1246 2963
-3766 -2687
3490 -765
585 -1922
880 2124
2260 3127
-332 788
-1094 -1791
632 3715
710 3341
-2308 2084
-752 -942
3531 -875
-2840 3256
-436 2641
-1951 -3865
-327 1809
2904 194
2078 -1442
1701 3351
1637 -1552
-2680 -26
2802 -2575
-2112 3071
-3507 3269
-1017 -1926
2960 -2427
-2543 -2575
-3735 -1200
24 689
4097 2860
263 74
2059 -2394
-223 3684
-1615 -647
-1326 -1185
-2273 -170
-3902 -232
1456 1290
2408 2830
-1458 3452
507 2947
1747 -3391
-1463 176
2526 -729
3267 1928
-2590 -3769
-2274 -2549
-1869 -4167
-3799 -1048
-2361 -1887
875 2139
638 3931
-2406 2864
602 3676
-2622 2797
-1450 -1445
-1289 -4066
115 332
-2822 -4319
3507 3361
-499 3583
2044 -3529
-2662 822
1044 -1854
2447 -1525
-2988 -3584
655 1632
2806 -4354
2466 -268
2741 -931
-2450 -4685
-1557 2863
1490 -4384
-1404 64
3142 -3606
-361 -4382
-1141 661
-1596 1958
260 -379
1720 1703
-308 -2799
2086 -1287
-3026 -1881
-2963 -752
-3242 31
3411 224
-1641 -2595
-2607 3000
2623 1343
2825 -1423
1913 -2460
127 2365
2968 -3060
-1182 1917
3247 -3001
1722 3325
-3043 -2731
3584 -2002
3465 -14
-3582 -246
-3021 -2613
2860 2396
2417 2490
169 -703
-678 3316
-3904 -268
3140 3320
-1744 -670
2118 2433
-886 520
-536 3534
4079 1875
-3767 -1947
1905 2661
1881 -380
-22 -2493
1221 1496
-1002 -100
-2030 1358
2883 -2169
123 -973
1037 -1175
2530 1466
-806 156
-992 -1244
-1661 -971
1474 3172
2109 -1240
2472 764
975 -2860
57 1616
-2081 -2517
323 1074
-895 2198
3262 799
1064 785
-1629 1374
2854 1185
3421 -3323
-2085 -3372
3183 333
2559 -4003
-1473 2059
-2492 -4391
-1054 -4352
-1499 -3430
979 -4010
-3189 1887
-36 -2069
1882 794
1350 1930
663 -2513
3867 -3920
1708 796
1045 -1220
3991 2801
3199 -2119
1921 -1567
230 -2730
528 65
-686 -1625
-1952 -1406
1196 -3260
3749 2516
2784 2065
722 -516
-1622 723
2891 -2381
1559 -3131
3193 -2859
162 -51
2487 -3485
-1866 1707
-2166 413
-225 2095
-3568 2232
-502 -1256
1686 3240
1152 -827
3844 2127
-2111 -670
-2154 2286
731 -4117
-461 1063
4369 1515
-855 -1754
-1763 -2201
2612 -3235
-1779 0
3727 -1354
3349 -2983
3710 -4860
-1447 2710
4251 -932
358 2867
4044 1051
4307 -3999
-109 -4670
-1602 -3313
-2409 -2576
3491 1286
3265 -3675
828 -2289
-1826 430
-472 2996
-2499 -132
1059 104
-584 1576
4011 3513
-26 1094
1018 734
-772 1492
-2590 2181
-1324 -1600
2407 -1729
1236 -3118
574 2235
3048 -1908
-3115 -3947
-2339 -310
3247 1255
3734 -888
1130 2780
-3407 1403
1550 1204
3838 3496
538 -1155
1306 3517
1578 -2872
1698 2540
-1952 2954
-3410 3438
3027 -4038
-113 -1572
912 -3767
2359 -3083
1515 272
1311 1099
-2776 -638
1380 -547
2295 -3985
-321 464
-2463 351
3324 -3972
3997 -264
653 -1520
4420 1570
2293 -2108
218 -2427
3794 -1764
3249 -438
-2698 -4291
-733 1846
-2201 -2465
4488 -1765
1605 -2536
2678 2051
-2298 -24
-1034 -4215
4492 -2434
4551 3067
102 2057
3978 -2344
-1560 1753
-2162 -2281
-24 353
-1384 2104
-1429 3167
2188 -3853
1340 998
-2211 -2906
-849 -3631
3303 2035
2888 -2415
1975 244
-2485 -520
-1852 8
4400 2256
1122 121
-913 1699
-1288 -3350
2996 -1596
142 -2150
-1480 -1700
2998 -1682
-2699 -843
1072 -1049
-285 2932
3622 -4675
1246 3348
-3721 -2021
1051 -2331
-3437 -977
68 1528
2884 1685
3929 3011
2559 -4748
181 -2258
1053 1775
1946 -1110
1911 2658
-1389 3005
-2097 -166
-2014 -2663
-353 -2751
-2930 -2736
-935 -1499
2238 1356
4046 -258
-2900 2919
3391 189
278 -2665
-1672 2257
4020 3041
-2827 2873
3517 -3072
5033 2193
615 -416
2675 2358
-1499 -2712
1555 772
-170 1883
5037 -2709
-2239 2606
940 1276
-44 -1288
-729 151
-333 3158
-2031 3670
3489 -4303
-502 227
940 -706
1826 319
-2669 2163
2282 -3564
-1688 2962
938 -1053
-319 2178
3986 -3229
-3790 900
-347 -3291
418 -3593
4150 -2781
2221 1014
-146 -667
1241 -1282
-1147 -334
-1260 -1118
3248 -1322
-3098 -2506
-3812 -2106
2948 -4009
-1938 -2401
1510 -3920
3698 -2855
642 -1178
-2649 1324
1449 3201
-200 1710
1216 -661
7 2004
-1649 -1918
3526 -3003
2657 997
1223 -1256
-1682 557
3593 -4968
3359 322
-2018 -3136
3753 -1501
-51 -952
2167 -2568
-686 -2162
3741 -1333
3479 1338
-2981 -4830
-2181 315
-2066 35
-1670 -4513
3012 -7
3026 -757
-1341 -4483
-2578 11
-330 -1312
3112 -3219
-1557 2327
1244 -800
-1624 -669
-1662 3874
-2766 1464
-1729 2032
-2178 -3467
2226 2692
2967 -2715
-271 -2902
3023 -2499
846 2470
2718 961
2942 3320
789 -1225
-1343 -1153
823 -181
-2378 -1613
-3776 1947
4049 -2990
3436 -1066
-3597 1272
217 2203
-524 3606
-2818 3080
-784 -1969
-3626 1647
3928 -3850
2058 -1818
-326 127
2305 -1611
1573 -254
1018 -3790
2275 271
-408 919
2171 1832
770 1472
885 -101
2622 87
1464 -668
1766 -1695
1924 -895
-3171 1572
3639 -1290
2249 -2366
-8 -4416
-3719 -2677
-3243 -4168
513 147
-936 -2881
-2226 3353
-3755 -911
-3129 -918
-386 -4099
-331 -4053
3929 -1326
-2001 478
1000 -3370
-1712 -1899
-3285 -1786
-1305 799
-986 -1837
-1986 770
4125 493
989 -2448
-1539 -2714
2584 178
1167 -3738
-63 -3626
2068 714
-373 775
310 -2542
667 2438
2800 -1991
3625 603
3260 -1979
-1712 2062
-1666 -3313
2317 1529
436 873
2269 2108
44 2678
3362 -3997
3069 -2785
-1118 1727
-1257 -1596
2794 3066
-2444 -1925
-1076 -4236
341 -3269
-1634 -250
3631 3575
-2185 1389
2819 2455
3027 -3715
-2800 3427
-2100 -2092
3503 -1315
-4092 3496
-937 -1305
-4132 -2555
3467 2680
1970 -4035
-365 -1660
2941 -3968
-3474 1295
-2456 -4032
-2322 914
3948 2248
-3725 -991
-626 2243
-2042 2591
-3527 3502
-2109 3152
-3767 -2897
-1541 1974
1614 -1890
-405 -2363
-2329 2621
-209 -2618
3663 746
882 -3849
3927 1647
-2031 2054
-2096 3417
-2587 -3809
2355 370
2769 -3727
2396 1872
101 -1688
-1293 -491
2800 -1360
1136 3711
2874 3420
1401 -2106
2523 -3322
-3783 -2714
-12 1061
1440 -1493
-470 3395
-1180 1142
2622 -3506
-1204 -1164
2731 -1993
-3041 -1046
2521 2365
-2112 -2878
-1066 -3274
-3952 1121
2665 -4039
212 -3771
-1811 1839
-1027 3610
-2327 -565
2891 3527
492 -3440
-4212 920
-3400 -667
-2772 -3723
-403 3897
2807 -3460
-3662 -2059
-2405 173
721 -3898
-2737 -704
625 3307
-4305 3875
-272 1993
1796 -4297
-1156 3583
-1647 -433
1398 1131
3667 -458
798 -3253
-2485 21
-2641 1767
3275 910
1461 -3270
1584 -3869
-2183 -2887
-1076 2864
-1173 680
2340 3821
600 -165
-3247 -3754
-3739 2894
2005 274
-1694 -715
102 2595
-70 -3498
-2469 745
469 2536
3237 -2767
1955 -2027
-1903 -3007
-2698 -3441
-159 4099
-2223 3782
-3842 1421
-4132 633
-73 -2232
-4140 684
-747 2098
3936 -2264
-1832 1897
-1531 -740
1425 -1878
-1656 1634
2129 3822
3350 -3465
497 -94
2659 1543
1122 1172
-2697 585
-2245 -3337
-3830 -2800
3491 -1034
3297 299
-4434 -3422
2306 -1435
-2091 -3011
-4174 -2290
505 -2046
3489 1428
-3627 -297
-3862 1372
293 770
-2855 3677
-3203 2311
-1762 2691
-1715 2129
-950 -1
-386 2922
-66 -276
-3352 -433
2118 -460
-1618 1972
-704 1511
1994 2254
-2239 2392
3725 1460
-1522 3334
-3351 -1055
-1625 -3081
3231 2207
3267 2275
3888 1801
-967 -1593
-2337 -3728
-89 872
-2916 -3772
3315 -2815
168 119
19 -1375
-1918 -1353
2514 3500
-2923 1497
947 -3695
409 2635
1662 3738
-977 1505
-373 3485
-2022 -848
-10 -3737
-2261 -1639
-69 -2938
3294 4225
-204 -3258
3596 -371
-4558 3753
-784 -1534
841 2201
3180 2593
3052 593
-1545 -2630
-4407 -1199
-395 2872
-3104 -869
968 -1496
3270 -440
546 2482
-4001 4177
1734 3693
-2337 4031
-740 -2298
-2301 2982
483 3759
-2897 -2620
-1715 -2921
-306 2964
108 -2584
-658 1772
-499 -268
3004 675
-325 -3338
-732 1132
-1140 2037
1902 2277
2080 3741
-2785 -2224
1090 918
343 -2485
-3291 -4116
1488 -758
3253 -4145
3073 3592
1273 -720
162 -745
250 -2982
-954 -757
2712 1961
2647 104
710 1701
358 3328
-62 964
-3033 332
37 3637
485 -1995
-1938 -1199
-823 521
-2603 -2837
-1044 -1388
2651 -1066
-1081 966
2327 -98
3653 -1848
-673 2452
1608 -337
-221 114
3202 2867
-2437 -3458
-2980 4317
1269 3229
-3740 4364
1401 1635
-2341 -846
-1643 1509
1504 -121
2154 -796
-1407 -277
2064 3731
-4083 981
-1522 744
2151 2051
-2739 2899
-4008 -2691
1291 16
2008 1880
857 -2234
3541 3524
817 2775
-2243 1490
-3122 -1003
-2656 -3970
-3360 3605
-2756 -2953
-675 2117
226 -461
-1616 -2941
-1774 -2369
3562 50
1296 -1113
-892 2655
1607 1208
310 -2757
-2476 1160
-2221 2910
-900 2764
-3643 2264
-1315 -3662
2847 -3455
-3827 -196
-8 -2899
-619 605
-2282 -1874
1197 2684
1774 2469
-1292 -999
1384 -2509
3104 439
-1492 3526
1029 3148
844 -2548
-2509 -973
3887 -1606
-1746 -375
-3199 2559
-1580 -3067
-4122 -3351
1698 3913
-1491 2534
2514 -2847
-231 1035
2142 4052
553 -1074
-488 -1733
1733 -1144
-3130 4136
3277 -1726
-2162 -2872
3516 -3726
3136 1357
2026 -3459
2774 3789
-3782 1498
-1035 1321
-3584 423
-1688 1718
-2888 1716
3985 3348
2243 1398
750 2889
1176 2490
2684 2061
-2980 3233
-759 -1347
-1988 -2023
-2613 -3444
-1819 1171
-2918 -999
2845 3926
3110 89
3875 -3512
4115 381
3599 2836
-2172 -2322
3006 1215
-2061 -2390
1036 2773
-167 1622
2909 -546
1368 2948
-1164 3514
-1183 1216
2754 2457
-3505 -1475
2181 3667
2319 1584
-2634 2107
2458 2796
3135 -1339
-11 -82
3113 -3577
-1078 -1750
-168 75
3181 1682
3586 -2055
753 4219
-3615 3251
1360 -3172
963 3955
-2390 2182
-2745 3995
3356 3013
3253 208
1201 -2074
273 -762
19 2893
3681 -3474
1082 735
-3334 760
-2782 35
827 -3842
-814 2315
633 -3998
-2035 3726
3798 -2086
-2695 101
-1808 1633
3408 -4302
-1579 -4022
-2642 -3731
-3797 974
709 -666
2812 -809
1132 1916
-2253 -2466
2597 55
-3083 -288
-980 -2042
-155 476
2057 -3310
391 -1485
2994 1695
251 3452
4111 -313
1492 -2407
-2334 -1590
-1272 -730
-3873 -610
2380 3373
-1373 765
1646 2678
1839 3543
1678 1204
-327 602
-3987 2880
-1687 -757
1302 -3522
3461 3766
3326 3480
2372 3987
-2378 -226
3497 -2190
1 1115
-2070 3264
-4257 3324
1976 929
53 -1191
2203 511
2621 -1532
-2706 1800
1845 -1856
2392 -1363
-1783 -1730
3241 1689
3002 3343
1127 -1540
687 3850
2088 -412
-705 -181
-797 -468
-1330 2730
1121 -639
3857 -692
-3732 -180
-1985 -723
-2392 2675
2235 245
-415 -1645
-258 -1692
-1885 725
-908 2243
1561 -1291
-2314 1436
-2945 1265
-2068 -741
-3216 1568
-140 1717
1547 2546
548 1317
-3398 -2
2272 2874
-372 -4318
1239 628
2103 -2864
-3612 -702
-428 3505
887 143
-3890 -2793
-3249 2414
740 -173
-776 -521
509 1141
-588 -3273
1051 3580
-1452 803
3446 2292
1671 567
-4133 -3831
3747 -1636
-1438 3855
2242 -3139
2224 2870
-377 -36
-2455 2850
-3753 -1598
-1882 2924
-483 -223
-1355 4310
2351 1075
1803 761
1252 1399
-1886 2137
-1886 3449
-230 3657
3601 4239
3510 1519
-2965 -571
192 -1378
-1177 -1393
-3910 724
2209 -1500
-3986 3798
794 -1885
507 -746
-3307 -2168
-3516 -2434
39 3464
-759 -690
7 -3408
-2439 -3171
1502 -384
2770 -2196
3504 2095
2948 1743
-2567 -3048
3090 -352
578 -857
1788 3303
2440 -3499
3571 3293
596 -20
-3834 2158
1610 -1352
-2614 2660
-2241 -652
3946 3777
3999 -3248
1983 -2745
-1952 -3571
545 3556
1910 -1651
1214 -1369
-1768 -145
-2256 3059
915 -3407
-640 -803
-4047 2797
-3683 974
3772 -1783
283 -387
-2589 2027
-2242 -3056
-831 -45
-4223 861
-117 -3625
-680 -3274
2696 974
3251 1677
-1755 275
178 -1858
-3437 -1061
1201 4151
-3404 -1649
-3595 -943
-525 -2046
-693 455
242 3640
3647 957
1391 -1615
-3468 -2963
2541 3592
-1556 1782
-3708 1258
-3633 2648
2030 668
3234 -3454
-3196 3307
189 680
1570 441
-2729 -289
-2600 -3640
-1956 -2509
3608 3017
310 1781
609 1440
784 301
-1725 636
-2002 -765
-2151 885
1341 3636
-2509 2846
-3335 -691
1251 64
-2121 -3316
1274 3308
-1827 4232
2538 4066
3948 -1459
2437 2429
-1874 -3829
1360 2556
884 -2646
2143 834
2706 -3761
2794 -1384
-197 -1099
1527 -1542
-1949 -995
-3158 1660
338 55
-546 -353
-3122 -350
194 165
-759 220
1964 -465
2326 2680
-4184 -297
-292 -1194
3207 1825
207 -332
-818 1771
4059 -2496
2028 -3680
1908 -496
-493 -3035
2183 -273
-4154 3849
968 -3656
-1019 1799
-165 3932
3027 1071
-525 3142
2232 2116
3124 3018
174 -2052
-3976 3031
-1510 -2104
1708 590
3377 2240
-1711 -251
1649 -1277
71 -2185
1590 -2786
1547 3043
2906 -152
-1825 -4069
2926 -3707
589 -2952
-499 -3470
559 491
898 1897
-759 -3766
-3140 -3733
-2426 1034
-679 1862
-3101 3805
2446 3167
3931 -3721
-3828 -3747
-2058 1122
-1434 630
2119 2339
862 -2822
-2707 2365
-2819 2317
3135 977
3830 -1552
-2689 2039
3697 -2213
-3713 4248
-353 266
-3828 -1205
311 -3191
-1399 -214
3234 2750
1955 -82
-2344 -352
3950 3956
-3328 -2787
-2953 3025
3907 -2224
1920 -1749
-230 -2883
2605 -2805
-3800 3848
2852 -591
-2182 1201
-1917 -2867
-1058 4139
3252 2333
3233 -2176
-211 1162
-16 3183
1291 -3182
3822 -2681
2305 -1303
-1750 -2839
-88 3078
-3226 566
1037 -1520
2085 -975
2962 -4254
1954 -2167
850 3625
-2978 -3187
3413 -2106
2379 3366
-3201 -1073
2733 -1198
-1757 -3568
520 -265
-3496 238
114 2998
529 -1779
-2456 -2024
-1942 -2849
-927 1444
-942 -3334
-747 1622
-2422 1797
-1688 1531
3395 944
2883 486
-300 3622
828 -2575
-2627 -3955
1410 1319
2433 3102
4048 -248
-731 1684
5 664
-3940 -2587
4075 686
-3501 1584
-713 1336
1697 -3884
3284 -3985
1014 2538
-822 -2079
744 -2876
-2412 -1159
259 -551
-3211 3675
-3641 3535
-2549 -1827
-468 -3315
979 1912
-262 3688
3579 -2232
2529 2590
-1334 373
1861 1975
1160 -2409
4027 724
1047 -2586
603 -2839
-4004 1447
1185 3683
982 -946
-650 -1898
3436 -3565
3568 1693
-462 3432
611 -2556
3466 1695
-1698 1589
-1363 -415
-3040 -2881
-2560 2071
-3499 -4074
-3055 -2789
-3198 963
3262 3904
1643 2587
-317 1967
2445 -76
974 -2044
36 888
-261 1201
-2992 3436
-1402 -1092
-1501 -3227
-1640 3190
-3554 3059
2744 3153
-663 -1415
-1688 3360
629 4265
-1125 615
-3136 2567
-779 4012
1764 130
885 1915
683 -1987
1925 2534
2753 3748
362 3720
148 -3705
-1374 3122
3111 3937
79 1527
-3996 319
965 2184
-1184 -997
-3229 298
-3086 2730
-621 -2124
-454 2741
400 -654
2831 -3863
-2664 -256
-202 3168
-3240 -1603
1210 -3611
-2667 3267
-3222 -1054
1821 877
-2084 2030
-3602 -3789
-2733 2550
-498 -2213
866 254
-3151 2764
3876 3802
-2992 3035
-1636 300
-398 2114
2882 -98
-3760 -3365
-1071 2945
3291 2645
-1448 2267
3929 2605
484 3400
165 -169
-3508 3034
-2820 -2545
492 -2440
-3786 1106
-274 1202
-1398 3246
1882 760
1581 394
-3350 693
3453 -2396
1085 -542
1172 -48
-1443 3127
-1649 1563
2379 -106
2665 936
-3200 -2240
-2835 2525
153 1029
1116 -3219
-3762 3280
983 -1746
640 3595
-690 -1087
-2197 -198
1291 -224
-2223 -4035
1143 2651
-2160 2170
-1022 -621
718 -1332
-2996 -3879
3888 -2304
3954 1559
-2036 46
2535 946
1078 2568
-2769 -54
1498 2789
-1790 -3448
-2947 1498
-3432 -3687
3794 -3098
1184 -1386
-726 -2797
-3097 -1483
339 3873
1052 -2628
2857 -4220
4152 2265
-3749 -3937
29 878
-2545 -70
-1213 419
1894 -2716
-1274 -2505
933 141
2792 60
3821 -2925
370 1171
-2548 796
-1072 -494
-1055 137
3498 -1306
-1254 -119
3191 -2073
3973 2086
-3106 -323
2402 -3279
-732 -902
-1013 -1761
1293 -224
747 -1367
4067 -2211
223 3571
4007 -1720
-1667 368
1776 3573
-3183 2862
-1403 -2810
-1524 3947
581 3284
-1604 -980
-2689 662
1442 -3295
-3354 -1643
3764 77
1725 -2145
-2510 943
-4091 3602
-3730 121
604 -2287
-360 2331
2044 -631
-112 -3252
-970 -510
3716 -2937
-3806 271
3160 195
-1709 2045
-1750 -2926
-2654 -247
-977 428
2623 -3304
-202 1229
160 2833
-4024 3350
-3957 -1799
-77 3668
-1378 -772
-1876 666
-2553 3117
-2769 453
61 -20
-3354 -1532
-1804 3030
3953 -2425
-3199 -2724
-1698 -2669
3521 -872
3215 685
-3876 912
110 -983
3633 -3794
530 -3899
123 3404
-1854 -2847
-2279 2464
-3769 1743
1299 -2238
-1785 1856
99 306
-1840 136
-3593 895
-3532 -737
-1734 945
1198 -819
-351 27
714 -2467
659 1206
3461 -2421
2250 2353
2547 -2031
-1599 -4009
-2258 -3992
-615 2218
2513 1557
3435 -1730
3293 -1417
1596 -1107
-2003 460
-2191 3496
-1765 3360
2438 1150
2177 -3915
2227 -3107
674 2630
-661 -3517
-2649 -523
-1652 -1583
-958 -3998
-884 394
-3876 -3634
318 -854
-3849 3235
-1793 1301
1318 -973
1842 -2978
604 -1503
-926 -1195
-773 887
-3014 -1405
2901 -565
-1153 -330
584 2876
814 -2756
1489 2664
3114 -886
-3381 3859
1 -867
-3122 1503
-1021 -116
3540 -2356
3858 -3168
3641 -3754
-2806 -726
541 4175
-2016 -1372
-2086 -1632
1142 -2694
1148 1854
-285 4220
-2888 4068
-2462 -3931
-2574 -2579
-2987 3807
505 850
1404 -537
-910 2470
-1528 3333
-2966 -2654
4054 -2043
3076 1931
-3957 -28
2985 -2043
-3549 -73
2037 1667
-3948 -3318
-3241 3613
-3419 2727
2892 1878
2756 -3134
96 3109
-939 3547
-1578 3445
-1976 3549
-3229 206
-1893 -2547
-3013 -362
2966 -2897
-3074 -1548
-3124 3894
-338 1225
1726 178
4040 -733
-2613 651
-2249 -914
4077 704
1817 -2644
201 657
-1493 3647
-1610 1892
-2345 256
-925 -1951
278 -1813
2296 844
-3171 1869
1309 -2311
4001 1048
4081 171
2019 -1209
2750 -260
-1124 815
3189 -1080
1497 1041
3929 1950
-1226 45
199 2526
-1904 1404
-1701 3555
3977 -3272
-2503 2168
-4034 -3437
-716 -2612
-2603 -1176
-1684 -2658
2393 332
1189 -260
1446 3404
3933 -2763
536 -2447
1794 1929
-2610 -3821
3595 -2570
-1192 3961
320 3295
-3975 -1219
2646 -2746
-1482 3474
-460 3915
2351 2552
-3107 1315
-3028 -2602
-1937 -1723
-2868 -2501
132 4081
-735 518
-2514 -3632
-2012 1533
-737 -1418
-44 3920
1311 -2809
-1639 1543
3545 -2700
3139 -1236
-748 -3232
1898 -464
3524 -2839
393 135
1680 3175
337 -687
2530 4097
3544 -1021
3373 -873
-2838 1992
4096 -2054
-51 555
1494 -239
-1370 -284
357 -3740
-1077 -1353
-3863 3418
-3011 118
-2152 1580
1530 -438
-1793 151
3534 -507
-3240 -2532
1171 2180
1493 -272
-674 4128
3555 -3412
-2921 3857
970 2412
1214 3351
-1665 2299
3218 2785
-1017 -1260
2139 -3201
-2878 3913
-3533 3226
-528 1900
1336 -2692
2532 -390
-2268 -565
-2545 -3322
-245 2317
2848 -1172
2638 -3379
1012 -3274
-2386 1018
-186 571
-3355 -3632
-40 -4051
3775 -1481
-1362 878
-1117 1789
3396 -3255
2061 -3036
1694 -235
-694 -2779
-3639 -2011
-741 3743
2136 2760
3256 -2823
3007 -3376
-3787 3137
-139 2667
1309 3004
-1316 2080
-1524 3308
-1699 2998
1157 1020
2876 -1191
-842 1040
-2195 -1898
-2104 588
3909 4201
-766 2312
208 3133
712 1888
-124 4200
1313 -2808
-1612 -2862
-3542 -1259
-1616 -3169
3834 3366
1245 1650
1247 2900
1270 -1792
1486 -3667
2727 1903
3302 -2640
1811 942
3805 -1191
657 3151
3621 3374
3713 -2792
-51 -1349
1147 -3711
-3255 1113
-1581 -1634
3878 -2411
-2617 1473
-3796 262
-273 4021
-1820 -1727
-205 3304
88 -746
-3496 1432
2335 -3353
973 726
2053 -1325
844 2752
1212 -2759
518 3978
-3814 1171
3661 4003
661 -1201
366 1229
1359 2432
-2879 -2408
-1155 -812
-191 -1024
2249 -479
-3517 3148
-1171 1018
2468 -3952
-140 1018
3640 2021
-1658 1207
-3682 -1819
30 2757
651 3281
-1610 481
148 -2449
1679 1869
1930 -247
-3933 3996
3792 -3288
708 3329
2272 -2604
-782 -2020
-37 -1128
-1866 4045
2195 -2647
-38 3946
-3550 2115
1175 -1318
1032 -2601
-1872 2702
1763 -471
3693 -1769
-3703 -641
-1725 1069
-3434 4162
3174 3830
-130 1649
-2569 -2799
2485 1780
-179 1995
-431 -167
-1844 788
577 -1186
-1726 -1571
-2705 3589
-3109 -1672
-2196 -2125
-29 -2268
1615 -2247
1788 -4091
1784 1101
445 -1151
-1958 -3299
3338 -2020
-213 1752
1435 -2368
-3327 -3753
-2478 -2638
3548 96
-1668 -3645
634 -4026
3811 3091
-229 1762
848 1477
-3882 2510
2016 3834
-1668 1795
1813 -1467
2379 -3023
3697 3905
3944 -51
21 4049
-2027 -3321
-210 326
-2489 2210
2932 1095
-1174 1904
-2094 3462
-209 -3175
-3479 44
-2219 -2404
4079 468
1291 3946
2705 -3334
-3741 -3816
-2137 210
2907 573
879 2107
-2563 -3033
-3025 2877
-3901 523
2530 -2360
4147 3700
2420 2074
3548 152
-3917 -2532
847 3754
-3712 3590
225 1072
-2104 3429
1530 -131
2912 -3275
-2432 -750
-2103 -3311
-1687 2574
294 -2440
-3527 3799
-2414 2221
2829 -671
-1185 1692
3919 830
4143 -2636
-788 254
-1956 2785
764 -1582
2438 -3452
3149 -2623
1279 -801
1414 -3682
-1346 826
1495 -2201
2976 2737
-3139 -3944
-2807 -230
-3289 -2611
733 826
-4112 -3655
-1640 -117
3091 -1011
4010 2601
-2348 -2565
3357 539
1016 -455
-1472 -2930
3668 2314
-1973 869
-116 3459
-3133 762
2280 1585
-1046 -3266
54 760
-1404 1035
1446 -13
-1576 82
-1814 694
-2080 2620
-660 -659
-2856 2203
-594 3385
3420 -3504
2233 2344
2466 -3558
3611 934
3731 3005
-1273 -683
1682 -2223
1445 -2253
1126 2590
-1202 194
-2355 -1470
567 -1438
-139 1279
3091 2014
1559 3870
1632 -3835
-3264 903
-116 809
-1640 3971
-3342 -59
-3456 -1355
418 -1892
4135 -3978
-122 962
-783 -2278
-1660 -736
4088 -2578
-1799 -2483
-990 4
283 -2661
-3772 864
935 350
-1578 242
-1354 -937
1174 3366
2050 245
-2640 1849
3330 -3778
-2751 -1188
-3983 2089
-3072 109
2639 -3172
-947 3267
4097 269
2124 -3015
-2483 103
-1234 -224
-2390 -643
-3315 -409
-117 -1396
1815 2532
935 -512
-2608 1622
3541 -1859
-894 -72
2841 -3612
823 -843
-113 3014
2187 622
3192 616
4051 -3848
-303 -2623
-1352 4122
1435 -2049
4137 -1533
4174 1686
-2119 3269
927 -3503
552 -2721
-1727 -1147
1227 2328
186 2184
2747 -4025
-3243 -449
-2437 -3273
-3155 -433
-935 -3018
2308 -4012
1266 935
-579 -1904
172 -3180
1665 3471
-3704 -1824
2359 -2996
2297 1896
4022 -243
103 -430
-1403 -1671
2025 2777
-133 -1710
3036 2865
-1389 2847
-2402 -3722
3027 -695
1197 1328
-896 473
1482 -855
-267 798
2680 -1201
-2919 537
-2968 -2997
-3764 1674
3674 -2855
-3929 -816
1810 -3737
-1543 393
455 -2552
-3234 -2551
3448 3326
-3113 -3934
-3967 1643
3772 -1766
-2474 1952
-634 -1370
-1935 -827
-2543 -3877
-3162 1187
1929 -303
-3878 -486
-2448 2375
73 311
2759 1354
889 1461
2172 493
-3412 -2106
-3497 -1156
3682 4013
624 1563
2591 2124
-1814 786
45 -4112
2903 4019
21 -524
2294 -100
-31 -674
-2503 -3274
213 -2310
3489 -982
-1244 -985
3809 -1990
-1690 2395
3688 -183
1136 -1963
3309 -2559
2316 256
2458 -1919
1363 -1828
1736 -2143
2466 -37
-1645 -3819
370 -390
-3046 822
0 0
0 0
0 0
0 0
0 0
0 0
0 0
0 0
0 0
0 0
0 0
0 0
0 0
0 0
0 0
0 0
0 0
0 0
0 0
0 0
0 0
0 0
0 0
0 0
0 0
0 0
0 0
0 0
0 0
0 0
0 0
0 0
0 0
0 0
0 0
0 0
0 0
0 0
0 0
0 0
0 0
0 0
0 0
0 0
0 0
0 0
0 0
0 0
0 0
0 0
0 0
0 0
0 0
0 0
0 0
0 0
0 0
0 0
0 0
0 0
0 0
0 0
0 0
0 0
0 0
0 0
0 0
0 0
0 0
0 0
0 0
0 0
0 0
0 0
0 0
0 0
0 0
0 0
0 0
0 0
0 0
0 0
0 0
0 0
0 0
0 0
0 0
0 0
0 0
0 0
0 0
0 0
0 0
0 0
0 0
0 0
0 0
0 0
0 0
0 0
0 0
0 0
0 0
0 0
0 0
0 0
0 0
0 0
0 0
0 0
0 0
0 0
0 0
0 0
0 0
0 0
0 0
0 0
0 0
0 0
0 0
0 0
0 0
0 0
0 0
0 0
0 0
0 0
0 0
0 0
0 0
0 0
0 0
0 0
0 0
0 0
0 0
0 0
0 0
0 0
0 0
0 0
0 0
0 0
0 0
0 0
0 0
0 0
0 0
0 0
0 0
0 0
0 0
0 0
0 0
0 0
0 0
0 0
0 0
0 0
0 0
0 0
0 0
0 0
0 0
0 0
0 0
0 0
0 0
0 0
0 0
0 0
0 0
0 0
0 0
0 0
0 0
0 0
0 0
0 0
0 0
0 0
0 0
0 0
0 0
0 0
0 0
0 0
0 0
0 0
0 0
0 0
0 0
0 0
0 0
0 0
0 0
0 0
0 0
0 0
0 0
0 0
0 0
0 0
0 0
0 0
0 0
0 0
0 0
0 0
0 0
0 0
0 0
0 0
0 0
0 0
0 0
0 0
0 0
0 0
0 0
0 0
0 0
0 0
0 0
0 0
0 0
0 0
0 0
0 0
0 0
0 0
0 0
0 0
0 0
0 0
0 0
0 0
0 0
0 0
0 0
0 0
0 0
0 0
0 0
0 0
0 0
0 0
0 0
0 0
0 0
0 0
0 0
0 0
0 0
0 0
0 0
0 0
0 0
0 0
0 0
0 0
0 0
0 0
0 0
0 0
0 0
0 0
0 0
0 0
0 0
0 0
0 0
0 0
0 0
0 0
0 0
0 0
0 0
0 0
0 0
0 0
0 0
0 0
0 0
0 0
0 0
0 0
0 0
0 0
0 0
0 0
0 0
0 0
0 0
0 0
0 0
0 0
0 0
0 0
0 0
0 0
0 0
0 0
0 0
0 0
0 0
0 0
0 0
0 0
0 0
0 0
0 0
0 0
0 0
0 0
0 0
0 0
0 0
0 0
0 0
0 0
0 0
0 0
0 0
0 0
0 0
0 0
0 0
0 0
0 0
0 0
0 0
0 0
0 0
0 0
0 0
0 0
0 0
0 0
0 0
0 0
0 0
0 0
0 0
0 0
0 0
0 0
0 0
0 0
0 0
0 0
0 0
0 0
0 0
0 0
0 0
0 0
0 0
0 0
0 0
0 0
0 0
0 0
0 0
0 0
0 0
0 0
0 0
0 0
0 0
0 0
0 0
0 0
0 0
0 0
0 0
0 0
0 0
0 0
0 0
0 0
0 0
0 0
0 0
0 0
0 0
0 0
0 0
0 0
0 0
0 0
0 0
0 0
0 0
0 0
0 0
0 0
0 0
0 0
0 0
0 0
0 0
0 0
0 0
0 0
0 0
0 0
0 0
0 0
0 0
0 0
0 0
0 0
0 0
0 0
0 0
0 0
0 0
0 0
0 0
0 0
0 0
0 0
0 0
0 0
0 0
0 0
0 0
0 0
0 0
0 0
0 0
0 0
0 0
0 0
0 0
0 0
0 0
0 0
0 0
0 0
0 0
0 0
0 0
0 0
0 0
0 0
0 0
0 0
0 0
0 0
0 0
0 0
0 0
0 0
0 0
0 0
0 0
0 0
0 0
0 0
0 0
0 0
0 0
0 0
0 0
0 0
0 0
0 0
0 0
0 0
0 0
0 0
0 0
0 0
0 0
0 0
0 0
0 0
0 0
0 0
0 0
0 0
0 0
0 0
0 0
0 0
0 0
0 0
0 0
0 0
0 0
0 0
0 0
0 0
0 0
0 0
0 0
0 0
0 0
0 0
0 0
0 0
0 0
0 0
0 0
0 0
0 0
0 0
0 0
0 0
0 0
0 0
0 0
0 0
0 0
0 0
0 0
0 0
0 0
0 0
0 0
0 0
0 0
0 0
0 0
0 0
0 0
0 0
0 0
0 0
0 0
0 0
0 0
0 0
0 0
0 0
0 0
0 0
0 0
0 0
0 0
0 0
0 0
0 0
0 0
0 0
0 0
0 0
0 0
0 0
0 0
0 0
0 0
0 0
0 0
0 0
0 0
0 0
0 0
0 0
0 0
0 0
0 0
0 0
0 0
0 0
0 0
0 0
0 0
0 0
0 0
0 0
0 0
0 0
0 0
0 0
0 0
0 0
0 0
0 0
0 0
0 0
0 0
0 0
0 0
0 0
0 0
0 0
0 0
0 0
0 0
0 0
0 0
0 0
0 0
0 0
0 0
0 0
0 0
0 0
0 0
0 0
0 0
0 0
0 0
0 0
0 0
0 0
0 0
0 0
0 0
0 0
0 0
