-3885 1276
3039 -2001
1888 -769
3745 -1897
-696 -1988
3874 -3305
3160 -2453
182 -196
-3916 -1402
-3597 -1434
-1884 -3547
-2541 989
3278 -1482
-4175 3525
-84 -1851
-2604 -3400
3007 3378
-629 -2060
-2880 -1785
-1670 -2510
-2984 -2398
-3631 -966
1811 -2023
352 -2074
2373 2991
1390 1939
2739 4099
2088 3729
-3334 2940
-2821 -4024
-1046 1568
-3720 -228
-994 2854
514 -2065
-3447 -3866
-2796 -2442
-1281 634
-3791 -4049
393 -2611
-3131 950
855 -1959
2612 2406
3029 2486
2620 -3819
4022 -1151
2915 1390
1744 -278
1557 -3030
-1637 540
1031 1697
-630 -3992
-4064 -831
-1995 3845
3152 -1843
-1795 2713
-398 -3255
427 -1233
1783 -1496
1753 -1352
-1895 813
-642 3142
1663 2433
781 4222
-1035 2853
1381 1331
-1367 1061
2495 -1919
2659 818
-512 1421
1288 2972
3829 1475
-3806 -1719
1910 3304
-2766 -61
588 -3389
2654 -1882
2526 -868
3262 42
989 726
-371 -2282
-196 -1814
-2667 657
-1493 1903
-2788 -1261
-2189 -1794
-4226 2047
-1662 -2831
3930 3329
-2918 -1572
2699 -3400
-481 -204
646 -2714
-1875 4169
2889 1997
-1148 -3991
2606 509
-2142 579
789 3014
-1255 -3449
-139 -2244
1682 163
-3506 469
2810 -2060
-3359 3189
-545 -584
-3768 700
-3410 -1798
-2096 -2401
2177 -2971
279 1945
3454 -4000
3812 3095
-227 -2435
-2170 3728
1342 4072
3797 3462
1103 -3858
-2323 -2530
1830 2346
-1737 -1734
3629 795
2565 3642
1463 3211
1427 -797
-3402 4049
1503 2821
2871 330
862 490
-1866 -1697
-830 1080
2816 2126
1370 1179
407 -627
2949 -2982
-4055 -582
2970 -3340
-319 3799
3761 2003
-276 2258
61 204
10 1503
-2288 -2837
-3094 3442
-1358 -3201
-2264 1847
3113 1268
2112 2819
3852 -1463
2488 946
2751 2441
-1028 -3802
-3320 1577
891 -44
1161 3932
411 312
-89 1266
-2816 -366
-3297 -406
784 3517
904 1978
-2794 -1675
1842 -1948
33 -2800
1556 2526
2772 3363
3722 -3983
767 560
-1195 3742
3799 -3956
-1047 2892
-3898 1291
-3628 -1406
-1273 -450
-339 -2035
1056 2970
-1006 -3791
-3464 2977
514 -433
2091 -1803
549 -2773
974 -36
-4140 -635
-2749 1236
-2233 -2951
-444 1357
168 2069
-3359 1240
-3005 1423
-205 -417
-2170 2199
3523 -3645
-189 -3418
3248 -1925
3220 -2474
-1833 1546
1940 -363
1565 1623
2541 783
1233 674
-515 -571
2874 -900
-4255 -3915
-16 55
-4095 -2683
1489 -3979
3593 3689
721 -1023
-1147 -379
-2632 -3765
-1177 -1987
-1972 922
-2637 -629
-2766 915
-466 322
-4050 -2688
465 -242
2325 3468
-4063 -2197
2122 289
-897 562
-991 578
-3737 -2081
3241 276
-1411 3194
3317 -1340
-1649 3218
957 -1601
-3291 -1957
86 -1228
-2727 -3871
-2648 2581
3860 2228
-1201 3046
3217 990
-3665 3949
3248 -3746
-694 3536
2764 3264
-1476 -1467
-2446 2826
2187 -2250
3656 3537
3343 3450
209 2430
-3281 3462
-12 -1023
3924 2606
1931 3414
1351 -1549
254 -1633
-4215 -1432
1703 -1230
1793 -2349
3643 -1895
2736 3674
1229 -2100
-1458 -1427
-127 1595
-761 2946
1956 2062
3172 -2249
348 1631
828 1059
3130 -3347
948 1235
2406 -3413
3977 1847
1595 4156
987 2396
-1474 -637
-3467 39
-1728 -663
-443 343
3502 2029
259 2771
-10 -2953
465 -218
2499 -2679
-3845 2277
2104 -1629
-641 -1478
-1714 1177
2031 64
-2440 3282
-3836 -1203
1168 289
2383 -2139
3832 1573
-3077 -3039
3087 -104
-1168 2940
4070 -2691
4086 3521
890 1420
2301 -3917
-834 -2305
-4072 -1039
3422 3132
-788 -1141
2551 3461
3433 3859
-1735 1764
-845 3576
-3834 -991
663 835
1853 -2932
-1822 1298
1265 -3444
2476 728
-835 -16
822 -2809
2191 -3404
1570 -1156
-2331 862
-2848 -1529
3281 1936
-3153 -2858
168 2781
-3838 3423
-3124 2352
861 -441
-1808 -2580
2465 1927
629 2265
2081 1058
-3021 -3510
4058 -1410
1879 442
-1958 -3957
-2619 -890
2740 1703
-2534 -2791
464 1509
606 2597
3304 3148
-1032 -58
-1407 1613
-2397 3977
-694 3280
995 411
-60 1326
3621 3998
-3983 1363
3149 -3151
2635 892
855 -3811
-1085 3147
308 -2111
-1649 1514
2170 35
4070 -2997
-682 -2201
3685 1202
1419 3062
-3568 -2022
29 1163
1404 2309
3190 1096
3058 1827
-2909 527
-3505 593
2407 -147
1298 3820
32 1834
42 -716
3255 1650
-70 198
2647 -3155
-465 -1519
-1636 -2901
-2300 -2130
1790 2543
-2354 -54
1574 -2312
-2036 2638
-3139 2165
2489 -2711
900 4240
807 320
2745 3315
789 -882
-1889 -1137
686 3751
-1339 -533
670 3462
1068 -1122
1722 3140
-2025 3313
-3500 -1891
-528 604
-3285 3522
-2610 -3642
2925 -294
1262 -2850
2611 -1382
-2949 1122
-2519 -570
-2476 -462
-1375 -3368
-2804 2706
-1500 -3776
-3654 -811
3135 -2920
-2205 -163
-2810 2686
1117 3194
3732 434
-733 -3423
103 -859
-3760 -3818
-930 -2390
-440 -1358
-1673 -2361
-729 3986
3937 -3539
2788 1696
632 -2271
3142 1055
2926 1002
-3378 -2401
-3730 1979
2057 -3302
2013 4218
-1499 -267
-1812 3935
-2000 2883
-2331 -1519
2309 -3168
2074 4426
-2393 -478
-776 -2034
-329 50
-3339 2238
-4190 -3588
-3571 -1045
-3164 -1654
-263 2158
-1237 3650
-2867 3833
3728 -3746
2836 3083
-3030 2475
-3701 -1948
-2533 2525
143 425
2250 2492
3377 665
-1421 106
-1459 -68
-2939 3459
3502 2697
1843 133
-1819 1475
822 -102
-3923 2010
27 -1846
-2565 3913
1883 3931
-2682 -2690
-2806 3050
1665 -956
-2730 989
4085 44
-2744 1245
-4004 -865
-3380 -1938
1214 -236
-2148 1831
-3823 1677
3754 2435
-3057 147
881 985
-2569 4358
-1668 -1523
1220 -887
-1288 2481
752 97
-1066 2433
-2927 -1839
-3805 -1293
660 3614
917 -3232
800 -2847
1581 428
2945 1681
-367 1898
347 -1287
-3197 2427
-2343 3162
-3907 923
2424 4451
539 1198
106 1870
-2176 -985
834 -1120
-2439 4108
-4169 -668
-2785 3138
-558 -425
239 -3790
-1119 3243
-3417 2458
-3312 3038
3518 2912
-259 3362
1969 -1225
-1387 -3783
-3395 -2814
-2114 2261
3168 -2605
-3831 3905
-781 -1666
3132 2207
-3598 -2157
2238 626
1728 -3723
721 -3161
-1091 -2366
1856 2051
-3759 1088
-3455 1819
-2409 -1858
1212 -156
-703 -3807
-3603 -1034
-2009 3977
3346 -1237
1784 -3084
1495 -1755
-212 2324
-1584 3015
-1856 3190
865 2568
-707 624
2480 -159
-2416 2753
-119 3295
-885 2727
2410 -2280
1385 4071
2640 2824
-1678 1795
3023 -1088
-3830 -2507
-294 2567
3557 1986
-3981 124
-2671 2825
1010 -1947
-3460 2024
3786 503
-1373 3472
520 -1976
-3776 -1256
2994 868
-2572 -2977
468 349
3398 -1387
1644 3846
1322 -2683
3565 -2846
-1338 -2301
-2680 173
-2309 3446
-3600 313
-2584 2065
-3247 2782
-2786 3357
-3773 -3094
-1340 -2435
1397 -856
502 1022
-1567 498
3898 2188
4169 -3952
-3222 -3516
1868 -2211
1241 -2198
2637 2087
-708 -2973
-2555 58
-593 1831
-1075 3130
-2322 -1347
1056 -1456
-1611 -1029
1479 -2427
-1032 -4097
1439 -2069
-3473 -3805
2676 754
-462 -3110
-2933 2081
568 -1920
2095 -2921
3898 -1923
-123 -435
-1975 1041
1347 -3098
-853 3222
-2077 1778
2250 4312
-1766 432
991 -3405
-3721 4174
-1158 2526
-3249 -1743
1379 2723
-2495 -1971
2395 4348
1652 1935
3826 2219
-1726 -1001
-69 3582
1576 -1185
1062 600
2587 -2673
-2045 1219
2692 -3872
860 -544
-1928 3379
-3724 2863
-3294 -2254
-88 -1497
533 -2990
1061 -3469
1172 2798
2731 3316
-292 -1492
3832 -1444
814 293
-2990 3861
-3863 -633
207 -155
2648 -3047
-2632 1075
606 -1076
-2995 -1852
1225 3022
1400 3325
3500 1207
1095 744
2540 -2164
1536 757
777 -1457
-3551 -3375
3760 -2947
-3256 4027
445 -3412
-2261 -665
-3493 252
518 3916
-3842 1358
-2330 3602
1170 1716
-1901 -1631
2784 1356
564 -2036
-3112 -1635
1438 -2814
254 -278
3154 -1758
2860 1915
2456 1991
-2957 -2680
334 -747
1119 2641
-3558 2459
-4081 -2613
465 2903
3520 -2172
2924 3041
1537 -1705
-959 2680
-490 -2936
1359 3848
-1089 -3460
-3327 -3888
3446 612
4126 1603
1143 1994
1062 -3796
3173 3403
507 2147
1753 783
-3733 323
-530 3835
2298 -1947
-2985 2655
-1233 -254
-3294 -3390
3253 -880
-1065 -1915
570 -1753
979 -1135
-1854 3728
1666 -1264
-3307 -3500
4198 2509
2824 -4083
3295 -2672
-3042 640
2411 2041
3258 -1965
-1113 909
3503 -491
182 2961
-3626 -315
-3136 -3468
-419 4338
1157 2889
-98 -1103
-3936 3175
-81 -135
-1049 -633
-2037 -1371
14 3127
1622 1896
1119 -1022
979 -1453
1734 -1910
960 -3300
-586 -3150
-3451 4401
196 -281
-1765 3575
-4009 3451
886 164
-2300 -1222
966 -2914
2966 -2442
-2556 866
-2734 4045
-233 2505
-3276 -1875
-173 1754
-2613 3585
1096 -2057
-3392 918
-1312 2156
-4039 98
783 3552
-655 -502
-3963 3741
1590 1946
-1335 -2889
-2879 -1877
183 2065
3783 -730
564 -1020
-101 -1126
1500 4037
-976 3069
588 9
365 -2135
3271 -541
-1510 -3258
95 -1174
89 -4143
-2567 696
-2348 -1441
1386 -3476
-2116 -3946
-853 -2178
3050 2114
2337 -626
323 3884
-1867 513
-1446 -779
1800 -549
-2189 3982
3046 740
1966 -1158
1290 -70
2031 -489
-3061 -1576
769 -493
-635 -2915
1961 2334
2637 -1865
-3728 -1981
1175 -1821
-1523 2397
-726 -2720
-1847 394
3386 2198
-1809 -2278
2010 -3604
-2299 -3523
3494 2601
-2649 2782
-4288 2848
1893 1500
3682 4097
436 -2260
-1049 341
358 1171
1087 -212
2538 2013
1430 184
-3589 2471
2415 2792
2189 -4128
-2107 3527
-364 3604
-2545 -3469
-3143 -3847
4255 -2357
-1608 3341
-2327 863
3057 174
-1899 -3239
2418 -3235
-2549 -2406
3784 3078
2311 1227
-3283 -416
-3955 182
4068 -113
-184 -2472
-998 3875
173 -4138
-3881 2894
3299 413
2365 2600
-2658 3406
1689 656
-496 -1468
-3578 -3615
-255 1736
-1051 -3099
-60 4057
-3067 -6
-2467 2104
436 -3011
2786 1346
-643 3756
2874 3043
-4088 -2814
1755 153
-136 3107
2741 -1747
1325 -2051
392 1757
2089 -778
-385 2077
2705 -1055
-995 -924
252 -3504
-2357 845
-203 2160
1531 1394
1243 1738
3674 2163
336 -1870
-3148 1891
1855 3838
-472 1089
3644 441
-945 3989
-2428 -130
-3813 3667
3346 2098
1972 1721
1384 37
-1428 3036
-2721 -1499
-3247 -361
-2930 3161
-876 -2325
2546 -2470
556 2494
2021 3379
-3358 -3467
2915 -1670
1090 -1112
3985 1313
-1369 924
3973 2996
947 1388
-2707 1953
3796 -2494
823 880
-3217 2056
-1212 -4058
2303 -2074
-2545 -2197
-3628 3993
3262 980
1843 3431
3537 4013
3124 -1300
488 561
1173 -292
1942 -3487
1016 -2933
-2882 3996
2040 -1889
-3699 -3504
694 3021
3490 -48
365 975
-2814 626
2965 -158
-945 -2350
-507 576
3043 -1096
-983 1945
3180 1987
-34 -1261
-1047 4239
-2908 1032
-1232 -3909
-2980 -2272
-3353 -1845
-34 -3427
-248 354
-2349 -4105
-2520 1990
940 706
177 821
1374 -1009
-2903 3930
-2190 818
2307 -14
2847 -1022
1194 -2536
10 -381
-3901 -3020
2117 -3716
2643 -669
4052 -2104
2678 3948
427 3499
2024 -2340
2389 -2668
-1835 -415
3184 1997
4117 -4077
2323 4102
-3763 -127
4069 1893
1123 -2419
0 11
-3318 3390
-2638 -327
2185 -2944
-1332 -2731
-1704 973
1639 -2185
2113 4174
876 4230
-4106 3
2756 1200
-2544 4372
2269 -3747
2940 1793
3476 1934
-1327 72
1997 2162
1030 1583
-1884 -631
-795 1039
-160 -1054
-229 1817
2263 3405
3712 -3242
-3924 -2483
-1372 -2976
3730 3335
-1790 -3305
-2079 -1930
-2572 -1025
1137 -3111
-1838 3995
2713 893
1617 97
-672 2475
-2091 1529
859 -2879
-999 -2612
-2871 2174
3832 1681
-1788 1639
413 3590
-2169 -1741
-842 -3343
2640 3918
86 -3261
27 -1544
4131 -1339
1148 -226
2892 -4096
1052 -283
1042 -2681
-278 -2484
2920 2747
3392 2954
1724 1582
-1079 -2419
-1545 -258
1608 -3834
2571 3507
2896 588
-4249 -292
-2100 -3303
3664 1260
455 3967
-1231 -2065
158 2741
-714 -3101
-3364 -2622
2674 -2899
-1945 -2239
493 -38
2398 -1421
-3367 3574
-4406 3043
2321 3470
-521 496
-1236 -3578
-3230 -71
3700 -2764
1436 332
2900 249
14 -66
-829 -3482
99 330
3501 -2900
-393 2828
-1158 -1348
-2660 412
2108 4139
2833 18
-810 -2868
663 -869
-3438 -2220
-3658 -296
-3886 1860
-255 1213
3319 1561
566 -65
-3063 3242
1960 1015
-3480 2892
4273 -1066
4034 503
378 56
-1589 1978
-366 -2542
1295 -24
-361 268
-887 -3485
636 2670
2067 -2386
475 -1498
3280 4030
284 -2173
-2759 2732
2870 3988
-2824 -1312
1170 1919
1225 2763
1563 4223
-4010 517
-892 -1564
-1006 -412
605 4459
2051 664
-3520 -1118
424 3972
-1735 1300
2638 -3431
215 2830
-1551 -889
747 3822
-4055 -1360
3814 -495
374 364
-1936 638
-748 -2722
3570 -791
1709 -1615
699 -1190
2703 -1694
2013 144
-2164 1378
2055 -3694
-673 -1807
-4345 2773
-173 -2018
-2928 867
-3984 1583
2312 -336
-2435 2856
2397 3790
-2855 648
-3530 -2570
-1882 1865
2052 3413
427 -2225
-1807 -4063
1478 -1838
-561 3324
1278 -1726
-3157 3530
2223 3590
3241 807
-1954 -852
5 -3048
1108 1789
-2567 41
-3245 -2762
-1324 -242
3955 -4130
1288 -1910
-2722 -624
-594 -4022
-3376 -2325
-1280 2255
-477 1899
-881 3810
3754 -2700
-3106 2311
2829 -355
2090 897
3515 -1592
2544 -3171
-1638 -449
1544 -3286
1980 2528
-2715 -2858
-3653 -1986
-2443 -2691
-1909 1253
3756 685
188 4115
1035 -2326
-3238 2002
3589 -1902
-319 -578
3489 3040
202 -3557
2638 -2081
1540 -3389
2971 4087
-3837 -2134
-2149 -3125
877 -892
1320 -1822
541 -3143
-3110 -3335
-927 3877
-2527 -3957
-100 -3303
-1640 -4195
-2878 2843
2982 3403
-2772 -2102
-2096 1292
-101 129
1235 1950
2157 168
2553 -3088
2070 -2878
2979 -1139
3598 -3896
1884 -18
503 1883
2140 -3236
1830 2826
470 1205
1274 -2247
3889 -1307
-3127 -2281
-1605 3294
-3705 -2346
3786 -1089
-3319 2806
3337 1916
1607 -3695
-2645 2641
-129 86
2296 3738
1058 -1851
-4353 1487
1807 582
-2446 1266
-2786 943
2933 -3251
1896 -1765
2489 -225
-4336 18
-2257 282
629 221
-407 -2099
1002 2659
2335 4256
2624 -829
-2054 -2827
3776 -1790
487 2527
3312 2829
1955 3354
1789 1657
633 3462
32 3495
154 -3730
1434 -1928
173 -538
-3514 -1145
1113 3698
-2081 3547
1958 2308
3996 -756
-154 1664
393 2927
-3870 -588
37 3644
-3177 -1264
-2803 586
1156 -513
2589 3803
530 -3658
2391 -4054
-1601 -813
2543 -499
-627 2219
2344 3591
2895 674
2682 -1366
3813 474
1355 -2195
-1074 -1174
-1491 -1348
-3700 -1856
-3469 -650
1398 1773
3808 -2897
1409 4110
-895 806
-1630 1345
570 -3366
-636 -935
1920 -3581
435 2561
850 -3077
2489 2069
-3254 -2543
3540 -1439
-2911 417
3357 -439
2163 -2704
-3594 -1030
2885 3498
-1925 4244
-2373 548
3263 1940
-961 737
65 2601
2729 -135
1013 -3256
1613 -2517
1048 -3545
-2013 -2745
-4451 -3621
951 -3074
2121 -2968
3118 -1788
-3032 -2288
-2077 -4167
-2716 2308
103 -578
-3710 532
2208 -1499
3369 3103
-2986 -1169
-3781 584
837 -2322
3524 611
1389 695
3254 -1346
-734 2213
-2167 2056
781 -965
2545 811
1774 -1336
-1349 -1925
-336 2221
-3755 2696
-1969 906
3254 2945
594 3528
-3905 -3810
-3392 1256
-2918 2260
-167 735
-4162 -3409
1390 579
1633 2529
176 653
-4252 164
-3354 3113
-3175 -2017
3013 -2375
-4370 2639
303 -3499
-2531 -332
-4392 -337
3513 -2834
-4195 -1660
-3658 1101
2712 321
-1486 1330
-4440 -929
2222 -2455
-4163 -3734
1065 3659
-3970 -3184
-3699 2989
696 3641
-186 2278
-2070 -987
2512 -1791
-4464 4083
3615 1791
-2349 759
-2937 -1773
1247 -1317
-2306 2894
1002 -2181
-2039 -3444
-1956 -2526
-2437 -3977
-2188 2530
-1898 -131
-248 3244
-3439 -1160
2577 -3691
848 -2326
-304 -3845
-3013 -4232
-2571 -2214
3530 3121
-1422 3877
3219 -3703
-2435 2107
3846 276
2660 2850
2603 -1288
-767 684
2076 1706
1321 -1562
406 1914
1879 1581
4011 1821
1213 -3836
-3138 242
-3617 -2843
-1772 3675
2558 -665
-3755 2271
3697 1124
2789 -949
2756 2559
3722 -2914
1765 -1937
1967 -1855
2455 -1620
1269 -3040
-1478 -746
-3088 12
2823 -2694
1552 -2055
3355 -1025
1958 -3187
3192 1330
-2572 1514
900 -3440
814 -2181
2857 1360
-3264 -851
2848 -2971
1892 589
2910 1308
-4281 2070
-3384 17
810 2220
-1112 -3568
-3386 -4043
678 -3605
2988 821
-144 9
3051 -2460
-54 -2912
1199 1116
3231 -542
1652 -1106
3648 -1298
3409 -2777
-281 2623
-1440 3833
-2200 463
-1209 2834
-4034 -652
1635 -1944
3037 -4104
2572 -1520
43 -1499
3377 1773
1674 -268
-2907 2903
-3562 -3423
1298 -3354
2852 -496
2870 216
-2504 -2675
-690 1573
-1131 -186
3171 1189
-1412 -3272
3452 4218
2144 -3527
-1376 -2293
383 1052
-1016 3415
2312 -642
-1335 2018
-2410 1649
870 2974
-999 -1783
-2306 1788
3604 2911
542 -85
-1401 2956
2138 -1695
-846 -935
-2569 -1657
2737 2515
69 2599
-3850 -3332
-3715 490
2593 2882
2375 3907
-4293 1322
-1825 -2325
-3451 796
1682 1027
-1087 -1766
-1968 654
-214 1210
2 1613
213 -2065
2273 892
-2629 -1268
-607 -2996
3799 -3115
1847 -2146
-1653 -3156
-2572 -832
2106 2780
3958 321
-135 -707
-4164 -3513
-337 -484
-574 -3378
-79 1358
-2363 2599
-1035 -963
2088 8
-3453 3797
3145 2382
1837 1681
2189 626
-1219 -3653
918 -1582
-66 815
-862 3092
-2102 -3197
-3170 3369
-2285 3094
-2961 2085
1999 -3296
127 1523
-551 481
-2076 -2753
-2404 -3256
-4554 337
1905 -1127
-3654 3259
-2765 1464
-273 -2350
2716 -1090
-3230 -650
-1427 749
-3166 -824
-3369 -3431
1939 3168
2982 2638
-3915 2454
-1449 -1731
756 -1661
-1744 778
-1515 3010
-4930 1034
-665 -673
-2970 1412
-1860 1437
-2620 -4440
1657 -1178
696 -2188
-208 -639
3461 -3062
824 -734
2446 -2112
-586 1463
-694 2639
-1180 3353
-1826 -250
3153 -3663
2791 2451
-1185 284
-1642 469
-1699 3832
1696 -4062
-2963 860
37 886
-3239 3442
171 -774
-874 -765
-3318 220
-564 -1828
207 -1373
2344 3545
3351 4045
3574 3967
1102 -2779
-4295 504
-2941 -3834
-3906 -3740
2727 887
-90 1659
-1767 -2518
-2850 3611
-2118 -2519
304 -1362
2121 -401
2829 2287
3479 2728
170 -1426
393 3326
-2752 -3650
133 -3472
-881 -2511
-1543 3383
-268 2187
-2009 -3296
1709 2018
3193 634
-3628 3218
786 -3824
-4548 -3687
-2579 -910
-527 2879
-2806 -1613
-110 -4428
1247 -2278
-2844 2710
-2832 290
-1728 -1688
-3310 2591
-2307 391
547 -618
3302 1136
980 3475
126 2053
-2269 3613
3857 331
-1614 2732
3752 -1569
-2398 1556
-1366 -1709
1374 441
1808 1456
899 3520
-2760 2470
-3297 3470
-1182 213
-3807 -1257
1084 3289
-151 1671
2220 3882
1263 580
-2368 168
-3689 2426
232 -208
-2002 -752
2404 2715
2375 -2420
-2359 435
3173 -2781
-2678 -459
-2904 4158
2037 -2702
722 2037
-2965 -3736
-418 -3360
-1082 2420
872 1240
1471 129
1332 1053
-1914 213
-919 1969
1954 -384
-1014 -792
1402 -3421
-3841 -734
-4151 -1192
-3980 -2452
-2313 358
1070 1361
2026 -4117
1942 2916
1519 -653
-1304 -4519
-1823 -2428
1435 428
-2111 2327
-495 -3111
2510 -668
2099 2765
569 713
-484 -4400
-3871 -1965
-1800 2836
-535 -168
-3607 3593
-638 2185
2900 -3223
105 -2174
2353 439
615 -1740
3371 -2164
-369 -2930
-1444 763
-4261 -2747
-4214 -1168
-261 -1146
-3520 -1056
1444 2202
3408 -988
-3076 -3637
-1720 -3112
-3072 -867
-2459 -612
3428 712
390 2747
-1644 36
-498 2550
1968 -3286
-2934 -3811
3530 3719
2690 903
-834 -3344
-2406 3073
-1811 -962
594 -2566
2753 523
-2815 3431
-3577 1695
-210 -1337
2570 -3488
-2073 2826
-2680 1397
2889 2704
-4677 -4190
-2258 3498
-2280 -2545
-5124 995
-3057 3262
-2012 -3070
445 1819
-4251 3158
-3415 -3951
1316 1160
392 1081
-473 467
-4491 1276
-629 -4409
2491 -3490
-3233 1330
321 172
-4022 1089
2512 385
-2064 -1697
954 2422
713 1748
2149 -549
-3250 -3629
-1622 -1792
-1900 1415
-3295 2272
-2050 -3395
2611 -2082
-446 3338
3366 -649
3951 1307
3638 -3817
-4089 -1589
184 -1256
451 -934
-643 -914
-3299 -2058
2157 4010
3417 1449
-4097 -2280
2970 -2489
-2569 -3581
-4218 -2860
-390 12
3329 4340
-3102 -1230
-12 -2361
-2756 -1364
-2490 -680
1685 1740
207 -1423
-2927 1144
3265 2192
-2353 2971
-1127 -1902
1112 -3030
2983 -2059
-4429 -941
676 -4085
-4969 -4189
-4823 -4181
1501 2229
-3294 -2005
-948 -3692
1339 2704
-3915 -1759
1511 1226
-3120 1499
-2906 488
-4192 -1814
-3714 -3932
-25 -1968
3181 1178
3735 -3673
2800 41
132 -3141
3515 -1379
-3670 -925
2651 3578
-4104 2787
2800 1324
-2411 -3085
3843 400
-2743 3563
426 3066
1528 -3771
-71 -1424
1595 -2852
588 2974
-2333 2769
1248 1917
-3173 1123
403 3700
-3573 1943
-2444 447
1094 1293
-4130 -2053
-91 2082
748 2107
2398 3227
2495 -2767
1835 -818
-894 2542
-1468 2250
-3748 -1527
-140 -2914
-2855 -2371
308 -2289
1762 -1905
-4318 -838
2516 3193
-1389 -3275
2408 1270
-4833 3856
-95 844
-603 3222
1262 806
-2510 971
-2486 3419
-2200 -1127
-2391 2477
83 2577
-4395 -1229
-3330 1149
-2421 1410
-1025 -551
-1132 3673
-511 -2939
3042 1013
2719 -1362
1307 -1914
-2614 2335
-2625 -3406
1361 -4000
1534 2423
71 3311
305 810
-2154 3965
-1156 -1794
-179 -3972
-862 642
1443 2235
7 -139
1264 -2138
1769 3503
-2909 -1273
937 746
-1808 2810
1876 -772
-3934 -2197
-548 4066
154 112
-1826 -219
1458 602
672 -2412
-4129 758
1395 -542
-2902 3837
-2437 -3633
3574 4066
-556 4295
-3471 553
2568 970
-3805 -3266
-3597 -3027
-3580 1278
-2748 -825
1692 3171
-2754 -1133
-3402 -1878
-1847 -990
-1073 -498
2296 -730
2157 292
-1375 -1189
-1010 3374
2830 3985
-971 2654
-2714 173
-3453 -949
299 351
2441 1016
-684 -2088
-4228 -2266
1097 1213
2840 -2452
-2968 -252
-1257 1346
-2732 2067
1757 3912
1616 1206
-633 3974
-1246 1660
-1537 2072
2697 -2464
1417 1391
7 -1825
-2170 2920
-1213 -2844
1636 2733
-3331 -2119
-41 3008
970 3227
-1094 -3840
3487 -548
-928 -1123
-1790 2141
-2248 -3294
-3510 -1755
705 -1312
-2438 -3232
2220 3763
-1186 122
83 3134
1865 -1400
477 -2903
-606 2811
-1306 2779
-622 708
1243 -1046
3331 -1916
-2751 -3006
-1707 1162
-761 -431
-3929 -949
-1571 3273
286 -1094
-3968 -3352
2922 -3377
-3543 -1298
-1774 4178
3242 3998
1602 1377
-3114 3581
3216 -628
-2067 -435
2944 3990
-1484 16
2519 -2763
-2441 -38
-1677 1305
-2112 634
-961 1028
1968 -1285
-2343 3291
-4389 1394
-3173 -114
2826 2883
2699 -659
-428 1931
3314 -1392
-2797 -3333
-4535 -3388
2700 -1484
-370 3107
-2150 -2965
-1149 -2130
828 -1246
-1261 412
-3745 3397
-802 -818
1086 2102
-2003 -2686
-79 -264
3321 4322
-1829 933
3167 2406
2860 -488
1361 -2428
2626 1333
2494 -2958
-119 3554
-914 -2407
-1265 9
-3756 1149
-1406 2023
951 1210
-214 3686
3225 2528
-3137 -2370
-718 -3184
-2679 961
3191 3046
558 31
-4305 -3297
3429 -2338
1067 -2150
-2783 -500
-4450 -1213
800 5169
-2507 -1366
1360 4047
2488 2869
3390 2031
1539 -2008
2452 2012
-181 5476
1152 4771
1213 1510
-550 1143
-2053 -66
260 1748
-2946 1741
-2793 5158
2799 1101
3587 -2120
3765 3441
1735 423
-1491 787
-1954 -888
3351 4646
1528 -3572
223 -570
-2100 2794
-815 -2854
-117 -1056
-2361 3242
1747 -1862
-969 -192
-774 4114
1669 -1457
1710 -2302
2584 3922
-370 2546
-3095 3514
340 979
-3581 -3459
3877 -2004
-2008 -59
2278 -2202
-2504 -270
986 1337
-3380 2280
1278 -1986
1060 410
836 1587
-3871 -3675
1414 -386
-4174 1106
-1793 -2870
1638 -2235
3234 1089
1312 3110
-3149 1068
877 -1752
2867 -2306
-3819 -2288
-1317 1839
2760 3955
16 -30
1036 1172
3390 -617
-3498 3933
911 4511
3098 -866
3761 1733
3806 5583
-2960 718
-1929 -881
-364 6573
-1646 1307
3220 5026
1919 2748
-267 4371
3168 2536
2735 3869
-2046 292
701 -1444
2507 -3337
-2654 -2488
1835 3059
2845 -786
-730 1518
-158 1788
-3782 -1875
-2544 996
-946 2434
-1720 -3334
1768 -1803
-2026 -3783
1269 -118
-1159 969
-476 829
-1686 729
-1760 3057
1594 -3851
-1200 -1785
2197 -3230
-1059 2080
-2858 -1006
-2623 3225
-1512 -3308
-338 3654
-1863 -48
2832 3057
839 1682
1190 1141
2691 1306
598 -234
1596 -2571
3967 2868
1294 78
2616 4758
2242 -1874
937 408
2373 -131
3554 -1363
709 -994
-938 -1027
-2797 2610
-18 -1108
389 4921
2086 -1108
1986 -1540
-3567 5097
2546 4073
-49 382
-1006 -1131
-1150 -1369
2375 2002
-1889 -1328
-1144 1050
-3729 -666
-83 1250
-3706 -950
3264 3577
-2137 -785
-3690 -1127
-1259 -199
-339 4208
1157 -249
-211 3032
340 2424
-2717 3374
-2231 -571
1031 4079
-1366 -2008
-1292 1287
1262 -3195
-1328 -1307
-1518 -3174
-3637 -2248
-2576 -173
3727 -1747
3085 2288
600 -1489
1254 -265
518 1232
-2917 -1766
-2295 3042
-125 4193
2891 1620
3815 3125
-3275 -210
1983 206
-111 -2747
-2624 2043
-2258 195
1107 1853
2107 1516
-464 4685
1970 3639
-1959 -519
-3845 4105
-3256 727
-3905 4762
3502 4215
2848 1417
3640 5257
3430 -1484
1799 -1750
3709 2460
450 1604
4014 -65
4443 5255
-306 -1008
-1670 2239
-1816 4356
3463 214
-2370 5183
2715 1765
-3690 -1920
-3482 130
1004 -2846
-3173 3379
1963 3342
718 4280
-3901 -2989
59 -1306
-3918 -3008
-1547 2818
1422 -2472
3583 -768
3132 2871
-1867 -2495
-3441 1790
-3675 2688
-1617 -654
1298 922
1748 -2119
-1337 3149
3449 -1176
-3350 -1989
1015 3359
-3701 607
-1767 413
677 3472
3676 -3952
2716 469
3087 2667
-2803 3787
706 2260
-1807 -3509
-1337 2236
3157 2318
2566 3685
-2363 -1079
2985 3253
-2292 1012
2388 719
4124 1810
-2806 2692
1261 3149
-311 1693
3849 2420
-981 2313
-2031 5078
-3046 3454
-3354 575
-1416 667
804 2157
1396 3482
4249 3923
905 1681
2748 -416
-1818 2161
-1115 2731
3609 -2176
369 -280
-2371 1070
4033 5054
-2021 -1417
-2320 1189
1903 -1676
3501 808
-3128 -534
1082 -2194
2428 -264
2604 -861
2917 -2899
-204 3389
3131 -3480
-3830 3316
-1285 -2101
1280 1040
2278 -2486
2106 1203
-3511 -2151
932 398
-2054 3522
-591 569
-4296 623
-2432 -3258
1969 -26
-1109 -2047
761 -1739
3458 3217
-2989 1871
-3134 1096
2865 -2597
-1675 -2922
2119 -43
-2071 -2085
2678 -128
-1888 2864
652 -2281
-1937 -3163
1710 3854
3922 3281
3235 1866
-1333 2618
3564 -3250
1786 2452
-2543 -1517
-455 2271
1816 1768
-2805 2790
-1927 2406
2643 -1643
3305 3092
2032 1139
-1218 -463
-1033 3783
-820 -612
-959 2677
-2227 2010
1555 5473
-2296 1442
-813 -2548
1434 2128
3270 -792
2394 3898
835 -2632
-6 2371
-4055 4721
3336 -3078
-4710 -2020
-3857 4071
1970 1419
1259 -2951
2729 2486
-433 4265
2463 3864
3294 4002
-2227 -3496
3688 528
1004 -2023
2667 -1342
3419 2018
-2049 2659
-1657 -1724
45 -2342
-1773 75
2336 340
-810 1063
-3558 1077
2513 -497
-2687 -2609
-1014 -66
-2037 3568
27 -2137
-2249 3013
-3107 3928
3663 -546
-1301 365
-1478 -3150
407 713
525 723
-1870 -1426
2816 3227
-138 -3325
2701 -872
-2849 -1526
3109 -2214
-585 -13
4641 -2247
1416 4432
-1635 1728
2951 -1188
-1807 -1465
2924 3256
2421 4205
247 3994
-752 2305
-928 -1507
704 3998
-822 -2494
2122 -2122
2634 -1216
385 -2544
-3976 -2339
919 2226
-2247 -2774
-412 -1063
-3647 -1974
-3938 2049
3198 -1463
-3579 2079
1117 1300
1403 2749
-927 -2729
1428 364
-2776 -1127
-4024 -1438
-2854 837
-1761 4057
-3467 2029
3009 3570
2083 2268
-2443 -2723
-4126 271
-1644 -662
904 -584
-3204 -3695
3336 1325
-2319 1263
-3058 3004
-3758 -2803
-2442 1791
-2989 -3652
3486 -1757
-2947 1827
-1048 -968
-1626 2687
218 -1264
2170 -3231
89 -79
43 -2813
-1253 4111
-3422 3595
577 1699
4075 2659
-324 3393
-897 -2074
-1828 -381
-3128 -4
820 -2811
1053 1958
2053 2747
324 615
-2035 681
488 -2348
-1551 1477
3452 2525
2851 -1838
1324 335
1950 -1089
2073 -2620
-1070 1616
-919 -1213
-107 1744
-3657 -2343
-449 -2584
2824 -3034
839 -3457
-1209 3978
2967 817
-2266 -3466
1298 1824
-112 2752
-234 3119
1182 -3130
-94 1939
-3604 1248
-2602 -499
-641 -1516
-2672 -964
-1800 -4029
-222 3217
3488 -1631
945 -502
-1723 -2154
-1211 -3682
504 -3569
-1583 -2771
4277 875
1572 -180
-323 1929
-1193 -3610
2370 17
4406 -2776
-3383 -1646
-380 -497
389 639
3411 -416
-2060 -87
2682 4015
4575 -3263
-2763 -1456
-2239 449
-511 4419
2937 1421
2971 4264
2626 3984
-98 1030
-1978 -3428
-1468 -1864
-478 -2052
2086 1854
2403 2190
-1515 2409
3802 -3620
2153 -1372
931 -2207
-1116 1385
3036 3848
747 3521
-2695 2161
1241 2086
-2604 -2926
639 1839
3017 -1995
2404 -1651
-3343 4206
-3241 1500
-4174 -2375
-1862 -1104
-3125 -3673
-1559 -1214
-3134 -2401
-1235 -40
2156 1922
1890 -2968
1999 -2178
1059 1179
186 3788
-4010 -2456
3271 3178
-4092 2800
1558 -1996
1005 -2974
1390 936
1013 31
218 -2620
-1347 3277
142 609
1137 -82
9 2873
3917 -3368
1670 -3073
2623 641
-868 -2955
3672 -1571
-1354 -3882
-3233 -2092
1323 -2846
-2293 1465
1592 1883
-819 1939
544 503
1743 4104
3403 -3535
4063 160
1843 -3749
-1057 3925
-2042 1488
-3349 -2181
158 1529
4678 1741
-2723 1858
-2536 -3792
159 3214
-3284 -2212
-1606 -436
2181 -1420
-3306 -3923
3703 2830
1917 1484
-1241 885
2188 -3543
2956 1586
-318 737
2159 1952
3116 -1766
-4419 -1287
-1542 -628
-2495 529
2766 -1128
1332 1773
-2668 2984
21 -2641
2180 1873
-3184 149
3405 -837
2199 3769
1205 -694
625 2258
-2002 2165
-4341 3530
-3807 -3260
3399 2490
327 -2879
-1395 2841
-2437 3447
-3121 3863
-1487 -3802
-1021 -1182
-2971 -551
-1550 -3923
-1712 3123
-258 -1886
-2340 2491
1424 1222
-1243 1597
-2627 2512
-894 -224
-751 -1494
1459 177
-2737 3136
2294 2902
2568 3936
2629 -1181
-2416 389
-582 1332
4416 -445
4653 -1059
3477 3149
-1756 -421
2550 3814
2928 2422
-2439 -1108
-369 -1926
-2497 3887
-2509 -3479
812 1395
-1720 -3716
-3625 -1223
-2253 -63
1210 -1369
3318 637
-1264 3928
2317 -103
3058 -1222
2319 -1954
2050 -130
-2068 3927
2617 1311
-4458 -75
-2648 3757
2994 1561
1283 552
898 -162
-3462 2847
1824 -3211
-598 2648
388 69
1790 -1064
-1221 -552
-745 -4080
-4314 -3495
-1085 3413
-1171 648
-1519 -3756
1007 -27
-440 -831
744 -311
3981 -3481
-760 -1094
-2252 3508
-1386 465
3620 1290
2342 484
-3243 1101
4603 -2209
2644 3216
839 -2197
-1881 -1008
-144 -1997
-3301 1897
1750 -4083
3484 2746
520 3117
3059 819
1200 591
-1287 1515
-3008 3520
906 3221
-1378 -3875
334 3626
-1862 3134
1990 -4014
2928 -965
1258 2615
3567 1376
3690 848
4187 3206
-1924 -2570
-1199 2470
-3707 -1781
-1510 -515
-2627 -3249
-1973 2478
-186 -3065
-82 -299
1864 1059
1379 4031
-757 -1820
-2751 -2657
-3717 -2916
-3390 893
3143 3342
-3143 -3378
1633 1848
-2584 -3924
3817 1258
-3371 -114
790 2825
-318 -619
3488 2736
-3391 -1489
1711 2280
-2132 2639
565 -3248
-3607 259
2518 -711
-3415 -514
3677 2738
-1000 -2632
3652 3790
-1750 1193
3684 -3044
4511 -1519
-697 94
-1785 2526
-506 -2966
-2520 665
-1203 -1341
-1406 1603
1156 -3015
-2973 3312
-130 349
-2239 3642
4477 -606
-898 -2127
-2002 3285
3813 1261
-3415 177
906 -3219
-375 1221
-1216 -2931
691 -3819
3371 -523
1102 904
1451 -2284
849 1175
-159 -4332
1806 -1678
2235 927
-3456 -136
1458 1516
-2797 2126
1946 679
3199 511
1595 -48
486 -2674
-3543 183
-738 3488
-903 1206
-4203 -3492
1165 1974
-2721 1153
676 1594
-3360 -616
787 -3222
-274 -1011
2846 -3777
1342 -2244
-3589 -1014
1939 4014
2271 3855
4130 1586
3385 -1307
2943 500
2164 2811
4445 -58
-1849 3790
-828 -3042
2996 -2135
4109 -3226
2389 376
-306 3133
1889 -1622
2838 -3645
1031 -3796
3367 730
-2078 -3798
1857 445
3649 3420
-887 -3897
2312 437
2016 -79
2468 -127
2683 3048
337 -713
2621 3261
3933 -157
843 922
4072 -1964
2448 1706
-1128 -1396
-2048 3546
168 1176
-3885 3374
-3008 -1858
-3255 3021
-1144 -398
-2721 3093
1127 -2231
-457 1626
-1508 2329
-1068 -3939
-1817 3027
-1266 890
-3164 3471
3119 -2906
-2671 -3470
-536 2474
3295 -2835
3441 2394
3789 -1318
3056 -4070
-1371 647
-3121 1303
525 -1456
-3895 -4028
-732 -3221
2903 705
-3521 -499
1817 974
511 -1677
2157 -1671
433 1043
-3221 3028
3685 -821
563 205
200 75
821 3293
-1462 -776
3510 3643
-2400 -1010
683 1792
-3482 1147
2853 1715
-459 -1568
-3387 -1687
-1821 2179
-3307 2191
3654 -3230
4402 -1945
2276 -2566
3639 -1576
-1704 -3848
1758 2670
1968 2288
4433 -1668
1139 -2658
1822 -3880
1028 2621
-3606 -580
336 -7
-2508 -3632
3560 3603
-713 2999
352 -3787
-1813 -3486
1365 2823
948 821
-682 -332
452 -909
-2229 1528
-1298 -2014
-120 448
3543 1431
2211 -3057
-1549 3497
2987 2003
-304 -1919
-3942 -4030
596 2312
896 -3559
-2298 752
-1782 -2307
-67 -1640
-4316 -3219
-2743 2845
-4018 -2799
520 -1693
4304 2909
-2127 -3345
326 -3840
-2790 2108
-258 -639
-1995 2240
4063 -2387
941 -3144
617 1626
-768 798
-1557 -294
405 2627
3783 469
-1443 -2571
434 -1396
-446 826
-383 -1449
-3188 1036
2642 -355
187 606
2643 2032
-2781 -2692
-1441 -1102
-1865 265
-233 -2160
4081 793
380 1932
3816 2056
1697 -2623
-3109 -970
-2610 2491
1330 2603
-3725 247
2291 -1712
-29 644
-1822 924
956 3025
1783 2426
292 -3019
-3150 -3081
2441 -887
-395 -775
-2818 444
-3308 -1515
1797 -1742
-2427 -2916
-2398 -275
542 1046
-3973 -357
-4134 -3185
3519 1392
1103 757
-3762 -2273
-1936 820
2140 1911
-877 2736
3564 -3861
-3404 3216
-3502 3979
-1229 -3087
3331 -3674
-2651 67
-2997 2135
-1212 -1971
2268 2209
-2376 3875
-2225 -1277
-973 -162
-2817 -1810
-1613 1462
25 -1134
4508 -2952
3509 3051
2267 75
3792 -2088
3263 -3720
1909 -164
-3223 -4092
-1163 -890
3695 -3402
573 2177
1850 -1224
3504 -328
-3453 2725
-2142 2199
66 2966
2855 2120
3435 -2434
1775 -4313
2227 -2172
-296 -2562
-638 -4242
210 -3797
3976 -1333
2571 -2265
2698 -2816
-3210 -1441
-2655 -779
-778 3664
1879 830
-519 1371
-2475 -4235
-4166 -4029
719 -536
3761 -1423
2908 427
-2772 -3036
-623 1768
1123 -2039
2312 1415
1121 2615
-406 3525
2553 -3300
-3848 855
2316 -2400
1379 1591
2968 -3107
-280 -2270
2134 1786
145 1204
99 -3683
3346 1882
2917 3795
-1281 -1973
-2441 3904
247 -1406
-1632 -1069
1893 -1225
1207 -3725
-464 1656
963 2111
128 -2915
-983 -2671
-2177 -2482
-2731 2468
3287 2141
-2450 -1831
3997 -1644
2538 1395
617 -3661
1146 316
3015 -1561
-468 -4299
-768 -3365
1248 157
-3299 2146
-1438 -2533
-2692 -581
-3728 2807
775 107
2343 -459
-524 -2098
76 1402
1440 2684
-557 -547
-616 2561
850 -4012
2736 -2909
-1646 651
-1506 2594
4001 1453
151 1021
-550 -3033
-780 -4357
-1049 3110
-624 2101
-2253 -572
429 -787
-3810 -959
176 3023
-1108 -40
2125 1892
3201 2155
1590 3816
1213 2306
-1123 -1702
2199 200
-993 1765
4536 -319
3445 235
-2862 -1361
1007 -3733
2671 1603
1889 1962
-200 -2452
-502 -3634
28 -1264
-3066 -3576
-708 -4088
364 -3016
3827 601
-3430 -2871
-3060 2801
1213 -2761
1687 2309
-399 -996
-2486 3501
1587 835
-2597 2708
2739 -3221
256 3635
2544 2470
-1832 2892
-1406 -3010
1191 3
-770 -355
87 -1945
3919 -470
3232 -1587
-2960 -2065
-607 3118
66 -2253
-2859 -3545
3695 -2975
382 -987
1030 1468
-1834 -641
1326 -2643
3297 3590
225 2444
-1072 -2769
1815 3673
-2399 841
437 3123
2370 -3236
-4159 -3745
-982 826
-3654 -1000
2544 562
1752 -3809
2531 -637
-1524 -1749
202 -3711
-254 -2007
2856 1128
-1257 3252
1186 3273
450 1533
3725 -1438
-2284 -2886
-3242 2545
-418 -4102
1253 1577
-2689 -3873
-948 -2290
-2108 -1699
-2247 2000
-2326 -4159
1014 1309
828 -4121
3354 -667
-308 -1567
-230 898
-1552 90
-1992 -4170
1463 3192
-2702 2007
-2429 -3965
2479 -4204
-453 1379
1626 -2451
3158 -3957
-1162 -3067
3621 32
2171 1123
-3696 3367
3162 3044
2012 1247
2375 -870
-2751 3501
-3573 2445
-1941 2817
3877 1275
2917 1365
2920 1937
-2657 456
2768 -4335
510 -3716
-1096 -664
-1621 889
2040 -3155
3853 568
877 -2806
-3465 -3312
570 2743
-2596 306
-649 1935
3428 1411
1630 939
-1880 1286
-855 -3037
509 2180
-1385 -2679
1725 2146
3257 1007
-925 1601
-3111 3343
-590 1382
2837 143
-700 -1225
1989 1035
2235 -3041
2731 -3479
240 -2431
-3062 -2171
264 3899
723 -2901
2703 -1750
-3057 606
-2877 -3253
907 408
390 3460
-1077 -2625
375 229
1469 2084
1595 -2874
-2696 32
3548 -1106
2490 3461
-737 -1540
-3000 -3466
2202 -3533
-3313 2520
-3666 762
2512 -1543
1477 1865
-2420 3317
1345 -2408
493 -4115
-836 -641
-3519 2582
-2899 1741
502 3235
323 -1687
2939 3661
-2981 -4004
-890 698
1388 -4498
811 -3181
-1828 1650
-2306 -1596
2047 -902
3001 834
-2511 -995
2232 -4244
-1295 531
-906 -621
3573 1485
-3569 -1718
344 779
565 1419
-2326 1938
-1589 44
2851 2122
3614 1845
-1531 391
4472 527
1846 2787
1188 -3354
4081 -3447
-939 -1613
17 -446
1427 673
-1950 -1707
113 -2391
-250 -41
-2860 -1274
3290 672
-3247 -282
-833 3754
3989 109
-3117 999
3586 3284
4419 3710
-1975 -2685
1117 -2898
2097 -185
-3421 1805
-2671 -2848
-62 361
3065 2595
1664 -3329
-2247 -172
-292 -587
1700 2369
-2450 -4120
-2435 -993
3066 -3734
895 2735
-3306 -2895
-1928 3512
-2717 -3078
2215 2709
-2402 154
2693 3340
334 -1265
-423 3544
563 2102
-560 -994
-2622 -104
-2000 -37
-329 -1342
1071 -573
2012 -1547
2449 -1070
1268 -1833
-1192 -3610
-2560 -4096
-2206 358
-3913 -3831
276 -3984
-3706 -3309
-1963 -2297
4156 -2485
-2360 -1262
-310 1369
4140 -1715
2944 -1274
-1062 -2218
-2611 1458
-1329 659
368 -1058
-280 2586
-1884 2928
2896 -287
-752 1601
2009 3934
1024 185
-1601 -1918
-2363 -2635
629 -2759
3284 639
-3316 -1496
2121 -2622
3443 3377
-1393 -3873
2935 299
168 1014
3766 -2442
-1354 2922
4361 3287
2511 3666
2877 3629
272 -3087
7 -3522
175 1236
-1282 2944
-2074 618
-2076 -3560
-2537 465
-3259 2841
-3126 -4242
-85 1073
-1130 2350
-3185 -3166
1839 2339
3712 1585
1669 -335
-3708 -3788
1832 -1330
-741 -2219
-1671 -2779
-2550 3684
868 1836
3038 -1316
2235 2732
3008 568
385 3574
-3846 2960
-1659 1911
986 909
3230 -3080
310 200
4123 -1321
107 3814
3043 1115
1222 830
-41 -2654
-599 2170
2178 913
-2783 2654
-2156 3646
859 -1418
3816 1571
184 1997
-2615 -3103
-3126 -2937
1063 2436
-575 3795
2781 -444
313 -849
3384 -2169
3487 -2191
1314 -3173
4294 1374
2650 -4214
-2187 333
-1830 889
-1441 716
3053 1913
2482 -2918
307 1781
4088 1735
3381 -1655
-2642 2821
2085 582
-896 2666
-603 -1801
323 -2487
-2240 -2796
-578 725
-1399 -3651
-1733 1523
-3225 158
-2962 -3719
3284 3244
3834 1096
2219 1992
-2623 2151
-1981 -4256
-277 1630
-1074 3356
619 -1319
-2134 -2934
-2863 1124
1677 -1700
2106 795
-3727 -3794
-3043 2979
3204 -2073
-3374 729
-2160 2577
3646 -662
2069 775
-2978 3153
119 939
34 3035
-3395 2123
2988 -4196
-1690 3681
2704 -242
1337 1138
965 -2356
-1421 -3497
-639 3457
-2729 3483
3278 1381
-1000 -1883
3435 428
-2128 -2664
779 -1252
1053 -2644
3783 87
-1151 -4088
-3147 2539
1192 759
1370 -3699
-2589 -75
-2388 -3116
3438 -3181
-2191 3839
3758 -1765
580 -3229
771 3750
2059 856
-90 -2156
-3053 3062
-3000 3391
1477 346
-1308 -3033
2672 3165
159 2897
3293 -646
-507 -48
-1491 1626
-3583 1348
720 2826
-264 3412
-1104 844
-438 1903
428 42
-2193 2198
-3720 2491
-1236 2386
-1583 67
-1819 -501
637 66
-2558 2411
3490 2636
3328 2229
1545 -1654
-3218 623
-3102 1853
664 -2063
2524 -2157
2033 195
-2832 -3085
4299 2368
-2979 -2729
3510 3041
-1159 1717
-3456 474
1341 -83
2139 -3865
-834 -801
-2909 -3812
1674 351
-2828 -1573
2811 3298
-3580 1171
1147 -3054
-407 416
-1595 -113
-2709 -2039
-1876 3045
1145 -760
-1293 -2722
4443 -3322
1516 3686
1096 3542
-3557 324
3969 -2148
-53 -1625
2800 972
-3764 3680
-2124 -262
4121 2249
861 3655
3951 2002
704 -3898
-2002 1829
-97 -1543
-1778 -2844
-476 -2576
658 -1606
-3898 1717
-821 2186
3680 1635
1915 3162
2355 2897
-435 -2830
761 1586
1355 1780
1737 1969
-171 641
-2029 2326
498 -201
-2833 -1765
0 0
0 0
0 0
0 0
0 0
0 0
0 0
0 0
0 0
0 0
0 0
0 0
0 0
0 0
0 0
0 0
0 0
0 0
0 0
0 0
0 0
0 0
0 0
0 0
0 0
0 0
0 0
0 0
0 0
0 0
0 0
0 0
0 0
0 0
0 0
0 0
0 0
0 0
0 0
0 0
0 0
0 0
0 0
0 0
0 0
0 0
0 0
0 0
0 0
0 0
0 0
0 0
0 0
0 0
0 0
0 0
0 0
0 0
0 0
0 0
0 0
0 0
0 0
0 0
0 0
0 0
0 0
0 0
0 0
0 0
0 0
0 0
0 0
0 0
0 0
0 0
0 0
0 0
0 0
0 0
0 0
0 0
0 0
0 0
0 0
0 0
0 0
0 0
0 0
0 0
0 0
0 0
0 0
0 0
0 0
0 0
0 0
0 0
0 0
0 0
0 0
0 0
0 0
0 0
0 0
0 0
0 0
0 0
0 0
0 0
0 0
0 0
0 0
0 0
0 0
0 0
0 0
0 0
0 0
0 0
0 0
0 0
0 0
0 0
0 0
0 0
0 0
0 0
0 0
0 0
0 0
0 0
0 0
0 0
0 0
0 0
0 0
0 0
0 0
0 0
0 0
0 0
0 0
0 0
0 0
0 0
0 0
0 0
0 0
0 0
0 0
0 0
0 0
0 0
0 0
0 0
0 0
0 0
0 0
0 0
0 0
0 0
0 0
0 0
0 0
0 0
0 0
0 0
0 0
0 0
0 0
0 0
0 0
0 0
0 0
0 0
0 0
0 0
0 0
0 0
0 0
0 0
0 0
0 0
0 0
0 0
0 0
0 0
0 0
0 0
0 0
0 0
0 0
0 0
0 0
0 0
0 0
0 0
0 0
0 0
0 0
0 0
0 0
0 0
0 0
0 0
0 0
0 0
0 0
0 0
0 0
0 0
0 0
0 0
0 0
0 0
0 0
0 0
0 0
0 0
0 0
0 0
0 0
0 0
0 0
0 0
0 0
0 0
0 0
0 0
0 0
0 0
0 0
0 0
0 0
0 0
0 0
0 0
0 0
0 0
0 0
0 0
0 0
0 0
0 0
0 0
0 0
0 0
0 0
0 0
0 0
0 0
0 0
0 0
0 0
0 0
0 0
0 0
0 0
0 0
0 0
0 0
0 0
0 0
0 0
0 0
0 0
0 0
0 0
0 0
0 0
0 0
0 0
0 0
0 0
0 0
0 0
0 0
0 0
0 0
0 0
0 0
0 0
0 0
0 0
0 0
0 0
0 0
0 0
0 0
0 0
0 0
0 0
0 0
0 0
0 0
0 0
0 0
0 0
0 0
0 0
0 0
0 0
0 0
0 0
0 0
0 0
0 0
0 0
0 0
0 0
0 0
0 0
0 0
0 0
0 0
0 0
0 0
0 0
0 0
0 0
0 0
0 0
0 0
0 0
0 0
0 0
0 0
0 0
0 0
0 0
0 0
0 0
0 0
0 0
0 0
0 0
0 0
0 0
0 0
0 0
0 0
0 0
0 0
0 0
0 0
0 0
0 0
0 0
0 0
0 0
0 0
0 0
0 0
0 0
0 0
0 0
0 0
0 0
0 0
0 0
0 0
0 0
0 0
0 0
0 0
0 0
0 0
0 0
0 0
0 0
0 0
0 0
0 0
0 0
0 0
0 0
0 0
0 0
0 0
0 0
0 0
0 0
0 0
0 0
0 0
0 0
0 0
0 0
0 0
0 0
0 0
0 0
0 0
0 0
0 0
0 0
0 0
0 0
0 0
0 0
0 0
0 0
0 0
0 0
0 0
0 0
0 0
0 0
0 0
0 0
0 0
0 0
0 0
0 0
0 0
0 0
0 0
0 0
0 0
0 0
0 0
0 0
0 0
0 0
0 0
0 0
0 0
0 0
0 0
0 0
0 0
0 0
0 0
0 0
0 0
0 0
0 0
0 0
0 0
0 0
0 0
0 0
0 0
0 0
0 0
0 0
0 0
0 0
0 0
0 0
0 0
0 0
0 0
0 0
0 0
0 0
0 0
0 0
0 0
0 0
0 0
0 0
0 0
0 0
0 0
0 0
0 0
0 0
0 0
0 0
0 0
0 0
0 0
0 0
0 0
0 0
0 0
0 0
0 0
0 0
0 0
0 0
0 0
0 0
0 0
0 0
0 0
0 0
0 0
0 0
0 0
0 0
0 0
0 0
0 0
0 0
0 0
0 0
0 0
0 0
0 0
0 0
0 0
0 0
0 0
0 0
0 0
0 0
0 0
0 0
0 0
0 0
0 0
0 0
0 0
0 0
0 0
0 0
0 0
0 0
0 0
0 0
0 0
0 0
0 0
0 0
0 0
0 0
0 0
0 0
0 0
0 0
0 0
0 0
0 0
0 0
0 0
0 0
0 0
0 0
0 0
0 0
0 0
0 0
0 0
0 0
0 0
0 0
0 0
0 0
0 0
0 0
0 0
0 0
0 0
0 0
0 0
0 0
0 0
0 0
0 0
0 0
0 0
0 0
0 0
0 0
0 0
0 0
0 0
0 0
0 0
0 0
0 0
0 0
0 0
0 0
0 0
0 0
0 0
0 0
0 0
0 0
0 0
0 0
0 0
0 0
0 0
0 0
0 0
0 0
0 0
0 0
0 0
0 0
0 0
0 0
0 0
0 0
0 0
0 0
0 0
0 0
0 0
0 0
0 0
0 0
0 0
0 0
0 0
0 0
0 0
0 0
0 0
0 0
