-2039 3393
-2656 -82
-3113 -941
170 103
425 -968
-3234 -2527
-1292 -2742
328 -907
1799 1620
972 -1492
2389 -894
2098 -1009
2946 -2672
2277 1193
3834 3321
-2528 -2617
-3561 2588
3403 -3872
-3106 -2522
2302 2429
2545 -2152
3099 -1095
-1304 1612
2884 2338
-1313 406
1945 1583
-3292 -2474
-2989 2534
-3066 -1249
3581 3871
1266 -125
-1642 1899
-2119 -2489
-1764 -775
-878 3259
3122 3314
1540 3438
-1423 -3745
-373 3041
194 -40
3862 -4170
-1773 140
-455 -2010
-2709 -2693
-3083 -2564
-3171 -1320
607 673
68 -3871
-1737 3875
-3566 -1717
-3194 1648
1757 -529
1764 2436
-970 -807
-1957 -726
-4052 2230
663 1743
-2355 -170
3092 -1634
1650 2321
851 2750
2019 1372
-1314 -1217
2999 -2568
2046 1831
-3142 1454
1035 -2333
2472 -2995
-1449 121
2992 -2389
-1615 -567
2247 1356
2117 3080
-3164 -1616
-2765 2865
1873 1898
3516 2362
-3602 -3510
-2116 1287
3565 -380
-502 2004
-1799 2824
1995 -359
-874 3669
1276 2085
-1001 -82
2306 308
-3201 1106
2098 -1020
681 2979
-3703 -4243
-969 -78
-1427 -2106
96 -3877
2361 -967
-1950 -2557
627 3547
-680 2730
-3848 877
3422 -1138
764 1232
-1728 -1775
4175 -52
177 1832
-1055 -1332
138 3018
2136 -1728
-3941 -170
805 3400
3353 2433
3732 -3079
-3849 1029
-2343 1787
-1339 -1886
-1907 -982
852 3765
2082 -2309
3068 -2129
-2909 3951
-2520 -2606
-1365 -4151
-2023 2225
-2663 1852
-1731 -2712
1763 -3661
1961 -1444
-1391 3867
-3693 381
-844 2158
-2100 -1164
3650 22
1092 3686
-467 1990
-1156 3481
-2750 2502
2803 -1097
4052 -1793
-2622 -3420
-1799 -3214
876 -3525
3063 1941
4047 -1809
-1081 -4228
-2645 3116
-438 1995
-1794 53
-23 3862
276 1014
1831 1858
1761 524
906 3718
-870 -1768
2903 3687
3730 -3808
3469 3762
12 -2576
2355 3437
-2608 2054
-164 -973
-3505 -4342
-2997 3800
1685 2955
3586 -3820
-3356 3056
153 -929
-1881 -3250
2687 154
507 -4276
-3028 -3339
-3482 2292
4027 3872
-75 1394
745 -2801
-3334 375
1568 1734
4023 -3217
610 -2677
-796 -4034
49 2062
3136 -2406
3748 -1886
3719 -443
-1930 -1355
-108 -3163
-1073 2016
814 3649
3890 -3099
2968 1210
-2883 4047
1059 -2030
-2841 -2822
2689 1100
-3715 -1191
-731 3890
-2872 2673
-2968 -2547
3159 -3790
2372 -477
-3199 -1194
3405 1995
1515 1879
2582 -2184
-333 -3522
1959 -450
-1714 2845
2320 3263
-131 2819
-102 1343
-1270 1827
2757 2868
839 -3993
2889 314
3577 1811
2159 1405
-2402 -3960
3003 2416
1308 3507
-2308 -4188
2520 -2519
2460 1165
-2523 137
-1502 -2731
-3411 -2435
3180 2449
-4002 1110
3131 2035
-3997 2070
-1549 -386
1954 2482
-3223 -3245
1809 -2802
-2214 -2485
-2189 -1338
-3043 -60
2549 374
-1431 -140
3473 460
1540 32
-1440 -2270
97 1756
-2284 2787
-524 1623
-2623 -3030
-102 3922
3764 2801
-2360 3639
801 -718
1477 925
4149 -3090
399 3076
3622 -1842
-1922 1564
-2290 29
127 -2463
-1068 -1982
1331 2027
3059 -862
2744 1652
3391 2132
-2800 249
-2498 3849
2106 782
-2197 635
1249 -62
1385 2177
6 2012
3392 2771
-286 -1398
-2143 -1005
-1668 179
-255 -820
3237 -527
154 -1850
-3288 169
1836 -3030
3843 3733
-568 -3311
-2452 3192
103 -4194
2551 -299
-3727 -1158
3631 1228
-732 532
-3365 -3274
2876 2030
-1325 -2502
2128 2041
-1209 -2115
-3228 -90
-2883 -3401
-1474 -939
-1454 -3535
1970 -2981
-1713 2514
3337 3244
3638 -3461
1718 1421
3288 291
-300 2661
-909 3587
-2054 -2707
-1290 1605
1298 2748
-2573 870
313 2965
-2520 -1024
-210 591
789 -2809
934 1746
4098 2611
-2538 -3163
1442 -1822
4105 -1248
-468 -3381
-2998 -1231
737 2600
982 -1899
1242 -2972
-1925 -3919
1451 -1952
-466 912
1777 2527
-2906 3333
3019 2863
476 2472
-1999 3762
-1925 68
-3668 -4011
-637 584
-2612 332
52 3376
193 2334
1902 -1504
3051 3665
3861 -1722
-378 -527
348 3221
-606 3806
1096 370
-3093 1011
2605 2231
931 -2175
-951 2764
-2150 -2702
3242 -775
-2527 1781
-1633 3315
3472 98
-1733 -2167
2653 1383
2945 2094
-147 -679
73 -4071
2465 1554
3528 -3847
-2259 2108
2833 3216
-2645 -2132
-3223 -4001
2977 -1437
4147 -151
728 -3167
-3012 2968
-1449 1985
2392 1673
-3242 1808
2162 1243
1678 1955
3366 -1462
920 334
2510 859
3207 -1315
-1235 -608
1658 4008
-593 2652
539 2825
-1231 -3879
1370 1395
2944 3948
-2600 -1289
-2975 735
-2660 -431
3490 -4074
3518 1926
-206 -4039
738 2736
-3446 -1664
2714 1399
-3098 -2081
-3249 2402
-3113 -4083
346 -535
-2980 3550
4151 2952
627 2556
-872 2645
-2464 -1602
-965 -914
-1907 -3176
-2314 -524
2858 -1635
-3089 -745
-1841 -1584
228 491
-1058 -712
-3187 781
-1484 -1616
-3587 2250
3364 -2527
-3947 -2253
237 -1761
-2763 823
-1080 846
1048 507
4066 2755
-3097 -2427
-1533 294
3163 2006
-1677 -2676
-3132 -1805
-16 -154
1745 -3631
724 -2683
4182 2953
-2302 -2808
448 2352
-3552 -1977
981 -2432
-3558 1741
3633 2830
-1740 -458
1267 -4121
4148 2812
2104 3866
4275 554
-87 361
2443 -244
-457 2990
4587 -1224
2852 -3015
2580 -46
-212 -1549
-2165 -616
-1832 -3165
-3168 1667
3880 3552
792 1665
3778 992
59 -2731
-492 -2730
1483 -4228
-1784 2419
-2599 1595
-1658 -3484
788 1883
3936 -4070
-3938 2253
-2605 -3019
2594 -1487
1446 -4235
3684 -1443
-504 -789
3265 -1150
-2223 -1347
1813 -3627
2812 -135
3752 -3831
-2012 1677
3926 1922
2579 327
-3387 -2486
-2309 1826
-2458 -49
-3583 -1380
872 -217
3958 1000
1429 3774
-255 -715
2534 1358
-1189 2838
656 1371
-1295 977
733 1189
4445 -569
891 1174
3843 -512
-3186 2688
-1944 1228
-1992 -2017
3954 3871
2573 -3606
-3133 -3648
1181 3182
-2155 2443
-347 120
-3528 -824
-3471 1453
-958 167
-2934 -3126
-254 -1652
-2669 -1134
4183 3322
3930 2453
-3331 1770
4289 -1789
4455 2240
-3253 586
-3153 2059
3277 -3417
4164 550
-3264 1175
3421 -262
-126 3637
-2753 -2726
221 2156
-2523 3896
2241 2954
688 -1804
-3525 3406
1895 1673
3261 2822
-1597 -4058
2792 -3593
1255 -1079
269 -4212
-3871 -906
-621 -4246
3654 2654
-905 3071
-3527 3456
3534 -3835
-2643 2464
2389 -882
-673 -1828
-3644 3556
-3797 2678
-2 -1228
3553 1756
3630 1962
-1905 3717
1287 763
2639 -3461
717 1055
-1178 2737
-3775 1853
-71 2624
3479 636
4451 2016
2137 -723
-442 2613
3532 1015
-3165 -1000
-3154 -1817
1126 -2369
4298 2963
1169 -1177
-817 3635
-2583 -1465
589 -1294
-2904 2111
2191 1833
2616 -3758
-2434 3152
3754 -2984
-1668 -2333
-1984 2631
-3607 -844
1278 2525
555 2136
1892 3013
-1462 -1965
636 2672
763 2280
3773 629
1361 1875
-157 1379
-2825 -3756
2341 3090
-164 725
3799 652
-767 3019
-3199 -2000
3980 1324
3698 2430
2146 330
2459 -4
2710 -2999
1716 -88
946 -451
3122 508
830 2591
-2199 3835
3975 -578
375 2225
2665 281
-3384 -3683
3076 -2680
3840 1121
488 2205
-2385 2050
-2251 -4
-2446 3332
-3456 1502
3421 593
-3628 2735
1440 3991
4213 -705
3071 3283
1712 -3351
1466 639
1224 1517
654 -2204
4154 -3727
3715 -2204
4334 -1109
4649 -645
1518 -2195
1417 16
1654 2875
-1891 -74
-661 2483
-193 2056
2918 -1543
4005 -4246
3110 -2876
2395 -909
-964 -3258
-2864 -2590
-2357 1165
-3352 2722
549 995
3973 2619
2989 -254
2520 1896
3977 483
685 -3513
3428 -1702
-3792 -1584
-1107 -1536
-1487 573
-521 2226
3351 1599
3013 1804
426 -205
1841 612
2360 2268
-1131 2234
-1235 1335
-3389 3422
-2368 -3797
-3078 987
2825 -3540
1584 -1009
-2729 -932
4278 -525
-930 77
1588 -1974
-126 151
2221 539
1262 -2679
570 -1764
3010 -4148
2751 1298
-254 3334
4467 3147
2812 -3599
4267 3820
-2818 -3808
-2280 -3971
-953 -734
-719 3738
4091 78
-1079 677
-3476 736
593 -2012
-2160 -4011
-484 -31
-2259 -3527
2431 -3093
4444 2329
1377 -1673
2334 -746
-1234 572
3141 1545
-558 -1585
397 -2239
-1227 2066
967 -1625
1208 -1891
589 -1124
-187 -1596
683 1213
2571 3787
-1898 -1240
1250 -897
1068 -36
1982 -2655
-3660 -3903
1582 134
-428 2012
3332 -3952
268 3004
296 428
-4192 -3384
1079 1803
2325 -3772
3922 929
-1015 431
4230 -1373
2609 2326
-3245 42
2039 -3266
-2589 -468
2385 -1474
3683 -2233
-3645 -2144
-1780 3094
-2174 385
3468 3511
3704 96
-745 -544
3683 -2347
4027 1276
-2039 1501
-961 -3719
-2672 1196
3779 -726
2229 -2606
651 1974
4501 -3122
2400 -2397
-681 71
-3093 2410
-1701 1151
-2744 -2210
75 -1699
2113 3634
-1008 -1577
647 1180
-3290 2936
1775 730
2102 1894
1789 -2827
3186 2986
-3472 -295
-821 3263
-1617 -130
-1892 -971
355 -2385
33 158
-4037 -2831
-3426 -1771
-942 187
1000 -3469
-730 2085
1475 3127
3496 -2097
2172 -499
-1786 3545
-669 560
-1618 3402
1166 3242
-119 -1266
877 3373
-2568 -1432
-155 -1494
-2697 1042
1163 -3400
-1967 -3275
-1261 2327
-3078 -333
-3331 -786
1680 1717
4328 1460
-3759 -79
848 -2840
-641 -2541
4068 3070
875 1601
748 3833
2720 -1038
-1342 1019
392 -1882
-2437 1944
-678 -2475
3325 -2330
-679 2548
806 -2158
1618 754
2510 3076
1275 -1674
-3442 -501
4492 -2660
1753 294
-1372 -611
-2011 -2097
1901 950
3870 3499
1760 -1260
810 2329
3700 2027
1455 -1
-2920 298
-1718 3747
-701 3486
1145 1886
438 -2862
-2764 3781
3593 -3135
354 -439
2508 661
4025 2338
-3403 -3368
3171 2465
-775 -2367
-3749 -1339
2793 662
-1978 -2845
128 -2018
-2340 -2515
-2047 1293
3392 2125
2246 3114
-998 -3975
2981 380
-2814 -3447
-762 1332
4279 3269
1763 3147
-1611 -3397
-1130 2087
3903 1692
-3310 -2571
-2881 -4151
1592 1440
1492 -3965
-3209 739
3919 3217
-2922 -2455
-3444 2072
-2735 345
-326 -532
-3461 -1177
2442 1939
-2797 -3901
2474 -2736
-2202 1190
2418 -2056
2912 -1845
435 -904
-3628 1779
-3488 327
-3413 -3258
950 -2832
-577 -1173
-3502 -1414
1301 -854
1172 -785
-2844 153
3554 -2794
727 1749
-3189 -3222
-1654 3194
-2085 -3839
738 3832
-3585 -16
1635 -4056
728 -2397
-2062 -762
-3165 -3873
1412 -1134
1004 192
2557 2882
-2628 2102
1631 -3670
-3384 -2576
1973 -1307
-3254 3332
1544 3124
643 -2055
1660 -2970
2446 1963
-2637 -2753
-2091 -1225
1952 -3462
-1759 1441
3700 3149
3979 -331
-3331 -3908
-923 278
-1665 143
1957 -1473
2856 2606
-3053 207
-1697 1861
-208 -2944
-214 -3661
1196 1662
-2838 1473
-1587 3968
2661 2829
3432 2139
4130 2099
-1821 173
1440 1599
3407 3394
-2048 -3719
4543 672
271 2390
4416 -72
-2542 401
-2012 1062
-2186 3786
-1929 -17
-2925 860
-3511 2196
-2976 3193
327 1052
-1539 -2661
2179 3213
2369 -1873
-2004 -3142
-2214 452
-308 1812
1496 2403
229 -3908
-1488 3693
-1294 -2684
3258 3115
113 -676
-2273 -3627
-2913 2417
233 -2296
-3807 -1854
-3403 -3426
1088 2666
-1184 2390
-1464 -1405
1153 -3839
3406 -225
-4149 -258
-1793 2158
2751 -3772
-2032 -752
-2467 1804
-3417 2465
2506 -1539
3233 -1944
2966 1239
2157 2142
-2842 3845
-1728 2628
-1256 -4172
-661 -1732
1104 -72
3888 763
-2645 -4159
496 2884
3495 3469
-822 3413
-1682 1552
4144 -2506
-1001 3989
584 -2561
-2138 1201
1197 686
-1356 -1253
-191 -2353
475 1966
-1118 -268
3933 -1910
3087 -3869
-1285 729
-2727 2152
-2767 -853
-2922 -3404
2735 1751
1659 -395
287 2482
-3652 1374
3508 -3196
1711 -2573
-915 -85
2942 2440
-3029 2445
-2071 2030
-3881 876
2598 -1996
3573 -867
-1293 1657
-3206 -2659
1943 1307
1441 -3324
-2315 1760
-2915 140
1200 3983
937 -1343
2706 -3459
3886 119
-608 -1147
-2150 -2128
-2468 -1283
2592 3403
-3131 -62
-48 609
2989 -3708
1328 -1823
1884 3835
-1682 3430
1406 3670
3461 2761
-481 -1076
-2915 -409
-283 -2157
2946 -3810
3937 -1387
3251 119
-2581 -628
-2458 -29
451 -1684
1303 1252
-1378 610
341 -833
3574 2265
-3566 -4204
4165 -3836
-1194 1025
-2321 1941
-1183 3675
-2281 2330
3154 -131
309 1447
3795 -3487
114 -3314
-1311 1376
-2588 190
960 688
-230 -3186
1766 -3890
1052 3201
-910 -3434
1267 -367
-1405 2841
2684 -100
-1678 -1514
2611 -3373
73 -3998
-2844 -2047
-3595 2155
-400 -3193
-3895 1914
2072 4168
3761 -1092
-302 2048
229 -3547
-737 -4016
-3111 3484
2134 1257
78 341
-3266 486
-2762 -958
3838 -330
-1375 -2118
448 3941
2200 395
1728 -3647
3408 -1367
2667 -488
-2654 -1189
2131 3199
493 -2406
-1426 1205
-410 -2338
-3549 -2941
-394 353
2224 1108
2215 3251
-1438 -567
-1474 3645
-2307 -2484
715 -3103
462 3502
-1948 2628
-3666 -1243
-2524 87
2609 -2735
3042 -2547
-522 1401
-2051 -3970
-1265 -232
3891 -3430
-2758 -2696
881 838
2493 -1915
-1905 530
3271 -2268
158 -1389
3496 1502
-2483 868
65 4069
-1344 -3806
-2528 145
-847 -2087
444 3492
2514 -2003
2634 -3884
1126 1912
-4070 1972
540 -366
2715 -54
485 -1260
-1103 740
2718 -3041
-854 -64
-1141 -2943
822 4004
-1307 -1434
-2527 -783
-2328 -808
1115 -23
-976 1773
-1295 3594
928 496
923 2826
-2193 -3756
379 -3250
1926 2450
1016 -4138
1083 3157
4308 -3164
-3640 -1434
2921 3861
3888 867
-2817 -2093
-1856 1886
-1922 -2008
-372 -3445
-981 -797
-1843 -4221
1742 -1461
3697 2635
1928 -785
616 1551
1276 3718
-3484 2580
-2722 -2190
-984 563
-2521 346
2547 -3621
2430 -2968
2468 3284
2292 2338
-1801 -1179
-1043 2201
127 -3362
-3046 2033
176 470
-2104 4044
-3549 3836
-3479 -1486
2092 2958
-2997 2596
2163 -2438
-3155 937
-4239 -2462
2875 -2369
1750 -681
-2664 -309
3745 140
-3113 -494
-2815 -712
-3079 -2164
-2148 2202
2472 373
2190 -2328
3857 -984
-1099 2837
-2828 -851
1098 -2842
116 2974
3933 1598
2009 -4089
-452 -341
1936 317
4258 448
388 3190
-1773 580
524 2637
-798 -4124
-785 4053
3782 1341
3233 -2096
1190 4004
-2482 3727
-2706 3497
2979 1539
814 1655
3354 -1302
3075 2965
1561 -2368
-1761 -2513
-1568 -90
1833 -2729
3109 -107
-2190 -1184
3123 -3101
-1907 -3513
2641 2323
1360 965
-1930 -276
3606 -1904
-862 -2417
3414 3224
-1082 2898
1783 2629
3678 -3405
-55 -1691
216 -2325
453 -2535
-1246 3407
3346 -1001
3257 247
2214 3186
3877 1512
-142 3233
-3543 2547
3812 -244
-702 2381
-902 125
2187 -3718
377 1411
3507 -2291
-2130 3293
580 -891
-2693 752
2367 -909
2332 531
-905 -1166
3431 -3517
3254 245
-3639 1252
-202 -1649
2477 2854
-2628 -3378
-3285 -3517
1663 -4107
17 -2599
-2918 1348
2954 -3137
-2601 -771
2135 -830
1725 2200
3014 252
3541 -3981
3697 -3093
-2555 2579
-961 228
1881 -1436
2573 992
1100 -3534
-1004 -1343
3140 890
-840 -3252
-1962 -224
2140 3822
-3476 1841
-2286 -855
-3369 -3247
-3002 -1082
-2915 -3627
-1286 -1144
1801 -2961
-3702 -3510
2355 839
1756 1494
-3311 -1690
2325 1148
887 -1438
2840 92
603 3629
-279 -83
804 4039
-3570 -3793
31 -3235
-3794 1121
-1085 -54
-4046 2288
-2448 149
-240 -2802
-1809 -3699
3710 -377
3652 673
2021 2749
178 4193
-2116 -3812
-2383 182
2406 -744
-1191 -3834
548 536
769 866
-2970 898
-3868 3531
3775 -4047
2223 -1013
2084 -604
-3976 -2137
4004 1074
-2417 156
-2811 -1484
-2607 39
2219 -180
1499 2322
-278 -2213
2407 -1670
-1602 3945
3395 3175
-180 2407
-855 -3990
703 -2060
855 1215
2638 -1902
-3290 -2432
-2756 -42
3143 -3076
-2308 -3928
-294 2008
2391 3832
-3125 1063
3940 772
-603 -670
3763 -2705
861 368
-998 -1375
-2003 -1584
564 3974
-2178 -2742
2292 1320
-2247 -3031
-1016 -3191
636 2932
-2321 724
-2265 -1389
3305 -1058
-2146 -2578
-3927 -3229
-3094 -598
3700 -36
-3310 -1159
-4115 509
697 2018
-791 -1780
-372 -1937
1812 2170
-3653 3696
3542 -2586
-2510 -1000
338 1237
-2041 -1911
184 -2031
549 -3880
-112 -3329
-3310 2213
3247 2525
-3398 -3772
3693 -3848
2756 3727
-1774 598
2315 1317
-2135 -1581
782 -3256
-1564 -448
4208 3314
316 -143
-3508 -2460
3471 1993
-1889 -881
-587 1230
4178 -1590
-446 505
-271 1160
1939 1042
-2762 -1863
-1736 3776
2939 -3225
2302 -3930
2049 -2007
-3990 4003
35 -3840
-2275 1012
143 -3386
-3324 620
-385 -91
-3171 -1602
-3277 902
-192 -2878
-635 1050
-2388 -2417
2851 1944
-351 2114
2107 1493
-3193 -1581
1923 952
-317 -1052
2116 -2064
192 -3330
-861 1339
-2494 -2950
1043 -1723
1650 4176
-274 2662
1498 682
-1812 -1752
-686 2244
1921 1989
2205 1002
-2444 -3908
-1600 -581
2800 -1727
-353 -4002
-3880 1739
-2108 2887
15 2501
1489 -474
3221 1411
-3627 -3650
2997 3606
-2413 -2920
-1209 -875
3672 3239
-3392 -2254
-510 3396
-1479 3204
2975 415
-3058 2008
-708 107
-2754 -2349
3628 -1696
-2280 880
-2528 3063
-2718 -3926
-2178 -3465
-3907 1357
3599 146
3173 230
-3553 3769
-2282 1725
2758 -2964
-3099 3053
-2825 4166
1757 -2860
2256 -1418
2832 3254
-2141 1244
-1442 2395
-3390 3250
1993 1271
-286 -1188
-869 -82
352 -1159
-1735 1149
-3809 3975
133 1460
-3129 1240
3674 978
3743 2720
3236 1271
122 3437
-3966 617
-113 -940
403 1112
3019 3155
-3564 -533
3307 -1196
3539 2878
-3736 3288
-1285 2447
-880 898
541 907
166 583
1250 -2760
1623 2158
2111 1477
-1255 -1348
-550 -43
-2544 2468
-3095 3786
-1379 1483
3384 -3501
-2739 -3258
2195 -2509
-1442 1030
-2083 -410
-3266 2040
-573 1632
-2795 -2271
3220 1642
795 1008
3904 2233
-1975 3595
-3308 -292
-2423 2668
-1339 -2653
-1916 4026
-2222 677
-2239 -3665
1267 1389
1295 4380
-2603 3115
-753 1645
1649 1711
-4613 -76
-4332 4198
-4068 1367
1879 657
1179 784
573 -338
-3913 -3307
-3393 -2089
-718 -286
-3932 4522
-3656 -3061
1252 2919
3268 -1958
2601 -1474
-1852 -2361
-1869 -1780
-1819 -2639
-800 -2970
1197 2867
-2383 -1110
-1735 1325
2360 1101
-3473 3425
1701 -185
-3437 -3585
2309 773
2292 3278
1438 -2607
2080 1723
-1942 -768
-1293 2470
2888 1131
-2483 2561
2362 3475
1787 2855
585 -1543
-3319 820
-4106 1194
1629 1294
2333 1071
2880 -2390
3170 -1669
3048 -3487
-1963 182
-859 -3268
3850 1307
-1195 -3348
-3776 3091
-3061 -1745
-3765 -642
-3697 -1496
3444 1688
-1445 1643
-2968 -357
-3822 -1701
2863 3427
-4602 2714
-3524 3616
-2218 2682
2940 2606
-829 -591
694 -1026
-2800 -415
656 -2470
-333 2187
214 -2126
-4417 3158
-545 2404
-1950 -587
-4200 -2060
2493 -1391
1982 1501
-1439 -3326
2837 -1174
-1894 -1083
3019 -1272
-2063 -1563
587 -2603
566 -3637
2303 -2412
1874 167
259 -2696
-1443 -2188
-3129 -3488
-814 4085
1825 -887
537 3037
172 3723
-1466 1698
-1151 -2983
2769 1986
792 -1783
-639 3087
2639 -2006
1720 -2807
-1663 2174
-1117 -1081
-1789 39
122 -1796
606 -34
-2860 796
1186 -2231
-2436 1649
-257 1420
-2589 -3690
1940 451
-294 2344
3097 356
1711 -2883
3221 2871
-3989 331
-4421 -2155
-974 623
-718 -1191
-3753 -839
-3091 -756
2975 -2227
-853 1113
-4825 503
-3532 3276
-4651 4340
1466 4639
-671 3215
1364 3696
-1147 -1476
-2903 -2716
-996 -2961
2625 204
1757 -2360
-1944 -3400
-3937 -2456
3072 -775
-1185 -755
-3348 637
2438 -1552
-3426 2827
184 -1261
-4118 -3415
-413 1060
993 -1847
-923 1108
-61 1475
-3607 -2947
568 -4126
1311 -3580
2340 3415
3598 -3584
810 -2267
1279 2504
769 3754
2008 1405
1946 -1846
2212 2358
-1053 -1146
-3065 -3606
741 1864
-587 3846
1394 -3049
3539 2425
153 -2469
-3578 -334
-4249 -2711
3779 3048
-2709 3558
1250 -838
-1597 1657
2568 -3023
-4381 -2772
210 936
-2921 1752
-541 1099
-2460 -3105
1786 2284
2784 1177
2366 -1394
-3045 4952
307 3911
-3 -2705
2615 5374
-3850 3659
2518 -2367
-3161 -484
-416 2822
-4470 1202
2263 4680
-3592 184
-3836 2036
-1349 -274
2653 -1630
-153 -2144
2395 -1425
3541 -2812
3193 4388
1195 -2778
-1198 1344
3253 4314
3045 -40
-610 2978
1592 -340
25 3465
-2816 -393
1226 -1900
3996 -928
-1774 -1793
3021 -1505
3163 -2702
3340 -3948
2662 2156
1733 -1725
-54 1311
-1380 -275
2836 -2268
726 -1364
-1079 3260
1712 2909
-143 -513
-1595 -2628
-3757 878
-3519 3468
-1234 -1817
-2049 -670
2642 2296
-2992 -2844
2766 -3144
-1441 -647
-1194 -2139
1973 4308
-423 -143
-3897 846
1289 1883
1021 4872
-4690 1787
-4207 -2304
1881 389
415 3051
1907 -605
-1731 5660
-476 4750
2131 2123
-4365 1779
-807 4757
-198 -2115
-2798 -1690
-3741 -2974
2344 1299
-1635 3513
2648 3158
-2355 1061
2693 2860
-169 2221
-1729 -2185
2421 3188
-1393 3760
-313 -2503
2054 319
-551 4057
-155 1682
-3286 3663
1978 239
1279 -2066
3888 -2297
-2846 -4061
2080 3838
3355 453
-3320 902
-3071 3815
-3836 -2156
-1215 2700
1507 -1881
1666 3184
-1277 2856
3795 2984
57 479
-1018 -2136
-1677 3919
-328 -2470
2835 3295
-1438 3809
1034 -944
96 -2213
3504 2201
-2270 3771
1832 -2735
-2156 -1519
404 4625
-2829 21
-4602 -1377
-2899 -889
776 -65
-22 484
-1236 -1962
1531 2340
-4062 3409
-4250 -900
-4529 4978
-3084 272
1735 4570
2370 1048
-2699 -838
1575 -1203
3071 -2181
1959 1221
-695 -2397
1705 -1611
-1678 4220
893 4684
-1313 -236
418 -1818
2285 -1528
335 2725
783 3199
3654 1403
3507 1602
-4360 3277
-1813 3069
2615 -2102
-3652 4312
3566 3089
1265 4453
-948 1731
-913 3338
3685 -1709
-82 -871
3391 -2115
1537 2890
2682 3223
-3640 -2126
92 -1813
767 -3015
-2852 1043
-1159 3305
2566 2985
2102 4112
1279 1617
-3098 3819
3343 -2318
2786 -2132
1572 2377
504 136
2081 1953
3323 2071
-3313 4267
-5000 2792
1248 -2579
1069 -1904
753 4126
-2661 5075
-3105 -1191
-181 2880
-5178 4780
-408 2736
-5440 4910
2305 6379
1736 1031
-2656 48
-3687 2795
3226 1127
-929 1211
1047 -322
-2256 -2658
-305 -12
128 543
-1507 -1324
-4008 -408
1876 1952
606 4194
-1140 1532
199 2615
2135 -2541
-2153 -2749
2038 1247
2691 4316
1291 3819
-2607 1925
1600 3127
-6 3696
2662 -3537
-2398 624
-3968 -3562
120 -305
-22 2291
3207 403
-1935 2249
-1157 -990
-2067 -1869
-1536 -1306
-493 1657
-786 -3577
1391 2897
-3913 3151
-115 665
-1795 1098
-2714 1874
-270 3160
1752 -1915
2095 1416
3008 1934
2159 2474
1835 -726
-1050 909
-459 -74
-4356 1016
-1048 3529
-4212 3496
-4686 -1503
-4037 2492
-3435 3772
334 4141
-2650 3315
-2641 2410
296 288
-3458 5115
2055 1243
178 3514
-2874 3832
-3419 -173
-2383 -2217
438 -2692
2120 -2696
2552 -3365
-3787 4449
2042 1310
-3830 -3507
-836 -1199
2286 -1487
733 3463
-1047 1922
-2152 -1953
1971 1605
-860 4107
-193 -3572
-595 -943
1749 1559
3403 3923
2750 444
-3946 2358
2448 -1174
-566 -786
1660 1296
-3642 4081
59 -361
-3471 161
3349 -590
-621 -1659
1213 -293
-3069 622
3315 -1819
1552 -583
-3918 -3540
2995 3263
2769 895
-1877 -293
3450 2607
3213 -2196
-1680 3501
-2110 1448
831 1820
2687 3936
-2362 44
-603 -462
-4043 3417
-4747 -567
-999 847
-2336 2007
-679 309
-375 1951
-4506 609
-1948 -1449
-404 4161
-38 4231
1882 5453
2592 -2007
841 -2494
-1778 3436
-132 -793
3121 704
2119 3835
-696 3725
1060 -160
-23 3974
-248 -1285
-421 -2155
-4373 621
-1987 3152
-1063 -3106
2285 -2669
-2720 -1338
-2897 3767
-899 -3009
-891 992
3554 366
-1897 -832
1296 3016
3739 912
-2824 -3833
-1843 -3319
-1307 -490
941 1329
-1763 -1441
1138 -706
889 -1567
-3104 680
-2545 3352
-3456 -2065
-1654 -1361
2978 -3482
3029 -277
-2165 2786
-760 -2616
-1243 1583
2119 -3269
-792 374
1747 1017
783 -1180
1951 -2638
-986 -1759
-2383 1514
-1238 756
-1544 1554
-278 2086
-938 4014
-1802 3413
3243 4665
-311 3995
903 4839
-1298 1822
-3547 4056
-4936 -2283
727 1543
-1024 1453
-1534 2434
776 -1227
-1556 -180
2629 -1140
-188 405
278 1149
-3951 -1726
3194 -944
-1798 430
2345 244
-2499 2591
2650 -375
1742 -1250
-967 2495
-2167 -3349
3817 -3175
-2303 3572
-2444 -2178
-1069 1875
-1373 -2217
-3795 3610
381 382
3375 2230
3529 -2864
-1645 -1160
-3400 2212
76 3301
1379 -2669
1929 -516
-355 917
360 -1806
159 3623
-1492 -3148
2443 1391
2529 -1426
3437 3449
-3126 3044
-2619 3740
14 -2723
-2175 -1591
-108 -777
-2317 -3403
2135 -2604
2949 -158
-3093 -745
2805 -1676
685 2935
-4150 1994
-2925 1429
-3082 -205
-4510 4769
3091 -2803
-1229 -2251
222 -39
2453 -2626
-1215 -288
-2657 -1686
143 4468
-3832 3783
3576 -1279
-2962 332
1003 -2321
1353 -1419
875 3413
-1395 3208
2987 317
-4246 -4006
-4053 3766
1566 3449
-589 -3600
1439 -420
53 3936
-3249 3817
2100 -2498
-2677 2712
2288 1725
3520 -2632
-758 -1673
3533 3084
898 -2976
3174 1609
2254 1943
-1976 2506
749 1980
1 -2125
-1584 3349
1968 3120
1205 -2537
-3898 947
-1232 -2022
2677 -845
-1242 -2877
-968 3658
-3787 482
-1949 -966
-128 2833
-3491 -1267
3280 -1090
2790 2122
1352 -566
-935 4344
-2371 2187
-1334 3749
1010 3043
3460 -1656
2252 -1675
-2381 -1734
-4473 -1278
-2881 -1217
3163 -999
3489 2979
-893 3703
-4094 -2437
-2980 101
2511 3906
1830 2602
2853 527
2047 3117
-2132 -667
-4314 764
-3975 3947
3716 2942
-154 -980
-3829 -3803
3324 3132
-3055 -2521
81 -2498
-2650 2314
1427 -2791
3354 3635
-1971 1798
1746 2242
-1013 704
-1723 -1860
252 4033
-3535 -1322
-3482 3137
2652 2272
587 1837
688 -1363
1517 -956
855 3223
2279 3152
206 -3861
1618 -1187
129 1329
-1858 -3586
2810 2210
-1696 2349
-4056 1742
-1568 4298
-3224 -472
108 420
-2376 -3085
-3015 -2504
2976 3306
3151 -1670
-2513 1208
269 4003
-2890 896
972 1629
1014 -3469
-3510 199
1757 466
-1399 -288
-2940 2582
3593 -1852
389 1462
-2986 306
-2678 1020
-1994 -1168
3038 -2006
-1793 -136
-181 1505
-1418 918
540 -622
709 4711
831 -3435
2982 716
692 -1248
1512 -712
2090 645
-4299 3049
2520 2647
-2526 754
3371 -3400
2719 -3728
2807 -2533
-3550 -1539
-4096 -3763
-4307 -2460
-560 -1316
2615 -315
-1073 1439
-3946 3214
-1953 317
366 -3744
1461 -2398
-3545 -547
-1140 931
454 -3551
-3884 1982
-3077 -3678
585 75
2081 -2298
3830 -1912
-2020 3350
-1215 903
-2222 -2941
852 1437
3513 3785
22 3881
-3825 262
-2432 -517
913 -3521
1895 -2533
-2070 427
-1039 -2456
-175 2980
1035 2661
-3649 1904
-378 2967
1820 -2297
3503 -1865
-325 4597
-322 -1428
-1011 2834
-2139 4642
1190 4430
-3921 273
1206 -539
-4390 -95
-1301 1645
-3240 142
-1331 4604
841 -2191
760 987
-2370 3771
3520 -2818
2285 -3620
-1110 2998
1530 3258
-2914 -2232
-1523 2091
2813 1527
-2961 -3543
2212 -2100
3875 3934
-2424 -756
-2334 552
-3559 2012
2451 791
354 -3971
-4081 -1898
-3220 3946
-440 -918
2537 -3319
-751 3837
-1090 1643
-2943 3277
-609 -124
-515 4246
-2821 4084
-2058 2790
-1501 1777
-1694 -3178
-3513 1150
1953 -3485
-4042 -2711
276 4129
-3637 3823
-2184 3300
1217 -25
3733 -2479
611 -1411
-4136 -668
-482 449
-669 -3284
-2586 -1660
1841 1533
-3211 -1878
-1800 2713
-2540 4501
-3529 3851
-404 -39
-104 4100
653 1025
-1102 2665
-3250 1964
-1750 -70
763 -1214
1659 -2031
-611 3534
-272 -2556
-1076 3704
860 -3734
1296 1312
-3354 1071
-4175 -3600
5 788
2312 -2854
1458 -3555
1727 1837
-3761 2482
-223 513
-827 -3321
-4224 156
-3364 -4171
1093 3447
-311 -1544
-2074 1701
-1403 -2466
-1893 3022
-689 -171
3382 -803
1720 198
1003 3414
2772 2372
-1443 -3297
-2702 -1938
134 4103
-4092 -1434
-883 -632
-2853 151
74 -3503
-1995 -3366
405 2286
3007 -2127
649 1073
657 -62
-1823 -1475
-1538 -2305
414 573
-2568 -1089
-3767 1118
3359 3029
3086 3846
-1956 1889
1514 -906
2619 2240
-3745 -2798
-4063 3653
-3886 -2292
756 2327
-1148 4326
1254 1279
-3080 -1166
-3881 -534
815 4035
417 4652
-3865 -950
694 1608
-3053 592
3224 2282
3423 -1105
1275 927
1360 999
-1943 1073
-2697 -4072
-1217 -2646
1013 -3127
1649 420
-3854 1096
1344 3668
-1705 684
-1133 -2166
2622 -4266
11 -1844
-474 883
1053 -1155
-1997 3960
535 2148
2139 -2513
-4015 1756
-808 -2722
-3619 -3809
-2871 3563
-1885 -3084
3658 -4109
-596 2452
-2959 -667
-1605 -1693
2323 2524
-894 3272
1542 1589
1893 844
-863 2704
-2907 1863
3036 -892
-1666 2477
2834 2123
-2214 3002
2120 967
-2249 983
288 -528
2340 409
-1987 2153
-246 -3278
-3361 4280
3681 -3173
-1125 1085
3201 1436
-1824 1886
3349 386
2687 -2267
-2460 3870
-2368 2276
-3081 -1426
-4047 -1125
3415 2689
-2686 929
1123 1964
-3792 -1526
1424 -1839
-981 2093
-2762 -838
2418 3214
3820 3177
633 -3510
556 384
-806 -52
-2756 2593
632 2398
-2656 -477
509 3521
-393 579
3583 2689
610 571
-24 -2304
2609 605
-2835 3170
204 3673
-3151 1146
-6 3163
-377 2604
-2853 2962
-1991 -238
2227 -263
-3451 660
-1824 3665
-978 -2339
-1356 -3546
-334 -2600
-2787 -949
-3474 -863
2904 221
2781 71
3552 4405
-2637 1246
-3107 160
768 2764
3123 3497
948 -1742
-3971 -1447
-3234 -3311
3182 156
-1934 -1683
-3517 1620
-3236 3222
753 3605
-3988 -256
-933 -3319
-3169 2544
-3827 -2430
-370 4615
-1691 732
3207 883
-3369 -1666
-1459 296
-1015 -1016
2944 -2713
-4081 -1305
223 -900
-176 -354
2637 1205
-190 -1231
-948 -2454
2650 -3431
2465 3399
1217 -840
-2754 -3540
-3822 2075
827 -265
-1719 2465
-1321 -2328
1029 -3609
1630 575
-3649 -2612
1311 -2092
-1091 -1086
-3508 3950
-2232 -403
1360 963
-2919 -3206
530 596
-1728 -2401
-3101 -1641
458 4346
3575 4320
3001 -487
1547 -1807
-3760 -512
2969 1452
158 -1115
171 1587
855 879
2300 -723
5 1873
68 -450
-331 4133
-3923 1162
1909 4137
304 2426
3998 -521
-3867 2883
39 -1405
1120 -1454
2433 -2238
-2259 -2708
-553 2154
-3821 -1281
2124 -703
-51 -2865
2459 -3211
-3211 -3531
184 3996
994 140
-1663 163
2373 -2485
2735 947
65 957
1099 -2517
-2983 -3117
-2225 -1628
-4203 -3692
1447 -471
-3888 -2912
-500 1769
1607 -4452
-2010 -1346
-3966 374
-3586 -1304
452 963
554 -4012
2901 -2124
741 -1901
330 -2108
3455 2340
-3167 -635
378 3029
-3532 415
-840 3069
944 1827
419 3311
-2411 -1304
-3763 -377
3830 1074
-3626 -1676
891 -1913
1833 2560
2427 -2233
-710 4289
3205 -3243
592 2119
3096 -2594
886 -1478
-3535 4059
-2422 3340
1908 -2533
2229 2958
-1274 -1376
1175 219
2290 -2641
2116 2747
1360 -1924
231 1791
2803 652
2464 1435
180 3289
586 -882
-2092 -1124
1119 -887
-752 628
-2042 620
1842 -1333
1372 -3220
-411 -3807
1435 -572
-867 -1423
-2848 -1549
1496 -1885
2802 2680
-3360 -2920
-615 3414
-797 419
2192 3458
1731 -4453
3844 1874
-1999 -3397
-731 2260
-2201 2626
-942 -249
-1103 -406
2936 2296
-3402 1410
782 -1099
-1055 1258
2469 3721
2228 -2086
-764 -721
-382 -1005
-2055 -4035
-2806 -1339
-4176 -724
-1478 -1129
-1172 3137
-3499 -2981
-2494 1567
-2875 -70
1978 -2028
-3916 -3447
-1036 4293
-2639 3638
3840 -1774
-3276 -2552
-485 838
-46 -544
-1141 2484
-3436 -3293
-342 -711
2958 -1013
-2634 1449
-1814 1455
-150 -11
2355 793
-775 2114
-3414 372
-484 781
1923 2363
-1801 2370
1429 4224
-116 3624
-3430 4287
-2935 2482
-2046 -2801
-477 -1650
3529 -2168
-3193 -239
-4392 -3056
915 -1931
3639 -2456
1627 -831
419 -510
3765 -2975
739 -3797
3017 3228
-3747 2707
364 2816
2297 1093
-3878 1263
-1374 771
1082 -433
3542 -1860
297 -1332
-3852 2549
-2156 -2541
420 2513
-2589 -3851
1942 1493
-3702 665
-3990 3327
-1732 -1167
3196 283
0 3585
-3222 -3097
-3168 -2352
-2956 2337
2738 3702
-1367 2082
1840 3009
4125 -3535
-1799 -3354
-3279 -838
-2326 -2730
3152 1828
-422 2449
2837 -3470
-79 -96
619 3979
-1732 173
1081 -1662
-1437 -1092
-116 1894
1300 2824
1848 -1006
4142 1469
-2360 2572
2097 -1525
-2458 -1660
4078 -1493
2514 -352
3520 3423
-1639 -1738
1646 4289
-1690 -1049
1704 2343
169 -976
3743 810
-879 39
-2995 -2738
906 2249
-1359 908
3828 2496
3055 2057
1794 2141
-1418 -2622
-2135 -165
1785 -403
-162 -3434
2709 -1924
3802 3575
-3407 2059
-3189 1859
-3224 2823
2869 -4206
1368 -42
-893 -3932
574 -2040
-3069 -1751
2751 -641
-984 962
-1835 702
3589 1742
-1975 -1702
2967 -3255
-1844 -3676
2969 -2657
3231 1317
-1541 4479
628 2187
2212 3043
-824 -1132
-510 3543
-2426 -457
-2240 2228
3046 4458
-282 -969
-1918 4565
-3544 2837
2285 -2216
3649 -2098
-1637 1169
1020 3345
2228 2036
-1634 2819
-782 1502
-1340 2758
-1194 -2644
219 -979
-2661 677
2260 620
2921 3182
2830 -2206
-4125 4335
-1502 4021
1337 1373
471 750
-3665 -282
2064 -2185
3388 3187
-3149 -1043
-3215 -1882
3910 -597
1387 -4374
3593 -1796
-4164 -1254
-3101 -1462
-172 -1210
2028 -149
-2008 2228
3764 -1186
-2721 3048
1771 854
-4207 -20
1685 -4116
3076 3319
-1369 -1248
-1221 3567
2232 -2588
-638 3268
-1228 -1931
-928 3866
-261 -2038
-550 -1432
-804 4499
166 3605
3763 1504
-2869 125
-478 -2874
-1606 -623
-1097 392
445 382
-2048 -2630
-1523 -3320
3948 494
-2667 3903
3298 1544
-3369 590
-607 1178
-2125 2111
2279 -3194
2693 90
3693 1438
3971 3972
450 4189
837 3659
-1206 -1005
-2631 -2130
-1578 -2383
1865 1082
1734 3475
-4190 2783
2400 3198
-2531 -3152
-2275 2584
3248 -1357
-3832 842
2470 103
2774 2358
-288 2258
-2345 -4284
3080 -1105
-1230 586
-1924 -2952
247 657
-1609 -2666
2796 2919
-197 -1742
-1364 1212
-994 -1567
2841 2
2683 2969
1723 -897
-1446 -2936
-2455 -3565
-1259 -4257
534 -1725
-2398 -3790
-1106 3554
2729 976
240 -4212
-1250 -2836
3161 2765
-292 742
-2245 3808
-1324 -1344
246 4301
3142 396
1073 -3066
2972 3510
2154 1807
2874 -2798
2111 -876
-1905 2400
-1882 -3661
3613 925
-2712 1374
653 -3362
2483 -895
-344 317
-1640 -1898
-1303 36
-2564 -651
3471 2539
-887 -182
-3506 498
-2965 1965
-495 -3433
54 -1576
-2464 1674
-1862 2723
-3182 -1706
3008 -730
3006 2923
183 1273
1488 2383
1966 -3860
-1985 1025
-2451 -104
-1870 -2729
-3277 -3213
-1210 -2428
2740 -2700
-3820 3579
1526 2214
3288 -2694
3402 -1941
-2939 -1219
-1277 665
719 -2965
-998 -625
-1978 2233
-766 -3745
3902 -436
-108 1522
-775 3354
-935 3701
1432 -1044
-387 -979
177 -134
-3531 -2394
-1794 -3475
-2145 3913
2550 -2215
1089 -2394
-2888 -1705
-1363 -3058
3619 -1563
-3167 1149
-103 2847
1494 -3405
2114 39
-345 -3290
-1900 3931
984 -1203
-833 -1980
-2550 3875
-2457 2614
1080 1081
1809 -2868
3900 -3611
1778 -2598
-3885 1135
4095 2122
2372 1597
-309 -1182
-343 -1332
2383 3427
929 -491
-4253 1847
3018 -2852
-1001 3705
-689 -557
675 922
1714 374
1814 2012
733 1696
2727 -1977
1580 -4212
704 -87
-591 -1628
-2410 -402
-720 -4167
-3691 2240
-3985 2791
-2995 -1795
-2500 -3273
-2248 659
-1335 1271
-4147 -2312
-4220 -3196
-4042 -3158
2438 -3259
-1774 2243
3521 3950
1891 -2102
2766 -1962
2881 -820
-3311 -1929
2415 -2245
2364 2888
-2461 3703
3224 -2664
3463 3339
-695 4498
-1935 19
3703 -698
-1058 4424
-1370 2122
3615 -900
-1089 -306
1737 -1511
-497 2025
515 3836
1915 2205
-580 -764
-2260 532
-197 -2962
-767 4414
4030 -3296
-3330 3658
-2441 3354
3833 119
3736 -2240
-1175 629
-1310 4453
3564 -3150
-2717 2787
2924 -1243
-3230 -2038
-1016 2142
-291 937
1123 533
2304 -1811
-3955 3265
-4108 -1829
2253 -3449
1347 -2868
885 2768
2174 -1890
3125 -2735
2119 503
3664 1092
298 928
3612 1664
3138 -815
3843 3795
1631 -1188
2148 -1499
3467 -3519
-2494 2997
-2526 1103
3737 1533
2574 2482
1883 -3116
383 -3362
1352 -2683
-3541 -2301
-3638 -1167
1864 -1994
2275 1865
1004 1911
764 1635
1914 12
-2370 -1946
-890 -552
-3650 509
-2749 3737
136 -5
-1502 2983
3669 -2194
1625 3192
888 -454
872 -428
-470 -1391
-660 -808
2376 751
3064 -2668
-1474 1823
-1746 1270
-404 325
3201 3638
-1042 -741
2503 4353
3088 -1837
-2557 2086
3167 996
3180 -3472
2196 219
2305 2257
-1983 -3392
424 1581
2427 -436
-1957 -2522
-4399 1161
2074 1160
-1263 -2097
3854 15
-1947 -269
-1198 -1547
-386 -3260
1588 -3750
3400 556
-3237 -2457
-2900 -2839
3119 2447
-195 3661
3747 71
-1886 -2924
-3545 -1665
-4278 1206
2951 -523
1337 236
-1760 196
-3181 -2325
967 3369
-1229 -3067
693 -2545
-1683 1504
-706 -3433
1288 -2966
2371 -1810
1273 4239
3472 -2241
-513 1290
-317 -2787
-1293 2730
-1432 2279
1346 854
-1720 768
-1736 3905
1360 -113
-1566 -2434
-148 -2412
900 -3372
1399 2784
-3812 327
-3478 -3048
-235 3201
3079 -3469
-2860 2676
-817 -193
-1839 -1433
3013 -2742
729 -2128
-3012 3748
-1461 -1985
-916 -3370
-3779 2096
-2533 -1247
3270 -703
-2102 1805
15 3810
-3690 2455
1921 -3557
2718 -778
3834 1413
-2032 -1702
2626 3629
-2908 -1134
2260 -1074
3028 2913
3282 1368
807 -3887
3912 -3072
273 -1408
-3786 -3473
-1737 236
-1586 -1048
-912 464
1259 1937
-2128 -151
-378 3166
-2619 1746
465 693
389 2279
2385 482
-1749 2549
-3744 -738
-2155 -3138
-2659 1157
2361 4058
1850 1536
3842 -3432
2637 2911
2702 2327
543 2458
68 1804
1310 2856
-1681 164
2097 1720
3285 2880
657 3463
3946 4142
1491 4398
2117 -1745
2044 2526
-1726 873
609 -508
-2611 -2974
-3434 3831
-3750 2818
4048 -203
841 2055
-1779 -3288
3606 1956
116 -939
3631 -2700
-3590 2614
-544 -2425
-278 -3394
1837 562
3415 -2559
23 -1062
2756 -2802
3455 3753
-2967 1381
1581 466
1555 -738
-3806 -2911
-1272 1576
2576 -1896
3174 -2988
-760 213
785 3498
-3230 2703
-2420 3013
-3937 -1225
3549 -3719
-343 -3131
3579 -2251
896 890
3626 -1602
-2322 -2416
3286 258
-2266 1826
-2989 2945
1160 3160
-3589 -1735
-3277 3074
-2880 2512
964 -1497
1735 -2973
2774 4058
-3473 1025
156 -177
342 1812
-657 202
-3109 3529
-758 1731
3175 343
-231 1530
-1946 -2011
2867 -2980
1166 -3733
3328 391
-3207 2973
3945 1514
429 3958
-1348 -1820
1795 256
-105 -2724
-389 -2895
-2548 3358
3826 3875
-3181 40
1879 -3149
-801 -3076
-3449 -1416
-4024 3120
-3962 2620
-218 -1624
18 806
828 -3986
-1228 2542
1148 3851
-1661 2632
-2613 3747
-2641 3508
2273 3668
-3662 -3990
3614 1560
-2584 -1948
-3004 2479
2769 -3863
2878 -2962
2954 -3355
2627 -2772
-659 -624
1270 3541
-1755 325
2274 -1364
-3069 3764
3711 -2121
-2827 4322
2816 2420
-1943 2576
2200 4370
2600 2341
4169 -1788
-526 -2876
2213 446
3006 2938
-998 1023
-1427 2367
-2252 2452
191 -2068
2108 2098
3154 2105
2911 -398
1206 2757
-2130 -295
-4021 2622
-3403 1488
2327 -3557
-3136 -3346
2714 1036
-3981 1992
675 -906
1004 -458
3875 -2072
3918 2398
662 740
2927 -144
3941 425
3425 3138
-3788 -4001
-1682 1984
729 215
457 1
-3815 2509
-1800 -2049
-1493 -2329
-3857 -1211
3879 -1738
1126 2082
-146 2185
1057 1819
175 -1900
-2462 416
2357 -931
1684 -4167
-989 -1048
-3206 -1405
-665 -1538
-2015 -2171
-2573 -619
-905 2577
3600 598
-1736 3052
-3542 371
3157 -3140
281 -569
-2599 1180
3354 -869
-2825 2591
-2486 -2882
906 -3321
-2368 1784
2188 -2282
3671 1254
523 2119
-3212 -574
-1860 2902
1589 1587
-1106 -101
-1383 -958
69 101
836 2215
3473 -3567
1234 -2866
3000 705
1138 4206
-2942 -1753
3294 213
-2711 -3488
-2950 -103
3231 -3231
844 -17
1595 -1720
1425 -1825
-3473 505
3225 -690
-3940 -489
-3988 -2375
-2037 3206
-4186 1950
-462 565
-2052 -1072
1928 1886
-2564 295
-3432 1226
-4013 -194
1635 -2277
-2722 1661
-2258 283
-614 1266
-3785 3301
-2891 -1045
2072 -229
3348 -510
974 3166
-260 -1922
431 2974
-368 850
724 -220
592 1929
-3758 -2447
525 -149
-877 -1746
3819 -502
2420 2601
-3215 -502
-445 -1999
-1448 1910
4027 4098
2441 -3364
1725 4014
-888 -1543
3285 -1360
-3775 2020
1516 46
-1193 4210
275 -1986
3285 -3229
2080 2110
-298 -1505
2667 -1510
-3291 -1598
-2371 -1841
2147 2253
2143 -3099
82 3684
-834 -2699
463 4063
-1134 -1071
-727 4060
3980 -3338
-1153 -964
691 3163
-2254 -3033
-2623 3684
-386 -2635
-1641 1990
1567 2410
-2170 758
-1020 -3887
3046 -3123
286 -1630
-3706 -1267
-3603 -1940
-2633 -1047
-1251 -645
2261 -936
1546 -66
546 -1004
3956 -2872
-3638 -3202
-2034 266
-1021 2759
845 856
-153 1454
2371 -2562
-1079 -4285
2336 3727
1211 -2078
-356 2669
-3945 -2580
182 -471
2268 3058
2482 -2643
0 0
0 0
0 0
0 0
0 0
0 0
0 0
0 0
0 0
0 0
0 0
0 0
0 0
0 0
0 0
0 0
0 0
0 0
0 0
0 0
0 0
0 0
0 0
0 0
0 0
0 0
0 0
0 0
0 0
0 0
0 0
0 0
0 0
0 0
0 0
0 0
0 0
0 0
0 0
0 0
0 0
0 0
0 0
0 0
0 0
0 0
0 0
0 0
0 0
0 0
0 0
0 0
0 0
0 0
0 0
0 0
0 0
0 0
0 0
0 0
0 0
0 0
0 0
0 0
0 0
0 0
0 0
0 0
0 0
0 0
0 0
0 0
0 0
0 0
0 0
0 0
0 0
0 0
0 0
0 0
0 0
0 0
0 0
0 0
0 0
0 0
0 0
0 0
0 0
0 0
0 0
0 0
0 0
0 0
0 0
0 0
0 0
0 0
0 0
0 0
0 0
0 0
0 0
0 0
0 0
0 0
0 0
0 0
0 0
0 0
0 0
0 0
0 0
0 0
0 0
0 0
0 0
0 0
0 0
0 0
0 0
0 0
0 0
0 0
0 0
0 0
0 0
0 0
0 0
0 0
0 0
0 0
0 0
0 0
0 0
0 0
0 0
0 0
0 0
0 0
0 0
0 0
0 0
0 0
0 0
0 0
0 0
0 0
0 0
0 0
0 0
0 0
0 0
0 0
0 0
0 0
0 0
0 0
0 0
0 0
0 0
0 0
0 0
0 0
0 0
0 0
0 0
0 0
0 0
0 0
0 0
0 0
0 0
0 0
0 0
0 0
0 0
0 0
0 0
0 0
0 0
0 0
0 0
0 0
0 0
0 0
0 0
0 0
0 0
0 0
0 0
0 0
0 0
0 0
0 0
0 0
0 0
0 0
0 0
0 0
0 0
0 0
0 0
0 0
0 0
0 0
0 0
0 0
0 0
0 0
0 0
0 0
0 0
0 0
0 0
0 0
0 0
0 0
0 0
0 0
0 0
0 0
0 0
0 0
0 0
0 0
0 0
0 0
0 0
0 0
0 0
0 0
0 0
0 0
0 0
0 0
0 0
0 0
0 0
0 0
0 0
0 0
0 0
0 0
0 0
0 0
0 0
0 0
0 0
0 0
0 0
0 0
0 0
0 0
0 0
0 0
0 0
0 0
0 0
0 0
0 0
0 0
0 0
0 0
0 0
0 0
0 0
0 0
0 0
0 0
0 0
0 0
0 0
0 0
0 0
0 0
0 0
0 0
0 0
0 0
0 0
0 0
0 0
0 0
0 0
0 0
0 0
0 0
0 0
0 0
0 0
0 0
0 0
0 0
0 0
0 0
0 0
0 0
0 0
0 0
0 0
0 0
0 0
0 0
0 0
0 0
0 0
0 0
0 0
0 0
0 0
0 0
0 0
0 0
0 0
0 0
0 0
0 0
0 0
0 0
0 0
0 0
0 0
0 0
0 0
0 0
0 0
0 0
0 0
0 0
0 0
0 0
0 0
0 0
0 0
0 0
0 0
0 0
0 0
0 0
0 0
0 0
0 0
0 0
0 0
0 0
0 0
0 0
0 0
0 0
0 0
0 0
0 0
0 0
0 0
0 0
0 0
0 0
0 0
0 0
0 0
0 0
0 0
0 0
0 0
0 0
0 0
0 0
0 0
0 0
0 0
0 0
0 0
0 0
0 0
0 0
0 0
0 0
0 0
0 0
0 0
0 0
0 0
0 0
0 0
0 0
0 0
0 0
0 0
0 0
0 0
0 0
0 0
0 0
0 0
0 0
0 0
0 0
0 0
0 0
0 0
0 0
0 0
0 0
0 0
0 0
0 0
0 0
0 0
0 0
0 0
0 0
0 0
0 0
0 0
0 0
0 0
0 0
0 0
0 0
0 0
0 0
0 0
0 0
0 0
0 0
0 0
0 0
0 0
0 0
0 0
0 0
0 0
0 0
0 0
0 0
0 0
0 0
0 0
0 0
0 0
0 0
0 0
0 0
0 0
0 0
0 0
0 0
0 0
0 0
0 0
0 0
0 0
0 0
0 0
0 0
0 0
0 0
0 0
0 0
0 0
0 0
0 0
0 0
0 0
0 0
0 0
0 0
0 0
0 0
0 0
0 0
0 0
0 0
0 0
0 0
0 0
0 0
0 0
0 0
0 0
0 0
0 0
0 0
0 0
0 0
0 0
0 0
0 0
0 0
0 0
0 0
0 0
0 0
0 0
0 0
0 0
0 0
0 0
0 0
0 0
0 0
0 0
0 0
0 0
0 0
0 0
0 0
0 0
0 0
0 0
0 0
0 0
0 0
0 0
0 0
0 0
0 0
0 0
0 0
0 0
0 0
0 0
0 0
0 0
0 0
0 0
0 0
0 0
0 0
0 0
0 0
0 0
0 0
0 0
0 0
0 0
0 0
0 0
0 0
0 0
0 0
0 0
0 0
0 0
0 0
0 0
0 0
0 0
0 0
0 0
0 0
0 0
0 0
0 0
0 0
0 0
0 0
0 0
0 0
0 0
0 0
0 0
0 0
0 0
0 0
0 0
0 0
0 0
0 0
0 0
0 0
0 0
0 0
0 0
0 0
0 0
0 0
0 0
0 0
0 0
0 0
0 0
0 0
0 0
0 0
0 0
0 0
0 0
0 0
0 0
0 0
0 0
0 0
0 0
0 0
0 0
0 0
0 0
0 0
0 0
0 0
0 0
0 0
0 0
0 0
0 0
0 0
0 0
0 0
0 0
0 0
0 0
0 0
0 0
