2719 -3505
466 176
3017 -3646
1609 1761
-3411 2246
-4162 -2377
-24 2826
1142 3433
-3013 4246
-3863 3998
3126 -1828
-2139 1022
-3049 -764
-2361 3016
-2799 4299
1668 -2243
3482 3119
2138 -3244
3764 1755
-1483 2825
1268 -2471
251 -3246
3403 1132
2909 -2989
4040 3406
80 -3409
-964 -228
1658 1967
-600 -1180
2621 -973
-2747 3441
-2755 -3958
-2250 1922
4159 1776
-2062 -1688
2018 -1040
1430 -3759
2303 -3976
-3168 2051
3712 709
4061 -1323
-1154 -3334
-3265 -1037
-1155 -3806
798 -3646
3581 338
3006 -2919
-1189 -2858
2219 -1413
3857 -2842
3156 1064
3259 -2997
1657 988
-459 -2219
-3 2258
-3229 -586
2198 2681
1475 1078
1888 -668
-3164 -3666
59 -3727
962 1151
2948 3326
-1433 -2634
-3885 -2011
954 3978
-3446 943
594 -725
-386 -1562
-2665 -2144
-3796 -3003
1866 1095
2294 668
929 -1682
-3271 3977
-3375 -1521
-1064 -116
3469 1579
-2241 -259
-2225 -2479
3159 827
-249 -578
1397 334
3495 1063
-1323 288
-1307 3091
-3219 -834
-218 1603
929 -1497
-3433 3624
-8 1687
-557 3806
-3081 -1790
1882 -2846
1138 -3423
516 2957
-801 2447
3468 147
-459 234
-3445 -552
4028 -1753
109 3596
-1677 3740
-258 1259
3222 -3832
4084 2973
-4088 -1029
534 -3230
2925 2631
-2818 -2176
2745 2876
2898 -352
-1464 -3988
-3156 3793
-2364 -20
-3854 3621
332 -543
-2313 721
-2697 2723
643 -2471
-1099 -3729
2584 -684
-200 -1882
-2920 -2174
295 -1712
2860 3754
1263 -939
-1631 -2231
-1811 -1382
1049 1789
2290 4168
-4101 -2752
3119 2243
-196 -408
621 410
-2202 294
2699 653
2741 721
-2203 4083
-2972 4051
3397 -538
-462 -1369
-4036 894
-1212 -1185
2097 -1350
3280 2239
1089 4150
-3385 1328
853 -323
2476 -2352
-2102 -1911
3938 109
-3814 3863
257 4177
-2952 4161
-2627 -3967
-1813 2913
972 -2159
2350 1308
2593 1981
-1267 -3047
1213 295
2504 3029
4095 2599
3892 -3158
-1158 584
-2781 -917
-790 3135
2193 2782
3002 -3536
-1718 1921
964 -3957
-3924 2443
3677 4168
3731 -292
-71 -1425
-2082 -930
-1998 394
-2116 -2050
-2281 495
-1170 -3733
685 -2472
1431 -487
-2984 -3713
961 -3338
-1924 2379
-3709 1166
-3119 2479
1820 976
-4181 3350
85 155
241 -1807
3589 -3536
1281 -3687
411 -1313
1822 2717
-2328 -1303
2726 -395
2848 3092
1457 -2101
-2225 3056
-3984 -387
807 -416
257 1307
-3408 3231
2404 3487
3433 3636
3503 2899
-2938 1604
1093 -3669
616 935
-1781 -3756
1154 -417
206 -3243
-3156 -3663
-2598 1489
-2995 2362
1935 -2954
-1850 2937
-1121 1309
4028 3281
755 1285
-3205 2608
-65 4205
-1664 -3626
3527 479
-2809 3621
-799 632
2402 3468
1225 -2310
-3051 -3202
-3798 4157
3769 560
-446 -2751
-111 -812
-3287 3782
-3305 1686
-1159 4197
631 1749
1361 -3280
-1854 -829
1073 2497
2947 -2165
-3137 -1836
-2991 1051
-383 -3101
3398 -3632
-1303 2944
-3907 -528
2057 1153
2690 -800
3294 -83
1089 -3113
1280 -2706
-3346 3927
-1903 -1248
-88 802
4026 3551
501 -432
-2393 -273
-1134 -534
-1289 4327
-6 -2907
2705 918
-928 3428
601 -939
-2241 -451
-3201 -566
892 -3688
70 891
4091 1030
3413 -643
3285 -1932
-1739 -815
-1522 746
1416 3021
3992 -1280
-162 854
1479 839
1775 -3012
-2778 -1488
442 -124
1612 962
-3933 1516
2076 -858
-2439 3589
3979 -2913
1499 2063
3563 136
-1404 3711
-279 2339
-813 477
2552 429
-3647 2034
3278 -357
-479 -665
-1661 -2921
3382 238
-3167 -1779
2108 -1685
3061 2256
501 2329
97 3296
-1328 2746
1288 1880
-1530 -1195
-2373 -620
-3437 1682
-1143 550
444 2694
421 -3233
-2663 -456
-1639 -795
3810 4111
-2204 3721
2626 1274
123 -543
-3387 -2271
2562 4132
-1219 253
2919 104
2673 1747
79 -668
3689 -1601
2369 780
1426 -1799
-2170 -3724
551 295
-2249 652
424 -2390
3651 1036
-1635 -2507
-1909 841
1073 -1031
-596 2216
-577 3264
3562 -1358
-3650 -3865
-3595 -1327
951 2494
821 -2002
2869 2895
-1380 -3446
-1752 3977
-2348 -3327
1073 -894
2730 -1616
885 -2036
-3684 1189
-2682 -2783
-956 610
-1381 -1521
-1563 -1566
2012 -3602
-3098 22
3965 1673
-442 939
2839 3254
2893 319
-4048 3512
2431 -427
768 2786
-3526 -452
-3401 -3252
693 -1278
264 1509
-1028 -859
1238 -3262
450 4102
3229 -3794
2806 -990
2462 -287
3114 3554
3908 255
-4073 -3738
1191 3579
-1134 228
3434 2041
-3729 1455
993 387
-2273 1326
643 -230
1753 1918
-2093 4094
-3375 -321
1571 3158
181 -1227
-1182 2489
-1704 2987
-3186 248
2726 3964
2737 -3986
-1051 -1885
2853 2697
-3445 -3215
3051 52
-1565 -3254
-2231 -583
2147 -1637
2614 -2495
-488 -2218
3275 3382
314 -2379
1236 -972
-3112 2006
1886 3217
-794 3375
-3132 -42
-2589 -1104
3267 -3371
-8 -468
-2532 -962
2696 3950
1630 -2587
-109 3936
1504 -1397
2813 220
-3475 2979
1776 1183
14 773
2295 1982
-192 -491
2205 -1951
-1567 -2378
-2031 349
3474 -1027
1250 -2669
-282 -3239
-2774 -1492
2227 -2448
-1745 2793
-2129 -2870
321 -796
715 1429
-3670 2457
-4182 3626
3546 -1516
2885 -330
788 -2519
-3240 2400
3008 -2202
-3660 -2698
-2504 -64
-1474 -442
893 -2265
-2494 -649
-325 825
3951 2937
-336 -3577
140 -1170
2436 2549
-748 -264
2429 -2619
-3254 931
-668 2528
861 -2683
3032 4096
-60 634
2440 -1219
-2482 1160
226 1661
-755 -423
-3391 -2200
-964 -937
-587 -3873
-2151 -1857
463 -3656
-3513 1926
2141 3973
2430 4057
-1211 847
3720 -432
2881 499
2073 1742
-2522 -2679
-3552 -1463
1786 1623
2660 -2127
1813 2726
-2547 3242
139 185
-301 367
1223 3720
1537 928
-4062 1235
3777 1261
489 88
1032 -3524
-3322 265
-4142 4077
-3268 -1054
-2322 1578
1773 635
-3390 -2531
-468 819
1310 -3725
487 -2016
-4187 3690
739 2456
-3513 -1111
920 3012
1497 3835
-3850 -3568
-154 719
449 -606
-2951 -3988
1542 3770
-638 3442
4091 -602
-755 1479
-3780 -2589
2268 1963
1945 2758
2293 -2320
-3182 -1607
2927 -2393
1078 2544
-142 1739
2593 761
-757 -3482
3811 -1531
-1871 2556
464 653
-1659 2844
3750 1695
-361 100
-145 -1857
-1213 -1744
1133 -2305
2837 261
-4061 2091
-2515 1606
2605 1883
-107 -2003
-3589 1510
3458 -3792
-2677 890
1492 -1668
176 -2896
720 -1576
-3797 3301
2804 3943
684 -104
-4201 -2243
-1950 -3492
3902 3416
-3940 -2688
895 2260
1993 -2828
2890 -3759
-3646 -3784
2229 2937
-4211 3219
1042 3298
55 1968
-2754 3728
2129 310
1074 -560
176 1606
-2632 3685
3416 396
441 2654
61 814
3918 3687
-3196 2511
3085 3060
3676 1244
51 -773
4188 -2685
3001 2572
1725 -1874
729 1906
-2252 -1837
-165 -1997
-1431 -3218
-1046 4112
-2482 -3164
-689 2022
-3724 -2583
-2174 770
-2812 -2156
301 -2996
-2865 4162
969 1194
2005 -497
2426 2549
2067 -1627
-3258 3714
-1805 424
-3339 -4038
1375 2083
1633 2977
1741 1211
1494 -2850
-2303 3983
2642 2609
2758 3478
600 1555
-3467 -2409
-2453 585
3732 1935
-1390 4035
-3927 -2005
-2576 2018
-1798 -854
-2341 558
-1079 -3478
1534 108
2664 462
109 -2102
-2971 -2938
3710 -1721
3965 19
-562 1813
-2274 -3803
1220 -2550
-986 859
-1237 3104
-423 -576
-3762 2954
2714 1697
419 -1094
-2386 -1588
-1714 -2879
1379 1806
-856 1986
273 1772
-214 2312
4127 -452
-3291 -1225
2112 -1170
-386 4028
3325 -1334
3925 1564
-690 -1468
2233 4195
123 -3689
-1332 2100
534 2450
3249 -2674
-3957 -1121
2218 2216
3227 2114
-1901 -3681
3838 -2154
-2142 275
173 154
1540 -769
-3704 -2952
-3233 3939
2505 1472
1819 -2005
-429 -1123
-289 -3619
2258 3912
-2405 -2876
-1589 3726
3970 -52
-3163 391
-71 -11
2317 -2618
2890 -2561
1395 1193
-1959 -439
-1835 2878
-3636 1299
-3701 -2420
2385 -3770
-734 -1985
149 -3539
-2932 2589
2068 -3331
1185 -395
1210 -3217
3656 -3413
-1732 2242
2352 -339
-1192 2172
1215 -2776
1559 2387
-1322 -1800
1224 -1233
-3312 1505
2487 -826
-2100 932
1342 1260
-3643 2355
-3792 98
2486 4059
-3937 -1319
3845 -1143
-2009 1967
-955 3538
3971 851
-916 72
-1434 -2775
632 -848
707 -2326
-893 -1377
223 -2951
-560 2761
4049 -1654
-437 -1695
2707 -557
-2420 -3050
-988 1964
-406 1088
-1934 -3611
-2591 754
-3178 4192
-2149 -1495
3690 -1404
-2480 1313
193 -672
-3087 -3087
39 967
1844 2955
-3343 -2895
1012 -3048
-2076 -2137
-3348 -587
-26 -1231
3354 -1260
-1037 299
1152 4234
-1268 -2786
1127 1249
3126 -547
-2308 4118
-2577 2811
-858 -3531
-2220 -556
-3589 4187
2648 2845
3191 448
96 -2361
-1882 1508
2247 -3077
2272 -1478
-616 3503
-1835 -3444
-901 114
-3237 -928
-2346 -44
1278 -2643
126 -2894
969 -1306
1896 1718
1822 1663
1849 -3967
2735 -3995
-952 2219
1149 -3913
-342 -2653
2420 3123
872 2578
-89 1203
-1189 1292
3696 -3164
3617 -2350
-3785 -3730
987 1036
3548 -1072
-1486 -3857
-2339 2248
1895 2887
-3022 1033
3381 774
82 -1973
3171 -3086
785 3058
2547 4300
2552 3417
413 -2939
1877 -1015
989 -922
-2949 -2478
-722 2396
1263 708
92 -959
2189 -1738
1859 -1005
1789 -2265
3419 3185
-3039 -3040
-667 -2297
-3868 2025
-52 381
1266 3544
-3849 -2042
3700 -1762
2407 4355
-3711 296
-2924 -736
3776 -3850
1149 841
-2023 661
1137 -1422
-653 -1184
2169 735
-2483 2832
-529 169
-1944 232
-1814 676
3246 3960
-3232 1771
2189 -816
1375 -1456
587 1751
-1239 -221
-1756 -1204
3389 290
-3910 -552
-1795 -3873
766 -157
3155 -3600
-583 -219
-2993 -1265
-538 1142
-3136 -1462
3137 4090
-2580 3993
3631 3519
-3290 -3941
-2370 2074
-2286 -1017
-2920 2968
816 -3384
-3762 1768
-1088 -837
1369 1722
2307 -2915
3228 3199
-3894 2662
-83 1990
2379 -1035
-2126 -2445
1256 473
-181 -3677
-363 4268
3763 -3546
980 -2658
3350 1144
-2768 1471
1912 -1365
2555 -37
-1761 -2607
3838 143
1900 -2299
-1956 1004
2158 -281
1517 2523
2746 -335
-2538 -2047
2664 1189
-3848 394
2600 1759
3563 -3230
75 -3685
-342 1961
-3191 3493
2462 -747
-3896 -2384
-2085 3446
-3711 -249
3640 -225
933 3398
379 2666
-1457 -791
231 -2008
-1588 -1859
1564 -2911
790 3161
-3616 -2799
-4034 2483
-2963 -3492
3928 1881
2808 -1203
-2924 3777
726 1537
2749 -3884
-3424 -2323
-824 1697
-3104 -3464
-687 -1144
-1754 1141
-781 -1520
-3483 3903
1231 3589
-2823 2096
3266 326
1794 -1834
1447 -3504
111 -2898
-1774 -1384
-3298 -479
-3776 2193
-1253 772
574 -73
-294 4138
-1484 -3827
-1346 -1618
-2263 1947
3781 1700
1200 -748
-975 -2140
-3487 2178
-3664 2615
-111 -3806
-2972 -1813
95 -2752
3770 240
-1914 -1313
592 123
2222 1493
3748 4078
310 -1588
3294 962
1433 -61
-2762 369
-2594 161
3589 2802
3692 4111
1700 1511
49 -2373
-1532 -2875
-3044 391
-3885 -3988
1035 -3239
2413 -1480
-1541 -1354
685 -3146
3772 -3758
-540 -1510
-1041 -1005
1045 -3434
4006 -1644
1941 405
-2505 -1678
2661 -3599
-76 -315
-2634 -3839
-2626 1606
1518 -75
347 3518
4011 -2576
3628 2712
-2730 -1518
-1377 2415
1050 -3391
-879 2748
-2276 143
-243 -1955
1110 -804
-1206 -925
-3444 -1837
-1759 -937
3379 -836
-3018 -710
-2435 1291
-2102 -754
3429 580
2173 688
-4058 2058
1207 -2221
1252 -626
-1198 211
3595 4217
2 -3651
-2167 2364
-3615 -178
3855 3096
3659 17
-1862 1764
2992 2341
-2861 643
-265 3622
577 1169
2162 -2590
1601 -3485
-2085 -3693
2269 -4005
3122 3465
1040 -1504
894 3576
-744 4182
3347 3904
2302 -3974
698 2884
-1462 -2430
-731 -3817
3537 -2669
-3347 740
3808 -3688
3135 -1253
-2629 -2634
3107 -162
-1159 -1386
-1433 -2429
1908 2886
1832 3534
2020 -2660
1285 -1787
-1677 209
3763 829
-1296 -1461
696 853
879 -2658
180 -2397
-4168 -2888
-3493 3356
596 3115
2154 2886
-2099 -642
2399 -967
-4190 767
3607 373
-688 251
-1133 -1983
2367 633
-3309 -3381
-3496 -2642
1544 -2176
-3630 862
-2162 2567
-637 -902
-2543 3791
3035 3592
-1423 -85
-1523 -142
1106 -3847
-847 -980
2999 -3571
-158 4185
-1894 1325
3186 100
-566 3354
1181 -598
-875 2313
-1456 2216
-1815 677
327 -2058
-643 2467
-2836 -3221
-500 3395
-1835 3560
-834 -3627
327 941
3380 -39
-2455 -513
-2678 -3331
2377 2571
2955 -744
1233 1511
1805 -703
111 1918
-2494 -2722
-1969 4110
-3324 4111
-757 38
380 2943
2126 2543
101 -992
800 3045
2034 -1668
1396 -1651
-3230 -1102
3434 2534
-4069 1451
798 -2266
-942 -3215
2211 -170
-3884 -2314
3757 -1690
2 -1904
-1521 -3814
2653 -117
764 2742
1471 3654
3582 -2893
-1900 2011
-3565 -408
3183 1448
-1422 2071
-3133 2373
-502 -2292
-3141 -312
2557 3029
-3042 -1189
-2133 -1093
117 420
2133 -1928
843 917
151 -905
-3326 2395
-4004 1174
3823 783
3701 -2077
850 -1363
4057 -3643
-1812 -3205
-3927 -873
3777 62
2000 -2248
3526 -1171
-2610 -3774
2630 3919
-91 260
1 -3643
1403 3058
-3726 563
-3816 598
-1541 -1177
1376 -3976
-14 -2997
3787 -1611
1563 680
-3631 721
1402 3427
-1709 -3492
-1080 2701
832 -1241
-3229 -1983
209 -2429
-704 -1475
2127 -1818
1323 2736
-366 -3499
3467 1147
3209 2692
-872 3535
-2850 4073
2992 -701
-2523 3283
-3888 3016
3968 2611
-2238 1000
982 -2718
2312 2921
3041 -3907
2979 -3641
-1173 -646
959 2826
-763 3462
-2296 -3310
2743 1879
-1501 268
1435 -3146
705 -3054
-289 -3839
-862 -2028
-3010 -47
1869 -4028
2745 2997
-3180 3929
-4064 3622
-3336 1422
2067 2839
1415 -1945
-271 -662
672 3828
-3128 -1746
2946 2482
2313 -4037
1581 3147
2218 1469
-1324 473
-3520 -2089
2216 2203
520 2533
-3170 -3589
2309 -3397
338 -3846
215 -1119
3511 2405
-681 -1864
-2576 1792
-2969 -1924
-3691 -3144
-2904 -2983
2907 1458
-2452 -937
-1643 -3653
-3273 1829
-3131 131
-665 2199
-283 294
-1529 -3745
-1775 771
3879 3935
-253 -2547
1133 3589
-1862 2434
1673 2996
2590 -3924
1877 -1014
-3221 -2469
-1688 2510
-4183 166
-623 133
148 -1355
2108 -1520
1365 -1111
813 -1718
1089 1775
3629 3911
-3592 -3836
727 -2793
-2458 -747
-3664 2006
602 1734
-3411 3543
-2978 -1791
-1341 -2549
3027 -3607
-3560 864
2118 3136
1236 -504
-3893 -4049
-3743 818
-1830 -2260
-2650 -515
-1133 1029
-2069 2711
-33 -3088
324 -3314
2746 -664
-1135 -4104
1964 2418
25 1605
2441 1681
-4190 -1490
374 -3309
-221 3135
664 -3951
-1975 3904
3710 -43
338 -2471
-3051 -1551
-2282 -811
-1216 -342
1031 3015
2077 -2740
1041 3957
-3987 3547
2704 3189
2865 1517
-2046 -1352
2434 2059
-644 -3714
284 1825
3828 -1271
1569 3024
-3460 -2113
-555 -1512
272 1996
3794 -338
3012 1041
-3496 -3546
-3853 3891
-153 3002
-3470 -2409
1938 3799
3623 -3594
-2605 2310
-701 1801
-2377 -3998
778 8
-153 -3548
3024 -477
-855 300
2768 1685
2989 -2874
-759 225
2216 2084
2813 771
-226 1600
-1563 -3939
2100 -3605
2317 -933
-242 -2544
4113 1220
-298 3580
2319 2142
-523 -3713
331 3803
-3233 -2619
-3075 683
-2656 2467
1287 1795
-3757 -259
-1469 -3293
-742 -1822
288 -2629
-3456 2174
-2506 -3244
3204 -893
3426 3540
3394 -1908
3281 1115
367 -1717
1314 4315
-3947 724
364 2034
-3911 2804
-33 1200
-422 -2612
-1976 -1686
3263 -2326
-2851 3576
-2577 3806
-1335 -3239
-3864 4160
499 -1924
1512 3866
1715 -2372
-2023 3989
1769 -194
1157 -1127
-547 2342
3359 -1319
-2018 -2596
-4078 -69
1044 -3166
-863 -26
-1368 -929
-2188 -2679
-14 3901
-3964 -2267
1407 -3209
-2234 -4126
-49 1441
298 -82
2921 2047
-407 2531
2454 -2414
1899 -1015
3211 -948
-2000 -3788
549 1182
3705 2802
3708 2841
3204 1327
-1964 170
-2498 2571
3926 2643
682 -3939
1333 -3596
1995 3580
-1521 3781
-1173 -1694
-1285 -2743
1707 952
339 -2126
-22 -1687
-2488 2180
2750 1379
2036 928
2491 1124
978 -2347
1408 -2615
3330 1942
2865 1317
-3123 -3852
-2970 -1306
1212 47
3839 3394
-2089 -2663
-118 2944
-4001 -2285
-1515 -28
1595 885
-359 -1416
-1062 2139
-2920 164
-723 -1813
-1839 3078
2772 3523
-1238 3861
1377 -789
521 913
2221 168
9 -416
428 -3876
2957 -14
2322 -314
-3424 1582
3601 1082
156 1111
-41 -875
-2231 3560
-2695 499
-2184 1538
-1269 -3951
-2110 1857
-2974 238
3312 3641
2225 -3704
-857 -3817
-1915 3259
2251 3077
952 3290
325 -2584
4 1280
-1042 1591
-1562 -854
-2488 -2141
-4144 -920
1754 1477
-3156 -1699
3848 1746
-3818 2889
-2739 -2477
319 606
-2458 3483
-1611 185
-1098 3761
-3378 -700
2841 -850
-2902 863
-1371 -1630
1901 2081
-3638 -2522
544 2543
1648 3671
60 -1670
-4208 3329
-912 3402
3745 -528
666 -3773
-1241 -991
-2858 -318
-3697 1581
-4253 3371
-363 1389
3917 -2324
1370 -3650
-4230 266
-3953 -1341
1437 -663
3934 2920
-2223 -2213
2716 -154
-1228 3576
-2827 2889
2792 -1219
420 -4485
2259 -570
-1189 3108
-3890 629
-2913 3317
2024 -3648
-2867 2493
-369 -1613
-1257 -4036
-3619 -1153
1574 3569
286 874
-252 1424
3525 2678
-1529 3743
2365 1726
333 -632
3571 2376
767 706
-1984 462
-1559 3691
-3200 -2888
-3454 1209
-1244 4072
1355 969
-810 -92
-2106 -1279
1520 1639
-1601 337
-4135 -642
2229 1050
-1949 1564
1483 818
-2577 -3103
3879 3224
2410 2805
-2534 4144
3321 639
928 1353
-270 1992
1157 2856
-429 3540
874 1107
-4217 -108
-836 2257
3946 2829
2770 187
2782 -1272
241 2515
-2403 -598
-3465 -1468
3764 3428
-3949 -598
-148 -523
-3404 -2738
3487 -470
-1757 699
2145 -2964
256 -207
-1946 -4484
1564 -3782
-3148 706
-2955 -2171
-3917 -1392
-2316 3090
2684 -387
-2610 1134
1413 3020
1694 -3915
192 1126
3526 -1337
-2739 -1382
-1605 3616
1370 2933
1116 -4093
-1243 647
-1169 325
1675 4091
-2520 1026
-2570 -2837
445 1514
-1218 -2213
2748 3640
-220 -1948
982 -2896
-1475 -616
-3777 -203
-625 3969
2701 -142
-3603 -38
2519 -3160
-1663 -599
84 3731
2106 2834
3205 3850
-1102 -61
1053 1808
-1885 147
-2967 3712
2328 -3913
-1717 3430
-508 -2687
1313 -2515
3371 -3464
710 -4092
-3792 3676
-3145 -2444
-2129 675
-2101 -904
3732 734
274 767
-1044 1437
135 -526
2171 -3808
3474 -2003
-3421 1323
832 2455
-4464 11
-3712 -2906
2821 3278
-4233 -510
104 2251
-1569 2732
2679 2761
-258 2149
1257 -3198
-486 -3378
740 371
1528 -1532
1708 -1635
-564 -1924
4 2546
-1761 3776
-2083 -3306
1793 -3860
1275 -825
-1416 1809
-338 3537
-1778 -4035
-495 -272
983 2584
-1441 -2263
774 3937
843 2623
942 -2926
2378 -1053
-1667 201
2493 826
488 570
3771 -3534
2216 1490
2729 892
4039 1306
3975 -1588
375 314
-2000 -3002
3813 -449
3811 3178
3991 2463
1715 -2036
1174 2079
-3907 -1146
1972 3393
1184 -1559
-1664 -1028
3236 287
-127 -3847
-3458 -1744
2766 -2247
-1981 2820
316 693
-3856 1490
-554 2938
-3915 2571
2243 -2343
-668 -2222
-4268 2141
-3492 2153
-4088 -3172
-4111 1474
1367 2498
-3539 -172
-3904 -929
-2340 1746
-831 -1442
-1051 -1146
1704 -2535
-2882 -1315
1347 30
2785 3823
204 -4217
3517 1121
-2294 -1836
-1962 -400
2444 3418
833 2638
-3889 1115
-442 3117
3982 2040
-319 4189
1526 18
891 -3535
-2271 4118
1880 -3509
-54 -618
-3347 1147
-3278 734
-3609 -240
1314 -401
-228 3197
-2819 -2152
-1707 -803
-916 -608
-2919 -2600
-2104 -2241
-3047 1006
2593 397
337 372
3819 1923
-3948 -1255
-1148 -261
-34 -502
-4156 3971
-371 -1061
-653 2365
-2574 2915
-4056 2937
-4043 -299
1669 -3206
261 -2437
3207 -2409
2572 -3521
1775 -345
3628 -4058
-1 -2096
114 -3471
-4526 141
2655 679
961 -1736
2113 -3964
-3554 3138
2019 -328
-551 -3672
-3148 -4268
560 -1545
3575 -2714
2162 -1251
-4352 1253
-589 2270
-4070 -2244
-3747 -223
-3959 -3246
-2287 -1047
1059 1419
-1805 3534
443 -859
-3014 1553
-650 -3082
3961 -2260
2282 138
4053 -3028
-2951 -2156
-222 -2419
3858 1859
-101 1797
-601 3729
-869 -467
-1747 3186
-3395 -823
-3591 2456
-535 -3154
3149 -2238
3496 3080
286 -511
2950 1638
-1556 1380
-279 -2310
-1952 2534
-1102 -1313
-4106 747
-2978 -3612
3175 -2154
875 -1315
-702 -3882
798 685
3381 2337
721 241
3501 2402
-3554 630
-2145 -384
-3516 3290
3653 -1857
1319 -1836
460 1177
161 126
-4113 -361
581 -2710
888 245
-3828 -2395
3033 -3150
-1224 -3620
720 2084
1891 -4454
-4038 -199
-3515 -3204
-525 887
538 -877
-1114 358
3981 -673
-148 3292
321 -2209
374 100
3906 -2814
-1045 50
1523 -415
-1 -1581
991 -2460
-1738 1291
-1122 783
4085 2922
-3607 2877
-3409 -827
1008 3583
-952 772
197 -2427
-4155 1941
-2154 -838
-1630 4247
-3111 4068
-2191 -451
-443 3228
3085 -922
-3625 2024
-3150 3287
-3128 -3417
792 2617
-3328 1076
-3795 3886
-4072 2094
2921 2146
4049 -2352
-78 3808
2503 -3149
-1628 170
-2163 517
-124 -889
2987 -3341
997 1813
-44 1388
1768 -2474
-3637 -4461
-4316 -956
-2895 2695
-2342 3109
-1788 -4760
-2003 -2701
2846 2960
-1439 177
1436 1447
3043 1719
-3434 2447
-2803 -2246
992 882
-3239 3002
-84 157
2988 -287
2218 -344
-3287 2405
-1991 1831
-2109 -2963
-232 -103
3713 2402
-3119 388
-894 332
-2006 4336
1505 -774
-682 -3340
-2159 3539
3918 2228
20 1970
-3341 4121
2126 4493
1902 1302
1198 3021
1651 94
2850 -142
-96 -3299
-2794 -1914
-2870 1556
1766 799
3519 3712
-1413 -160
-1862 -1451
-2396 -2664
54 2818
-3301 11
-2830 -2035
2801 -2827
-2006 774
-3241 3891
2338 -137
-2248 -3577
1465 1064
-3919 3033
-511 459
-692 3130
1131 -3620
-847 -1564
-2928 2296
-1692 3957
1841 -4134
-2340 -862
-4070 612
-1760 293
539 813
-2293 -2106
-4017 895
-1866 2435
1907 -4606
2405 -2312
-3746 1578
1302 -2163
-4049 3589
333 3238
2575 3070
2097 2316
-1134 -3628
-2814 -1997
-1853 3163
-2387 570
-374 425
3953 -1202
2123 -2932
-1480 2197
-195 -563
795 -3064
-1689 3369
-2193 2388
-296 2483
-3229 3143
-3055 2679
3008 3012
-2 369
467 2167
-3658 -145
4051 2335
917 -1840
-864 -3244
-1408 1743
2857 4138
428 2652
-698 -877
-159 2095
-1834 -3680
1767 -2836
1030 3715
814 3762
-2280 -121
2435 -3226
-879 -1567
2214 663
-1918 -1774
-3711 1043
-2532 -3406
4220 2106
-1834 -3324
1192 1520
409 3920
2687 2622
703 2542
-273 2494
854 -2655
-3504 -530
2016 -1367
-2299 -676
2170 -1196
-5003 -2063
682 892
-3087 -3668
-3849 81
2547 1770
-1925 -2726
-299 -3652
1052 3537
-2126 151
3520 -1950
-2335 -1829
2453 1291
922 4134
-614 2427
-861 -1338
2196 -3569
-1552 -207
-3456 12
2718 -1793
2120 -1979
-3288 -1123
-224 1574
-3801 519
-3533 -2168
1172 1578
2955 -2379
-2173 2835
-3250 -1054
893 -3571
-1220 -503
-2030 -2498
2863 -1541
-2064 -2590
-3915 -2456
-363 4250
1932 -947
823 -603
-319 -1175
3881 -1323
-2817 -1000
-1355 -964
2981 -1152
-3375 -687
3662 3094
1109 4618
4301 4779
-3390 -2440
4013 -1139
80 -2729
-3969 1043
2436 2407
-3289 2079
-3973 -2473
-2007 4551
-1411 -153
-2797 -393
493 -1413
2777 723
-2510 3100
2751 3675
-3158 -5
-3486 2918
-1298 1606
390 3901
-316 988
-1799 -1135
-4200 -3487
2344 3609
1688 -1110
-2339 1344
-2854 -2359
-1085 -1448
584 2922
3507 -1943
-1589 1809
1085 4155
-242 -2618
3702 -2270
-2235 -2348
4088 1023
204 -2983
3180 623
-995 -2042
1117 -3823
1783 -2292
2922 2524
-391 -2153
-2981 -1840
-347 -3260
2820 -38
-604 388
2422 1485
-2732 -584
-403 -920
3711 -2092
3168 -810
1874 3327
1617 -2864
4095 1466
-2053 4372
-366 716
-1290 930
-3563 2421
2346 -295
-2269 2194
4018 862
-127 -1853
-4034 5112
-2764 -1443
-799 345
-423 -2359
-2317 1641
-3477 -445
-4105 -2152
-1597 4200
42 3199
-290 1933
2934 3030
-486 1745
1512 -3834
1879 1033
-3973 -3268
-1553 1851
-3321 2507
3264 -2863
3147 613
-1655 -1172
-2620 3573
-3496 1930
-329 -2048
-3152 360
-1919 -2159
-2716 -167
-3350 -3687
2694 1209
-916 2903
-1378 -476
1326 -686
406 -1669
1605 -3962
-912 -2808
842 -846
1360 1967
-1434 2525
-2687 1364
-3806 1628
-1908 3349
2472 1438
1906 -3765
-862 -3771
1703 -848
-2038 -2590
3799 -1834
3819 503
-3473 325
1228 1865
-712 3579
-1683 1093
-1953 -2138
2647 3474
301 4182
-3189 2518
2778 2754
3325 4637
3896 3593
3077 2449
3369 2425
-2092 4561
1108 -2781
-1458 -1553
2789 2429
829 -2345
817 4966
2868 2710
2998 -150
681 4630
-674 -543
2725 278
-1750 -876
2114 3330
1815 -748
-441 1535
1495 583
2351 -898
-129 1791
-2969 -2003
-2600 449
3794 -2500
967 -574
2788 -3808
-2377 387
-2836 -1336
-2698 925
1165 -344
-2340 -2235
-742 -3261
1956 -1223
-2870 -3098
-442 1374
-3153 -55
-146 -2815
-3657 2384
824 -3448
-568 2284
3434 -1679
3491 1351
3956 2169
49 3980
4054 1777
-2473 -1308
4027 3203
67 -2183
3717 2581
-3167 627
646 -3751
-1459 -174
1426 -3428
1355 -1016
-353 -1470
1266 729
241 3190
-1053 3628
-2747 1563
-1039 89
3185 3064
-1424 3855
824 315
-77 3670
-487 4615
-290 2927
-1214 3208
1453 2147
2134 2536
1991 1576
418 -2892
283 4114
-586 2434
-2746 344
2381 1057
-3489 2279
3261 1570
2067 1593
-3407 -139
-1175 -3590
-7 -3022
-300 3575
-3295 2281
651 751
-3706 -1159
2758 2933
-2272 -4058
-648 -815
163 2920
-1018 851
970 -1991
-3805 -382
1075 1312
1771 3404
3280 1153
-3904 3305
3256 -3605
1715 -3792
-2337 -2273
3522 -563
419 122
-2519 2472
1459 1131
-3426 140
-3914 2009
2773 -1157
1483 -1440
-3950 2264
2813 -381
-1557 244
-2821 2303
-3415 -2420
1362 -919
-3517 3751
-1711 2794
-533 2694
622 -2208
-3846 509
1992 -1390
3396 -1567
-1606 -1842
-3153 2611
-2095 2135
-2501 -2230
-378 3706
-3615 -808
2971 -749
638 -946
3634 -1044
914 -2161
-604 -3412
-1946 1133
1176 -608
3467 -1210
3012 -691
-4103 151
1379 624
3196 -2848
1595 -3428
140 -2773
3857 256
2485 -2229
1913 -1983
1347 -279
-537 -364
-2389 2425
1684 -3921
-1180 1731
901 -1713
-2993 -3534
-627 1519
2908 2788
-3651 -2151
-136 2114
3711 -1649
2726 -1950
3743 2366
1330 2953
-3858 26
-2834 -791
2498 -3927
2857 925
2496 -1705
-22 419
-3674 -1313
2116 432
-849 -2649
939 4272
2655 685
3570 4255
-3134 -2037
801 882
2150 1019
2140 1016
-839 -17
1785 -2638
1974 644
-94 4828
-2452 3997
-635 980
-2510 5036
-503 4495
-3565 2547
3050 3056
2837 -3016
-3826 -312
-2518 1477
2992 -2307
1629 1483
1407 610
-2185 2544
1777 -272
3570 806
-2941 1100
1805 -1056
-3958 1735
-1251 415
2598 -1638
747 -374
-1145 2704
-2315 -728
-936 3979
-1464 -2402
-3689 427
-3677 -2414
-128 3665
403 -2807
3791 1251
-3504 -3025
-936 -728
1098 841
209 -1832
-1596 -2002
2467 496
3057 -2387
-1026 923
2696 -3836
-2207 3999
2121 -29
4182 4038
2786 1046
-3731 -1676
3956 -2956
-1193 877
2965 -1029
2684 -46
2107 -137
3471 1452
-2297 4394
3981 3160
-1760 2576
98 -793
-3728 -1834
-3805 3662
-913 2101
-2575 2949
2238 2198
-831 -1001
1012 1411
-3139 3090
-3429 1784
-3908 -2839
3995 -544
1360 -2970
-2629 2319
-2969 -1972
-2405 -3511
-1081 -3686
-636 897
-3290 -3629
-1111 4139
-1286 3729
3643 3848
-2041 -880
-76 -155
-4005 770
-807 -1118
-3695 -1930
2675 -1253
1785 -612
3166 956
-2637 -3064
1529 2827
1944 3270
-299 1412
-1259 2779
3658 2360
1494 -1097
-1559 3985
1200 3393
-1160 -853
-3822 510
-2386 2309
-3691 -447
3792 -2941
-2331 -3750
2038 -2995
3045 -1083
3106 -1599
2062 2903
3565 891
1124 -2610
2585 3535
-2041 -3858
2105 1846
1487 -2975
114 2350
1111 -954
-2639 -1245
4197 4136
405 -1823
-745 -1060
752 2464
340 2973
-1541 2310
3557 2320
1707 -2107
3858 1738
-590 -2050
-1986 1265
3025 -3549
-2958 3284
558 107
-1170 -3281
1781 2486
-4316 -3691
-2038 2226
3613 -3523
-3690 -2864
-3981 2014
-3778 3292
-1675 -552
-2985 -3066
-3997 1177
-3629 -2589
-1003 -3102
-2132 -2568
-1711 302
999 -356
-674 3988
1512 2016
-3701 -4077
-1043 -2137
929 3266
-2372 1119
-2229 -3099
-692 -423
-371 3471
-2582 -3558
0 1858
1816 3235
-104 1723
605 1879
-1119 -2457
2937 -3492
3327 3286
-2035 1402
1201 3964
1145 3550
586 -2107
-3815 1400
-2873 3893
3065 -1681
2787 2816
-2644 1959
-1964 -3833
1659 1747
603 -2107
119 -3529
-1110 3306
-3876 3705
-3252 -845
1098 1086
1287 3294
4071 424
4056 -700
2716 4266
1228 168
-1519 -135
-3392 3366
124 977
1971 1307
-3107 -2978
-4035 2966
-4128 -1781
1567 2409
-4159 -3305
-2263 2182
414 -1835
-3244 -909
1557 -477
1774 4110
1105 231
-3885 917
-3570 4128
687 1220
3414 -2399
-3405 -2308
2883 1254
2285 -2212
-915 3282
-1578 1456
3019 3935
1691 2259
1968 -3888
4025 -2646
-1278 -917
3019 3961
1699 -3766
3485 734
-2158 -2737
-1531 -3544
-3322 2408
406 1136
3304 2246
121 -1442
-3663 3097
-1909 1836
-20 -2898
1438 223
1001 1429
137 1145
4019 2207
-897 1646
-3319 -687
-2311 1945
2292 2502
569 4009
2835 -1953
-3327 -3608
17 3937
-3252 3252
104 -2810
-2125 4052
-2672 1320
-782 1268
-2039 2739
-3248 710
772 2638
1888 -888
2332 -1626
-2609 -1215
-3933 1395
-3534 -3685
4052 2775
1813 -2056
-2093 -3895
2446 -1915
-1275 3025
1963 -2662
1173 1558
-3604 1681
537 -1714
-3069 -22
-3634 -1977
1481 -1673
-2457 -1940
847 -3687
1950 796
1879 -2224
1125 2591
52 -445
3352 3722
96 1331
1249 2654
-2356 860
4000 -29
3554 2950
1287 3934
1644 2894
-2105 2451
-2454 2749
1160 4241
1207 -1457
490 -2296
-783 -1246
1904 -2902
4264 3420
923 945
-2813 693
2646 -3163
807 -1992
1174 1484
-683 3813
1177 -852
3565 4305
-1354 -1770
-2058 -2352
-2937 3861
-2399 -21
1718 -1146
-1460 2127
-2015 -959
-3461 -3709
786 -3551
1911 2193
-1213 -53
-2599 -1249
-1117 2012
-2756 -689
2242 -133
-3828 -715
-3063 4055
3729 -1690
-731 -226
2324 -1085
-2454 -3084
3823 -2878
-190 -2059
675 -3581
2903 3058
-2507 -586
202 -1837
59 -3816
-1013 951
-455 -1224
-37 -39
-1135 714
844 -2854
-2427 2894
780 -838
376 965
2023 813
-2023 -3938
3699 2692
-1833 -1705
-4102 1680
-1110 1079
-2811 238
3404 2684
-3128 113
-1521 1155
-2253 2828
-201 1372
764 4111
2104 2332
1020 -1218
662 4217
2344 2189
95 3334
-185 4208
3347 218
1859 2301
1417 2275
-2580 317
2569 4092
-1522 -3839
2157 -2430
3934 3573
-207 -3031
4052 -215
869 -2248
1322 3797
-2479 110
642 -2427
105 1626
-2858 -3627
2973 3222
-2453 3575
1591 3540
-1571 -18
-3583 -2516
-629 3134
-267 2292
-1444 -1161
3534 817
-2597 492
3522 3306
-1830 1487
-123 -1442
-568 -72
-885 3986
-3139 480
-1688 2545
3067 -4032
756 3691
3773 -2152
-1460 -3157
1731 2704
-480 3497
-854 -2167
-2219 316
-664 -3661
1778 2802
3246 -3977
-1437 -2085
4082 -1955
-1407 3180
-2748 2532
3263 2857
-2603 2064
4189 2055
-432 -3190
-3053 3864
31 2416
3273 1457
-3516 411
1122 3487
-236 1927
-928 2893
-855 4034
196 3221
3932 1353
-1591 -3407
3408 -1738
1987 -1147
742 22
599 724
-2419 -1929
2504 -4132
-1393 -1277
-3763 399
682 -3661
755 2984
-3715 -429
3127 -78
1865 -874
-1674 -473
3512 -3678
-758 -284
1906 2556
-460 -2220
1099 920
-1461 -4227
-1813 1856
-1885 1985
2327 -795
-1347 -648
-3277 -152
581 1122
-4126 866
3989 2858
2010 2439
-726 -3744
1154 -2633
1570 -3622
-422 1895
4010 -4239
3757 -4173
1391 -2229
-2357 2732
-2697 1674
1348 1373
2873 -1658
639 -899
1163 2769
-3325 2952
-2010 -2070
-61 2841
-2662 3532
-2769 -3261
2868 1478
-3804 -3535
-3712 2905
2147 -917
114 -570
1 -582
-3846 -2643
-2858 1827
-739 -876
-2134 374
1555 3099
3880 -1351
-2442 2612
366 -127
3153 3050
741 1687
-2169 2784
-2647 195
2473 -3888
-3261 -3095
3590 1769
-1232 2461
-1695 -2892
1458 -1072
3405 3940
2165 3435
-1535 -3997
29 -3730
741 2498
-1522 -1845
1429 -2981
-3078 1917
244 749
3887 -2578
-1480 3941
3481 263
-3613 1347
1443 -1462
3080 76
310 -3791
765 -781
963 -2584
3738 3774
-1755 -2943
3762 -2375
-4011 1754
-1211 -2755
3934 137
-3862 1649
2077 -3608
-3932 -3258
-3298 -1732
1852 -2311
1399 3495
3066 -3034
859 1225
-624 -3035
-3630 -2577
886 3285
3749 1771
3755 -3092
4281 -2073
-274 -869
3968 1830
-1657 -1467
3926 -1035
-1761 -1079
-2219 1904
-1519 2363
701 4084
3507 3611
4146 866
-747 1330
-700 -4029
1079 -2537
3918 2621
1873 -6
2103 3224
-1453 -3941
2220 2321
-724 2971
534 -2089
-3113 -3727
2896 1364
-3671 -940
-3786 -1958
-3649 -910
-2412 1254
-3784 -2749
-3237 -3407
2019 -757
-2974 3549
583 3200
-3723 -1763
-844 -523
3927 2058
-2454 -793
-1630 -3387
584 -4025
-1783 -1701
2574 621
-2255 3953
-1487 2510
-2240 3958
-470 -2825
-934 73
2888 -3539
-4059 1277
-3860 3226
2598 3752
-1882 -1250
1070 3057
292 1676
-2396 -1756
3333 -3430
2680 -3750
-1 -620
4242 3866
2323 -1081
568 -1210
3635 639
-2628 -2277
-659 -3887
-3540 -478
-23 2764
1621 1297
-2992 -789
-870 -2210
6 -3841
-3044 44
-1035 2209
1037 -2253
2916 2412
2713 -249
-1903 -3398
3600 -4044
2944 -1993
-1273 779
-1504 -460
3264 -3375
1253 -2611
-3385 -3580
-3957 1154
-908 -1106
3532 -140
-1828 2283
1490 -2607
-2549 3186
1568 -1967
-1645 -4298
-2568 2141
3991 1268
2826 -1077
-3090 -1295
825 -2760
759 101
806 335
-3036 -2902
-1792 -933
-722 2267
607 -270
-2373 3147
3022 3943
1237 -3371
334 540
-3147 1876
3480 -3640
1540 -1772
3556 2080
1383 3766
-117 1985
-268 3220
4014 -1954
-2660 999
2872 -1361
1202 4093
3790 3481
2653 1104
-3276 -472
-3042 -2700
4276 3025
-575 2898
-1974 -3633
-1914 566
978 123
-1725 3696
1599 -3983
2013 -2680
-529 3569
1775 -263
-3102 2641
1944 -2743
2845 -3215
3007 -1102
-1560 2056
-3800 3677
2791 39
483 -2890
-3775 1157
-2214 -1343
673 -2215
1867 -2412
-3418 3282
-2474 -1347
2954 1000
-2703 -222
1420 2560
2401 3057
3041 -2416
-3011 2320
3839 2165
-544 -2737
-3047 447
-1668 3639
3885 1967
3881 -138
1687 2615
1196 -4203
3626 -3574
-3311 3016
-1764 3172
196 650
-1086 925
561 -562
1283 -688
-769 -2365
2100 -4195
-1496 -2344
-3745 -620
3200 2057
335 -298
89 -1035
-2803 -3461
3777 -1022
27 -3735
-3235 2358
-1933 -3955
-3264 -837
2222 -416
2076 3025
1357 3443
-2860 -2966
-7 3308
-356 1113
-1381 -2968
-2030 -37
3380 709
3071 3167
-1793 -3506
3409 1486
-2231 -2761
264 -1354
1657 -142
-1085 2778
-501 725
1854 -3257
2857 -1088
-1885 3316
-1116 -3906
-2510 3399
939 -4165
1054 -3341
1082 -3708
1870 3269
-8 -1029
1245 -3952
-2518 -2554
2774 -3987
-927 -1528
3763 2682
-3334 -2915
-185 704
3543 2606
2607 -2134
-2018 -534
1916 -2872
744 -68
-1850 684
-3942 -2092
291 1683
-3776 2432
3581 2828
-3779 -2970
-3979 93
1367 -4029
2432 -1891
-1367 1052
2239 -3712
-3005 2107
-1823 -4196
1993 2226
-3180 2565
1340 1535
4241 2141
-2139 2930
2132 -1664
373 3082
1112 -3185
-2573 -2184
3847 1334
-536 1912
1436 -1417
-1646 -2691
-809 4088
-3273 26
-941 258
2210 -2636
3184 -3741
-3651 2727
-2620 93
0 -3480
-2335 -1194
1369 -3683
-959 -1636
2861 -104
-657 -369
-611 -934
3904 2190
-1836 -2043
894 3173
3174 1516
2535 131
942 203
-2111 -3008
-3008 -36
105 -2252
-865 -784
-3703 -2154
3147 -4309
2864 -536
-575 -243
1581 3183
604 -1292
-898 -839
2944 1012
-1861 -1744
-3315 -391
-469 -2299
-977 -1455
-2214 310
-3026 156
2305 -3928
1905 -2951
1299 2353
2467 -1545
3392 -4049
476 2800
2700 3279
2714 -4052
4002 903
-3499 1218
3024 -3521
-1503 -3196
39 -3348
253 3797
-1884 344
-1449 2969
3026 -959
934 -669
1140 2280
-2582 -3452
-3330 4177
-2034 -934
344 -3624
-1763 2419
2686 -2978
-3300 -3817
711 -3035
1904 649
4232 -138
835 1002
-3172 -3807
-3287 -3690
1034 -4051
-2306 -631
-2498 -3742
3849 3065
3666 -1978
713 1923
1010 -3396
1559 3415
-1486 -3242
-1219 2959
2780 -3988
3162 443
3950 -10
3881 -1802
3763 3334
-475 -2242
413 1518
3150 491
1096 2151
26 -4269
-1951 -2049
-1184 2694
2752 1795
682 2151
-1635 -1814
-822 1263
3350 -4085
2559 -915
-2955 1329
-4022 -3167
1058 3098
2612 -2640
3147 -2849
-524 -2755
-2214 -2002
-3654 2943
694 -2027
-246 -2079
3735 1704
2160 730
3761 844
-2055 2177
2721 2759
1661 3535
3256 -371
-2663 -2438
293 226
-429 -412
3807 3579
876 2863
3302 3909
4060 -3434
-2223 3712
3648 2956
-3718 -3513
-47 3834
-683 2016
-2617 -2831
-1060 1801
1680 1487
-3887 -235
-414 -215
-2878 1648
663 -3728
-2613 -941
4167 -844
3063 -662
1689 -895
3716 -3518
841 -1848
403 -1149
-3793 850
1594 590
-2161 2143
1757 1214
-3875 -536
786 -1826
-3622 -824
4086 28
-3359 -4189
-548 2892
-3951 -2334
-1305 626
2281 -2789
103 1659
-3164 641
-1553 -1278
1583 1862
-465 890
3320 -2451
3549 -1442
-813 -160
2298 -2030
1100 1795
914 2841
-2702 1822
-2806 -943
-1049 -1527
1814 2386
-3616 -2073
424 -1437
1182 -4021
2942 2253
-3006 2726
-2890 -3445
-177 3547
1348 -89
431 -4047
-1602 2638
3732 -2442
3057 -2029
-1003 43
-1109 2989
417 -2313
-720 -4096
-1553 -3381
-3428 1467
247 2706
-2342 -3162
587 -703
-3209 512
-692 -1218
3413 2460
890 -1321
566 977
-2694 -2042
-703 -43
3499 860
1948 -2056
-3882 3449
-2883 3580
-1904 3176
-342 -2353
3578 2239
1896 925
-1303 102
-2210 -1902
-1926 426
318 -646
2511 378
-2595 1972
-2894 -3654
-2988 -2743
-310 1168
2708 581
1809 1254
-474 1551
1290 -1482
-236 1230
-776 -1922
-2082 -667
-1594 -4129
3839 -3435
-2194 2396
995 -1451
3639 -102
1235 1383
2237 -2780
-51 1387
3401 -759
-2701 -2678
-141 -3752
-2713 -1766
3374 686
1817 -1733
1609 -4057
3942 547
-73 -1170
4041 -2392
1498 3969
-3968 -732
-679 -2008
-2052 -1523
3753 2193
1368 -3058
-646 2796
3788 -2378
1520 502
963 -123
726 1828
424 2662
3015 3590
-2906 2463
1223 3001
3555 2313
-734 2469
4055 -1632
3262 3419
1690 -2967
2548 -3763
1823 1742
4211 -1372
770 -1967
-820 -1139
-1798 3813
1571 1675
4026 -901
-3029 -518
-2081 -98
1154 -259
4107 3384
-3291 494
2196 -1192
-672 861
-4001 643
-2509 -101
-1910 1450
976 -2398
-3266 -218
2368 -2900
-3669 -4105
-2715 -2897
-853 2866
1823 2110
1897 -2744
4250 -2993
1181 2670
816 2438
-3750 -814
-1582 2682
-3293 -1383
1913 2958
-1642 -3144
-3145 637
-549 -338
-1990 1747
-3916 -3752
-3285 -1715
2623 -1113
3978 -3296
663 2036
3279 -2400
-2807 3363
1769 3502
324 -4177
2383 2051
498 -2546
2296 932
777 -730
3836 245
-2370 -2155
1252 -2949
-877 -1150
3873 3479
385 2463
-762 2698
-3010 3909
672 993
30 2486
267 875
2270 2789
-2585 -221
-2505 2079
-2245 3889
2714 -1456
-775 2730
1736 1102
-3663 -1160
-2038 -362
-1101 -1777
-3274 -1585
-2627 2415
-3348 3029
-3661 1107
-1986 374
3100 -2110
1118 2921
-211 2410
-2445 979
-3789 2354
-2659 2276
-3483 2710
-3752 -2504
4285 2658
1503 -1784
-342 -2682
-2802 -1988
3238 -2885
2447 -3482
3736 -4005
-1922 949
1804 2071
2182 1036
-3623 -2633
458 -2139
-1356 2137
-2125 1086
-375 1276
3160 -269
-3944 -1460
-1467 3511
-1819 4081
3546 1307
780 1395
3199 -834
2346 -158
-3941 -903
440 1500
2053 -2886
-1181 -3328
2868 3002
950 314
-3728 -1606
-3234 -399
3710 -3054
-2801 3672
-3501 2029
1186 -642
-3591 1881
-1428 -2633
393 -2170
3299 -2549
461 442
2311 -929
-2273 -2909
4017 2286
203 3846
984 2102
4137 3705
-43 2362
3739 -3757
-2544 -1421
3032 1796
-515 -1365
-787 109
3048 2824
-1999 -1598
-3860 2850
3602 2423
-1469 -4161
-355 3717
-491 -3825
2947 1771
3740 14
2013 -3481
-1821 4113
-3143 -674
2192 -3580
-2331 2735
3248 -3414
-645 -3726
2494 -1485
654 -1653
3280 -532
1446 -3658
-103 863
322 -2459
-2182 1182
-3485 -1403
1040 -3893
-2116 3601
2209 3730
-2170 920
-2740 421
2476 -3366
2449 1672
3706 966
3346 -3112
2855 -3556
2686 -910
-2488 -3317
-3640 -1428
-1404 1379
-2354 -594
2022 3473
-1552 -2856
-1829 1706
4132 -2781
-1310 1053
3216 -1905
-858 -872
482 -1900
-2646 2422
449 1982
1411 1383
3904 -242
-1625 -2712
-2463 -3412
3469 -2368
-920 1845
3617 892
-436 3786
4143 160
3067 1283
-3139 2457
985 46
-1016 485
1686 3523
623 542
-1448 -455
2139 -410
0 0
0 0
0 0
0 0
0 0
0 0
0 0
0 0
0 0
0 0
0 0
0 0
0 0
0 0
0 0
0 0
0 0
0 0
0 0
0 0
0 0
0 0
0 0
0 0
0 0
0 0
0 0
0 0
0 0
0 0
0 0
0 0
0 0
0 0
0 0
0 0
0 0
0 0
0 0
0 0
0 0
0 0
0 0
0 0
0 0
0 0
0 0
0 0
0 0
0 0
0 0
0 0
0 0
0 0
0 0
0 0
0 0
0 0
0 0
0 0
0 0
0 0
0 0
0 0
0 0
0 0
0 0
0 0
0 0
0 0
0 0
0 0
0 0
0 0
0 0
0 0
0 0
0 0
0 0
0 0
0 0
0 0
0 0
0 0
0 0
0 0
0 0
0 0
0 0
0 0
0 0
0 0
0 0
0 0
0 0
0 0
0 0
0 0
0 0
0 0
0 0
0 0
0 0
0 0
0 0
0 0
0 0
0 0
0 0
0 0
0 0
0 0
0 0
0 0
0 0
0 0
0 0
0 0
0 0
0 0
0 0
0 0
0 0
0 0
0 0
0 0
0 0
0 0
0 0
0 0
0 0
0 0
0 0
0 0
0 0
0 0
0 0
0 0
0 0
0 0
0 0
0 0
0 0
0 0
0 0
0 0
0 0
0 0
0 0
0 0
0 0
0 0
0 0
0 0
0 0
0 0
0 0
0 0
0 0
0 0
0 0
0 0
0 0
0 0
0 0
0 0
0 0
0 0
0 0
0 0
0 0
0 0
0 0
0 0
0 0
0 0
0 0
0 0
0 0
0 0
0 0
0 0
0 0
0 0
0 0
0 0
0 0
0 0
0 0
0 0
0 0
0 0
0 0
0 0
0 0
0 0
0 0
0 0
0 0
0 0
0 0
0 0
0 0
0 0
0 0
0 0
0 0
0 0
0 0
0 0
0 0
0 0
0 0
0 0
0 0
0 0
0 0
0 0
0 0
0 0
0 0
0 0
0 0
0 0
0 0
0 0
0 0
0 0
0 0
0 0
0 0
0 0
0 0
0 0
0 0
0 0
0 0
0 0
0 0
0 0
0 0
0 0
0 0
0 0
0 0
0 0
0 0
0 0
0 0
0 0
0 0
0 0
0 0
0 0
0 0
0 0
0 0
0 0
0 0
0 0
0 0
0 0
0 0
0 0
0 0
0 0
0 0
0 0
0 0
0 0
0 0
0 0
0 0
0 0
0 0
0 0
0 0
0 0
0 0
0 0
0 0
0 0
0 0
0 0
0 0
0 0
0 0
0 0
0 0
0 0
0 0
0 0
0 0
0 0
0 0
0 0
0 0
0 0
0 0
0 0
0 0
0 0
0 0
0 0
0 0
0 0
0 0
0 0
0 0
0 0
0 0
0 0
0 0
0 0
0 0
0 0
0 0
0 0
0 0
0 0
0 0
0 0
0 0
0 0
0 0
0 0
0 0
0 0
0 0
0 0
0 0
0 0
0 0
0 0
0 0
0 0
0 0
0 0
0 0
0 0
0 0
0 0
0 0
0 0
0 0
0 0
0 0
0 0
0 0
0 0
0 0
0 0
0 0
0 0
0 0
0 0
0 0
0 0
0 0
0 0
0 0
0 0
0 0
0 0
0 0
0 0
0 0
0 0
0 0
0 0
0 0
0 0
0 0
0 0
0 0
0 0
0 0
0 0
0 0
0 0
0 0
0 0
0 0
0 0
0 0
0 0
0 0
0 0
0 0
0 0
0 0
0 0
0 0
0 0
0 0
0 0
0 0
0 0
0 0
0 0
0 0
0 0
0 0
0 0
0 0
0 0
0 0
0 0
0 0
0 0
0 0
0 0
0 0
0 0
0 0
0 0
0 0
0 0
0 0
0 0
0 0
0 0
0 0
0 0
0 0
0 0
0 0
0 0
0 0
0 0
0 0
0 0
0 0
0 0
0 0
0 0
0 0
0 0
0 0
0 0
0 0
0 0
0 0
0 0
0 0
0 0
0 0
0 0
0 0
0 0
0 0
0 0
0 0
0 0
0 0
0 0
0 0
0 0
0 0
0 0
0 0
0 0
0 0
0 0
0 0
0 0
0 0
0 0
0 0
0 0
0 0
0 0
0 0
0 0
0 0
0 0
0 0
0 0
0 0
0 0
0 0
0 0
0 0
0 0
0 0
0 0
0 0
0 0
0 0
0 0
0 0
0 0
0 0
0 0
0 0
0 0
0 0
0 0
0 0
0 0
0 0
0 0
0 0
0 0
0 0
0 0
0 0
0 0
0 0
0 0
0 0
0 0
0 0
0 0
0 0
0 0
0 0
0 0
0 0
0 0
0 0
0 0
0 0
0 0
0 0
0 0
0 0
0 0
0 0
0 0
0 0
0 0
0 0
0 0
0 0
0 0
0 0
0 0
0 0
0 0
0 0
0 0
0 0
0 0
0 0
0 0
0 0
0 0
0 0
0 0
0 0
0 0
0 0
0 0
0 0
0 0
0 0
0 0
0 0
0 0
0 0
0 0
0 0
0 0
0 0
0 0
0 0
0 0
0 0
0 0
0 0
0 0
0 0
0 0
0 0
0 0
0 0
0 0
0 0
0 0
0 0
0 0
0 0
0 0
0 0
0 0
0 0
0 0
0 0
0 0
0 0
0 0
0 0
0 0
0 0
0 0
0 0
0 0
0 0
0 0
0 0
0 0
0 0
0 0
0 0
0 0
0 0
0 0
0 0
0 0
0 0
0 0
0 0
0 0
0 0
