-2445 2627
-3419 242
1155 -3738
2804 3860
3169 -1699
-2261 1450
1531 -3622
-4264 347
-3004 -2708
3246 3938
-1048 3060
-1168 2370
-4247 2560
-1724 1379
-2734 206
2849 3840
-3961 211
-2368 -1407
-3240 4154
2857 -2351
1454 -3182
-933 -2213
2785 748
-810 -1007
1944 2731
-2276 1563
1341 1387
518 2204
3630 -3551
-3823 227
-1137 -141
3266 -1598
-3970 1212
-2523 -730
3471 -2406
-139 3086
-2738 651
70 -3568
2248 -1313
-3931 2732
-3994 -1933
979 -1917
-42 -2989
-2004 3131
915 18
113 -3648
-397 -2690
-847 -3139
-3533 -916
-4029 -1800
-3589 -1400
2572 2574
-3343 453
1792 1521
-2833 -3698
-1336 -692
773 -2766
2816 -1404
2997 -1952
-342 -870
-3489 -2714
-2983 3767
-2526 -1999
-288 3848
3720 1997
243 -1785
-1188 -3739
-2772 3729
3235 3549
1800 1029
-1857 -286
-522 -1271
-1150 321
2015 3808
1005 -589
-1659 507
1603 -762
-1143 1611
-2372 -3159
-2429 -3719
-2537 1027
218 -157
-4586 2334
-2191 -1663
-3746 790
718 -2376
-468 -1443
-2833 2783
2566 1777
1421 -373
1115 -1850
3198 3411
-2671 317
3832 3538
891 -3318
-1988 -301
-3118 1810
-420 -1625
1808 -3839
-737 1353
3025 4026
800 -4077
1266 -1010
-3497 982
1541 1003
-1314 -80
-1047 384
-3857 329
1400 -1959
-2964 3836
-1427 2012
3805 893
-1123 2172
317 2848
2742 2720
544 570
156 802
-4110 3784
-3474 3278
-2782 -1472
3201 -2694
-1784 1460
207 -3465
-80 2544
2701 1654
-2312 -3065
1158 -3381
2223 278
3161 1310
366 -1228
-3176 3832
-762 -826
-1614 -2984
1109 -1353
-623 1418
1993 966
2224 1430
1408 591
2796 1716
-886 147
-1346 788
2657 108
-3332 3052
-1397 -2428
2869 -649
2384 -1577
231 2887
-289 2684
-4525 -1149
-317 -2406
3103 -2735
-3773 1211
440 -1711
184 4130
-2333 -1540
-1253 2185
-3733 -3962
3171 -3006
-429 3075
2747 533
-1163 1827
346 292
-2429 -2553
-1125 61
-1693 3971
-3148 -58
-2949 -527
-3221 437
456 1951
640 -1660
966 277
3785 -2681
-1043 26
3520 -2248
-805 -1726
948 3660
3016 -1498
-3226 -2792
-2974 1466
-36 3470
-948 -1496
1727 -1391
3477 1567
2995 2546
-3158 -476
2588 1703
-3079 -1651
1963 3234
1053 1360
-2205 -1567
-4348 1141
-3537 2481
-1054 -560
3057 1630
3664 -2466
1215 -2245
2666 -3218
1369 -2511
1611 -3186
-2109 -743
-2764 74
-3478 1756
-137 -1487
3394 3335
442 -523
2980 501
-4548 1171
2003 1558
-3820 -2853
-2987 -2012
-31 2858
-768 913
-2303 474
-2268 826
-1718 -3943
886 584
166 1996
-2066 1910
3848 2202
-3101 -3707
2355 -685
1892 1837
1585 1499
3131 -1180
-501 -1896
-464 932
670 -1556
-733 -3159
3976 1843
-3995 2925
242 -2509
-3400 1616
-3390 -2075
1449 4070
3662 2976
2621 4007
3407 -820
-786 -3472
654 -173
-1614 2558
2707 2576
3408 1499
-3903 -1021
3466 1399
2020 745
2354 -2966
3553 -3471
128 2703
3412 -2765
-848 2986
-4481 -246
1783 -3536
-3068 567
-4471 2627
-344 2323
1806 -2017
3205 -1771
-2440 2322
804 2003
-3811 862
-2530 4239
-1354 -274
502 -1333
-2514 498
-2696 -1407
2537 2631
-1880 -2738
-396 -3618
1851 2896
1533 1057
787 -1272
1409 2807
-3157 2675
-1620 -2652
67 3815
3489 2264
-4021 2360
658 376
1869 2866
-2788 -215
-1279 3843
-972 -2573
-2400 -4142
668 3648
2834 1507
1834 -1089
-1056 2757
2356 4045
3810 -3879
912 2013
-142 -2947
3369 -3671
-2931 3035
3372 212
3457 2543
-4088 1630
-434 4331
-4323 -2219
-397 357
2498 2275
-382 1363
478 -3603
-1744 -1631
-2941 229
1740 -347
2640 -1842
-3129 1634
832 1785
1349 1121
-4052 -3311
3006 2748
-418 -1691
3333 1417
3447 -2411
2090 -2972
3212 1339
3172 410
2356 3593
2677 499
955 2965
-4563 -3927
3041 -430
1523 -205
1465 1989
-1942 1409
910 4116
98 1596
-3750 -244
1569 -1477
-2692 2343
-4165 -1867
3527 347
-947 -3498
703 -441
2685 1192
-2763 2541
-1624 1149
-2846 780
-2194 -2696
291 3323
1554 3462
3328 3130
3595 757
-2961 -2566
3482 -767
640 -2663
-1535 1454
-282 -3354
-2143 3551
-127 -2936
1716 413
3323 3076
-2360 -2487
-2471 750
2418 -3651
-2882 2421
2541 3140
3326 4386
2397 2520
3759 3667
761 -3554
-3014 4342
221 2497
-1923 4004
-1224 -2735
2314 3751
-2267 459
2971 4005
-2451 -3209
-3150 -696
1721 -1813
3353 3371
-3809 -171
-1517 -1834
2049 319
-1117 -3786
-3547 -2936
2951 -3730
-4049 -2958
3151 828
92 -1930
-2452 3427
-2016 477
-2112 814
-3783 3066
2305 3580
727 4072
1661 1228
544 -267
3167 -270
-486 2462
1540 -3074
-1517 3709
1009 1299
-1326 -1
1895 2756
-1586 4055
263 14
1414 -1606
-3593 -1181
-3247 -1798
-1652 800
-3443 2226
3340 -1965
2525 -3232
-116 -2517
-1686 -747
-2491 2544
261 1479
3336 -201
94 2243
3716 -3753
2072 -47
-793 184
-2376 -1426
-3765 -546
-4280 -599
2843 2481
-1039 3145
3204 -351
-4107 2500
-2291 -181
724 2502
-3379 -1999
773 -2624
-2001 1999
-2241 -488
-454 2218
-1232 582
-1015 3442
-424 -2541
-3156 -1512
1111 -2644
-4189 2711
-4531 1572
2723 2690
1260 2297
-3562 -3340
1625 -442
-654 3018
1580 3118
2349 -47
639 3767
-1933 3839
2686 2786
-3917 -4028
-2000 4117
3195 1684
-452 -3241
-2608 -1469
2426 -571
3902 -68
-1139 2139
2703 4006
1151 3086
-858 3855
2330 -1256
386 1160
2687 3681
115 -822
2929 -882
1114 3783
3402 3827
-2557 -1194
-4095 1891
-3231 -3520
-3310 1926
2852 -2822
-1290 -196
1820 1306
3299 -3027
-3926 -938
3396 -2453
2361 -3639
-2478 -733
-2417 1140
3114 23
-16 -2246
-2069 -2083
-412 3545
-1990 2017
-2441 116
-2710 1872
485 -1855
278 -1699
-1631 4404
1452 -713
-1007 -1132
-1169 194
3071 -1222
1161 -1316
-2360 -2784
2729 -888
3306 -563
-2801 -325
-4526 2329
-1080 771
-4371 2506
-4167 4018
465 2569
3134 -817
-2232 1469
-266 982
-951 2318
-3319 -2330
2569 -2251
-3892 -801
1832 734
3015 -1120
272 -885
-3772 -3144
466 -1137
-245 -1400
3577 3747
-1594 1387
2959 -1737
865 576
4005 350
1222 -1003
-264 -1591
-3906 -3758
424 -2616
-902 -2420
2891 -1357
-2006 3358
-1839 435
-3259 3846
-3750 -4196
-2651 -1439
-594 -4076
1056 3050
-1909 -3267
-1560 -202
1250 2378
2375 358
230 4086
-880 -3058
-817 3764
-2360 3981
3269 -1633
-2082 -2165
-3842 -3735
3309 4208
2438 -1409
-3421 69
-712 1539
-4020 -1715
-1431 -3555
80 776
1769 -2192
-3644 1197
-1944 -3651
-1703 2209
-4325 3819
1476 -2362
1215 684
-2016 -355
-1181 -3614
-4277 678
-11 139
-1798 1471
1941 3000
-2891 -2948
-1418 1813
-3952 -1608
-2765 -2959
3965 -3596
-3891 2401
-3588 -3325
1732 1619
822 -1290
-3528 -2040
2261 -2679
497 3012
2917 1567
-797 -2546
1129 -3660
3518 -1031
-1109 -753
-2150 -9
-168 -3878
1274 2091
3332 3375
4110 -2338
-4026 494
1522 3044
-3228 -2041
-4053 840
-485 -1480
2433 -877
1077 4135
-2575 -1797
-1473 3627
-3814 2880
718 400
-141 2693
2953 329
1812 1952
2951 -3740
-3167 2887
266 3669
619 3373
-1415 -2149
-1573 834
3063 143
-3091 1303
3612 2921
1810 3981
-4259 830
1798 -2101
2772 96
-3646 1617
1989 -3238
-3127 -2873
-4064 2986
3172 -2547
-2703 -799
-4262 3000
950 1215
-1661 2033
808 2471
-692 -922
1612 -1461
573 3985
-1834 2274
-3461 -43
2815 1012
3786 -2725
3824 3572
296 -4050
1517 314
2670 2024
557 -2371
3346 829
2406 1406
646 1307
-687 3888
1933 -2006
-962 1247
663 3245
-769 645
2558 -3471
-3578 253
1065 1887
1295 -3982
-3690 -1102
548 -3402
2336 2178
2050 -1127
341 377
-817 2883
-1684 -3493
-2388 2495
-999 -3708
-2240 2475
-222 2635
3265 -3774
2343 2182
-3869 4118
-1598 -465
716 -1993
-2989 -882
-297 3789
2794 -61
627 4318
-3543 686
-3047 2271
1787 3069
-3742 -1508
-4188 -2529
3037 74
1251 -2631
-3667 -81
-1669 -3087
-4401 1285
468 -2413
1072 1810
-2704 2574
-2395 3212
-4555 953
-837 3952
898 -3459
3072 -578
3003 1249
-867 -77
1896 1793
1652 -149
671 189
460 1891
2143 -335
3364 -2287
-2897 2813
737 -581
-3813 567
2907 -2337
-543 3051
-973 2753
-684 -3977
-3541 -1288
-3297 -2468
-2886 1168
-3330 3864
-2987 2923
436 1723
838 -2347
2423 2150
-729 -2525
-2314 -953
717 -2044
1559 4102
-706 -1611
3231 4193
3585 2784
-3609 545
3683 -682
-3898 -3481
-3517 3596
1526 3314
3719 252
3556 -338
-84 1786
-3269 1301
2097 -3700
1492 3465
1539 -1658
-2424 -2615
-3313 -2179
1530 -3111
-2080 1374
-1654 -1956
2129 3334
-2230 548
-2838 -2320
-2151 -1785
-4062 -3398
-2631 619
-1798 -683
-3462 1703
-3998 1286
2048 2602
-3251 -1088
-1293 2749
3392 -2836
-2151 4151
354 -3497
340 -2602
-2339 1646
-124 3778
472 3644
1673 -3611
-3863 3445
3550 3220
-963 -1406
-2678 -3567
-3190 1540
-928 -3833
3114 645
2737 2681
-1757 -2793
-69 3776
-1242 150
-2432 -1819
3608 2609
2314 -3118
-2217 -3827
1898 3896
-1337 2084
-3233 3596
2247 2883
2602 975
1533 846
2765 1846
-604 1178
1397 1044
-317 4123
-3848 -3305
1798 -527
1369 3872
-1627 -660
-502 3038
3173 -1708
1308 550
-885 -2680
-2923 -2955
-3027 -2230
-3974 -3481
1307 690
577 597
-3813 4461
2555 -690
383 -2149
-4459 2000
366 -1137
2642 1763
3323 3407
-3021 2670
3362 2344
-3447 2486
2189 -2947
-523 -3360
-2534 -729
-3233 3380
-3880 494
-4040 -2481
1917 -3094
2218 3727
4246 2701
1292 -1330
446 -1553
-3512 1222
1477 -4017
-345 -3209
313 3449
1203 -4039
759 -3035
-442 901
-3727 3421
789 -596
-1308 -3725
-2320 -1925
1083 -1488
-3584 48
2907 -3440
2305 -2590
734 -3431
-3086 1657
-332 -3028
3650 -1639
1676 -2269
3834 -915
203 1297
669 -2398
-3290 -1876
3849 -594
2170 -1611
-299 4412
-1162 -1181
488 -425
-3197 -2096
1587 -2495
3460 3377
3209 -1413
742 2198
462 4458
2098 3881
2384 936
-1323 3411
-1288 2212
3364 1771
-2366 -1638
349 1822
3156 -3059
-2506 -828
0 -14
-2317 3692
3521 1527
-2799 -1604
-1593 -2708
2624 -2463
3343 3917
-776 -308
-2590 -37
4008 -2015
-1926 -2736
2642 -2072
3698 -761
266 2412
1369 1563
-89 -700
-1737 -2099
2222 -1979
-176 748
981 3912
-1187 -490
-3705 2677
-2905 3718
-327 2873
-2160 -2984
3731 -3051
-57 -4201
1433 -591
2850 -1429
-3790 -2896
4033 959
-3311 -1560
3082 2654
-3360 -340
-3711 363
-4039 -3359
-2595 -375
813 2034
-875 1248
2028 2721
-1936 -1871
-310 2123
313 -56
3673 498
-3521 4236
466 -3061
-72 -2334
-3805 -3057
3220 3941
-615 4495
-1139 4220
-575 1584
1437 2808
-4013 -1953
-4406 1010
1237 4329
2385 108
-4577 1737
-234 1181
2079 492
2605 -1918
1544 -2768
-3978 513
-1908 -1316
-1045 1182
272 -1152
-1161 2415
-2818 -3081
-2444 -2269
-3142 -2706
2032 -1649
2994 -3558
-3699 -2468
-2993 -2523
-3739 -1122
1948 -192
3662 3601
-648 3178
-2054 -1808
530 725
-973 -2091
-1550 -2964
-1866 -3951
4212 3869
3889 -2182
-1224 -435
2943 1550
-1029 -1227
-3278 3847
4165 3865
2274 -768
-1720 840
-1809 -3435
1427 3956
1881 4010
-783 1910
302 -2721
-2501 2436
-4376 -675
2678 4390
-3563 -2430
1552 1610
-1526 -742
3672 -759
-819 -789
-3091 1710
389 -1482
1139 -3750
1843 386
-1341 867
2043 2904
2439 -2400
-235 -704
-3069 1881
-2611 -846
2805 -3516
-2270 2897
-1170 -167
3023 3197
-4426 117
-3500 -898
-3092 -1068
2476 -1608
-1188 -1835
-2153 -2175
-2456 2291
-3619 -2359
-40 -578
3000 3321
2036 2083
-462 1626
-321 -3982
3182 -2116
-1077 -2293
2926 2653
-161 -845
-82 3108
266 3989
488 1715
1914 3340
647 4032
-2093 -3557
3893 2068
-3474 844
-2606 -2257
-3235 -1567
-1013 -143
1464 76
3846 4032
2375 -1711
-2506 4012
15 -341
2 2176
-2531 3925
-1698 -206
-4261 3613
-506 -1493
2413 1999
-2595 3031
1287 -3432
-426 -1819
-571 -540
3621 -588
-4260 -2061
697 -1628
-4263 288
-1533 429
3008 -791
-329 -3398
319 2414
325 132
-357 -1658
-2209 -1041
-873 2872
2792 1582
1231 3670
257 -1129
-1587 -2583
-3545 3979
-1727 2662
951 -1929
-2949 428
-3657 -535
2834 -2151
-620 -3264
834 -4016
-2491 -1240
-591 1782
3317 -899
-413 -3523
-1458 3637
-159 3378
904 -2307
1423 2933
-1757 -3279
1664 346
853 -2523
1171 -2491
-1941 494
-514 3014
-1743 1847
24 2738
-439 2888
287 3078
-3584 -3154
1924 491
704 656
1575 2600
595 -1961
488 -3594
689 1394
1307 3966
-3621 4309
3319 -1740
2554 140
1864 2399
-3103 3125
3755 3867
-3576 100
1146 3826
-1306 -1035
-3076 -1290
3117 635
-4289 -3050
993 -1953
2143 1447
858 987
-3801 -1686
-4519 2152
-3094 -1944
-2342 -2032
291 1785
-4626 2441
1738 -835
-3440 4065
1948 -140
-3613 1232
1306 1265
413 -410
45 2264
681 -1343
3335 -1383
-2759 -508
3956 917
1341 1391
-169 -3496
-3419 3173
-3314 -3106
3533 -585
-2721 2659
-2171 -1539
-2322 1403
1390 -895
3691 -2021
3625 -1333
866 -2101
3429 -1483
3818 -1943
-424 -4101
-1101 592
-936 162
3640 -33
-878 -260
630 -3446
-62 3861
3197 -2316
1534 -878
1927 2270
-2381 -2957
2457 -137
-209 477
-2912 3365
2706 4026
1064 -1107
-2535 3840
-4116 -3579
-1304 -2139
3453 1768
2993 -3002
2913 -838
2639 -137
2092 32
809 -1383
2210 -905
-4154 858
706 -352
-738 -2185
1235 2526
-1207 650
1864 -3247
2343 2678
-4177 1922
402 3346
894 2095
-2902 -2496
-1265 3149
3156 -2160
2118 4146
1700 4002
2163 -3224
-3037 -1543
-2097 2124
4222 -2931
47 -317
-275 719
402 -4183
2248 -2880
4383 575
520 -11
-1814 -1701
-2725 2360
-2372 3713
1329 -1075
-2823 359
-2719 -3971
3171 -3602
1075 -1249
-2937 -1843
-3598 465
4205 2264
2958 1685
-1156 304
100 874
-1902 2848
-41 -3755
2758 -2163
-1025 1080
2349 2475
3698 -3620
1348 1721
3267 -377
80 -846
-1515 813
927 339
-2618 3135
-1662 4107
191 -1961
2471 -2471
-501 -2849
-724 -645
-1148 -1418
-1717 1128
3623 -3275
-1060 -411
3503 374
1297 3518
-394 -2612
-2117 -1399
-4448 -1772
-4076 -3407
-3628 1935
-2595 3941
-1943 2477
1384 1925
2226 3979
-3520 650
-666 -1095
-649 67
-314 -47
2277 3774
-2637 2499
377 -493
-3227 -670
3442 3572
-2509 458
-1511 1829
1762 -384
-1754 1482
-1151 -3795
-806 3975
-2251 1208
2767 2451
-3109 1341
-1038 3673
1782 -2993
-2260 -2649
3751 2528
1716 -550
393 -1367
1045 -463
-251 3049
539 -1257
2583 -2558
294 -1654
-2934 -156
-348 -3061
2800 -3353
-365 3983
75 -1967
632 944
-4115 2544
441 951
-3579 3148
3892 1514
1178 1076
2282 -1401
2608 -2461
-3756 -3917
3728 -380
-2724 4161
3933 -2477
3656 2666
107 -1376
357 1192
-472 4277
-2756 -3027
2160 2832
3240 -149
-370 1200
-3537 -2045
2683 1456
3479 -2445
-144 -270
-2866 -3401
1203 4172
1850 888
71 -3003
3509 3654
-3808 2433
1079 2684
-1763 -471
-2116 1458
2864 3239
687 -1582
4542 220
896 -4165
4147 3081
3907 1783
-2195 -1261
-667 -1513
-2873 -3694
1737 2457
3097 1754
1442 -396
-2750 -3055
2628 -3398
-2848 -3432
2171 2560
2055 -251
1538 -3477
4066 1404
347 -63
1224 2731
790 -3024
3217 946
2691 -1608
219 -3424
3944 -548
-2372 -816
3799 3975
-3434 2052
2348 -822
-1404 4064
-4152 -951
-2468 -1456
-48 -3948
-2372 2335
1648 30
2473 -18
-3973 1621
2874 1148
-201 -1168
-3450 -1141
3058 -2433
1748 3878
-2064 -135
-230 1191
2897 1220
2366 843
1513 -3402
2567 2535
-1193 83
-1862 881
546 -691
2198 -299
2507 1921
4042 -1507
2227 3768
618 -1427
-2837 -1518
-2184 1130
343 -1932
-1 -651
-2193 -1547
-824 2432
-1801 -2475
-2988 -1885
-2422 -2104
-1868 3472
3339 -3723
-1825 -3568
2207 -124
925 -701
-898 4
-3268 2028
-2932 -286
-3164 -504
-388 3262
1667 925
3826 2968
-3630 3543
-1132 3770
-1583 1552
-1678 -1708
2095 -1859
230 -3312
-2350 1071
-405 2174
-664 -3596
628 3330
-2597 2020
3096 -3320
1009 -2177
786 3225
1375 3492
-2823 -3884
755 -2481
3519 322
1396 1013
-1236 -2221
-2856 1848
3967 3687
-1684 3927
3815 -1368
-954 4096
920 -2723
2514 2360
227 -915
-2737 2733
-3777 3332
-3051 -133
3536 -397
-24 323
4097 -1631
-2088 134
-3738 3749
3409 330
1013 575
3537 1466
814 -3115
-3236 1105
36 1574
1322 3329
-2650 2124
1671 3102
1058 485
1531 -3320
-597 1878
92 -3857
4398 3480
-3345 -1098
2711 143
3633 3842
4167 -1870
399 3507
-1913 2895
1387 -905
-1560 2853
3016 -162
-998 -1889
735 3798
-376 -1381
-1432 -1743
-91 -3455
-2013 -3777
-2788 3653
1191 2307
3429 3113
3715 -204
268 3058
-3775 -3932
3240 492
-2950 1908
3707 45
-1821 834
-2310 -4057
2164 853
-2437 -2479
1839 913
-2575 951
1555 -1879
627 756
-3047 -2668
3576 297
-1752 3119
-2975 -2556
-2809 -3949
-819 -1041
-3463 -3894
2935 -65
-1660 710
-1312 6
1329 -4268
-886 1503
-1562 -74
2262 -4319
1256 -2240
3631 -4527
4238 2812
1315 -1551
-3323 -3374
3186 3021
2874 -272
-2140 -2262
1005 -996
1271 -450
-1670 -1741
-744 -3050
-1196 3525
-3641 -880
-2082 3341
2279 71
2906 2056
-1789 1704
927 -2006
-1721 -3229
-1410 1394
-2839 461
-2545 889
1203 1910
4036 1859
-3964 -2134
1916 1127
-1535 225
-2085 -3690
-3891 3458
-353 413
-2984 -3273
488 4024
-1489 2573
-163 2859
2362 725
394 -2580
3017 3101
217 -618
1539 -3762
-1172 193
2650 3684
3524 2772
2961 3175
4086 -1972
-2201 -2871
2595 -3915
2114 2669
-1793 1625
-2564 255
-2886 -2967
-2131 -3118
-2756 2232
-1715 -1400
-2404 -3361
3587 -295
-2413 1706
-3297 1092
425 -2549
-1346 -1991
2244 1577
-3348 1741
1370 -270
1821 2206
-2438 1917
43 -3786
-2532 -3334
3519 -1889
3776 3810
2806 -2296
1615 -1672
2498 -1986
-3681 -2270
-2357 -2108
-612 -2992
225 233
3954 -3959
-1460 -2657
3884 -2055
1140 428
1004 -1115
1489 -3016
634 -2577
-1867 -3297
3484 -3745
-1882 -2644
-2811 3552
3418 -3770
-415 -3754
-2301 -3129
1806 3188
688 1343
-3625 1197
3975 3609
3390 -3747
-1768 1960
3506 1627
3308 2845
-93 658
-1976 -2430
1060 -3346
-2933 1401
1677 1120
4068 -2903
-75 2935
-2328 2601
4276 -4010
2989 649
4496 982
2672 -3242
4618 1729
66 2832
2232 -3743
-1056 -4447
-3276 3056
2874 -4288
-502 2108
4488 -3712
4676 -1099
-457 -1061
1475 861
-3320 97
-726 -2388
4269 1310
355 -1278
3975 1664
-1487 2327
2195 -2425
1658 -226
183 768
139 847
440 887
-1325 -2540
918 -392
2606 -3971
1883 -2187
-2989 1989
2728 1121
-3659 3995
2036 1528
-2619 -279
4039 -397
-2927 -3350
3068 3174
1254 1655
373 -2368
-2318 -1077
-516 -869
1292 -971
1155 2308
3698 -107
-1318 775
-1410 3000
1841 653
-3445 3878
1659 2133
-2756 -2855
2825 -654
1069 3775
2113 -1197
4554 3224
4075 -2671
-605 -2786
-1807 127
-1189 -2045
-1258 -2147
1383 871
454 -2332
4267 1465
3295 3237
533 3088
2918 810
4930 -1665
1877 2583
-35 -5296
-2938 2769
1848 390
-485 1819
-2043 -4759
3813 678
2970 767
2349 2055
-1713 2053
2182 -1646
448 3355
3202 1706
3201 -1090
-1917 2842
-1262 -3545
1380 16
-1818 -3983
-1092 -1561
-2414 -3008
3685 3281
3587 3898
-3323 -1292
3338 -2782
-1248 3671
-65 -2117
2884 1148
3579 -395
607 -211
-3264 168
-1447 -3157
1718 -1343
-1758 2433
1377 4051
2232 2083
2994 1351
2599 2740
966 610
3537 1914
-3495 767
3777 -1457
3458 3285
-3589 -468
1788 -1774
-1917 2033
3666 3306
2565 -2975
86 -2179
2701 -1065
4045 1909
1195 -4640
3567 3028
5048 -3550
5235 2847
-714 97
5505 -608
-383 -2834
3916 2808
-529 1198
5721 -608
-2215 1959
1537 226
-518 -3544
414 -914
264 -3454
-1410 967
-1882 -123
-2669 -539
-2599 -3997
-1430 -2588
3376 1961
-561 -4259
-1230 3200
-232 -2839
-3272 -1083
1059 -3142
-908 -3829
-1460 -3266
-2498 1295
-3978 -2747
2656 -2183
-941 1242
599 -1090
667 253
2322 3113
-2099 2929
-3765 3423
3017 2468
-4114 -460
703 -20
-2016 -3440
582 1132
-1344 -1758
-2333 556
-1572 3496
351 2454
-1860 631
-3734 -1909
2247 -1440
-267 -3881
1213 1785
-1787 -2527
498 -3916
3419 -2067
3338 15
3685 2724
334 2011
1441 -3430
1232 2345
1596 1471
-1244 -168
1028 -460
4065 -4680
1777 -3265
3247 -1334
607 -1773
5358 -1232
5148 -1506
4761 -4813
-121 575
4805 -1669
2119 -5258
-1488 -94
-2204 -3033
340 -2012
1783 -427
2188 -3309
-3586 -3078
-2638 1399
-2513 2490
-1006 3626
-333 3526
754 1105
649 -1448
-599 3515
1172 -3382
-3899 3232
875 1463
2566 3177
-1762 -2257
-55 -2431
-800 3992
-1896 -666
539 3605
-3883 -326
1566 686
1298 3329
3201 -1260
4218 -3685
4126 2501
1182 -2386
-821 -636
2943 1859
207 1123
683 1769
359 -3554
-744 152
-471 1139
-3632 -3523
-570 -3321
3696 -1384
4246 -2835
-3545 -491
-3410 -2336
1469 -3866
1145 -204
3217 2528
3195 1166
4484 -3669
1060 493
-1319 -3032
1812 1867
5073 394
2354 -844
4767 -5397
3312 -1763
2013 -124
5686 -5689
3590 -2314
3103 -5878
913 -2025
-2572 1819
-2443 2394
-637 2422
-3816 554
-3871 -2510
-2990 -2636
3844 -925
-812 1454
1821 1984
3458 -4216
3662 -2080
3238 3482
653 -3546
3303 2300
-2121 3749
-447 3383
-1886 287
-1876 1458
-4094 2869
-2818 1685
2314 -1225
-647 -3503
-2994 -4035
616 -1358
-1646 3740
399 3972
4070 2881
2176 -3061
383 -3494
178 -738
-1669 2330
3922 1088
3949 -2798
847 -2182
-1085 -969
240 -1424
-593 -56
-3111 690
2601 -3172
-881 -1753
-2695 -57
-2053 455
-3172 -3348
-2334 3045
4037 -4053
-394 395
3346 227
-2191 -3926
-1380 -4213
409 -4976
-1252 -2070
497 -2765
-383 -5390
-1007 -4658
-1763 2056
1095 -1579
-923 -5768
2632 979
-1179 -1390
-3733 -3521
3059 -5008
2496 -2245
-3727 2111
664 1684
-1756 2660
2645 -1500
1175 -3815
2717 2405
-1537 2717
-3139 -880
-302 2821
-4197 1125
-1682 -520
-84 2341
-3576 -274
-3243 -3391
-1972 1549
3032 1582
-3689 -41
-442 -1903
-30 -3285
-2405 -969
-2802 3579
2035 -744
1716 -631
2921 -1535
1995 2526
-2164 -2557
-1413 2985
676 -2543
2782 -1597
-3107 2440
-1047 2294
381 -2859
-1802 547
-920 -3488
460 2386
-148 2973
-1306 -4180
3408 2196
3911 -2602
299 -4443
1864 3252
-1925 -381
-2081 333
2066 265
-1807 3094
2904 2442
-1410 -3882
-3079 -3617
-1207 -2212
-1587 -3621
-2061 -3711
2595 -4000
-2344 -751
969 -4357
-2929 315
3099 1254
2644 -370
-2020 -3710
-702 -1129
1864 -3062
-122 2951
-1234 190
-544 -200
3239 -1202
-3645 -3530
3710 -4455
-2156 -3002
2270 -2508
-3097 -1323
-617 -2154
2910 2024
-1703 3155
-2123 -391
-3223 -3991
2081 3450
1056 -3297
-3414 2692
2353 -2862
21 2080
-928 -483
1557 1953
49 1416
1274 -1658
1380 -3296
3893 1375
-1559 -1863
757 -3990
-3695 -1787
-3354 -981
687 1877
1605 -2255
2754 -1349
394 1562
-1816 -2634
3820 1078
3264 3291
3688 -570
-411 -4308
1187 -3134
3623 -941
-826 723
-3764 221
3475 2240
1253 -1489
3698 202
-1189 1454
529 -170
1634 660
3568 -2308
-489 1345
-2332 -920
-4485 2181
-4326 906
1501 1214
-854 -1368
-5309 -4761
-4212 -2778
1672 -1322
-2730 -1739
-523 -4499
2961 -994
870 -2154
-2385 2699
3523 2021
3003 466
-2136 2267
-4452 317
-3777 3029
3080 -1821
1522 -3570
3626 3698
886 398
918 -3889
2599 -1322
-2139 -3771
3641 646
2243 3600
-2808 -1548
-737 -4030
2526 66
-2664 -760
-2368 3111
-136 -2613
-3702 1632
2661 -3092
-3534 3901
2675 -2735
-627 3534
-2591 1044
-595 -1079
-2120 -1797
-272 -831
-832 1207
-3162 1839
2680 3632
3939 -4064
-2622 -3500
-3323 419
1148 -3506
2345 -3560
-3191 -130
-1497 2049
-533 -1124
-3554 -4199
-1981 1246
-1301 3322
-3028 -2752
909 1448
-4676 -1227
-3154 894
-2224 -4505
-5790 2174
1043 -4713
-2952 -899
-2905 -4180
-1181 375
-289 -3295
1692 2045
-4791 -375
-2400 -2571
-1384 2637
-4092 3498
-3735 -2827
-3008 -134
-4505 2761
-1286 -979
2021 -2949
-2023 139
-1390 -4384
143 1454
692 -4252
-1486 -2988
-3273 -649
-661 -1005
2828 2901
2263 3434
-3789 2701
-3883 -4167
323 -62
-2756 -3521
-1020 -2038
-2378 -969
-2161 -2744
-1376 -3515
95 -3654
-342 -580
-81 -2189
-504 3709
-1479 -3105
3645 -3240
2276 616
639 1581
-2026 -4218
-453 -420
2858 1662
3974 1424
1502 1304
648 3046
2218 -1843
-4136 1043
2811 2450
-1641 -2201
-334 969
1405 118
299 -3812
-851 -3993
3066 607
-4230 726
-2041 2049
-2257 3772
2101 -1221
-999 2873
-1538 -2919
1632 -92
-1874 2536
-5782 -2352
1168 -644
2474 -1240
592 1387
-3265 -3819
-150 -3373
-796 -3903
-1619 -1037
2169 2778
-3417 -3582
1402 2692
-2095 -2969
-2725 1113
2761 -3170
1695 3387
-3728 -2125
1148 1440
422 573
564 1519
172 -1941
1679 -1214
-3837 1473
-3974 2386
-2988 -1761
-1715 -2073
-1546 91
-1786 642
1093 -918
-1698 -50
682 2497
-3402 -3262
-1616 1877
-1987 -1920
3115 -2345
3278 2658
-3423 -3331
-1985 -598
-3633 -1430
2806 -2614
-300 -2042
1404 -3131
-518 -1501
2025 -3097
-2382 -731
1922 3291
-3181 -670
-2454 2224
175 -3094
-4256 486
-801 3597
-2647 -3113
2809 -105
-5195 410
-1864 -808
-613 -3386
268 2186
-4568 -361
1827 -1139
-5162 2880
-2810 -3408
-1321 2533
-1810 -3270
413 384
2261 -3185
-4749 -1039
2371 169
2517 -2001
729 -270
656 -2263
-1013 -4035
-4271 3563
-2 -85
1913 3656
2373 -2631
680 3731
325 3432
-40 2829
-2077 -860
1915 639
-326 1607
3232 -1118
-147 -3201
2096 -3657
1054 763
-3680 -1660
-3466 -474
-3508 625
1531 2336
1304 1953
2076 868
2932 -3331
-3051 1270
-2079 -2807
2452 1187
-3014 -915
-691 1956
-1186 881
-407 826
-831 546
2929 -1887
-2003 3794
-3585 3390
2527 644
-4660 -1216
856 -2695
1673 3512
-4098 3662
-1878 526
-3305 -711
-3969 3619
-3812 1420
-3481 -617
-4658 -2231
-4384 512
2230 -2597
-3542 -726
-3581 -481
-1172 2750
-1953 -3084
1518 -2299
2264 -987
2587 -1753
-909 -446
-785 -1705
2353 801
-2024 -2001
-206 -4384
301 3646
-4558 -1007
-219 -3152
-136 866
320 -395
1113 -901
-2030 3054
-2515 -92
1365 -3658
912 -157
271 700
1107 -3736
746 2688
-2233 543
1541 2492
2189 1948
-2258 -1562
2677 1112
2151 373
-104 2868
4392 -3449
122 3395
-3776 -4071
4369 -1172
-235 2345
-2933 -3111
-2251 3766
-3803 -934
-701 2968
2561 -1544
3688 1769
1128 130
-3844 1936
3053 349
70 -1625
2398 100
754 -1739
-105 -73
-4668 -549
2224 3418
-3819 -1931
1247 663
-1350 3170
-3816 613
-844 711
2597 -2673
1306 -2868
-2266 1322
1643 -3542
-4160 -3498
-328 3444
-3334 -1956
-783 -2250
-3085 1024
-3625 -3896
-3598 464
1009 -4295
2317 -246
-4434 -3294
721 3766
-874 618
762 -2445
1590 2119
-1599 -1588
-2206 -2362
1667 2289
-3057 -2842
-1692 -2756
3076 -275
-2304 -3391
3476 -1252
1028 3390
1373 -1014
1841 3884
-2420 -1813
-176 2751
3336 2604
4088 -1634
-2225 2327
-2593 -1661
-3249 -1872
-1634 -1485
1196 1567
-1799 -2684
3204 -2334
1126 -3713
1029 -2555
-2646 -3834
-287 840
3492 1218
-2220 2486
-2545 1816
-2878 -48
-3026 2086
-88 653
-2378 1096
-3252 -1519
-2233 2885
2978 -585
-516 -2732
-613 3864
-3428 151
2527 -2978
3348 -3608
-3240 -460
-4638 -4121
-480 -1737
42 2089
-5093 3579
-3646 920
-3885 2931
-81 -2370
231 -2697
1492 717
-2558 -1094
-1662 -183
-1440 270
-811 3723
1089 2464
1788 1006
2121 -2948
-3559 -3326
-677 -2783
-1056 -3798
-4063 1396
-2641 3482
-1058 786
2930 2222
624 -3345
1393 2056
3824 2546
35 840
2505 -4349
-2136 2221
687 3042
1271 -3209
3577 -2440
1324 -1586
2105 2699
-3020 -795
-2843 3507
3001 1519
-3485 3886
-3438 1355
869 -3363
-1757 -1589
-1685 2588
-1130 -2957
3268 -3225
338 2761
-489 944
-3096 353
-1431 -2517
-3432 2672
-4021 735
3003 -2549
820 2803
1222 3129
3698 -431
-323 4131
2081 3381
2236 604
2804 -3659
-101 -631
293 1240
-293 -2378
-2733 2751
-2489 7
2183 -2875
-3718 -3776
1697 -4159
1072 3711
2504 2194
-3633 -2131
-4447 883
-249 -465
-1922 699
-4225 3003
2979 -1021
-3759 -2267
-4035 -1652
2066 2469
-1078 -1847
-3141 -4188
2068 -1075
354 1685
-2273 2696
-3949 -3482
3061 3034
2506 -1501
3249 -571
-480 408
540 -3552
3063 3912
3952 -2582
-1277 -854
-1434 -2861
-1301 2491
2295 1158
-1568 1838
2742 -3258
919 2338
1765 -2541
1337 -1446
-3652 -3221
-602 2883
-641 832
-3009 1969
928 3137
-3063 2223
-3682 -2947
3313 -559
80 1339
2967 939
-1785 -2987
1039 -2063
-2835 543
1303 -3433
-3220 1060
1036 1295
-152 -3035
2105 -2231
-4141 -805
-2170 3392
-708 -216
3360 3313
3096 -2655
-4639 3574
-2611 -1791
-3428 1512
-3296 3579
1630 -3634
-2315 -3253
-2121 -4099
-1727 -2884
-1901 -2405
-1124 2700
2621 2323
-2198 488
1583 -67
-4061 -2176
298 680
-992 3742
522 -627
-1305 -1484
2463 -3919
3597 -1167
-3714 -2481
2525 -3976
-1273 -913
339 3741
1450 -1380
-522 344
-1126 4011
-1346 2784
3602 545
3504 -3217
135 658
3972 423
1889 -2828
-171 686
-177 1747
1352 -434
-2646 2794
-2927 -3446
2912 -1810
-3716 -1620
-2988 1966
2031 1352
21 2315
-1105 3074
2527 -2800
-1287 -1378
-3215 1919
-1329 -1127
-3702 -1186
1689 1819
3171 612
-1904 -1875
-3752 -30
-347 860
3671 1909
-1436 -1739
1654 -1829
1564 1346
-1860 827
-351 -539
2857 -967
2924 2524
890 3619
2044 1416
-4662 -3532
186 -597
-3858 -2734
-952 -2291
2429 -3458
3284 1215
-1618 3772
999 -4008
1777 -1784
-4195 -2985
-1079 1451
1922 1547
-417 3295
3449 -2576
3080 429
-635 2216
-1364 2818
-1931 -497
-1047 -1055
-1092 -1172
2608 1223
3003 3997
1062 -1291
4329 3812
2292 -3514
-1475 3340
800 1323
-3744 567
-1203 2264
3485 -2927
1352 3244
-2730 3586
2910 3332
2842 697
-3002 -3906
2771 2845
4208 229
225 3635
-2778 -11
2987 -1468
-2152 4073
-1131 158
3046 2573
3164 2920
-15 1689
472 -574
2755 3178
173 3832
-3899 830
-3679 3554
-3253 497
-2243 -726
-266 1430
-840 2626
2786 2900
1791 -1662
-1769 2461
-1582 -714
3227 -4001
-2983 2625
-974 -228
1465 -1122
-1244 -3567
595 3740
1345 1454
1478 -3568
-160 123
2365 -2152
925 1042
-1129 -1522
1388 1285
-741 1149
1905 -2431
-1968 -2941
2217 3738
1452 2647
357 214
3614 -2307
-2600 -397
-2786 2589
-3154 -2144
706 -1076
-3680 -1612
4056 1406
545 -1942
-3430 -203
2846 -3818
-3011 -3143
2581 3688
2330 2891
3805 -654
-1388 -3463
146 -1097
-1657 -2153
934 -3429
-1375 4099
2811 -1089
-1110 1054
157 1019
-3142 718
3948 445
1303 -2910
-326 -116
329 -2579
-977 1433
3439 -3372
-2467 -2235
3729 124
424 -1046
1974 9
-2257 1746
-1162 1550
-3562 1142
-2381 -1614
-3512 878
214 285
-2199 -23
-2217 2964
-1512 -1800
2716 3377
-3818 -1603
-3429 3050
-4721 -3125
3440 -896
-2864 792
3220 -1880
3271 3030
2193 2482
-38 3787
3455 -1786
1130 -2412
-3674 -2164
3439 -3855
-3306 1052
1172 146
3361 2850
3526 -2093
-2121 1434
730 -1983
1706 3886
1854 2607
-1079 3459
1259 -2628
3487 4074
1620 640
-1625 3071
-1636 3974
-106 738
4172 2077
-2919 -2889
2689 -1964
-3450 -1436
-3624 -3957
395 3981
1698 1819
871 3696
2179 -2648
0 3011
2891 -2871
4342 -3896
-2068 -935
-1337 -2002
2951 -2729
-1987 2989
3247 -2955
-1289 -1683
-2365 -3969
-1058 -3890
1051 -1227
1548 -583
-3337 1254
-285 3774
2540 -3519
3243 2756
1506 521
-3428 -712
-2458 1105
-601 2847
-96 1
-1313 2675
-692 -1873
1803 -908
1152 -2128
629 -3159
3014 -3235
-103 -2692
-3557 -3347
-3661 -3331
3675 3145
2926 -2296
-3722 -2150
1858 2954
-416 1881
862 968
2283 3627
-4112 3446
-3603 3909
4438 -336
-3573 -3143
2031 -3627
1909 1847
206 542
1926 -2914
47 326
-180 -2687
3348 3749
10 4019
-2689 -1228
1033 1333
-744 -3047
-1686 -1962
1727 -2773
-846 -738
-3069 -12
-1463 -2975
-190 716
-3049 3320
-796 -1036
4476 1254
993 851
-1253 -651
1531 2306
-2588 2921
1085 1795
-2173 -2521
-3256 3654
1936 -2222
3600 -583
-3881 -526
66 -3193
708 3266
-2244 1782
2006 -3283
-3104 2363
3231 -318
3067 -3622
262 -2044
2702 -1975
-2676 3072
-2052 -2134
-3431 -718
-4140 -2872
3512 -759
-1143 1904
-998 -895
-3207 836
-3923 -2647
3400 2881
134 1256
-4003 -3810
-3454 2603
262 333
2972 -1770
2075 448
-114 -2072
-1070 -2404
-58 2066
725 -1665
1293 -1941
2662 3733
1311 2482
4323 615
-1932 -1109
-2595 -3778
-1115 2335
4215 -1776
-2926 -3891
1592 -59
1718 3610
-2179 -3052
-2521 -154
-1779 4
2395 -194
-1438 -1903
-2984 -275
4748 -499
-1651 1664
4721 -1134
-3181 708
-711 1835
721 3872
-1968 2849
1589 3213
-580 -515
-686 -374
-55 3633
-178 -1701
-3718 2170
2417 -2240
716 231
-3184 1149
2442 659
704 2254
-1178 -2918
-3752 -1130
128 -4210
2716 826
-3856 3030
-2272 -2096
3425 1753
3652 -2654
-2278 863
3252 1179
-1915 -1143
-313 -2210
312 2210
1296 2486
-3669 577
3618 2011
-141 -382
2286 -2557
2621 -3770
406 3316
-2308 1410
-508 -1450
-281 -1930
3353 3141
-746 -1671
-2830 -88
-1907 -3246
-2098 4042
2098 3582
-1255 2090
1808 -432
3220 -2831
-2596 -523
3888 3349
2375 2637
3824 795
3261 -19
-3145 -47
2894 2989
-1012 -3845
1849 -2978
-1009 3349
-889 -467
3368 -3369
4332 606
2480 -381
4560 -388
590 -2906
0 902
2048 168
846 2788
-1146 -1252
-745 4097
2161 3467
-1601 835
4195 -3708
-1783 3132
2737 -1777
-2738 1521
1333 -3495
-3382 -4040
-3877 2799
-3449 -3048
2615 445
-182 -1714
1409 -2967
-3040 -1570
-3842 204
2310 -1492
-2675 -630
1804 -963
3075 -3794
1966 -3771
292 -3778
242 -2700
3516 -3718
-1104 1059
-1004 2681
3278 -3408
3399 1230
-445 3853
1072 520
818 -3256
1348 -2733
-1068 901
274 3485
2191 -1679
-608 -2469
-2075 -2518
1227 -155
2753 2437
4576 -3110
-1767 2760
224 262
4303 -2387
-2290 4236
1918 731
-1051 4131
1749 -2265
-2431 -550
-1806 -2676
4708 2655
547 -694
-229 3710
-3149 1540
-2627 917
-3267 -1381
233 506
3113 1159
-3179 291
3088 -3466
1152 -2387
-2491 525
720 -2858
3819 -1081
4033 -970
-562 -1618
-3368 2529
1530 -3935
-32 3497
1790 1184
-180 -522
117 855
-383 1656
2805 -1227
-237 15
-801 2958
-1824 2180
-1180 -2032
2732 -3740
-3050 -3763
449 2130
3127 -3749
3717 -890
-1550 -212
2353 2690
-2478 -1575
-3443 -2160
3333 -2195
-840 1516
-2059 -474
-3535 -3577
-3098 -2934
-558 -3555
-3590 3278
4422 -1329
-1252 2236
3400 -586
-212 -105
-1957 3599
3633 -387
1689 -256
485 -3885
3139 -2167
-2960 3007
623 3111
-2942 2941
-1750 2605
-762 2618
-883 -2377
-1106 -3805
4668 3964
2362 -3276
55 -2981
-563 255
4356 -240
-901 2975
188 -3395
3269 2566
-7 4195
390 -2246
-2172 1032
1913 -2439
-905 3077
-1372 -2502
2386 4058
-2285 -2663
-3629 2711
2746 3747
-4220 1240
-2 1593
-2340 601
804 199
-2770 -2987
1203 3631
39 -2622
-979 -1921
1470 133
1975 -602
-1170 -4258
1540 878
2931 -1948
-1562 2061
797 -2403
-2256 2614
-990 2069
-1140 -1769
2109 -4073
-3301 -151
-379 3358
-537 4162
2964 1590
-3519 461
947 1702
-1937 -2386
-3598 3731
-1710 -1218
88 750
4444 3289
-2070 3251
-2822 3421
-2341 -531
500 3882
1302 3891
-3535 1495
-2811 2443
2060 -3752
-1757 3152
858 -3646
1250 2122
407 1052
769 4188
4355 -2242
-3554 1949
694 3777
3044 3276
2147 -1977
4192 1979
-2185 -3047
4116 -3213
3461 -3535
-1336 3352
-761 3814
3402 -3592
525 1449
-3366 1439
1424 -3358
-2687 155
1062 -2293
378 -3369
-3661 2172
-2674 1573
-476 -518
-4204 -2686
-1083 -2708
1319 3599
-389 2307
643 2555
-1731 955
3669 1671
249 -4387
-2585 -4227
125 -1419
-16 1108
1252 -3100
2009 1824
-1549 -2980
-496 1088
1056 1541
3938 -3745
-2352 923
-1628 -3920
-3135 2481
675 -2912
-2429 3237
3629 -2499
-1348 -2835
3714 -2280
-934 -3237
-710 549
-1825 3472
-2316 -2787
2348 80
-607 -2644
3670 -1535
3665 -2111
775 3621
-439 11
-2007 -1814
2847 504
-1846 -1062
2814 -1866
2105 -2581
1180 248
-860 1185
333 -2893
-629 976
-888 -1522
-1601 649
-23 -2236
487 -3570
951 2054
-2345 -3334
-2134 305
1282 -308
-2671 3096
2700 -438
593 1814
3791 3199
-2861 1519
-3432 -2693
-782 -3369
476 -3271
3785 796
188 -4383
387 2780
3368 3403
2642 -1555
-2801 -1040
1793 2560
-1569 -1375
-1234 -4014
-1275 2921
-468 -3380
-2426 -2858
-1256 390
4436 -645
1880 -747
-2017 -657
1973 -1632
3843 -3050
-2090 -3529
554 1655
-1075 1658
-2630 3154
-3435 3557
1864 3633
-3231 182
635 -542
-824 3178
-2605 -2326
3964 -748
-2839 72
-996 -2712
604 -3167
-2117 1647
1958 -597
1928 -2253
-203 -1658
-2665 -4011
3485 -639
-2710 -3936
3395 85
-2159 1920
918 3969
-2712 1404
1487 -2769
-2597 -1813
-2439 -1018
824 554
2504 739
-1053 2844
1951 -2352
-1604 2509
-2441 -1343
-736 -3781
3620 2585
-2397 3692
2349 -781
-1388 471
2514 754
-4189 -1224
-929 -3032
1230 760
2079 231
-1456 -2957
-3686 968
2563 -3145
-317 -2076
503 1606
2334 -1006
246 -3781
1166 1865
-2117 575
-1532 -1388
554 -3249
-160 -666
1469 -669
-559 4096
-1684 -146
3084 -1729
3374 -952
988 3390
3592 -1381
2972 2949
2741 -1051
4059 -1961
-2664 3261
-3539 -2029
2956 3090
163 -1766
3198 -181
2175 1798
4185 3427
1140 3720
-1410 1724
1842 -1273
-3001 -1012
-3578 1693
2933 14
-2183 -250
2149 244
4083 -3738
1691 272
1455 2184
484 3102
-2036 -2006
3111 -3500
1625 -565
-3207 -397
793 1686
-3100 -653
-2690 -2789
-1963 3489
-3676 1459
-3691 3376
1633 -4192
-3395 -1639
-455 -3797
1732 -2339
-1995 3620
478 1955
1552 1980
-1544 -4354
-2051 3157
-3182 -1866
3079 774
-1785 -341
-3655 2555
2307 2504
-1670 1506
3339 850
-1229 426
3691 3367
4232 1528
285 -2407
-2892 -3174
607 -1374
2845 4147
-3235 2194
2663 -3234
-2649 -3060
619 -3960
-1205 1821
-17 -2166
4123 2203
113 -1151
-2567 -2401
-3148 -3944
-2895 3858
834 4091
1124 2130
2046 -1891
1945 3559
3168 -267
-1117 321
-1241 4016
2522 -2288
2041 1215
1519 2809
4493 142
2083 3355
2450 4206
-550 -2812
378 -1985
3526 -2650
-691 2429
-1687 -1231
-2354 -1108
2844 -1950
-1455 -2347
1874 -596
4133 2098
-2697 261
-1896 -3741
3562 1140
-3941 2868
-2936 2953
799 882
1923 -2171
1882 1828
-4219 -3274
-1122 974
-3682 -318
273 3383
-3054 310
264 -2061
-462 -2779
2990 3160
3650 1267
-2918 -2523
-1263 -3007
-3424 -4046
4582 2822
-2142 -2249
-1799 2894
-2937 3488
1118 4059
-1568 -4040
520 2048
2942 3701
3365 -1161
2894 -2303
4051 2926
-2588 -1467
1554 321
4092 -3687
1766 -91
-2312 -3398
-1620 -1277
554 -1602
4213 -3423
-320 -2207
-600 -2377
3247 -2686
1620 -1072
-2406 121
1016 -3024
2337 -2789
3259 3620
-1518 -1643
-1310 -3423
-247 2988
-2057 -3104
3680 -3073
-3097 -1945
3060 -3548
611 576
3305 -3043
-3154 490
-530 -672
2621 3281
569 -2185
1266 -1696
-3864 -2853
-2672 2953
-2501 -1390
1694 -1707
2220 -901
-808 3208
3899 2263
2329 223
3700 900
-3842 -209
3670 1688
204 1185
-563 71
2760 -1781
-4224 -3281
440 -4149
-3612 1814
-1930 902
-2472 3851
-3651 -3068
-3176 -3909
3382 1064
4352 3615
741 -3554
-3453 3855
880 2778
2485 999
4497 436
-1382 998
716 412
1790 -3095
4381 1505
2105 2272
4222 3813
3135 -2809
4644 -732
-3201 4024
-2152 3737
4318 3664
-1627 -3058
2729 1377
754 1904
-2734 -1701
1919 2688
-2363 -3466
870 116
-339 2775
-1176 -3673
-3656 -4067
783 2985
-507 -349
-2844 3042
2977 -2280
1978 -2836
3528 498
-3448 -2501
-1649 -489
-921 3298
-2172 -29
-790 -1924
966 -4200
1238 -2095
-1945 -506
-1623 -714
1503 3820
1137 -1530
-1228 -3370
1616 2929
3310 3501
3500 -793
3041 -2108
3395 -1411
3775 3172
-1599 2703
-2857 11
-1767 -58
1130 -1986
-2835 -2872
-256 2842
2605 -3280
4577 -3
-1298 -1490
-440 -928
867 966
3078 2811
889 2022
-3389 2894
-2249 411
445 4004
-1753 1469
2765 -1685
3846 -3994
-948 -1021
-1130 -2270
447 3718
1697 -2585
2573 2704
-304 -1981
3046 -2935
-2036 3128
-3236 978
1474 -2477
-3357 -3052
4463 -2310
-3385 1322
2160 -3153
-763 -62
-1315 -800
-1107 -2132
3140 3674
-1835 1548
1410 3827
1825 380
-2497 -2643
4251 -2870
3568 1787
2564 -3699
3595 -2416
-2282 172
-557 -3818
-592 -4159
-2786 -2982
-880 609
-3086 3650
-1083 -256
1192 3348
-3988 829
-3536 3712
1328 -3596
2924 -209
-377 -2467
-548 1310
-3948 109
-1447 -4106
3342 -666
955 2843
0 0
0 0
0 0
0 0
0 0
0 0
0 0
0 0
0 0
0 0
0 0
0 0
0 0
0 0
0 0
0 0
0 0
0 0
0 0
0 0
0 0
0 0
0 0
0 0
0 0
0 0
0 0
0 0
0 0
0 0
0 0
0 0
0 0
0 0
0 0
0 0
0 0
0 0
0 0
0 0
0 0
0 0
0 0
0 0
0 0
0 0
0 0
0 0
0 0
0 0
0 0
0 0
0 0
0 0
0 0
0 0
0 0
0 0
0 0
0 0
0 0
0 0
0 0
0 0
0 0
0 0
0 0
0 0
0 0
0 0
0 0
0 0
0 0
0 0
0 0
0 0
0 0
0 0
0 0
0 0
0 0
0 0
0 0
0 0
0 0
0 0
0 0
0 0
0 0
0 0
0 0
0 0
0 0
0 0
0 0
0 0
0 0
0 0
0 0
0 0
0 0
0 0
0 0
0 0
0 0
0 0
0 0
0 0
0 0
0 0
0 0
0 0
0 0
0 0
0 0
0 0
0 0
0 0
0 0
0 0
0 0
0 0
0 0
0 0
0 0
0 0
0 0
0 0
0 0
0 0
0 0
0 0
0 0
0 0
0 0
0 0
0 0
0 0
0 0
0 0
0 0
0 0
0 0
0 0
0 0
0 0
0 0
0 0
0 0
0 0
0 0
0 0
0 0
0 0
0 0
0 0
0 0
0 0
0 0
0 0
0 0
0 0
0 0
0 0
0 0
0 0
0 0
0 0
0 0
0 0
0 0
0 0
0 0
0 0
0 0
0 0
0 0
0 0
0 0
0 0
0 0
0 0
0 0
0 0
0 0
0 0
0 0
0 0
0 0
0 0
0 0
0 0
0 0
0 0
0 0
0 0
0 0
0 0
0 0
0 0
0 0
0 0
0 0
0 0
0 0
0 0
0 0
0 0
0 0
0 0
0 0
0 0
0 0
0 0
0 0
0 0
0 0
0 0
0 0
0 0
0 0
0 0
0 0
0 0
0 0
0 0
0 0
0 0
0 0
0 0
0 0
0 0
0 0
0 0
0 0
0 0
0 0
0 0
0 0
0 0
0 0
0 0
0 0
0 0
0 0
0 0
0 0
0 0
0 0
0 0
0 0
0 0
0 0
0 0
0 0
0 0
0 0
0 0
0 0
0 0
0 0
0 0
0 0
0 0
0 0
0 0
0 0
0 0
0 0
0 0
0 0
0 0
0 0
0 0
0 0
0 0
0 0
0 0
0 0
0 0
0 0
0 0
0 0
0 0
0 0
0 0
0 0
0 0
0 0
0 0
0 0
0 0
0 0
0 0
0 0
0 0
0 0
0 0
0 0
0 0
0 0
0 0
0 0
0 0
0 0
0 0
0 0
0 0
0 0
0 0
0 0
0 0
0 0
0 0
0 0
0 0
0 0
0 0
0 0
0 0
0 0
0 0
0 0
0 0
0 0
0 0
0 0
0 0
0 0
0 0
0 0
0 0
0 0
0 0
0 0
0 0
0 0
0 0
0 0
0 0
0 0
0 0
0 0
0 0
0 0
0 0
0 0
0 0
0 0
0 0
0 0
0 0
0 0
0 0
0 0
0 0
0 0
0 0
0 0
0 0
0 0
0 0
0 0
0 0
0 0
0 0
0 0
0 0
0 0
0 0
0 0
0 0
0 0
0 0
0 0
0 0
0 0
0 0
0 0
0 0
0 0
0 0
0 0
0 0
0 0
0 0
0 0
0 0
0 0
0 0
0 0
0 0
0 0
0 0
0 0
0 0
0 0
0 0
0 0
0 0
0 0
0 0
0 0
0 0
0 0
0 0
0 0
0 0
0 0
0 0
0 0
0 0
0 0
0 0
0 0
0 0
0 0
0 0
0 0
0 0
0 0
0 0
0 0
0 0
0 0
0 0
0 0
0 0
0 0
0 0
0 0
0 0
0 0
0 0
0 0
0 0
0 0
0 0
0 0
0 0
0 0
0 0
0 0
0 0
0 0
0 0
0 0
0 0
0 0
0 0
0 0
0 0
0 0
0 0
0 0
0 0
0 0
0 0
0 0
0 0
0 0
0 0
0 0
0 0
0 0
0 0
0 0
0 0
0 0
0 0
0 0
0 0
0 0
0 0
0 0
0 0
0 0
0 0
0 0
0 0
0 0
0 0
0 0
0 0
0 0
0 0
0 0
0 0
0 0
0 0
0 0
0 0
0 0
0 0
0 0
0 0
0 0
0 0
0 0
0 0
0 0
0 0
0 0
0 0
0 0
0 0
0 0
0 0
0 0
0 0
0 0
0 0
0 0
0 0
0 0
0 0
0 0
0 0
0 0
0 0
0 0
0 0
0 0
0 0
0 0
0 0
0 0
0 0
0 0
0 0
0 0
0 0
0 0
0 0
0 0
0 0
0 0
0 0
0 0
0 0
0 0
0 0
0 0
0 0
0 0
0 0
0 0
0 0
0 0
0 0
0 0
0 0
0 0
0 0
0 0
0 0
0 0
0 0
0 0
0 0
0 0
0 0
0 0
0 0
0 0
0 0
0 0
0 0
0 0
0 0
0 0
0 0
0 0
0 0
0 0
0 0
0 0
0 0
0 0
0 0
0 0
0 0
0 0
0 0
0 0
0 0
0 0
0 0
0 0
0 0
0 0
0 0
0 0
0 0
0 0
0 0
0 0
0 0
0 0
0 0
0 0
0 0
0 0
0 0
0 0
0 0
0 0
0 0
0 0
0 0
0 0
0 0
0 0
0 0
0 0
