-740 3748
2589 4139
744 1404
3112 2888
3643 -2318
3819 -696
-50 3239
-1892 446
2029 146
504 -3370
2154 -2329
2164 -375
-1838 968
4119 -1387
-3379 2900
-1316 -921
-3046 3337
3764 2952
2891 2684
2452 2607
-2609 1389
-2994 -1849
3591 -1300
3872 -2314
299 -1060
-2515 -165
-2310 -1123
-2837 -3390
-1133 1695
-350 -3284
433 1099
1882 -3600
531 1550
-49 3379
-3905 1617
118 -2024
-3107 1448
1142 -1033
3475 2772
-898 -2954
670 -2727
-2520 -2623
1597 2141
3278 2556
-2508 1527
1190 -761
-3335 -2059
2062 -2443
3452 2392
-2957 -805
3361 421
1197 -1286
696 -3448
2659 -3092
-3861 811
-1625 -343
-2491 -4243
-3938 2705
-316 -3152
1728 1992
3485 3596
335 3998
1459 -2699
-3935 -3431
-3998 1466
1002 1464
3723 982
-2966 2477
3921 -2639
1352 -817
1774 2492
1559 3245
2142 2848
124 -3513
2081 1104
-2831 1420
-1405 -1124
-2282 1302
3683 2932
-705 -1109
-867 543
-1796 -1718
-2263 1990
-3731 3887
3909 -1958
-864 1263
-1324 -443
375 -2736
2658 209
84 3104
-339 -1082
3562 3231
2100 382
675 -474
2365 1331
-3330 -12
-77 -3058
1947 -2955
-3264 3092
-3237 1531
-1315 1843
-3013 -1369
3861 317
1059 554
-2966 -3945
-2340 -174
995 1053
19 -1456
-3140 732
-2355 941
874 2449
2106 -4054
-936 322
-2168 -1624
-538 -861
2108 -3999
-997 -1659
1678 629
3581 -694
-1688 1718
3927 4149
3 -1393
646 728
-713 3065
-3150 -2151
1952 -2031
3695 1460
3271 -1325
1747 -1549
-1429 1235
3134 2493
2394 -345
4101 -658
-3225 -942
1743 -3325
-3334 1362
-1438 -3352
312 2855
3598 3930
-2823 -199
-1037 1713
-2857 2510
3241 -793
-809 -663
2884 3215
1787 2170
628 3015
-987 -2525
-594 -1438
1438 3673
2880 4167
262 3752
-959 2652
-3659 2458
3431 -1599
-4010 -3392
4037 135
-2842 242
-1575 3360
-2372 -2918
-1882 -552
2478 640
667 -2047
-3047 -131
1468 3030
-2910 -2964
-225 1419
-4067 -2008
3810 3768
-3909 -4272
-1385 -2082
-1021 -3259
-1170 1779
-3143 -1039
-3994 -587
3616 -2273
-2071 2808
-1081 1111
3434 -882
3601 -3973
-2921 3288
-3544 1663
3868 -544
-3385 -2240
3521 -3550
-3643 3623
-1715 -1357
-2574 -284
-1041 -3489
-1380 -3228
-2645 1954
2662 1512
263 3983
-2444 2147
-621 2015
-4022 -2014
-2744 602
3864 -1709
1666 -2985
-2914 -2839
2185 891
-56 1762
3067 -2870
-3182 102
-809 -2383
-3211 4105
-859 1447
-2371 -2398
-1204 1521
3931 3954
220 -3542
1032 1063
-840 -2601
-616 -3881
2864 -1430
-905 -1588
436 -3472
-3117 -3464
-2473 -2936
-2307 2204
-3358 2979
-4010 -2711
-1112 -4015
165 -3866
1667 -3438
-3489 1183
-3101 2118
-285 3885
-3798 -2850
532 -264
2391 -951
1870 2815
3235 1386
1776 -930
2248 3548
3347 -3547
-2909 3777
-416 4196
-77 -2747
40 3537
408 -2622
171 -378
-1705 -1641
3888 -885
-1896 2879
-1452 2509
-1779 -2676
-1234 -914
-138 1430
-2803 2844
2339 -3191
-2675 2555
-3871 -493
2275 1632
129 -2281
2506 1559
-1603 -3120
173 1132
3485 -2707
-196 915
3669 -1893
266 -2755
-3085 1616
-115 3685
-1761 -3682
-1879 3107
1354 -2452
886 -3214
-3468 -3961
1790 -777
3211 -364
1706 -3846
3556 -1019
1335 2183
-871 1107
-3427 -2473
3170 -2909
2137 -3978
-1074 2606
-3368 3250
-1157 714
-291 146
-3490 2565
-3117 937
2441 871
-3910 1780
-3947 -3253
-1999 -186
1728 98
-674 1388
-306 2460
4073 3247
412 2851
-3104 2565
385 -3177
-76 3536
3999 1077
516 882
-3735 -3951
-2386 2292
-781 1662
3455 1081
-1016 1349
-1662 -2829
1469 -2564
4006 740
-4004 -337
-2661 3744
-2477 -2151
-1927 238
24 -2646
3492 482
805 2992
574 -2040
69 4346
-3898 -1749
-2265 -3257
-3804 3331
24 -3567
-3669 3295
-3922 3967
-2864 1224
-643 -1827
961 -3741
-260 446
-571 78
767 1000
-2296 -203
-3181 -1339
887 -483
-1214 2177
3006 -1963
3864 -2170
-1001 -70
1817 -851
2582 3828
2051 1054
-997 -391
-1694 2305
1240 186
1998 -3444
506 3844
-2742 -2600
2718 3138
-4042 3183
77 -3332
-1232 -3721
1656 -1223
-4136 2348
-339 -1464
-3151 -1749
979 2653
4079 234
-2250 -3798
-2473 3978
-610 939
1860 -3451
-1529 617
3999 -506
3908 -199
-3731 -620
-3143 701
-2628 2821
1057 1372
-1222 -2230
-3104 3728
-3910 -2582
998 2771
-2691 -2419
2933 -1832
-713 3091
-2948 3255
871 -3107
-391 -1935
-3322 365
3635 102
-38 461
3082 -1999
-771 -1184
-2663 2290
-3320 3730
-3133 1332
2523 833
2386 -389
-1327 3290
-3154 2448
4182 3542
3458 3136
-2961 -1326
2352 2867
-955 -1597
1745 3562
2747 -204
2189 -2062
-2161 -1607
1731 -3563
-486 2851
2404 687
-3627 1530
1045 3574
940 3746
-3854 3851
1929 -1677
-3317 2583
-2716 -3821
-2225 1361
-3595 -3735
-1199 -4103
2518 832
-3868 530
2540 -1094
-3635 -4347
-1085 -1623
285 3515
3624 -3652
-2296 4130
-175 3774
1642 2259
-3453 -51
471 -2747
-1297 -391
-1376 3225
227 -3162
2836 3384
3497 1082
-1581 1794
-3361 -1568
-2510 -1418
-2103 526
-3672 -458
2671 3555
-2568 2903
4032 79
2045 -801
-2224 -2364
817 970
3687 -3083
-1574 -1372
2638 1023
-507 1548
-398 -1142
1663 2836
-1388 -227
1284 1716
1066 -2692
2234 602
3708 -2435
1003 -1501
1920 303
-3341 -2886
-1542 -2665
759 455
-2059 35
-1644 2188
3706 -1423
-1605 -906
-2611 35
2339 3541
-24 2764
3874 -1502
-1087 2208
3358 856
269 448
-1652 516
1280 -1335
1357 -4183
3699 -44
1473 2151
2106 3887
3463 -757
3682 -2921
-1340 2191
3563 -2249
-878 3634
643 1186
-3051 1848
-1810 4203
2381 3852
-1578 -305
-1647 -3836
-3805 3671
-2434 -526
-46 1917
1100 -2405
-3785 -2989
-158 -1047
1757 -1382
2899 -400
2601 -3597
-3353 2650
-1094 4389
-3073 3579
639 923
-2920 1048
1575 -434
1856 -3697
-4017 1365
3982 -176
141 3997
-2666 -1662
-1780 2354
-1238 -3419
-470 1387
444 2480
2556 -950
3057 3658
2935 -3864
3252 -2369
1628 -696
3702 673
1649 -2691
-3384 -1565
1352 3681
1645 1223
840 669
-2262 -2064
1776 3268
-1068 -3988
-1742 865
3718 2137
2750 3029
-2917 -3672
1312 -2638
908 935
-2553 2280
1432 3250
-1222 -3217
-2374 3055
-1714 -702
3416 2910
-4028 -4064
3071 3910
3753 -2478
2201 3038
1061 -3634
3163 -1458
-3411 -1607
3023 2317
-2300 3906
1435 2511
-1976 19
1162 555
-588 -2013
-2642 -318
181 -147
-2911 -1237
-135 -245
-1419 -2224
-1348 1681
-1764 -2017
2574 1463
-1251 -1613
2344 1610
2860 663
2412 490
202 832
3012 -1146
3751 -3191
3055 -1984
1313 1697
1194 -2116
-1048 -1431
-444 -2398
3528 286
3504 -3401
2140 1736
95 -2366
792 3021
3251 2775
1952 -2820
-2977 3529
-2596 -3244
315 -3841
2077 1877
-1747 -165
-3346 -423
1097 1134
-1493 -3504
1221 -1763
-2278 3774
3002 3035
-3563 -3108
-86 3132
-3713 -1188
-56 3299
786 2047
2778 3860
-1332 -1241
1336 2105
3400 1099
1891 -2585
-3 -3294
-2115 -912
-214 1595
-4169 655
-3944 -2890
318 606
-1976 3641
-944 -809
-836 -1366
-571 -2538
166 -743
164 321
-925 4240
62 1347
-3957 1922
3991 -1160
2330 3512
-2284 3346
3742 2101
2102 -1474
944 -734
-36 -3602
-645 -789
142 1273
3232 -3074
-2678 1944
109 1642
723 -1534
1679 1418
1134 -2461
-3175 1619
1546 -636
3824 1248
-3930 -3334
-1990 -1018
-2561 -3057
-3566 3159
3346 -216
4037 -2959
3473 -1185
2822 1210
553 2388
-1089 2116
3920 2752
1051 -2478
-3698 -2593
2767 -1252
913 -1533
-1810 -3062
2239 -509
1100 2456
3368 3049
-1709 -1150
-87 -1779
3036 679
-4049 1305
-2050 -1920
651 1508
3488 730
-3978 879
-3766 2183
-1631 -1894
-2338 1592
-3429 -828
570 -1550
1785 -1496
2212 4134
-101 -325
-3574 2343
3552 -3805
3169 -3136
2881 3929
1452 796
1475 -327
958 -790
-2706 -3017
1161 721
-438 329
-512 -2399
3144 380
-3013 852
3015 -3028
-1067 1793
-69 3653
-1873 3213
1554 -618
2782 257
2571 2879
2037 -2047
-2167 -3744
4023 862
4113 -543
-2275 -2579
2515 -1046
973 -989
-2758 -639
3554 -997
-2691 -2515
-2231 1858
3976 2800
3626 -255
-2391 2098
1535 -2708
3039 968
-2485 -2932
-2979 -4158
-2000 -3167
-3704 2489
-4089 -3000
3022 -808
-3739 2971
627 -421
-2183 1066
-3761 556
3407 -742
-1983 2802
-1966 1612
2510 1566
-2497 -2278
3715 4023
3797 -476
328 -4013
3794 -430
-1082 -798
116 125
3213 -1663
770 -2182
-797 -2449
2711 -2437
872 -2071
-1639 -798
803 2979
-3966 2843
1263 974
-2872 -666
3369 1338
-2763 1016
3257 -2345
-2529 229
456 -614
244 2037
1064 3536
3001 340
-3705 965
892 2968
-533 1621
1237 4310
2482 -1227
2446 2521
-2609 161
2137 2049
774 -1986
2974 -1322
2440 770
-3139 2773
761 3226
3688 2742
4115 -3533
-2079 2046
2263 656
3815 -4053
-1255 -336
3756 3503
-3940 2561
3300 -324
2467 -4327
3133 552
3892 1177
-1512 -283
-2831 -2862
-1140 122
2527 2853
3454 -1172
-84 -18
2550 3446
2633 -2948
-620 3604
-1363 -2047
3607 -47
-3202 1239
1024 -3710
2621 -3444
-605 -458
-3251 2669
-2992 1489
1184 -2996
-3528 -3357
-4037 -1049
-2966 246
190 -2756
3758 1685
-2944 -1380
-1749 3984
2385 3119
-1912 2219
-2034 2057
-2605 -2215
2966 3976
-3244 3164
-1158 -475
1765 -1518
-2334 -135
911 2780
3485 278
90 -2965
-3452 -2851
1927 -3478
3502 -2927
1417 3182
-2975 -663
459 -3541
1234 2550
-2946 -2363
-347 331
-3889 964
834 -2319
4190 551
-359 2044
539 -1213
-121 -2402
2108 3495
4117 2357
-988 2400
-953 -2269
231 732
3707 -3377
3802 -1847
-3714 2296
-1105 1838
-2354 -787
322 -4362
-3153 1033
730 -2516
2295 -1435
1599 -659
722 3522
1469 -100
-2530 -1654
1485 -2204
-995 -4047
-1624 -2568
3523 3528
-4084 -3686
3924 3058
2565 -2777
1733 -439
-2848 1677
1057 3163
1483 1153
-2868 -3448
-2811 -2322
-1222 -1026
237 4356
2253 -2375
-452 -3574
-3309 1268
1500 -3567
1490 1089
2174 3535
698 4394
64 -1550
-340 -2468
-3071 -1166
434 -326
3043 4107
3537 -3273
1061 861
-2092 -3150
-3471 3436
3363 1993
2554 2764
-3392 -239
-279 -3440
-3609 3198
849 -1964
-1542 -4114
-148 -68
-1502 3737
-4039 -278
3804 -3652
3018 1791
-185 -2697
1347 -3858
-1446 2445
2648 -3745
-101 -3559
206 1635
-1915 -2217
2763 1031
1425 -1154
3697 -2963
2606 -3771
-3154 2488
1335 921
-3076 371
239 -3174
1724 3354
-3682 -614
3313 91
-3014 27
-619 3373
-2553 1553
1273 396
-1439 540
-2257 2450
1901 294
2615 25
-2466 -3813
1485 1278
-58 -3025
2185 2754
-597 3982
-126 3757
3395 229
3022 2871
1965 3946
3369 1437
-181 -311
3005 -1472
103 3530
3160 4581
-4036 -2065
-1419 1330
571 -995
-1267 3903
1420 4323
-2056 544
-2040 1340
-3426 4063
136 -1284
1981 3266
2719 -344
1800 -1428
1854 -245
567 3804
3755 -4111
3479 -2958
1505 1738
-2491 1847
1659 1813
1410 1154
2562 -3462
-1905 -2036
-1296 239
1942 3761
-255 -4035
3693 2317
-3005 2796
1859 3768
3202 -3852
-4122 -1296
712 -2635
1503 2171
-3052 1669
779 73
1650 -4066
-337 -3390
-1118 3368
-755 -1986
-3223 -701
2214 3120
-3784 3941
-1631 -942
669 -1503
-2602 -2259
1198 -2896
-2111 -3425
3503 -682
2230 -221
3137 3168
-1156 -2925
-2437 -3129
-1708 -3536
2901 -2910
3711 2550
747 3410
2382 2216
-123 -3389
1469 3835
3529 -406
3648 782
470 -3324
2113 4268
994 1345
-4001 -539
-1031 1887
984 477
-389 3928
3945 2419
-1223 -68
2734 2071
-1024 3785
-3823 3801
3114 -3417
-795 -490
-1972 -609
-2850 73
-3671 -1177
2835 3776
-1594 1135
-426 -4221
852 -4302
-1056 1397
3383 3463
1732 211
-3017 -284
1053 -2635
-518 -3491
-4050 -3162
3843 -1033
3289 3407
-1488 -619
-288 -149
-1233 1952
23 -287
1524 -2541
1072 1065
-4105 -3134
-2138 3805
-183 -993
-3290 -115
-1003 1302
1313 -3514
763 1763
2985 -3439
1953 -2178
-3976 -192
2773 1225
3379 -1931
612 1441
-814 3279
-3268 3109
423 1074
-310 -1159
-886 2013
-2879 1674
-1864 248
1700 4560
1399 2718
-2222 309
2563 2536
-1125 1428
494 -289
-3304 1296
-1801 -1622
2479 1264
-3943 1811
482 3938
-997 1616
3393 2702
797 -3612
-1500 -2929
-1640 -2162
-90 3394
728 -1486
-2671 797
-79 -2069
1237 -113
154 -3411
-3568 -645
883 -827
1530 -3400
-3749 -2557
3643 2179
-3733 3141
-2169 1770
-4168 -3462
483 -217
-1953 151
-85 -4366
3455 -1160
-569 -2781
878 -1549
-3108 -3714
1684 1622
-3582 1663
1478 -2318
-820 3706
3279 -2078
-912 3536
-3618 42
-2742 2609
3230 -2133
-1845 1510
-2591 1544
1039 -3356
-4203 1446
-3759 1803
3499 1036
1819 1150
729 -1007
-3369 614
-54 -2947
-904 -697
1822 -66
859 1813
-2166 1528
3655 4059
245 -2261
488 -703
-2906 -1757
-1958 405
-2029 -17
3456 1026
3469 1812
65 272
-3454 1084
3174 1638
-1443 -3582
3804 198
-346 -656
2778 3390
648 -159
-2704 3655
-1717 1289
-639 -2465
-2975 2802
2663 3746
-2392 -2498
-2888 -479
-3531 -1887
3614 -3518
-3544 779
1925 -2437
719 -56
-1072 -3253
-3094 1951
-256 1514
-4034 -3184
1053 -2841
-301 606
2537 3111
981 3327
3123 3388
-4162 2667
3867 1014
1428 -1217
220 753
-3512 -692
-1042 3845
-1897 1890
-736 372
-2372 593
3861 -2227
-4161 3422
3649 419
-3974 3569
192 -1693
-3177 2614
-2718 -2612
-3660 2068
-1672 -2056
1006 3374
3299 984
1373 4111
1972 -1565
2740 -2125
-3332 3027
2564 -3427
1037 4326
-1584 -2827
-3497 -1083
175 2042
3643 3303
-713 2993
2420 3212
2300 1357
2045 -2078
-3104 3260
-2992 -4016
-870 -1942
1196 2354
3995 958
3717 2008
994 1385
-4167 -1958
-1042 3225
-4242 -1432
3191 -4310
-740 -1178
1254 -1683
930 -3401
-1615 -222
163 -1898
-573 2537
-2250 -3739
-3695 -2354
1299 -203
-4221 -2511
1389 330
-264 2909
-2453 -619
3467 1599
-1084 2801
1930 -3406
1760 617
-2508 1050
-4184 503
-2534 3879
-1725 3982
-3849 3280
-2674 3092
-2365 -1373
-2449 -2512
-216 -3210
-1635 -3416
440 2018
803 -2778
-866 -815
-1335 4209
3214 117
965 4512
3498 3246
-2477 4309
-648 -568
-1312 1287
2125 -295
3896 4315
3092 4055
-9 631
2928 244
3089 946
-3388 2705
598 3439
1620 2537
1672 1152
-3192 -2748
1559 2406
1360 2656
-1809 1933
-521 -2595
3061 -2115
-2427 2195
318 536
-3080 -1027
3117 2159
-2786 -3333
-3359 175
3797 -1823
-2764 -784
-3535 -3251
-833 1190
619 920
-141 691
-895 2001
2717 3719
-2529 -190
990 2007
1394 1913
-148 2365
829 2085
-1624 1645
3541 1151
2794 -1192
-4190 -1005
-2712 -2657
-2712 3721
1384 -4100
-11 3357
-2684 -2468
-1460 1582
-918 -437
457 -936
-716 1586
320 261
215 -3619
1774 4109
-4428 -430
1134 -3764
2265 -2985
-4126 -2971
2595 834
-1332 -306
2149 -2017
2579 4407
-3587 1250
2384 3311
-2670 -3027
655 3716
-1305 2145
393 3961
1844 713
3515 -3182
2943 -1585
1099 2766
698 -4296
-2416 -2819
539 -1850
-4174 -2009
1075 -3467
-2980 -1006
535 3545
1809 -1404
3266 -2461
-2219 2630
3588 -3062
-7 -3282
2324 1644
1699 -1391
1904 1798
1218 -238
-1636 2020
793 -1499
-2110 -242
-4241 3744
1154 73
-28 3083
2042 -384
-1741 499
3412 730
2585 3224
1736 -2054
2643 -2143
2562 3914
3102 -485
3466 -2950
717 3078
3270 -1584
-4489 -2605
-683 1470
-3818 -858
2639 -2956
-2886 -1451
3167 4013
-793 2517
-1571 3815
-1271 -3383
2119 729
572 -307
-1203 2357
-691 4471
-1562 2152
1281 -1710
-1050 -1549
-2682 2662
-3145 1894
31 58
-716 2162
-2558 -2148
3443 2888
-658 -469
2864 -1727
2523 -4225
-2444 -993
839 -1765
719 -2482
3257 202
439 3100
2494 -3146
957 -3085
3124 3413
-4324 -3634
-2438 2249
2455 -3023
-3000 -2239
2804 -833
2818 -1700
599 -854
900 2769
797 831
-3592 678
22 -198
3952 -2681
-384 -1901
-1893 -1963
-694 -1740
-1246 1188
-2674 253
1253 -3938
-4140 -78
746 3279
1933 -1514
-1009 -2040
3368 1486
-3013 -504
2376 -2853
524 769
-2533 3277
-500 819
1757 149
-2089 260
2949 -4012
3132 3351
-2301 849
2986 1568
-481 565
-2754 3381
-4511 410
2088 1732
-2906 666
-361 4344
-3001 -2711
1204 1594
2865 -577
1707 -1776
-4416 -3798
-2440 2295
1639 -1195
1267 1661
-3203 3737
-1200 29
1181 -2347
1971 -1382
-1658 -1792
3553 3747
-4253 -851
2278 -2087
-1288 -3476
-725 2091
1144 3115
2716 719
-3313 -91
-1806 2129
-1103 3518
-3960 -1014
-1051 -2914
-692 3857
2006 902
-351 1764
-819 1091
-921 -3441
-3119 28
-3060 2003
-3540 -792
-2301 1234
-1043 69
3531 1106
-148 1617
1057 204
1537 -1209
962 -1518
-1142 922
-1607 2150
3550 2363
-3783 -636
-3885 591
-1159 1824
-1961 3786
2325 -1596
2728 -3362
-150 2709
-3361 -2088
-2660 2923
180 695
-59 1899
-4094 434
887 398
1004 -887
2536 3402
-935 4066
2848 1430
-4606 1434
2865 -2437
2961 -2649
2527 -2229
-1587 -2772
-2346 3816
-1704 -3380
376 2101
-3739 -1730
-4139 3044
562 -286
2376 -1066
-3139 100
3446 3407
-1713 2255
-3627 -2302
-501 -3576
2498 -1959
-2924 -2350
2639 2391
-1879 1113
171 -2035
-2747 3253
-3656 3594
3761 1908
2827 -2893
-797 3672
-1713 -3403
-3771 1475
-3736 -3463
-1868 2852
-2923 722
526 -1763
-665 -422
3701 2529
1414 35
1269 -1782
-2813 3894
-286 -3225
-2968 2878
-3584 2838
-1489 -1390
-688 860
-1388 1018
612 2895
-2636 -2731
962 -1801
1576 1754
2120 832
-3783 3791
-3160 135
117 674
-3237 299
1362 -3538
-4395 2172
-2826 -2596
-4740 -267
2767 2558
-3179 -3390
-1173 334
-4232 -1217
2241 -1036
-3805 -3251
-882 3836
227 -3229
-2998 2920
1779 902
2611 1251
-684 -4043
320 -3729
1195 -1560
-3661 1157
2805 2926
-2029 2305
647 -2740
333 -628
2363 -1327
-3495 -1533
-843 1478
2922 -4000
3358 209
-2755 -1874
457 -1796
1559 -2862
-4212 2207
-940 -291
-2760 -1470
-3645 -531
3149 -3558
-2886 -1292
3085 334
-3394 -4108
403 1641
3568 731
3559 -272
-2793 -2508
3366 492
-3494 1617
-2317 2993
2615 3012
428 2405
2971 943
-3384 -3292
937 -1486
1224 257
1135 -109
1912 -4184
-4830 -785
1816 -2255
-4660 3379
-4206 2209
1500 -319
-4104 -41
-5328 3191
-4346 220
-2898 -1485
-4406 194
-995 2993
-68 3205
-3879 -631
-1506 4310
1347 -3335
-1246 -3444
-3376 953
2773 -192
-3140 -775
-3735 -1031
3224 -3857
36 -2605
-2227 1521
520 1185
-910 -1611
-3259 321
-3350 -3738
280 -1296
3479 -1949
2744 201
-1098 -2760
-686 -1790
3636 -2924
-3812 3880
-2717 -3999
-1728 3580
704 -441
-2739 -3230
-3522 2959
-1387 750
-1474 2790
-2069 1534
1286 -2837
-1899 3194
-519 291
2823 -4318
-2274 -3989
2663 -883
-188 678
1995 2683
1226 -2311
-274 1160
3211 -3683
-1762 -293
-1585 -4223
3268 1268
-2181 -1149
-2942 2114
-1305 2697
1562 -1429
-3595 3202
-920 2746
-1886 -3338
-1636 -3003
-2346 -321
-1825 -3016
390 -2152
-1243 -2119
2506 1564
-12 540
1278 -2270
-1595 -3365
-83 1512
-4360 -2642
2211 2604
-1862 1138
-4512 3991
-3674 1946
1815 1154
-2951 2797
-2106 3012
1697 -3390
-2822 -928
-4169 1462
-3048 2659
3273 -2023
-4645 -2673
-32 -1354
-3165 3973
1495 1397
-3584 1009
-4111 -1791
1583 166
-3804 -2067
-4136 2763
-3098 658
-4039 3071
770 -794
4081 737
3352 644
3573 -1014
1647 1175
3887 24
-2086 -1420
1490 -2602
271 -1909
2366 2052
2929 -1591
-894 -1920
-2449 2996
-1584 -2174
-2219 -2587
-1474 909
-2282 -3626
1971 -4286
-3962 2309
1956 -2645
-3122 449
-4550 -1565
-3004 1843
-1921 -2016
1399 1280
-4069 1708
-2006 516
-5432 1096
-1308 -2638
-464 -535
-3307 -383
-2262 1261
1749 -367
-5060 -2547
968 -1233
-992 1617
-589 1804
-215 2648
2033 1339
1050 790
798 3035
-4432 -788
-3109 1791
-3524 -1965
-2037 3260
-1882 -639
615 1210
-1844 2033
1525 1682
-285 789
-996 3623
-2796 -2473
1503 2180
1327 314
3150 2995
2686 -1949
3174 788
-915 780
-444 -3043
-2907 2380
-2124 202
-3912 3789
-3674 -199
176 3668
2909 3647
-2793 2792
-1776 761
1030 -2980
-4242 620
-2629 -2730
-3568 1957
-100 -3262
2082 -834
1366 -2993
2961 2699
1133 3046
12 -598
2977 -3098
1774 2460
2712 -3323
-3628 3235
-1460 1001
-2998 2666
-2549 -2489
1870 -1761
-3108 1414
1261 -4502
-1193 -2748
-199 34
-4078 796
-3217 3377
1431 102
-1763 22
-4067 2268
-961 -1599
834 -1496
-2593 6352
1421 -122
-3468 379
595 -346
-1034 2582
-3395 2287
-1362 -2065
-3116 -2785
-3086 -969
-206 3706
1056 1875
-905 2656
-3481 2193
1065 -571
-400 508
-636 4146
-1787 -409
2391 -1838
3508 1415
-2770 -769
-1466 1434
-3672 -1706
3392 -8
-547 3162
994 2261
4306 -2005
296 -227
-3591 1616
2499 -671
-1057 822
-2996 -3811
-4324 -4149
-395 -1034
-4467 -3482
834 -2315
23 -3753
-4373 -4521
3114 -617
1629 -2464
-886 3362
-2516 924
3131 914
-3799 -2046
277 -3323
-600 3220
1457 -1516
941 -3431
-1629 2608
1624 -4288
2460 -1516
-886 -4508
-4207 -4416
-618 -494
1509 -3984
-1432 -399
-1062 2175
1693 1258
420 1296
-710 4920
-2854 7615
-5583 -774
1212 6091
-2656 946
-2781 1407
-4774 1018
59 -2814
3050 2155
-501 -1086
1292 -910
-4642 -2942
1412 -736
-425 284
-173 12
3283 -480
2757 4097
-229 2125
-2090 2572
-354 -2709
2794 1385
-614 -2323
-3806 1682
-3243 194
-2248 -3582
-1579 -805
1569 868
349 1604
-1603 3302
-691 2812
-313 -4697
3060 -840
2690 3190
-2105 1937
-4794 -798
-3904 -2708
2345 -1225
-1189 917
2140 2298
-1875 -4632
-2390 2543
-243 2414
-4914 2034
3034 499
-1966 -356
-2025 -1137
-1776 -4535
1327 -1884
1098 -2983
-2360 -2772
-4670 -3875
1419 -1152
-4594 767
-4224 -2398
-2815 3764
-5556 3727
-3778 4260
-1837 -285
-1838 1582
843 2033
-3136 7342
-3171 8156
-5293 -249
-5750 2397
-3189 1915
-1619 4037
2093 -343
-1105 -547
-4702 -1085
-2497 3661
47 4115
445 536
566 2314
2242 3922
-2340 -2055
2238 -2149
-2980 -2221
-1811 -308
4202 3181
-3735 -1711
3776 -3340
2569 4144
-3545 3418
-2019 -2560
-3451 605
-3544 -3727
-1625 2479
-105 2043
-1932 1687
-580 -872
-3028 -2080
518 -4679
-3388 2109
-1700 -1671
462 -747
-1299 821
-2395 -1782
-397 2185
2535 2551
-2655 -626
-4528 -1533
641 521
-58 -789
-3627 -3985
-4715 1022
-3372 1412
-4298 -519
3397 -4572
-2269 -1527
2498 -2368
-4447 -3661
-3842 1286
-1906 -3138
-4602 2483
-4140 -1436
-980 1020
2211 79
1493 3741
-3140 9025
-827 4319
2121 5105
-1445 2057
-4654 7659
1993 -519
-4786 3206
1056 1653
831 3832
-3646 3642
710 2008
-2676 974
-2149 1557
-804 -1816
-1338 -194
-1389 -1038
3025 514
-1056 4489
-1735 3175
3079 -1328
-1276 2168
-3145 -2894
-1950 -1360
2206 -1023
-883 2487
-925 2179
2220 113
-3197 -2352
-1595 1759
3096 -3303
2197 -478
1259 -1226
-861 -3725
-2200 3736
-1915 -180
-535 1294
-3560 2844
2514 -2222
1945 -3415
-3418 2843
-573 -2464
-3937 -207
1774 -3852
2271 -2237
2600 -1731
2922 -4092
-3004 -184
-1044 326
3898 -3027
3278 -5236
1136 -4852
3579 -4885
3653 2719
-631 -1404
-49 -2826
4084 1447
-1820 -211
3760 5924
-4798 6269
-1390 5521
-3427 11287
1098 7916
-2630 6438
-3592 6114
1478 7213
-4864 2804
2050 3977
-4010 482
-3140 -1223
-3934 1568
-37 3020
-4069 3326
1128 -830
-2783 -2399
697 -1697
1972 -2126
-2495 1152
-3456 -37
4167 -2870
-707 -3696
3794 4387
-3226 -1755
2937 -1629
-221 -1152
4462 -2324
-1990 2673
161 -3233
-35 3164
-2667 -3048
-1886 -1308
807 -181
1107 -1020
1643 -730
3080 3652
3216 -2264
-2246 -739
1679 -17
408 1595
2940 -2095
-2558 -2595
-3596 1970
3752 -1492
3759 1892
-2656 1444
2701 -3229
331 -4830
-731 -2373
153 1990
-1831 -1039
4127 -5098
2755 -2148
4739 2388
5019 2340
-793 -1105
894 4978
2601 1507
-3422 7137
-2384 9451
3205 6517
-1737 5270
3167 4167
-3474 4380
2699 6758
-3470 4572
-3990 744
-563 2378
2964 5497
-3284 -2550
-3794 -1859
-2702 -1431
224 1597
-1788 -1400
-2620 3922
-3583 -1221
3104 -3361
-664 -548
-1240 -3502
-2897 -3682
-556 -1376
-3543 2819
-87 134
1837 2166
-366 -294
-1055 -3240
-3172 -1635
843 1179
2435 -2635
3849 -1942
398 11
-3271 39
1707 359
-3454 -378
3429 -331
470 -2172
3681 -1343
2235 -1792
-1736 -2653
-3015 -4257
2888 -2677
-3940 -2444
-3858 1664
1777 -280
2199 2198
-3301 1719
-1367 -3196
-2973 -1150
3926 1545
4025 -3829
1207 -2334
-1971 2661
-989 -1030
-2612 2689
4762 -2515
3134 1085
-2061 2756
2551 7698
-2067 3903
-2227 7228
-2060 5902
1264 3083
3046 2525
-3795 4101
3397 5816
1321 2246
1028 -95
-1909 4693
-1811 -1652
-1380 2390
-2345 -487
-64 -853
2028 2386
1359 3848
1446 4047
-1238 987
-2072 3517
1620 554
4332 3698
2631 1164
1183 3830
1677 11
1217 -3260
-1663 3614
4329 -258
2341 -2062
-2406 -3947
-12 3456
-920 2729
-3488 -1333
-2314 1518
283 78
-3725 1103
-2950 -4092
-2473 -1871
3177 -165
-3841 -595
601 1019
-2199 2417
-3560 -2354
634 3044
2558 -1409
-2297 2248
-1815 -1319
2616 -421
4155 1451
2305 1421
1826 -3938
484 -302
5055 -3797
918 1612
2946 2826
4563 -2034
4129 158
-2579 5122
-2469 6350
1351 8240
355 5331
-267 7870
1187 3432
2025 4407
-2720 2458
1455 2415
2630 3413
-1049 771
-2031 5411
1992 -861
-2400 4021
1937 4066
2573 2505
3966 -155
4097 122
-3901 -802
379 1092
-762 -3806
2490 -2015
-427 1063
-3311 3650
3893 868
-3853 -1640
3061 -3065
-67 2607
-1105 1692
-558 -3602
-467 -2063
2587 1043
-1528 -102
1626 -2785
1026 -909
-972 -546
3822 -646
-2110 -456
863 2064
-1964 1280
4282 -203
-672 3240
2655 -4369
-2685 -4043
821 -1208
-2161 -2149
-1440 2013
3517 -3263
-1710 2051
2709 3208
3704 -4372
4217 -1318
-209 -2743
4221 -2296
385 -349
4847 -1864
1121 541
5430 2309
2233 190
4178 1975
10 3783
5055 1957
3602 5063
2448 3824
1634 5536
1030 4521
2090 7141
476 8569
1110 7130
1116 6959
1294 1375
-2467 3671
-3044 2773
3517 2231
-2227 -3955
-3202 -391
-2004 -1215
2214 2426
3057 2861
-3778 4177
-2114 2305
3483 1118
1707 3711
626 2246
2049 718
-2994 -893
3786 131
449 3689
-1564 -1248
-561 -1611
4261 -85
-588 -2579
-2306 3609
1488 -1523
-3526 2551
-3361 -4080
189 -2479
-751 3196
-1106 -3052
-201 3199
3991 2079
4208 1237
-2585 2065
2307 523
-1851 -363
2024 393
-2686 -282
2463 -4499
-320 3326
3868 542
949 3055
2924 -238
2398 500
2067 -1315
973 -1366
1904 502
-127 1778
-681 3255
-736 3628
-1022 2452
1308 721
1849 8353
-3271 8794
298 6239
3193 8466
-2396 7765
3372 5784
-3726 -500
-3670 1911
-1247 -1512
-164 -333
248 595
3295 334
2366 -260
747 2371
1947 2819
-2721 1355
730 -3950
-67 53
-2205 -108
-2806 -3988
327 2315
-431 3536
3781 2644
1942 -2158
-1084 3117
1074 1221
3582 -3584
2383 -1548
399 -2989
72 3770
-3490 710
-1535 -2009
4113 1418
-281 -3341
2202 764
-1083 3240
3208 -755
-492 -234
-3218 1847
908 -335
2975 -3226
1987 2374
613 -1280
-2031 -2583
-2687 -162
4530 882
-184 3058
2308 -210
-546 -4404
2929 -3216
-1613 2171
4046 -4262
3961 1721
-823 -3716
-1294 975
3360 -1765
-1383 2648
-569 -339
358 -255
4139 39
-238 7678
428 7894
-643 6703
-1384 5040
1401 6374
347 6257
-2685 3499
-419 1286
-1535 3570
3647 -1759
2894 1639
-3494 -1794
-677 171
-1570 -2605
1005 -4093
849 -3751
3271 -3132
-3158 -3842
3841 -3102
3302 -2044
1881 -3837
-197 1809
3956 -1515
-2142 2592
-3120 -1726
2860 -1261
1857 3136
-3679 871
-1673 821
46 -1201
2520 2002
-1487 2082
-848 1025
-997 -3810
453 -3507
1262 -3729
2883 -736
2886 769
-3097 -2951
-1013 243
-2793 254
4637 -1178
615 947
1804 -751
-3210 -1871
-1738 -325
2100 -3056
-1123 -3720
4573 -1163
2457 2750
-2546 -2073
2639 142
-903 1182
645 3414
1803 3777
-1620 5257
2694 93
-944 5646
-485 5296
-846 5012
-3618 6300
-1597 5967
3042 3209
-1185 1218
-3740 3009
-1196 -2581
2123 -932
2233 417
-2002 1947
3680 3288
-735 -538
3758 -1920
-608 2297
1183 2588
4199 -2548
-652 637
83 -230
-1035 1830
767 -2441
-2691 3005
3139 -869
-3776 371
-3440 717
2432 2972
1208 2394
-2745 -208
3228 -2204
1154 2838
2757 -555
-1853 -2909
1045 -1050
4120 2249
-1037 -1321
1646 -1904
-4 -3895
-1356 -2018
-1080 -1909
1737 198
1778 126
-3570 2795
-514 833
2299 -956
-14 -3909
860 -3143
689 -1352
-1968 -68
651 -1586
-3066 167
-1443 3999
2735 -2150
-914 3007
2210 4596
-522 -1606
3422 4679
-2621 660
-2184 2931
1302 -712
-1849 130
2988 380
-1812 5548
-541 6242
2049 -1242
2527 1991
-762 -2131
-1799 -1247
1676 3140
-2055 2391
306 -3554
1856 2953
-1633 -2442
-304 2634
-693 -1097
4095 1357
1659 3985
1234 -3202
2306 -1027
2098 3832
-2586 -334
-554 1769
788 2177
-2328 -1142
-445 -974
2778 -499
-696 -997
1621 -2573
1727 -681
-2539 -1885
-1485 1501
1353 -1600
3135 -2671
-2291 2217
-1813 1612
1388 802
46 -2495
-293 -3248
3156 -1260
-2346 -487
-3376 836
-1026 265
-1880 18
1701 -1145
4409 3628
2276 -3239
3693 -1677
3950 -1751
-3223 -2475
-3438 2720
-586 -3409
-228 3614
3518 -870
4127 2435
-1731 2926
3779 3514
-2621 1177
-2380 1115
-2471 -598
165 1382
-333 6049
3405 6898
-399 6560
-2108 1161
1875 997
-385 -173
-637 -2983
-231 2123
3996 1471
-1014 3264
1849 -3985
1800 -2550
-3840 3660
156 -2108
-839 3526
401 -2465
-1867 3074
3527 -1331
1821 32
-2052 -2874
-2641 3023
-2941 -2228
1702 -793
-2417 2594
-2133 -3195
256 -2936
3811 2272
-2054 -2126
1620 2887
3357 -1907
4316 153
-3626 604
-3099 -1865
1094 3110
369 -679
-3462 3949
-3071 -89
-3555 -2116
-2430 -959
1719 -1283
96 -2629
3944 -1225
4129 3222
-2928 389
-2731 2316
-1548 -898
1121 1812
1371 1570
-634 -1952
-2170 3001
1624 1608
-3419 3032
-940 2155
1886 2396
-1372 2375
527 2398
4261 -2117
1542 2301
1380 2095
3942 4065
-86 3250
1785 3972
1676 -1321
2940 3469
7 -1684
-4010 2642
-2880 -1040
-3066 -2678
-1924 2155
-566 -2223
-291 -2605
-1890 -4278
-3466 228
639 -1818
4024 -1626
-1949 -2497
3882 462
3472 -2419
-3810 -1047
-3566 -526
1279 790
1943 -3399
-3329 -1082
-1706 -893
-388 -4207
-1520 2889
612 -3256
2582 -1534
941 -3713
-989 3001
2355 -2798
2223 -3286
-1505 -1192
1900 3075
-1954 901
4136 829
632 2398
-159 -97
-2023 188
-360 -617
-421 -2416
1678 -664
298 -1513
-1594 -794
977 -2992
-1939 1142
-2151 -1341
3293 151
-2073 2507
3292 4683
-1651 2838
2412 -748
851 224
-2713 37
-3136 -2515
4027 978
4210 2863
-2750 2197
-3510 1934
993 4826
2034 1727
-2653 813
3257 -820
-3857 -270
3159 -3080
7 -736
1700 3663
-4022 -2314
1295 862
-1253 1756
-3934 -2862
-3536 -3798
2111 -3774
-3619 679
2470 724
422 -1617
-1962 -3353
2552 1368
-2376 838
-3085 -2949
-2996 -4189
3292 180
1308 301
-92 -1280
-3856 -3747
-831 1419
842 3297
2660 -2879
-2236 916
-2472 -1399
-1648 -3133
-3516 -788
2015 3483
-1580 2967
553 2999
4390 2488
1798 -830
-164 -1476
2730 949
1252 0
1462 -1493
-3046 4324
-1708 -2179
-580 2517
-213 4389
-1384 -3449
1672 67
1143 -2671
-413 -2772
-1010 -2199
-474 -2845
-3601 1419
2888 774
-1223 640
-1572 -1745
585 -1827
3604 656
2564 -1632
-1818 4403
-426 898
-1165 -1024
-594 -883
-2691 -2564
-1304 1874
272 3021
1211 -1821
404 2371
-2089 -4079
956 3479
-3386 125
-3222 -3348
-3712 3527
-2742 -2253
-2529 -1604
-2251 3047
136 -1016
2906 -2040
1581 1692
-3389 1781
156 632
713 1117
2365 2643
337 -3229
1827 -169
-332 -1115
-2707 1286
-473 -2118
-2848 2114
-964 -1426
2347 -3823
-1789 2573
-90 -3710
-1306 3770
1258 752
1233 653
-3496 -464
-2913 1414
-1464 -1174
1256 -603
550 3012
4486 966
-232 -2736
-2359 -2838
-170 3694
-1288 56
3872 -1863
-3834 4411
3183 4332
1200 121
-3734 1545
2878 -1420
4072 2093
970 -1697
-2517 1106
1363 2856
2437 5265
-1011 5456
231 -982
2062 -2149
600 -2145
195 5098
2885 4527
-4173 4766
-1219 -3493
-825 3909
-2342 -3205
2617 2661
-2935 -3012
-361 2436
1581 2589
-2555 201
3400 3925
-740 1662
1802 -1519
3875 -2648
525 105
3385 -49
-3794 148
1970 1253
2879 2209
-3789 -603
1339 -3935
-409 1933
3617 -2497
1470 2925
-2118 4022
-1457 2225
4231 2177
1438 2179
1121 -2896
2019 -313
-2880 3223
1617 4133
229 -3059
1502 4031
-2070 1571
-3485 479
4161 -1824
-1277 -1544
1894 -140
1507 -3625
3839 2286
1390 2461
-3308 3595
-3259 3135
-1425 3469
3202 -2532
-187 595
-1425 -125
-2935 -2299
1047 5281
693 4869
-726 2888
-3526 5154
3054 5033
1919 4976
3015 -1007
-2256 1998
1949 -823
1700 3998
801 -2526
1354 -321
-2950 3074
758 -3662
-3188 1608
2226 -826
2342 1094
-3166 -2122
-3173 1395
-318 -1985
1469 4075
1339 -1518
714 -364
-110 -2044
-2869 1301
-507 1749
2522 735
-3484 943
-3591 -674
-2007 732
-1272 -3254
-1495 -4068
949 3406
-3907 -923
-3610 958
1230 -1737
2710 -2368
-725 -1919
2612 2115
4225 3619
2496 -1042
3534 198
-3299 -2626
-795 1980
1426 874
14 3330
2772 3772
-1314 3328
4103 -1231
2676 3786
812 2491
574 -714
-1950 -2117
349 2725
-1848 -796
-1439 321
-2554 548
1079 -1725
-1673 4670
2768 2042
-849 3611
2172 -2356
4139 1755
1186 4993
2376 1783
-4111 4527
2342 5012
2758 -2026
1451 2974
-2422 -416
-467 189
-2023 -3430
-3228 -3643
-2523 -1564
-1050 -877
991 3964
-1087 -1586
-3885 1524
646 -1095
-1628 3062
2934 -1737
1645 -1415
-1178 1127
-2971 1843
4064 2782
3295 -815
1739 -295
-649 473
1504 -159
1212 2484
2025 3565
-3697 907
511 3813
2273 1446
-3340 -3506
-576 882
4155 -3623
-2483 -2079
-2835 -3847
3104 3373
-2556 4308
-916 -533
2125 840
3409 1899
-2509 -3703
55 1964
-2274 4295
-3369 3862
3664 3080
487 4061
-1933 700
3756 -2829
334 -1072
1162 -293
3431 2554
1169 2572
-2402 -2174
3244 3441
2309 -2666
-387 4532
2069 1128
2795 3578
-1844 945
-2996 9
1747 2905
3490 3991
218 3161
539 3333
3501 2245
775 -86
-2079 3330
477 2609
-496 816
2671 -1921
-2203 2104
-2377 1064
509 2960
1440 -3179
-2521 2005
3382 -329
-732 1022
-1227 -2052
-3877 3052
1790 -2795
-1009 1486
2481 -992
-2450 1280
-1337 649
1682 -3972
-3900 -3480
3845 43
2532 -824
-483 1525
-2056 -2854
2682 -1667
124 338
716 1417
334 -68
1954 -2730
-3254 4089
4005 883
-1935 -435
1014 -3435
3964 569
4124 -1700
-1798 -2955
1112 -526
1705 1979
-1976 3305
1618 465
582 -1975
3544 -2152
4025 -1639
810 -790
-1435 -2952
978 2875
3048 828
1493 1653
-3974 945
-2711 -1950
13 3498
508 1222
671 2186
1697 -1405
3093 -523
704 764
1226 -1752
-506 -1438
1561 3516
3573 -2111
821 2848
-892 -3316
2457 2395
3295 -1803
-1730 -2399
3017 -3538
-3926 2736
-961 352
-2481 1570
676 -3460
-1824 1920
-1545 3187
1496 -3831
-2094 1471
-800 1432
-3044 -396
-1512 -3839
-3404 -1357
-3804 -3146
-3000 -3724
-3494 2787
-996 1245
-1478 305
1912 3763
-1862 1627
-2303 1923
478 314
1837 -554
-2837 -810
-1150 -72
-3311 3745
3305 3704
3376 3654
-3198 -877
-3572 3205
52 -429
3394 -583
837 937
-535 3825
1341 4701
4073 -2184
3696 2433
-703 917
792 2810
-1582 713
2143 3747
4234 2308
1479 4346
-2943 -2835
568 4328
-35 2803
3586 2043
97 2022
-3576 4779
-2942 2901
2939 2728
-1139 -2638
3968 -3425
-910 2217
3319 -806
3533 2912
3851 -220
-3413 1608
289 -2743
950 -2167
-1071 -853
3750 1779
-430 -3492
2748 -1617
-2392 3601
2091 -4093
-3686 -2554
1345 -3910
3411 1841
1882 3432
-2807 1186
3099 -1501
-966 -2876
-1477 1927
-1604 -1062
4122 -887
4059 3503
669 -2550
-2047 -28
-1174 2859
3905 -576
-3128 -1901
2780 908
2874 4387
-3667 -946
924 3778
-2585 -3061
-231 668
2781 2686
-3029 -3069
2604 2867
2537 -1867
-1473 266
-3566 516
1998 -2608
497 -3274
-231 1216
3850 -851
-2996 -2636
2769 2007
-802 4669
2806 4564
3939 908
-1651 -1785
-802 4741
-2832 -2006
-2054 -2614
-1297 2913
-2996 3499
-3949 -3348
-3136 4431
-4085 4176
-65 2379
-2322 2887
-1783 4277
3688 399
1843 -2460
-2510 2169
-3291 -378
2568 -3571
2387 1830
2563 -1765
-3051 2683
-2384 -2691
3860 -3028
-108 -2065
-2996 -2207
809 -103
-2947 -1999
-2969 -1553
2842 -3200
3961 -3633
2804 2323
937 2824
2177 3616
969 -289
1434 -934
-2695 -587
1691 -1875
-1706 4060
3119 2093
-3156 -857
1320 -3710
-2868 1824
3517 651
3730 -60
1150 2616
-3156 -2606
172 -3289
-2518 1548
439 1764
-1073 -2966
1415 -3478
-502 -895
3615 -1407
3011 -1582
4189 -719
-1636 344
1318 -1209
-3931 -2305
-2950 5049
-1569 1478
-3462 2637
-3460 -1659
-982 -1624
-2675 2107
-2756 -993
-3154 848
-3687 248
-3129 -369
2032 1308
-2320 -1449
385 1028
-719 3720
3874 2355
-3647 2004
841 -2944
167 -2369
3981 1534
3947 -2672
3678 4008
-3666 -969
-1244 3252
-1569 1418
-3252 2168
867 -1212
1798 -1254
-855 2017
-2478 -1196
-253 -3615
-2763 -2684
3054 -1326
-1362 -2447
3936 2756
1238 2326
-64 -2477
2973 -3821
2698 -726
-3410 4349
3581 -1985
727 -2205
2495 -3234
-1652 -1698
-704 -300
-2609 -2329
1276 -877
-584 4056
-1996 -2325
-2355 -48
703 2258
4123 4432
885 3140
946 3327
1892 -2881
-1377 -2215
248 2453
1784 -1595
-2083 2796
86 3653
1434 4532
3995 -1694
-1252 -707
-1168 -2616
2686 1599
-1626 -1381
1435 -1518
3024 -2305
2509 3157
-3931 -2681
2452 1052
-907 -2569
3137 993
4008 -2685
850 -2126
1196 3019
2826 -534
-2489 -2225
71 3525
1807 -3037
-3067 -992
-275 -3326
991 2702
1382 -3575
-3153 2721
592 1666
-765 -1310
-3942 3707
1203 2290
2682 2704
-1582 -876
-2088 463
3451 -4077
-3459 -3095
275 2268
4041 -825
1189 -1659
4196 3793
623 -3132
-1288 2919
4017 -1170
-322 -3052
-1181 1804
-1222 3827
-2374 4135
-3878 2263
2312 -2954
2963 -2437
1404 3265
-285 2370
774 -3220
-33 995
-1378 2054
-2246 -2797
1230 -494
299 2673
-1221 3584
-2364 3411
-3970 246
-2838 -1678
3105 1623
2070 -560
1758 -1960
3770 -2996
2710 271
407 1907
-2542 1670
717 2061
-2057 4061
-3368 4228
-1693 1156
3996 -2806
-3566 2328
1374 2010
-3790 -742
1423 -49
687 -2119
3567 719
-3596 -1767
1141 780
-1267 -524
-3903 -1736
2459 -1368
-2271 3846
0 3431
3622 -833
545 -2633
-1607 -437
3938 -322
-2842 -1140
3658 2066
1553 -1173
3107 -3498
-3270 1134
-699 -1530
-1343 1793
-2418 2484
-2314 2928
3449 -661
1192 -515
1542 4500
2343 3563
3073 -3395
-2083 -2137
2147 3498
-223 2732
-1140 1410
-608 3112
-2945 289
1902 -3317
2016 43
413 42
-66 517
-320 -3197
-2073 4048
-3856 -2585
-514 4025
3884 -1901
-1654 138
1179 1905
-3652 -3027
-1670 -2748
-2779 3227
3671 2920
3188 -273
-1002 1793
1058 3077
142 -367
-871 3074
1070 -1516
3250 593
-2775 3400
-2990 31
1296 1261
2446 3079
483 3753
3224 -1527
3 346
-365 2329
295 1825
2136 -3373
3168 1487
-3686 595
-948 3573
-4205 1471
-3206 -2839
2620 1893
1005 1061
3561 1383
202 2404
1590 -1052
-2600 -3588
2095 -1862
-738 3781
-624 1232
-2399 1595
-975 3016
-1159 -138
-2469 -3446
511 -3074
3953 -1940
2171 -70
-918 3389
-1094 2713
3093 1950
4122 2952
4206 3778
-3904 1444
3670 1412
935 -1791
3039 2974
4130 -742
-2942 -2587
1594 1408
1938 2787
28 4201
-3016 -1824
3528 -363
2986 -2824
689 4209
-148 124
3221 -866
2644 -1535
-3742 -1845
2473 1724
-1887 3208
3689 1560
-271 1852
-250 2785
1030 -217
1571 4077
341 911
1281 808
-3034 -1344
876 854
3500 -1084
-1104 2328
3100 -1586
-3307 -3488
3243 -3322
2191 -1846
2417 -1721
2524 1578
720 3991
3465 -4012
-1064 3318
1760 -2286
2156 -2204
-318 -4107
654 3067
3549 -557
1754 3023
-3447 2108
949 3517
70 -1896
360 1035
2317 3290
-984 -3153
1095 3820
-1300 3786
3767 2786
408 1547
-1921 -98
-614 4480
-1989 2284
-715 -350
3030 3961
-2551 2593
-1977 -735
1132 2192
1810 666
1923 3529
-323 3441
-3886 -2646
2498 3280
-3333 -1092
-3111 -2081
2755 3604
4103 582
3830 1494
1964 1910
-1166 -324
62 264
2134 4701
3667 3282
-965 2504
3651 -3042
1599 -1707
4004 3597
620 3821
-796 1612
-1551 1563
1837 -2686
-3404 679
2853 2423
1138 3396
-1007 -2286
-3905 -313
4034 2141
476 -83
-1706 -2356
-1185 3734
-2181 -2540
-935 -2414
552 2074
281 347
-424 1271
2415 -3877
3235 3703
0 0
0 0
0 0
0 0
0 0
0 0
0 0
0 0
0 0
0 0
0 0
0 0
0 0
0 0
0 0
0 0
0 0
0 0
0 0
0 0
0 0
0 0
0 0
0 0
0 0
0 0
0 0
0 0
0 0
0 0
0 0
0 0
0 0
0 0
0 0
0 0
0 0
0 0
0 0
0 0
0 0
0 0
0 0
0 0
0 0
0 0
0 0
0 0
0 0
0 0
0 0
0 0
0 0
0 0
0 0
0 0
0 0
0 0
0 0
0 0
0 0
0 0
0 0
0 0
0 0
0 0
0 0
0 0
0 0
0 0
0 0
0 0
0 0
0 0
0 0
0 0
0 0
0 0
0 0
0 0
0 0
0 0
0 0
0 0
0 0
0 0
0 0
0 0
0 0
0 0
0 0
0 0
0 0
0 0
0 0
0 0
0 0
0 0
0 0
0 0
0 0
0 0
0 0
0 0
0 0
0 0
0 0
0 0
0 0
0 0
0 0
0 0
0 0
0 0
0 0
0 0
0 0
0 0
0 0
0 0
0 0
0 0
0 0
0 0
0 0
0 0
0 0
0 0
0 0
0 0
0 0
0 0
0 0
0 0
0 0
0 0
0 0
0 0
0 0
0 0
0 0
0 0
0 0
0 0
0 0
0 0
0 0
0 0
0 0
0 0
0 0
0 0
0 0
0 0
0 0
0 0
0 0
0 0
0 0
0 0
0 0
0 0
0 0
0 0
0 0
0 0
0 0
0 0
0 0
0 0
0 0
0 0
0 0
0 0
0 0
0 0
0 0
0 0
0 0
0 0
0 0
0 0
0 0
0 0
0 0
0 0
0 0
0 0
0 0
0 0
0 0
0 0
0 0
0 0
0 0
0 0
0 0
0 0
0 0
0 0
0 0
0 0
0 0
0 0
0 0
0 0
0 0
0 0
0 0
0 0
0 0
0 0
0 0
0 0
0 0
0 0
0 0
0 0
0 0
0 0
0 0
0 0
0 0
0 0
0 0
0 0
0 0
0 0
0 0
0 0
0 0
0 0
0 0
0 0
0 0
0 0
0 0
0 0
0 0
0 0
0 0
0 0
0 0
0 0
0 0
0 0
0 0
0 0
0 0
0 0
0 0
0 0
0 0
0 0
0 0
0 0
0 0
0 0
0 0
0 0
0 0
0 0
0 0
0 0
0 0
0 0
0 0
0 0
0 0
0 0
0 0
0 0
0 0
0 0
0 0
0 0
0 0
0 0
0 0
0 0
0 0
0 0
0 0
0 0
0 0
0 0
0 0
0 0
0 0
0 0
0 0
0 0
0 0
0 0
0 0
0 0
0 0
0 0
0 0
0 0
0 0
0 0
0 0
0 0
0 0
0 0
0 0
0 0
0 0
0 0
0 0
0 0
0 0
0 0
0 0
0 0
0 0
0 0
0 0
0 0
0 0
0 0
0 0
0 0
0 0
0 0
0 0
0 0
0 0
0 0
0 0
0 0
0 0
0 0
0 0
0 0
0 0
0 0
0 0
0 0
0 0
0 0
0 0
0 0
0 0
0 0
0 0
0 0
0 0
0 0
0 0
0 0
0 0
0 0
0 0
0 0
0 0
0 0
0 0
0 0
0 0
0 0
0 0
0 0
0 0
0 0
0 0
0 0
0 0
0 0
0 0
0 0
0 0
0 0
0 0
0 0
0 0
0 0
0 0
0 0
0 0
0 0
0 0
0 0
0 0
0 0
0 0
0 0
0 0
0 0
0 0
0 0
0 0
0 0
0 0
0 0
0 0
0 0
0 0
0 0
0 0
0 0
0 0
0 0
0 0
0 0
0 0
0 0
0 0
0 0
0 0
0 0
0 0
0 0
0 0
0 0
0 0
0 0
0 0
0 0
0 0
0 0
0 0
0 0
0 0
0 0
0 0
0 0
0 0
0 0
0 0
0 0
0 0
0 0
0 0
0 0
0 0
0 0
0 0
0 0
0 0
0 0
0 0
0 0
0 0
0 0
0 0
0 0
0 0
0 0
0 0
0 0
0 0
0 0
0 0
0 0
0 0
0 0
0 0
0 0
0 0
0 0
0 0
0 0
0 0
0 0
0 0
0 0
0 0
0 0
0 0
0 0
0 0
0 0
0 0
0 0
0 0
0 0
0 0
0 0
0 0
0 0
0 0
0 0
0 0
0 0
0 0
0 0
0 0
0 0
0 0
0 0
0 0
0 0
0 0
0 0
0 0
0 0
0 0
0 0
0 0
0 0
0 0
0 0
0 0
0 0
0 0
0 0
0 0
0 0
0 0
0 0
0 0
0 0
0 0
0 0
0 0
0 0
0 0
0 0
0 0
0 0
0 0
0 0
0 0
0 0
0 0
0 0
0 0
0 0
0 0
0 0
0 0
0 0
0 0
0 0
0 0
0 0
0 0
0 0
0 0
0 0
0 0
0 0
0 0
0 0
0 0
0 0
0 0
0 0
0 0
0 0
0 0
0 0
0 0
0 0
0 0
0 0
0 0
0 0
0 0
0 0
0 0
0 0
0 0
0 0
0 0
0 0
0 0
0 0
0 0
0 0
0 0
0 0
0 0
0 0
0 0
0 0
0 0
0 0
0 0
0 0
0 0
0 0
0 0
0 0
0 0
0 0
0 0
0 0
0 0
0 0
0 0
0 0
0 0
0 0
0 0
0 0
0 0
0 0
0 0
0 0
0 0
0 0
0 0
0 0
0 0
0 0
0 0
0 0
0 0
0 0
0 0
0 0
0 0
