-978 1492
2002 4004
850 -1523
2952 3143
-3651 -364
-915 -3430
-4141 -2250
-4236 -930
3045 -2076
152 -3577
794 2458
3612 3165
241 -2917
3388 3291
-1570 1364
-1045 -989
1234 -1361
278 2259
2931 -2558
-2299 -3131
-2953 -733
71 4150
750 -1390
745 -1468
-2903 -740
1981 3160
-3223 4143
-217 3178
-2397 4095
-2481 -2161
2992 1611
-3092 371
374 -303
3221 -1856
-3068 -2780
-1808 -1393
1972 2191
-147 -837
-1971 -2621
961 2856
-1984 1909
1270 3634
-1354 -3055
-3858 3201
3520 398
2047 -512
3115 195
887 -3986
-1522 -3850
539 -2542
-940 253
52 -2380
-4045 35
2628 1186
2082 805
830 3061
-1071 -411
3916 -1493
3034 2525
-4190 1762
3815 -1287
2617 1992
-2529 -1372
1525 1600
3541 4305
-1877 -3576
1907 206
3523 -1539
1665 -1425
3359 1050
73 1075
3720 -3750
2211 -636
-4121 -1723
1992 865
-2364 1790
-1439 1159
3592 763
285 2038
883 1754
-3863 2927
-3971 3121
-1847 557
-4289 -3527
1166 985
-3756 1735
-3243 2418
-2895 -3174
4010 3123
3856 -1692
-2824 -598
3836 3493
-1792 -1675
773 531
-2838 1280
826 -800
2778 2981
-3485 -1958
1240 -3397
-3652 -3466
542 2578
3907 -7
2323 -2375
2084 -2936
737 -213
-2135 -3806
-3967 3077
-3623 -1761
917 3074
1264 -2084
-593 -2613
2464 1855
2102 -4205
2219 -3004
-3852 -334
-564 327
2106 3782
-3663 3746
-3698 -1305
-3622 -974
3396 -2920
2201 3509
-2466 -3022
-718 -690
1369 -945
-49 -1564
3378 -1915
-861 -1530
3015 -3701
2843 -1768
-3520 -2239
-2474 -1746
-120 -1402
-2962 -57
-2627 -2630
-1947 -3607
-2234 -1705
-1321 -724
461 3990
2167 -1252
53 -1922
-2428 -1094
1987 -1890
-2819 344
-1552 -3445
-787 1347
-2131 -2796
-2309 942
1345 -488
-1336 566
3545 -3504
142 565
-3159 1373
609 -3050
2414 68
-1900 -2073
1016 -2209
-2533 -3505
1163 -1832
-3126 -3154
-872 677
-217 -2444
-1100 -3770
1394 -1270
-280 1369
-2410 -2938
1193 -3848
3631 -1565
-1837 -2757
3700 -3288
-4067 1928
-3492 -2858
-3846 2988
-839 1251
-2736 -458
861 3609
-862 -1199
2128 1539
2903 -2372
2052 -2798
1874 -461
-2748 -2440
-3968 3904
-261 -3472
-515 2463
3585 -1945
2990 460
-2789 -3727
-4316 -1508
3056 -1145
-3203 3982
-739 336
-1712 3066
-2648 -1877
3361 99
1465 -3233
1451 -1939
-2196 3255
2389 3650
3142 -3863
3741 -3181
-1436 -2246
-2213 -3054
-3260 414
3679 -1762
3410 -514
-3747 -2856
-409 53
3997 3744
-1430 1239
3647 233
-1204 3864
1531 2326
-740 -3705
-1494 -3331
-39 -2903
-2738 1966
2110 3083
-89 2343
3918 2097
-4121 363
-3008 -3811
-821 1106
-1005 1539
1225 -3706
2788 2218
-2599 -2420
1214 -2640
-2379 -818
1879 -3818
2025 -1963
2681 117
457 -3177
-3153 3510
752 3584
-2137 3388
28 2833
3672 2684
-3982 3911
368 1677
2236 -833
2249 -368
2458 2457
2669 467
-3819 1777
-4133 4114
-2211 -824
3173 2232
-232 -1876
-2187 -1557
-3217 -687
3877 496
1229 697
-2674 2278
-2 631
-1508 -592
-1220 378
-6 2458
2974 -206
1697 -342
1658 -1454
3732 4184
747 3276
2446 -2630
2891 -1209
-2106 -309
-879 139
805 3784
1683 3346
3306 35
-1864 3673
1031 3899
-1361 -3981
-1073 -1680
876 2704
-1298 1702
2843 2478
-1981 -2834
4020 693
2825 -4033
-702 -2407
-3123 -2153
751 2971
2195 -3918
3506 2254
2623 -4213
1994 -2497
-204 3311
3200 -1237
-1411 -4032
-2199 -982
-1045 3787
2918 1448
2026 408
13 909
-1171 2698
-3794 4349
778 1874
738 -2223
-647 2379
-2148 -956
-3690 2906
2437 -3252
-1835 3264
-1614 1007
2195 2680
-768 -1553
1426 2054
-4179 -525
-3871 -2780
-3344 -356
3934 -3663
872 443
-1495 -3045
-3924 1817
-1555 101
-1474 2721
-1037 2614
-3247 1173
1945 1941
-2243 302
-468 1816
1372 2540
1709 1879
-914 -390
-496 -2357
1280 2574
2045 2221
-2952 3536
-2176 -194
-4116 268
1382 -2151
-4071 2993
-2685 2150
3828 -1013
3030 2830
3962 3761
-3209 1821
-2930 -747
3828 492
3503 3607
-1782 -3207
3883 1678
-1522 2874
2050 819
-1957 2142
-3478 1726
1100 1037
-2046 4029
378 4015
-2460 906
559 -1086
-1934 -1388
-1047 3426
1072 -3788
3928 4400
3650 4182
-1337 -3780
1712 -960
440 3524
40 1195
-2745 4214
-2271 3926
1163 -1147
-187 -118
-2740 -2367
-1366 2242
-2568 -3516
-2461 -623
602 2002
2631 3204
3819 2971
-2492 1542
-2879 -3840
-2973 2352
31 2568
3330 -3490
2994 -876
-2369 345
2391 -679
3760 982
-761 -1418
-2170 -3438
2487 -2983
-1724 -3701
3199 -421
-1654 -2822
-3022 -2539
-1167 -1188
4013 1226
3960 -1250
1080 2354
-3308 499
-3738 439
3468 -666
564 1942
2427 113
-2462 3485
-3990 1417
-2582 148
-3381 1501
2973 -3742
1796 -734
-1475 2504
-2986 -2442
1963 2643
-3475 847
-3093 -727
2903 -2143
3588 3815
-600 -1485
-2129 2015
1920 1248
291 -95
3879 1005
-3344 2454
164 4225
0 4428
-3160 -148
-4215 300
-1307 -602
-227 -2984
2022 2611
414 3580
3261 4174
-4210 3758
-2263 -862
448 -1342
-3073 3161
-2562 2167
2571 4112
-2881 989
-2177 -3824
1888 3413
-4229 -1272
-298 744
1558 1705
3639 -3714
-919 2987
-1033 4218
2308 -2435
-185 583
-1669 -3239
3746 3979
-531 -3047
3476 -2087
-1595 3335
-2200 -282
-2919 2149
3965 -3223
-3536 -1144
1705 -1183
3375 3857
-2532 -1961
-3928 -3777
2715 3474
-1974 -1885
66 -41
2302 395
-2311 -2191
1104 769
505 2214
1990 -2436
-665 1600
1414 -1821
2582 -1206
-2972 -153
-365 -4080
-361 1573
296 1057
-320 -1622
799 -1131
828 2580
2386 -3684
-2409 -2353
-1121 3756
828 -3108
-2320 -2226
2559 2718
-475 4430
1522 -2059
-2999 3050
-996 2867
-3790 1365
-1282 3679
-1528 1776
1046 1690
-1510 794
1292 -3191
2793 3968
-1244 2800
-2196 3573
570 4023
-2020 -2533
-2145 -2261
1970 -3130
3418 2225
3463 -1474
2383 -928
-2207 -1428
-1655 2770
-3493 -1951
2112 -1836
-2592 -3605
2288 949
-2667 3332
2725 2503
2479 -3491
289 -1622
-3971 -492
-67 -4043
3831 -2202
2106 1949
-409 -3503
3080 -2569
1559 -2130
-3735 2681
-4012 3442
-2504 2781
3263 -1184
-3558 -1185
3362 2905
2401 2758
-3336 1269
-4198 -3086
782 1501
3588 3023
1491 3967
-1669 1688
1386 -2707
3716 -3937
1628 2343
1949 4243
3596 4447
2623 1404
3705 3319
-4038 1632
496 695
-3488 307
1096 -2528
-2081 2890
2541 1561
136 1784
-2708 -1581
-1741 2934
-2074 -2571
2351 1924
3531 2103
-3868 2311
-1377 3992
3370 601
2984 -2079
-3542 -1968
3747 3870
3840 4240
2020 3874
1132 -3001
-720 -2582
3946 -2441
-3096 2933
-1101 -3629
32 1628
784 3182
-2742 -503
3375 2480
-3289 -1504
485 -1669
4074 2471
2841 -1946
3669 1279
-1321 1566
-2387 1348
1064 2702
-177 2760
-3247 -1798
-2704 -3944
-374 -347
1236 -1844
1564 461
-3359 1766
1103 3174
-2540 -2896
1733 3334
2115 -951
2302 815
-995 2447
3004 -2073
-3381 -837
1234 1726
-2413 757
967 3738
796 -1676
2200 2513
-2411 4050
-1694 -507
-3314 2118
1310 -233
-3611 -2792
-3536 2968
-3932 4425
161 3577
211 -715
3179 -2585
80 3329
1256 2938
-3036 -1678
-1492 -2207
1566 555
-1508 -2166
3355 2528
3708 521
-1091 2249
-293 1409
-1308 2717
3902 417
-602 577
2099 3274
-3241 3333
-2287 2862
-1154 -3890
-2182 1318
-1880 -1366
-3904 -2795
4015 3229
285 -1857
-2026 -2977
-1336 -1615
-1296 3639
1052 -1846
492 -1021
158 -2200
1545 3011
-3328 987
2458 3099
3273 -2684
-4023 -215
439 -3382
-2534 2267
3049 115
-3378 2335
-1847 -1746
-3665 2997
-268 1944
2552 750
2777 1196
-3436 1107
3414 2569
1932 1426
-3940 3126
-686 -2308
3155 1847
-3859 -1618
1843 -1827
-2040 2957
-2858 -726
-4295 -3600
1270 3801
3 -1202
3336 -2981
163 -3045
2097 -1169
-1040 4119
933 -1285
-2430 -81
-2731 -1468
-3178 -2189
-589 -69
-586 -3716
-3663 -277
3308 2830
-733 371
1595 -3365
530 763
2610 2515
-1303 4036
383 1277
-2921 -2021
-3586 950
-1491 511
-2304 790
-3387 -4020
77 759
3627 -3180
1707 2016
-812 -1822
-907 -3728
3037 -657
-1136 1860
-2322 518
2030 4006
3551 -364
-1085 1236
-3934 3460
-1734 3533
3979 3422
1963 2666
-1164 -2597
2084 -2067
-1168 -1710
1157 -2267
1747 3547
1480 -3939
-2931 3419
54 -3023
-3152 3473
-2639 -2021
-529 3259
3821 1045
200 -2562
-287 -1518
-1657 4261
-1656 -2241
1430 3721
1888 -1578
-1486 -1993
-1821 2367
-2167 2621
-167 4061
-2649 3878
1925 -133
678 1189
-511 -2806
-3055 -3089
2049 3039
-3296 -2912
3168 3976
3633 2674
3861 -2934
-3653 2334
3161 3076
-4306 318
-989 3764
-3200 4042
533 -1584
-3729 -1468
2442 -1756
3491 4267
-572 230
-1370 760
3810 2344
308 -1760
243 -2324
3991 -3098
1629 2681
1558 1997
4099 -106
2639 -3281
537 -3372
2227 1907
-3888 3606
1563 1219
-1557 2477
2421 1804
-855 3086
-432 -738
-1908 -1359
-3027 1677
-776 1603
2014 -2325
-189 677
-2 2260
2940 3396
-107 -2924
-2107 -3469
647 -1922
-997 1205
-1469 499
3207 543
2417 3978
-1742 -3384
-906 3207
161 -2130
3653 -944
3552 -40
-1480 498
3579 2009
-3132 -2606
1724 2558
-1759 187
-1120 4309
-1926 757
-2880 1292
-3972 1785
-511 226
-343 -280
3196 1282
3894 -886
-2498 2031
3696 812
-2002 -987
-1028 1141
968 -3612
-166 2055
-2528 2625
-153 -1404
2142 503
-2198 1199
3381 -578
-1686 -270
640 -2377
-1923 -429
3221 -1750
-1183 1752
-2607 -4028
2786 -809
3205 2085
-1424 -3997
-3263 2933
1141 -3191
985 -1232
3743 3292
3319 -747
-996 906
-2311 3516
2096 -3162
1794 -4197
-1739 3805
2063 3880
2603 2944
3885 -1778
-101 205
-1190 87
1047 1207
2219 -981
-4284 -77
637 -3561
-120 -453
2002 -461
-3401 4421
626 -636
-2625 2831
-1717 2158
-1739 257
-790 1848
-2904 -1106
3289 -1823
2674 -3560
90 -2468
3764 3970
3159 -2355
-4133 4320
595 3524
1909 3495
-514 2693
3683 4480
3223 2994
-1096 3786
3137 1822
1510 4121
121 505
-1952 1974
-831 312
3744 944
2202 -1568
-444 1839
-1295 3601
-2396 -251
188 1942
541 -2510
881 -3371
471 -2117
1524 3270
-1219 -2222
2279 -1014
261 279
2518 -529
-2800 -4041
-2464 3433
1847 -805
-1354 -956
3695 1524
517 -1134
1284 -3517
3532 1546
2398 -618
-2315 2179
-2858 -1421
-770 1800
199 -1433
1038 1855
3399 2119
68 2517
-1147 178
-4109 -2976
-3266 -867
3373 3820
398 2542
3440 3085
633 -154
579 -2418
-2401 3082
2174 -3399
117 -2784
799 1443
-1909 -778
330 2833
-3401 -1105
-441 3306
730 534
2280 4360
734 4348
2381 3847
-4235 3123
-672 2790
-2438 3011
-1920 -822
2191 3008
-3784 1108
-4289 -934
-549 3812
-3714 3473
-1299 4383
-865 1786
3741 199
-1143 1525
-631 2484
-1852 2999
1121 -4029
-4068 499
1167 2024
3282 -3179
3619 -71
-49 -3171
-3211 -3266
-273 1688
1965 3743
-3191 2101
1122 -1727
1873 541
813 1959
-597 2044
2534 3728
2256 -332
1944 -1365
-2848 -2060
1813 -3610
3276 -2019
2002 3887
2703 730
-1758 713
2316 -1483
763 -3088
1766 2659
1764 2447
-2556 -229
938 2338
879 -432
-692 2310
-838 499
450 3163
-447 -1978
-2699 4075
-1706 1650
-2640 1028
-1518 -2216
-2484 -2068
-2678 3374
-4121 -2091
3837 -3475
-1422 -2043
1911 2807
3747 3919
-312 -882
-1650 3070
-3811 -337
-3744 716
-2362 -2321
2282 4068
1676 476
-1692 -2010
-3464 -3713
2014 -1534
1978 763
3566 4142
1761 -1622
-4068 2954
-2737 -3379
1159 3373
-2309 -1635
2034 2500
1028 1112
-2039 3401
-3645 -2995
-85 179
-1845 3757
2171 -3240
1674 2077
-4162 -2677
1948 -3116
3159 -428
-701 888
478 2521
-220 2007
-854 613
-3146 242
-4143 585
300 735
620 612
3556 -1856
-901 -2548
-2383 -956
-1632 -1335
-2625 1049
973 -780
557 -193
-406 222
-2977 3328
-959 2971
-1464 -3511
-3436 607
2496 -2064
-1735 2939
-3347 2632
-872 3983
2963 -2118
-3005 1399
-1832 2805
527 1031
2955 3342
2360 3059
275 -3548
-3321 1279
3004 2722
2310 4266
-2312 -1388
-314 2171
2161 -541
1090 3895
-251 -2588
-1361 -3334
-1219 830
2443 -2400
3095 2436
1806 409
501 -1708
2171 -1778
637 -3846
-3220 1843
818 1698
1502 3787
195 -2186
-612 1232
2731 3969
-3743 -2509
3703 -1708
-86 -188
2647 -2780
-1235 -1556
2473 1384
3111 -2510
1644 1255
-747 395
2799 3626
1993 3450
-2350 -428
-3055 -4041
1223 -905
1762 -1483
-3922 1674
-3148 -449
-1631 -2038
-2425 -4204
-3767 -3440
1613 -1199
-712 -1552
-2883 -3347
3521 1930
-838 3700
2782 -3568
1338 2896
-3300 -2377
2195 2700
-3861 281
1199 766
3622 -1976
774 -2056
-3260 4157
-1833 2241
2927 -590
1653 386
-1524 1793
-3716 4458
-3538 -2072
2334 -391
2473 1517
3459 -2617
-2267 959
688 -1058
-346 3830
-424 -1457
-340 2910
-252 -1184
-3663 934
-1527 -3783
-2634 1824
1096 -2639
-4125 2873
3314 3539
3309 -4019
606 -2305
1828 -1508
580 -223
-1843 -1626
3902 -304
-2206 1157
-1395 22
3911 2090
-3334 -2069
-2028 880
-1160 -4027
3149 -3803
1778 -2950
515 -4272
-3669 3884
-3190 -423
3412 1699
391 518
-2166 -1903
-2170 -2885
1573 -3457
510 -2874
-3902 -634
810 -1753
-3118 -491
2060 -196
1088 -2743
3950 -2155
2568 -996
-4111 1034
-3177 437
3520 3799
-700 1932
3347 3033
-1124 -445
2649 -3680
2670 -655
1285 1871
-143 1935
-66 1008
2021 -2838
863 -1519
-4050 -1004
-3142 2565
3453 2398
3468 1734
-1755 -3673
-2803 -2842
2240 1834
2459 1379
-467 3067
625 -2668
2124 -1757
-1091 -3257
424 1650
103 -3825
-3836 -2540
1747 3292
294 2425
956 1397
3764 -3193
2879 -1898
-3059 -4252
347 846
-2708 1966
146 2110
-691 -877
-2695 1666
899 424
76 2092
-3220 -3258
1226 2532
503 -3581
3474 -2423
183 -105
1175 1579
-643 2888
-346 -10
975 398
1323 -2589
-2213 -1973
-371 -563
-125 1085
2878 3991
-1479 4252
3335 -501
1455 811
-1441 -1453
-1426 2631
1134 -2200
3077 -3560
-3962 1136
-381 -3828
3176 -1962
231 -2272
510 416
474 500
-2591 2437
-1392 1031
-3831 -3457
-2129 -1513
1623 -1239
3182 3100
-3223 494
-3662 4232
-296 3347
1247 3689
385 3911
-1125 -1179
-2313 1756
3375 3402
-1277 2445
-8 3642
-3397 -2890
1985 3757
-3888 -963
726 -2515
-1254 3233
-3004 -2047
-388 2529
-1692 -3474
1885 274
353 1942
1423 870
-3394 1018
223 657
1783 1764
-3077 36
448 3666
547 -3790
-381 -1277
-1432 -3340
-1725 -4117
-2775 3304
-4182 -2070
1638 -4137
-2538 -1899
-1566 -1115
-86 -3491
3326 -2211
-3385 -603
-515 -1504
-2085 -3516
-1020 -2229
1817 127
3878 1830
2810 -2834
-3371 -3019
-1908 2868
783 447
3494 -245
2287 2978
-442 3136
-734 803
15 -453
-164 -2093
-1752 -3554
3787 2502
-3638 2332
-656 2319
-3838 307
-1497 3341
3463 -2954
834 2824
3259 -1211
-2141 -339
2634 3844
1538 -3831
-2881 -1735
236 -608
2097 116
-567 -2590
818 2628
2813 -255
-688 605
-1242 -2935
-4004 -3567
4122 -2041
-1984 2752
-2393 -3954
-3299 3263
3247 1866
-832 -978
-2306 -2582
642 -2066
2265 -904
-618 -378
3426 -2447
-32 1673
972 -3332
-3649 -183
1249 -3444
-2445 -188
-3518 -3505
-3239 1811
-2837 1991
3817 1505
-4237 -688
-2237 2873
-2744 -3773
2035 -703
2113 1218
-1896 -645
-4097 -634
-2656 -127
-844 3519
-1759 -791
-941 -290
3580 -1257
386 -461
1521 1263
145 -92
3952 -885
3748 2869
1900 2292
500 -1064
1135 -3746
-1058 -178
-585 -3812
3229 3697
3370 -1083
3307 1370
-348 401
-2704 -793
-1967 2041
-651 -2053
-1174 3853
2024 2936
1091 -3513
-2953 2795
2893 2792
-726 3228
-3470 2937
-3918 3109
-3061 2645
755 -1880
-815 -3925
-1631 -492
2756 3487
-2058 1252
935 -4
-2731 -4279
-3966 -2209
-2295 353
-4115 3773
-2250 213
-2494 -2594
-3715 1923
-895 2855
3087 1469
-3690 2529
-2188 -1700
-581 1549
2620 1288
3326 -873
-2795 -413
2504 -2211
1663 1357
1510 -3506
-2798 2666
-2799 -1510
2149 162
-3949 4165
1962 -2593
321 -3094
2674 -840
1051 441
3568 3780
-761 -1583
2160 567
-3837 1061
572 -197
1005 -2258
556 2072
1258 -855
-1588 3383
3259 -1886
-1891 890
-709 2519
212 1126
3797 390
-1398 3726
-1832 -2601
-1493 2091
-718 2236
-1110 812
1553 -3729
-4141 383
0 3223
3253 -2634
2771 318
-3627 30
-1570 3089
-2230 -40
249 3523
-235 3121
-2452 2281
1245 -267
-2819 -2414
-2874 -735
568 -3117
2808 -130
3370 -2534
-2950 -982
-3997 789
-2130 -949
-3148 -4145
2354 -335
-2264 1664
-2642 282
400 2821
-985 2304
3927 -1625
1894 -3824
-1571 -3459
-2634 1362
-1857 -4185
-689 1589
2063 -3431
-3519 2703
3786 476
-2813 811
-4013 -1825
-3083 1773
-3506 -1027
194 316
-370 -3647
1056 1970
-2577 2847
-2359 -1781
885 2880
2660 3948
-2627 61
2552 1174
-1681 -3312
-2127 -123
2487 -3592
-1601 -3415
2828 -1555
-108 424
-2553 4317
-3024 522
-2631 -3941
-2862 3496
-3593 -3343
2011 2408
2881 3179
-301 -321
-2888 313
750 -1097
-1767 2265
-185 -2993
-327 2254
2875 -713
-1362 632
89 381
44 3236
-220 3744
3274 -4209
3668 -3155
-3018 -166
-522 1607
998 -2613
1118 -3765
903 736
2563 -1851
-3433 2740
3449 -3624
-468 3090
-638 553
-1545 2241
908 -3775
-4046 3517
-3342 1565
-1470 -2775
-227 641
-407 1515
1167 3447
-2212 -1242
-3453 3265
-1124 3478
-961 -1640
3914 -864
-1680 161
-3193 1530
2192 707
-1004 -2032
2151 -3595
2495 -176
-503 -2797
-2741 -3288
3884 -1988
-1542 -1770
4013 -216
-2064 -3134
-1034 2353
1454 1979
587 -3651
-637 -350
-1268 225
-1975 4150
-4025 -690
-3516 952
3433 -31
623 -1115
-903 422
663 3515
-22 -3785
3102 -1693
2212 3360
3251 -4524
3881 242
-1286 3215
-443 -1406
838 -2860
3660 1643
-270 -1890
-3662 -3950
-1969 -1469
-2712 -210
3312 -1339
-592 -3918
2418 -2884
-3287 -2210
2685 2239
-1451 -8
3332 2430
-2585 -1702
3843 -3958
2372 -3699
1210 3063
3167 -2807
2950 276
1171 447
-4 -2519
2374 -580
3111 -3464
-3531 -153
2273 349
-3042 607
-4154 -1309
-58 -2746
-3635 -3861
178 4026
-3284 -3675
-3133 -1483
1244 2687
-4129 1662
-915 3954
3067 -2605
2058 3986
1591 2791
1673 1645
1535 3525
57 1650
-2984 2824
-1046 1460
-274 2730
751 2929
-1660 -1101
-3206 1801
-2039 1284
3320 -2015
3323 -2983
-3168 978
1523 -2415
-2156 -3446
2720 -2210
81 -2541
-2002 1011
-3094 -3082
-3458 2208
3491 -2913
472 -3360
-2483 2621
-3110 3037
996 -2676
-1859 -1507
-927 1660
650 -3776
1422 1832
2167 2164
3228 2496
-2911 524
-1065 -1034
-3349 3525
3947 -1771
-2857 -3904
-1669 519
-1716 2017
2708 -1148
-559 743
-862 1527
3223 2671
1681 1997
-1575 -1869
3062 -4289
2830 -3377
3660 -2352
-3976 1811
-261 2977
1452 2856
-829 3764
-3730 -4251
2075 3051
-1571 2556
-2894 -1235
-4060 -4244
-2386 3111
-1586 -2872
-200 1621
-1046 1307
2547 1391
-1421 1595
-40 -324
-2173 3669
-1646 -3800
537 -2178
1651 3734
2705 -1847
-2870 -1097
2912 -1392
2503 -829
745 850
4011 -3481
2678 1844
3405 -3670
-3142 -2601
187 -1000
2364 897
3235 -3538
2055 -3877
2312 -825
-3610 -52
1579 -1705
3250 1783
12 2345
2222 -3011
2483 1713
2747 -2735
3456 2673
1819 1980
-1477 2932
-1831 -4268
2546 2600
-4117 -416
248 2202
974 1157
-1713 849
-1449 2239
4001 2916
3537 -3419
4043 2780
3937 3734
3220 -1958
1535 2635
-4216 1158
2851 -2889
3256 -3491
-3977 1
2312 -1587
3777 2762
-4009 -3777
56 1062
3059 265
2551 1267
2399 1078
688 843
-2379 -3236
-1261 314
-182 -4265
841 327
-639 -1762
-2226 -2970
2476 2504
2536 -1278
-2817 -2874
1486 2484
384 -3153
-2654 1542
-163 1171
364 -2343
3643 2600
863 1202
-1008 866
-1036 -1995
3906 711
3838 -3729
2292 1632
4004 -2357
-3723 2458
-1715 -2084
1858 -2733
-1868 1550
1467 2814
358 -2758
-916 2606
-3842 -1165
1149 2852
-771 -2153
-1282 1711
1469 1841
-3676 3367
2772 -104
-2343 -4197
3264 -653
1600 3618
-616 3406
-1557 733
-1922 921
-1416 727
1781 -4242
2006 913
-419 2905
-925 295
980 -2691
-246 1906
-656 -4150
1264 -2863
-527 1271
-4191 -3320
-224 -4042
-113 714
-3063 1280
1493 -1397
-1195 -1180
3387 1146
-526 1723
-2943 -3378
1503 3004
2144 2628
-2406 -2469
-3270 3254
1583 937
-2482 -4704
793 768
3336 -3907
-363 3187
3205 -647
1213 -3958
-1638 -647
2050 2080
-1423 -1122
-534 -5160
-4110 -3279
528 668
-747 -2779
474 -605
-1422 528
-2119 -726
-517 2272
-2220 -1430
-3407 713
-1486 76
1547 -3988
2135 -3135
-1522 2597
3826 508
2126 -1480
1814 -2359
-3030 -1822
-3957 -1456
-4037 -817
1965 -4350
-12 3771
530 1286
1236 3605
1842 -2978
-1046 1261
-583 -3013
-895 1782
-1006 954
2408 -2405
-1881 3509
2043 -2673
3430 1419
3050 1712
2592 1619
3361 2093
-1281 2563
-1064 -4337
1813 -3449
-3951 2755
872 -3597
2950 1038
-1231 -4976
-3138 -3622
4094 944
2984 -3990
1454 -1837
-1599 477
-624 -1335
2771 675
1990 2690
-2831 -4537
-1392 -948
3459 -1846
3182 -4037
2134 -1015
402 -2474
-3745 -2890
-3788 -5565
-1888 -180
2243 -5446
1240 -4561
-465 562
-1756 -3665
-465 -3829
-3040 1053
1650 3038
350 1293
2876 918
3513 2074
-2723 1263
2670 -1061
-1988 -2159
1152 3635
-2051 -932
-901 -4405
1706 -3910
-2446 -2395
1053 904
-843 -3263
1522 3013
-2756 1799
-1427 -452
1413 3772
-278 -3327
-2180 1641
-683 2101
-674 -3550
-866 -3534
863 2088
3390 -533
-1005 644
3812 -4273
1646 -2010
-3595 -3213
-978 -1886
-644 -3085
1680 2937
-402 2546
-679 783
1829 2783
-824 -922
-3680 -2754
-2998 -3462
1353 932
2525 1564
-121 -2806
-3896 -1396
3367 -3024
-49 -305
-621 1972
2248 2106
-1347 78
-1877 170
2001 -4472
-104 -453
2635 1106
3656 -6242
-3530 -4710
-250 2174
-3359 -1201
3491 -2781
-2497 -2749
1774 -1252
1084 -2263
-3348 3031
1375 -3722
2863 -835
-1677 -2506
2889 1956
3053 2974
-2574 103
-1587 3024
1800 -4484
2024 -4136
-1944 -2191
1317 -4424
1964 -3906
-582 -952
793 3014
-3416 1582
698 -2001
963 2609
1692 -16
-3664 -2077
-693 -3794
-325 2874
-3556 3091
-3110 -2101
3134 -2593
-211 -3137
589 -3227
491 -4651
-3701 -1143
-1522 -1786
2742 -4870
-3691 2475
1132 3070
-743 -461
-4374 -2034
61 -2536
1130 -4476
642 -151
-2928 -3078
3177 2354
-893 -1810
-3366 -1594
1979 -1333
1920 2587
-4010 -3822
-1172 -1018
2935 -283
2324 2257
-1907 1101
-2287 -710
2864 -4184
1577 -4982
-687 -2419
-2320 63
405 2237
-255 -5346
-141 -2250
569 1134
3295 -2237
-4132 2484
-642 1358
384 -2905
-1230 -4539
1240 161
-3522 -1475
2907 188
-3648 1000
-747 1279
-2375 -1843
-1426 -1192
516 1706
1439 -2075
848 -1690
594 -2746
3465 -842
-329 -406
3259 -1401
-1755 1722
-3699 2236
-1547 -1401
2536 -4288
2244 -4093
-2469 -2356
1022 2510
-3765 -1583
-3473 848
765 -1688
2009 -4121
1546 -4733
-3242 1505
-4181 -4686
-2494 3301
-167 1721
3164 1676
-2023 3262
-1876 -4679
-600 1498
-4528 3044
3455 -3336
1386 2387
-246 867
-1624 -1514
-4337 -5
-4612 -1737
-2986 -2700
-4594 -4235
-2673 1103
-2940 -391
2956 -1253
-306 1422
-1827 1051
2748 -5485
2049 -2250
3010 687
1274 1371
-4764 -614
2754 -439
-4333 117
1481 1799
-4401 -2167
-3726 -2891
-2284 -4116
-3150 562
2266 -731
-666 -2016
254 3062
-1666 -2141
498 1051
-327 46
706 3106
-4093 892
1004 -4268
-606 201
1981 3437
3018 572
-2158 -2659
-3904 1316
-2711 610
1737 -1085
-691 1582
2336 792
-1149 -2548
-4042 -3792
3200 3574
2828 -2562
-3481 -2985
-2632 2259
200 1240
676 1040
3704 2143
-1124 -4134
-768 -4002
2113 124
-4278 -36
-3300 2665
-4490 1744
-4644 476
2189 676
-802 -108
1368 2025
-2975 2930
-173 -1880
2705 2992
1151 -1003
-4352 -2716
-3050 -2816
-3774 2629
-3361 177
1969 -3452
378 2265
-3150 -5030
-334 -1926
-2922 -2518
2334 218
-1720 -5188
-4462 -3498
2755 -2988
2689 -3181
-848 133
3243 -3754
-113 -2943
936 -1591
3569 -524
-174 1238
-2151 -1187
1290 -3566
2589 -990
127 -3204
-688 3790
-3502 -4278
189 1988
1861 -2372
215 -3371
4056 2762
-2803 1504
-1739 -591
-1228 2058
-569 -2587
237 2252
2417 492
-3116 1674
1979 2385
1410 -4297
-460 3429
-2464 -2662
-2832 -1556
-2456 2511
146 -1400
1001 2000
3658 -2672
1921 -3506
-737 -2575
-1398 -4458
-2734 2478
-2657 2010
-3118 -1698
1958 2918
-1867 -4443
1292 449
3492 2298
2228 1536
-1838 2531
-3624 -3419
1417 -3241
-1673 664
-1812 1249
-2031 3111
351 -2658
2684 -1841
-4153 -3380
1432 -4897
-2980 1367
-1648 -125
-3879 -965
195 -61
-232 -1912
-2328 -4193
2682 1665
-1091 -1330
1057 2529
-4341 2566
-2891 -3483
-335 -3467
-1882 3707
-1765 3448
3529 2840
-612 -406
-3642 2264
-3237 -324
372 -57
-2993 3157
-920 866
1558 -2875
250 1339
2761 579
162 -2437
-3565 2952
-605 -1646
2317 -1427
-3612 1987
3980 1802
304 3653
1559 -2419
3099 2508
-800 96
1957 -3343
0 3432
1955 459
2517 -3190
3470 -1933
-919 -1707
-2804 1317
-2426 -3898
1700 -3228
-1824 -1088
-435 -1986
1157 -4577
341 -205
3369 -553
-787 -1491
-783 -238
-756 1233
-4399 -301
2814 636
-275 0
-1823 -1587
-2824 -432
-4582 -2654
2705 3361
-312 -1939
-1821 2458
-4744 -884
-2280 -2173
-3219 -3760
-2141 402
2159 -3911
498 -4586
2643 -3360
-1556 -2229
2142 -926
1599 1960
3475 3504
-3858 -488
-3765 910
3249 -3898
1627 2726
1887 814
-3575 -2630
-614 -478
-173 -2432
2747 2443
3507 323
-2478 841
122 408
-2760 -673
2162 -137
-3456 -4241
-2490 2926
1356 -2752
-2713 1785
3669 749
-2497 1778
-547 499
924 3501
-496 3449
-2633 -4291
1402 751
-867 -2970
-3912 -2767
199 -1022
487 -3282
3105 1528
3986 3246
-1814 -494
-1437 -3554
3254 -3455
230 376
773 3047
1895 3409
2937 -1087
937 -271
-780 2555
2116 -3316
218 -338
3492 3093
-979 -436
-1780 -4524
-3611 -3893
-798 2490
3528 1304
-916 393
-2647 38
-459 33
-763 307
2073 -121
476 3409
-2935 -192
-1149 716
-1804 2006
-2770 -3640
2514 -2089
-1170 2297
-1392 854
-1809 -3022
-3457 -3666
2456 -3334
-1434 -2111
-3825 -3239
23 -3306
-4019 2536
2783 2052
-2172 3245
4134 3302
-2159 1920
915 1330
922 -2824
-2434 -933
3029 2690
-66 -39
29 -720
3387 -3895
43 -3380
423 391
-3385 -3188
3011 -649
2215 -3416
-2045 -473
1917 2636
3263 -2812
-3172 -2180
-4062 -3460
-480 3407
475 100
-3618 -2387
-2687 2122
2189 -3036
-2943 -2251
-283 486
-4141 132
3178 300
-314 3331
3196 -1058
403 -2003
3614 -211
-1378 782
-2141 1082
-3941 2673
669 141
2684 1010
1513 -1783
-1727 -1012
385 -4338
1820 -606
-21 -2246
-1582 -2536
-547 -3607
-778 1173
-3632 207
-4321 -4309
-3963 -1379
-3034 -1362
-4109 1959
-599 -2494
-2267 -3856
3030 1666
362 1757
-3772 -1824
2156 1558
850 -2897
-1816 2652
-3834 991
3085 1027
-3493 2073
-2587 2110
-775 -2279
2109 -2677
-585 682
181 29
-3064 -1678
-709 1466
-1898 591
2399 -2616
1647 1973
2248 -2030
2068 3526
-2943 -4159
-3360 -375
2777 1486
3168 2607
-3836 3482
640 -1106
-1318 -1611
-214 631
4199 1242
-1030 946
-1872 2635
-1245 1936
3219 -3265
-184 -808
2695 -3055
3917 -4232
-2040 3127
-3558 -1448
-38 -2178
-1989 3541
-3351 -581
-2807 -2852
3404 179
-1382 679
1926 -3223
2849 2926
-3723 -1100
-3205 296
-2926 -1187
886 -1970
3765 -2822
-1012 1009
3851 -2669
2587 2392
-2138 -1827
-2478 -551
-2226 -2779
-2989 2999
378 -1827
3472 -254
-2124 571
1072 -1590
-82 -1271
-2067 -3600
-1204 1683
1923 3753
3623 465
-2978 -1849
1461 -774
1919 850
228 1879
4244 3689
-1921 1141
-1770 2301
-3765 2062
4071 2490
-1479 2887
-2487 -1508
-2969 -1734
-1203 -3106
-1176 -366
3612 3150
2774 3459
2885 -2756
-1228 2815
-1911 -3137
4029 654
491 -791
95 2301
2625 3889
-3023 2365
-2687 2376
-2687 3469
906 -604
-3350 -890
-893 -2266
-795 -2316
-3669 845
3443 -3016
587 -3008
1584 2205
-2555 521
-1380 -3460
-4280 3015
-1778 -1876
1115 -1898
1190 1706
-3989 -2258
-1873 2275
2602 -4063
-1692 4
2972 -2435
-2683 2970
-2065 -3945
3532 -3162
3478 -1374
-3713 -3386
2192 -2634
2800 -1658
-125 296
-1554 861
-1552 -2025
1748 -316
1878 2102
-3700 3048
-3184 1217
-3600 3030
1837 -355
3108 -1481
1228 87
-2823 141
-2516 2481
2289 -1353
-1152 -4210
341 2058
3448 2572
2381 -2719
-3852 2673
-3829 -470
-646 494
-1357 1955
-3837 -3062
106 1608
3005 -3287
1420 2660
944 -720
-1851 3166
-3269 -4123
-2358 3009
-493 12
-918 -3202
2795 -485
-1981 3830
3108 -602
2357 71
142 2860
-1141 -660
-299 -1164
-3906 637
-2480 357
-3482 -164
-947 -3935
-977 497
-748 -653
-2916 -3039
120 -1185
-3406 -993
-2498 -1229
-856 -4097
761 -2660
-1461 -3325
2908 3500
-1170 -590
-1128 -76
900 -1218
-1721 -4174
-2821 -3707
126 -2677
-2511 -2143
-2063 -1754
-90 2522
-2110 -4317
1668 3486
3778 -3985
-2673 -3117
4007 3554
4301 1306
-1311 2570
4226 3360
3257 -2812
-3234 3262
-638 -4172
2124 2407
133 3872
4192 3100
2957 3160
4329 925
-1508 2712
-403 784
1945 -535
-1135 3148
-551 -3359
2105 2095
-691 -1642
4182 3414
-3622 302
-859 1227
2759 -94
-1712 3636
530 3873
4363 2014
-346 3369
-2482 -100
-1913 2044
1753 -1015
-3531 -2960
235 -837
-1324 2194
-1636 -2096
3740 141
-4048 -603
1479 -1002
833 2211
-3946 2358
2015 -1916
-3775 -4089
-928 2639
1543 539
-4130 3573
2664 3023
3125 1273
-3303 -1110
640 1806
4012 -1623
-2384 -3044
4073 -3318
-1853 -3389
3853 -3723
-496 1263
2882 1054
-2117 -1364
4087 -1662
3232 3286
4008 -1675
-3614 1760
2370 -3008
2188 -3052
1381 2103
-3819 3315
-3234 -3452
1870 3595
-2601 16
-1929 -1234
-3229 -3931
2723 -755
191 -3298
4326 3132
-2366 -1721
-829 3263
-1282 -2304
-1471 2693
3563 -2534
4083 -2440
4282 -182
2634 3922
-1339 2726
-3212 2458
-3405 3001
4389 -4059
2945 -3470
4053 3672
-2169 4161
-832 -1634
-2689 1354
-1726 2178
-3530 -266
-312 -2917
-895 -3052
-518 -330
-547 3509
-788 -187
-3383 -633
-3311 543
1493 3380
2989 -686
1133 -504
-2085 -1382
3427 251
1088 3237
-3045 -2423
2032 1589
-855 2018
-1689 -4218
4114 556
-1296 -978
-1624 -2741
-2413 -2005
-2236 -3928
-304 -183
-841 -2736
712 1978
-1370 2203
1518 -2938
-3239 -3449
2656 -479
453 -2236
-3116 3605
3721 -933
-3117 1640
4186 -1915
44 1338
-1758 2374
-960 -2305
1289 674
-3721 2007
4031 -3268
1861 2596
-1415 739
-356 -3440
-2925 2929
-3383 2980
2935 2002
1298 -3479
-1879 -127
2125 980
2966 1868
3146 1384
2303 -2125
-2749 -346
-2821 -406
344 2961
179 4014
1183 -2045
-1676 3309
-3738 147
-517 -929
3637 3150
310 3462
1200 73
-3780 3301
4085 259
843 3763
-1210 -2819
-2410 974
-1382 -959
-38 358
-3791 1021
2326 -486
2656 -3686
-4112 -3014
-3253 50
-3156 2758
1302 2926
837 -1256
-3680 -3186
2784 -859
-2747 608
618 -1518
-607 904
-2534 -2126
-2145 3592
2145 -2667
-3920 36
79 2264
421 -3041
1256 435
-2102 -678
-3779 792
3564 4022
-21 2020
1632 1812
-3771 -304
4308 1498
1383 -2037
2077 732
2323 -2247
-1803 2363
-266 2544
75 -582
-42 -445
779 376
1714 1594
-3153 -2598
3543 2234
1707 3779
-1961 4189
2753 1332
2957 3710
3631 1311
-1423 4098
946 -1198
-1191 -1836
3764 -1335
950 523
1658 -3082
-3517 -1011
-323 2380
669 -115
-474 -170
-2629 -618
715 -713
-1438 -3585
3311 -2950
358 -840
-3725 -1474
-2012 -1558
-2999 1679
1552 2092
840 -3682
-2054 3757
3986 -1535
1197 -3346
3064 1194
4058 1764
-2772 -4106
1120 2411
-2142 1243
658 -883
2815 -952
-2063 1061
-1545 2503
3888 216
-1095 -4039
1194 -3828
2098 -1594
63 1224
-259 -184
-1394 -2783
703 -1165
2493 -3123
-1783 -2393
438 3151
-1088 -843
1491 -3625
3853 -3890
-3779 -443
138 117
1866 -908
1096 -2218
1856 -975
3464 3515
-2971 188
-1204 3444
1644 -2836
1845 -3300
-2298 -311
-3116 3719
1991 889
1780 -3036
3032 -2087
-411 -2222
881 83
-1162 3750
-3694 -2966
-3218 -3009
-2762 -551
-398 2858
3379 3881
-3405 1425
-2854 -2911
-1087 131
-1935 2387
1102 -1114
3118 -2086
2797 3373
-3768 -3690
1829 296
33 -3973
4040 -666
1098 351
3960 3568
585 2757
1547 -1747
-186 -2745
-1218 1392
-2533 1793
2371 -1506
-3500 -2683
-860 1829
-1095 -3618
3485 2367
2103 1623
-322 -2058
2149 90
1798 1311
1185 -126
-2118 2271
-2513 4038
-3544 -166
-1910 750
-2687 3125
2302 319
2355 734
2563 -764
-659 -2858
-844 202
1358 2340
-2715 -3513
-2263 -638
-3286 1303
4112 -2908
-2852 -3551
-342 4041
3987 -3538
4006 458
781 -1624
1679 1311
203 -3883
1533 2432
1005 -1707
-1535 1147
1526 3489
-223 2051
2519 -2293
-436 -2777
-222 -2487
-1167 2246
227 3553
-3609 1305
-3598 -3761
-3571 1430
-737 -2770
-1032 1310
97 -561
336 -1297
-1828 2494
-598 -3367
-1067 1883
2173 3550
-1885 -409
-1435 -1007
-239 -3848
1510 -3718
2580 -4417
4145 -3141
1368 -129
3983 -591
-3764 2371
3142 -1271
-1166 268
3672 2497
2016 -4058
2430 2637
3584 -3668
1097 -904
2198 102
2152 -2862
-3395 3563
1932 2380
-841 -3633
-1527 647
2141 -2473
3176 1744
-152 -2703
-891 -220
2193 38
-3580 771
-1578 -2363
2026 3085
-1969 724
-958 1211
3346 -3336
-3539 2152
2368 3749
760 -3665
-3758 -1442
936 -270
2792 -474
-1057 1166
-2295 967
-835 -2678
469 2688
-2310 1703
3327 1952
3199 2773
-1444 2584
3836 2398
-2761 829
-591 2344
-3791 1530
366 -2286
-1236 3344
-718 -632
-1649 3312
920 2679
-2409 -2698
-160 1503
405 2497
2131 -3489
2068 1390
3751 -95
-3542 -3732
-1072 -1023
-1691 88
374 -48
2851 1154
1993 -164
-3 -4173
-2675 3367
-3715 -2742
-806 782
2148 3305
2910 -3765
-598 -1132
3572 2640
1331 -279
-3276 639
1869 2189
-203 2651
833 2719
-3014 4083
-552 3364
-1952 -589
-708 1815
1818 -3095
-3145 -2178
703 969
-2651 -1304
2312 1853
1271 -2715
1449 -2469
-3001 -3931
379 -2574
2797 2337
-2601 -3067
-168 951
-2343 -939
3948 -2806
-1092 415
596 -1702
4145 -3696
1362 1552
583 3280
-2224 706
1493 444
549 -2613
262 -3515
-2302 161
3613 -3968
-2858 1286
-1877 3483
619 2933
-198 2943
1238 1664
-2515 -3171
3076 -3569
2299 -1071
-1978 2776
-3838 -2421
3308 -2463
-1204 16
-1515 -3780
2543 -3031
-3990 -226
1730 3115
-3319 803
-3785 -1015
-1383 2611
-1232 -3768
3492 -2770
-857 -3912
1180 -3541
2465 1864
-2314 -1027
2888 -1658
2491 -1909
1519 -367
-2584 3664
-2706 -2040
-3809 -507
-1233 1916
1117 459
-1100 -1990
1526 3837
-552 2493
1988 -722
-2221 3579
4163 2196
1075 -3195
183 -1878
253 3441
-3756 958
1570 -2703
1434 -1438
1814 -368
-1549 -3302
-1075 -2594
560 -2916
-2764 -1961
435 -1073
-1694 1218
2844 1049
-839 3439
1414 -3806
-679 3881
2825 -4030
2076 1300
3205 3329
-136 2038
377 -1630
1403 -2749
458 2048
-293 2562
-2628 -2486
-426 -2801
2299 -1285
-1001 -4388
333 3859
43 3299
-3456 -205
3918 -3859
1863 -3341
1718 3551
-2393 224
-3343 -1905
-1235 2215
208 -396
3073 -3366
-3275 1536
-3795 286
1491 1294
-3618 4
3967 -3303
-3564 -787
-3589 -237
-3281 478
1309 -745
4016 879
-3161 2695
-1033 2993
-3089 1058
-1030 -3719
-2281 407
3284 -209
-2786 4139
2430 -3053
-497 2041
-2109 273
2582 2505
-3670 -2360
1014 525
-968 -4007
2847 2985
4379 1204
2742 -870
149 52
-2492 -1992
3685 -3789
1478 -1138
-3215 -3238
-60 -3474
-3550 -105
-1345 -106
-3204 3044
-2013 1039
3189 2922
1918 1049
3437 2854
2433 2801
-3163 -471
453 1186
1239 3902
2571 3428
-475 -873
3714 -3462
65 3420
-1661 382
2383 -1591
1224 2363
-1511 -2833
-1453 2785
-2694 -4107
-337 2563
4215 -612
-229 -2915
-1449 -2227
838 1617
43 2880
-3542 -2913
2165 3583
3461 3876
3970 902
-3262 -3791
4069 3769
1278 1249
-3021 1833
1321 -2855
-1978 -3279
-690 -1781
1073 -2693
-612 967
-1050 -1865
1573 -2736
-2486 -160
-1555 1859
-388 -1966
632 362
3209 -1954
2514 -982
1302 -3392
-2814 -153
1640 -2022
-2387 1247
2122 594
4181 -2858
997 3611
-3585 -213
1052 -2366
-986 -1023
-975 -2651
-3464 156
2592 -1180
-3148 2488
2497 1794
-3944 4000
-285 2036
2802 2767
3443 -2450
-171 2586
-1407 -1275
2881 3428
-164 -3342
4227 -234
2918 -2384
-653 1610
-2272 -3637
2289 -1057
261 -1774
-1620 -4114
1208 -1442
-2811 -1898
1452 480
1970 737
3428 2721
-3606 -1514
-579 3223
-1116 3357
1941 -994
-972 1037
-3480 553
2077 216
-2603 -140
2714 3548
2954 3577
2594 -2021
39 -3568
-2800 -3280
3785 -2355
-1023 845
-1914 -244
-1351 1098
-1750 311
-3587 -1245
2296 3894
-184 -2475
1370 -1056
1013 -3644
4373 -2865
-805 3724
2861 2393
2338 1269
-544 328
-3498 -359
1702 1062
2160 -1476
2242 -3572
1435 -3907
-2050 1295
742 2417
1718 718
525 -2241
3228 -600
2444 -1259
117 3467
-2198 -751
-204 3563
-3894 1173
-1422 1015
-1059 967
-795 -688
1580 -4287
1233 -2047
3126 -845
-312 -3623
1245 721
-825 1521
-1455 279
795 918
-593 3169
1041 -1508
-3327 -1719
1807 -1809
-1520 378
1657 2450
-667 2696
-428 4009
-2955 -3771
-2899 2827
-2308 -3711
-2272 -196
943 -3050
-2359 1209
-2951 -1113
-3766 3395
-2215 720
-975 -3161
-2511 -408
4221 -1261
4315 -2187
-3589 4196
1416 -1991
2107 3800
3218 -3960
4214 3633
1053 459
-3234 2956
-1373 -2615
-722 -3605
3372 -2978
1314 -712
2072 924
-2441 2743
3147 -1622
-2849 1649
-2364 168
1412 3057
1649 3090
3701 -1150
3464 2882
1804 1914
-1308 3118
1621 -3975
868 3588
-2164 -2692
-3357 -1369
951 -60
-67 -278
-2338 3599
-1632 -872
4115 -772
-1883 -780
4052 -2778
1351 -4170
3484 -159
2073 -3168
-3389 -4047
3596 543
-3935 -133
709 2438
-1238 1621
-512 2326
-3261 -3030
2563 -3506
-26 -47
1692 -845
-521 1524
161 3974
-1249 2789
239 486
551 3160
-90 -3008
-2144 -1403
2281 1070
-2138 -3476
-616 -2002
-3596 -267
-1450 3599
-1920 3005
3614 -3190
3564 240
-3321 1084
4302 4183
3085 3451
133 -797
-2511 1169
1511 -2367
3435 3276
-3063 2137
4040 -29
991 -1014
-2602 -902
2298 -952
-1090 3884
4084 710
2819 226
-1152 1220
3577 8
-3324 2387
-2282 -3661
3289 534
1700 -788
2171 284
62 -2634
2759 -3060
2220 3008
2948 326
-3721 1269
1409 -1163
-1096 1933
1325 359
3855 2751
473 897
-1855 713
-1831 1419
2088 2767
3317 2588
1204 238
255 740
4003 -1248
845 -2163
-849 1378
-1297 2610
-1653 -3922
-1959 243
-2621 2309
1475 -3735
3627 1623
1929 -1304
-1143 3298
-1327 4005
-824 -1123
-789 2363
2292 4220
2418 1505
2993 1577
-700 366
2079 3841
4328 -3135
4412 905
-10 -1828
-2996 2372
614 3624
3628 1100
-2380 -1471
-905 1787
-2280 3391
3246 -3482
-3834 -4053
1227 -4053
3591 2501
1182 -3440
-2435 -2091
290 2545
-1139 -3104
-1438 3768
-2688 -2633
1212 -2861
2069 2493
2055 483
284 -165
-771 2504
724 2787
-3000 -3997
2885 -1593
-857 -4009
-3084 -1963
-378 296
2723 1136
-256 -2610
3587 -695
1271 2977
-2444 -1314
3763 -1096
-2924 -1629
1166 2583
658 -2555
-978 2646
-3568 -2804
-1472 3415
2463 -1858
982 3671
-2959 -3725
4348 -3098
2727 -58
591 830
2782 -669
-2446 1211
-2972 365
-3561 -3336
-2215 2141
1725 -4040
-1793 494
2745 -3878
-1513 -3312
-1486 3464
3560 -3370
-2140 768
3882 2753
-3046 -3968
-1237 1381
1933 3133
1531 -3617
2816 3300
656 3884
3645 -2587
-707 171
-2000 3397
1161 663
2649 -1486
1327 -1862
734 2749
1374 -2594
-1120 -846
2976 -1408
2626 -3016
4143 -574
-2778 2483
-3098 -150
558 -4082
-3830 588
2545 -2612
-2586 203
-3042 2336
-3154 1925
3075 1610
3381 -1302
-1814 -1241
2741 1679
3014 3831
-3696 299
-3762 -2580
-1288 -2425
2701 -2945
-3581 853
-258 1836
444 -1002
196 -3358
-223 -1390
2833 -3505
-574 -3277
13 1595
1891 892
-3002 -1762
1689 -2714
1781 1402
4322 828
2018 1193
1536 -886
991 3767
876 -1465
629 -1908
-3463 3599
-3069 726
3231 1842
-1053 183
-3260 1993
2231 -1071
-1775 2617
1391 -646
3596 -580
-1718 -1809
578 -2550
3794 -2528
1760 -2348
-1037 639
3435 1893
197 -2486
1763 2754
1559 3496
-1760 -1638
3762 1046
666 -156
-2288 3589
-2343 704
3451 -581
-2877 -3558
3035 2333
1749 -1888
-69 2084
366 4010
2166 3209
1687 1969
1891 -2574
3821 3149
-3182 -1464
392 3946
2548 -1958
-187 1405
-2994 -1303
919 -3048
-2923 -3847
1997 2844
-2826 442
-1287 1082
-475 -560
1604 3021
3805 946
-906 2885
1630 2376
0 0
0 0
0 0
0 0
0 0
0 0
0 0
0 0
0 0
0 0
0 0
0 0
0 0
0 0
0 0
0 0
0 0
0 0
0 0
0 0
0 0
0 0
0 0
0 0
0 0
0 0
0 0
0 0
0 0
0 0
0 0
0 0
0 0
0 0
0 0
0 0
0 0
0 0
0 0
0 0
0 0
0 0
0 0
0 0
0 0
0 0
0 0
0 0
0 0
0 0
0 0
0 0
0 0
0 0
0 0
0 0
0 0
0 0
0 0
0 0
0 0
0 0
0 0
0 0
0 0
0 0
0 0
0 0
0 0
0 0
0 0
0 0
0 0
0 0
0 0
0 0
0 0
0 0
0 0
0 0
0 0
0 0
0 0
0 0
0 0
0 0
0 0
0 0
0 0
0 0
0 0
0 0
0 0
0 0
0 0
0 0
0 0
0 0
0 0
0 0
0 0
0 0
0 0
0 0
0 0
0 0
0 0
0 0
0 0
0 0
0 0
0 0
0 0
0 0
0 0
0 0
0 0
0 0
0 0
0 0
0 0
0 0
0 0
0 0
0 0
0 0
0 0
0 0
0 0
0 0
0 0
0 0
0 0
0 0
0 0
0 0
0 0
0 0
0 0
0 0
0 0
0 0
0 0
0 0
0 0
0 0
0 0
0 0
0 0
0 0
0 0
0 0
0 0
0 0
0 0
0 0
0 0
0 0
0 0
0 0
0 0
0 0
0 0
0 0
0 0
0 0
0 0
0 0
0 0
0 0
0 0
0 0
0 0
0 0
0 0
0 0
0 0
0 0
0 0
0 0
0 0
0 0
0 0
0 0
0 0
0 0
0 0
0 0
0 0
0 0
0 0
0 0
0 0
0 0
0 0
0 0
0 0
0 0
0 0
0 0
0 0
0 0
0 0
0 0
0 0
0 0
0 0
0 0
0 0
0 0
0 0
0 0
0 0
0 0
0 0
0 0
0 0
0 0
0 0
0 0
0 0
0 0
0 0
0 0
0 0
0 0
0 0
0 0
0 0
0 0
0 0
0 0
0 0
0 0
0 0
0 0
0 0
0 0
0 0
0 0
0 0
0 0
0 0
0 0
0 0
0 0
0 0
0 0
0 0
0 0
0 0
0 0
0 0
0 0
0 0
0 0
0 0
0 0
0 0
0 0
0 0
0 0
0 0
0 0
0 0
0 0
0 0
0 0
0 0
0 0
0 0
0 0
0 0
0 0
0 0
0 0
0 0
0 0
0 0
0 0
0 0
0 0
0 0
0 0
0 0
0 0
0 0
0 0
0 0
0 0
0 0
0 0
0 0
0 0
0 0
0 0
0 0
0 0
0 0
0 0
0 0
0 0
0 0
0 0
0 0
0 0
0 0
0 0
0 0
0 0
0 0
0 0
0 0
0 0
0 0
0 0
0 0
0 0
0 0
0 0
0 0
0 0
0 0
0 0
0 0
0 0
0 0
0 0
0 0
0 0
0 0
0 0
0 0
0 0
0 0
0 0
0 0
0 0
0 0
0 0
0 0
0 0
0 0
0 0
0 0
0 0
0 0
0 0
0 0
0 0
0 0
0 0
0 0
0 0
0 0
0 0
0 0
0 0
0 0
0 0
0 0
0 0
0 0
0 0
0 0
0 0
0 0
0 0
0 0
0 0
0 0
0 0
0 0
0 0
0 0
0 0
0 0
0 0
0 0
0 0
0 0
0 0
0 0
0 0
0 0
0 0
0 0
0 0
0 0
0 0
0 0
0 0
0 0
0 0
0 0
0 0
0 0
0 0
0 0
0 0
0 0
0 0
0 0
0 0
0 0
0 0
0 0
0 0
0 0
0 0
0 0
0 0
0 0
0 0
0 0
0 0
0 0
0 0
0 0
0 0
0 0
0 0
0 0
0 0
0 0
0 0
0 0
0 0
0 0
0 0
0 0
0 0
0 0
0 0
0 0
0 0
0 0
0 0
0 0
0 0
0 0
0 0
0 0
0 0
0 0
0 0
0 0
0 0
0 0
0 0
0 0
0 0
0 0
0 0
0 0
0 0
0 0
0 0
0 0
0 0
0 0
0 0
0 0
0 0
0 0
0 0
0 0
0 0
0 0
0 0
0 0
0 0
0 0
0 0
0 0
0 0
0 0
0 0
0 0
0 0
0 0
0 0
0 0
0 0
0 0
0 0
0 0
0 0
0 0
0 0
0 0
0 0
0 0
0 0
0 0
0 0
0 0
0 0
0 0
0 0
0 0
0 0
0 0
0 0
0 0
0 0
0 0
0 0
0 0
0 0
0 0
0 0
0 0
0 0
0 0
0 0
0 0
0 0
0 0
0 0
0 0
0 0
0 0
0 0
0 0
0 0
0 0
0 0
0 0
0 0
0 0
0 0
0 0
0 0
0 0
0 0
0 0
0 0
0 0
0 0
0 0
0 0
0 0
0 0
0 0
0 0
0 0
0 0
0 0
0 0
0 0
0 0
0 0
0 0
0 0
0 0
0 0
0 0
0 0
0 0
0 0
0 0
0 0
0 0
0 0
0 0
0 0
0 0
0 0
0 0
0 0
0 0
0 0
0 0
0 0
0 0
0 0
0 0
0 0
0 0
0 0
0 0
0 0
0 0
0 0
0 0
0 0
0 0
0 0
0 0
0 0
0 0
0 0
0 0
0 0
0 0
0 0
0 0
0 0
0 0
0 0
0 0
0 0
0 0
0 0
0 0
0 0
0 0
0 0
0 0
0 0
0 0
0 0
0 0
0 0
