1723 779
-3611 3458
-1360 -3726
-2641 3744
-3987 -879
3045 -3276
-1547 -2385
-3638 -1295
54 -3767
3362 449
1199 940
2936 -6
-2222 -1740
-1700 3875
-7 2771
-2634 3065
3744 -3346
-306 -3604
786 903
-1033 -2820
-3224 984
2951 326
841 -2574
-3770 1603
258 -2398
622 3394
3190 -2720
1924 1681
3642 -274
-243 3826
1449 1863
-2227 526
-1646 -1612
-1991 -497
-4246 375
460 -3480
-559 2473
-731 -3831
1601 1065
-1985 2508
896 -1590
3156 1904
-3226 3814
-3675 307
-3455 2605
-3176 -2102
-3881 562
-701 -831
611 289
-1793 -1879
-1706 -1469
2481 -1414
371 -57
2992 -393
-3291 1431
-4218 2139
3182 1847
3916 3008
-3535 -454
3532 2207
1799 1025
2213 -1966
-1368 -3677
3415 -1739
-4036 2318
3013 4285
832 1595
-3295 -492
-3216 2919
3715 -664
3205 -650
-2804 3479
-3385 726
-1908 4245
2605 -2414
-378 1026
174 3641
439 2870
2273 947
-2019 -630
530 1279
-392 1464
682 -3686
192 -2644
-3204 -4097
-3462 -129
-3575 1432
-639 -659
-1931 2444
-4243 -3492
-1052 -2109
-2897 -2957
-1908 1085
1636 149
3010 999
3710 -1264
-1980 737
-1951 768
2617 1406
-3971 -932
-735 -2046
-1398 1529
3231 3834
3428 -445
-2951 -1566
1410 -1040
2417 -2047
3100 1020
383 -3203
1800 -420
-69 -1222
2684 -3456
2091 -901
-2730 2960
-2979 -3430
-2693 -2075
3425 2610
-925 18
-3246 -750
4148 -1635
-331 -638
-3758 357
4208 -880
-2717 -1320
-1729 2953
-2486 -3011
1034 593
522 1568
-3040 622
-1648 423
2837 -3068
129 -257
-2661 805
-1332 2102
-41 2365
-2924 3632
-852 266
-804 3246
-137 3881
893 -1005
-1246 1769
-1417 -3890
2393 -283
396 427
2229 3434
-2678 -848
6 933
2449 1658
-2776 -2586
-1502 2233
1569 3845
-1551 -378
-3634 1311
-1365 -2713
-1543 -3703
-576 387
2255 644
-1188 2708
1350 -3416
2342 -3198
-3841 -2784
3236 3211
-213 541
395 -616
239 -3010
-44 1398
332 3281
-1232 2218
-3584 94
-1382 2381
-1080 -360
-3045 3428
2866 -162
558 3085
5 2542
-4220 1681
-2806 -1165
-2117 -1537
-3103 -2667
2859 4035
-3637 3183
-1813 3032
-937 -936
2588 1206
-2849 -1438
-3305 -518
-180 -991
742 1295
-2420 637
3924 600
778 1024
1796 -2629
-182 2573
-529 -837
3969 3720
1070 3017
3797 3128
613 -1794
-263 635
-498 -150
3649 2446
3916 -19
-3253 2224
-3925 2079
-1262 -2583
872 -2603
3812 -3138
-2314 1755
1787 -2118
-1987 -2295
-4047 -2843
-2917 3487
-2498 544
1268 -3270
-1309 1185
-1342 2662
-3406 -3484
-3193 -138
-370 -3875
-1468 3107
3256 -4235
-1698 -2198
-3699 -2545
19 -3958
-2950 -1767
-3694 -4067
542 1443
1494 2709
926 -1264
2575 2568
3656 -3407
2253 1504
-1910 -3620
313 -660
1623 1446
-3637 3634
-2040 -1390
-1986 -3238
3754 -2806
-2759 -2915
-2458 -1277
-2620 2126
-79 -1368
2912 -2832
-2010 3009
436 2951
1724 2805
609 -2663
-1742 -3572
-3840 -1258
1963 -1248
4059 -3914
-1185 -949
3969 -2777
2098 1190
481 671
-64 -2330
-3416 304
-371 -3454
1583 1799
-791 -1215
499 -3406
3123 1928
-2267 -424
-963 707
2511 1840
3117 -3398
-3517 -2009
1213 -733
-550 -2905
1917 -2591
-3196 -1000
-60 2588
-3715 -2451
2582 -3334
-2316 -3027
-4266 853
3260 3029
-2899 1554
870 -1105
-2672 3661
-2569 -800
3064 2949
-3223 1022
1708 1016
-2394 -279
3705 -1452
3515 3568
-3659 -3906
3818 -3322
-1960 -2395
1090 454
1326 1256
-1471 -782
2513 3745
502 220
-3907 168
519 254
579 2655
2208 235
-477 3756
-151 4257
2821 4178
-3794 800
1780 -2325
-1885 -538
-1908 2113
3152 -2448
3993 4233
2951 1744
1831 -3336
3914 -951
1003 6
-2460 4299
783 2519
1317 -310
-1087 2388
-1315 4121
-4244 -2392
-422 1412
3637 2530
1002 -1941
1296 1685
1457 -343
-3517 -731
3547 83
-3053 -3002
2736 -600
-3196 -3166
1184 -2200
3197 190
-1696 -3252
-2703 3091
-3996 -929
-3631 -2264
-4314 429
-3021 -3445
2442 -32
1589 -23
-3301 1506
1138 10
-2644 -2369
-342 1874
-1604 697
-1689 3644
1501 527
-3181 646
-4273 2745
1692 2908
-895 -3524
-713 3810
381 -2416
-4154 -2972
3419 -2302
2633 4240
434 3265
-1465 979
3113 -1953
106 -2278
166 -2075
-92 3610
2838 782
1195 3516
912 66
-3589 3477
-1948 3820
1110 1790
-1672 145
-297 3274
3894 1358
715 -2444
-647 -1531
-1552 -2449
-2619 2654
-4167 3664
3641 -1434
208 2800
2535 -3141
3336 -937
-2574 -1494
589 -2474
2419 -2241
1365 -3426
2401 -3187
-1446 -3605
-1575 -1661
291 149
3489 -192
-1842 849
-3578 -3767
2117 304
-3446 -2643
-2332 932
-5 610
-2711 -3343
-3609 -3727
-115 -2210
3605 1491
1470 1637
-3884 -314
-4336 -3775
3698 1077
1264 -1364
-2286 3621
-265 81
3898 3784
3499 1237
-3858 -2514
815 -2558
-4074 128
2566 -3373
3789 3308
-2100 34
-2220 3519
-187 -1503
-3359 -1856
-2721 -980
-1629 3257
68 2376
-2899 -3044
15 -630
-3 -468
-905 -3852
3114 -3818
-2391 4162
-128 194
2450 -3575
1761 -62
-612 3965
2906 -941
-730 1628
6 -128
804 -1946
-2087 1507
-3556 -3391
-4066 -1772
-678 192
627 578
1469 -2259
-1109 -2303
711 -3197
2171 -2781
-922 -688
1182 1419
2430 -601
3712 2664
-1740 -2002
2826 -1189
820 -2583
-2490 2685
3609 -802
-428 2057
-416 471
-1743 1590
620 -1921
-1418 424
2340 3862
-2554 -826
-3049 3982
-1067 -831
-3076 -3014
3466 202
-3736 3027
-1653 2217
-1851 670
1087 -1724
882 1795
1943 212
-1225 -1814
-2427 -2734
-668 3106
2309 474
-828 669
3937 2425
2785 1314
4054 -817
-2583 3381
3938 1318
2733 -3899
-333 1745
-2496 -1977
-1728 1233
2094 2256
-3855 -103
-3459 471
3259 4011
-3701 1239
-3808 159
728 3873
768 -3126
2214 2620
-2800 2604
-3288 1144
2549 323
-1455 1563
-2464 -3408
351 -1955
-240 -1852
-2805 -3491
297 3381
-1778 -2566
2184 2890
2336 -4219
233 3197
3518 541
-2198 791
-3028 1392
-1162 -3403
-1384 -2490
380 501
-165 -3656
2273 2490
893 -1747
-622 2526
2530 -1880
-3111 2197
-1984 1819
-3790 1609
-1003 3807
-3550 91
3342 522
3801 2591
3733 -3155
-352 1872
143 -1646
-3770 3495
-362 3018
1059 -3568
3331 -1806
2193 2731
-3119 -1580
-1122 3576
3460 4018
-383 2909
3732 1791
-719 -2983
-2529 -1864
-2975 2958
961 -2649
750 -2178
-2717 2170
-1003 1625
2632 -3197
-987 130
-556 332
996 -1812
3408 3272
2096 -1657
581 -1689
2508 -1668
-1345 3271
-4072 1218
385 2932
3304 -1977
-696 -919
3534 2703
-700 -337
3493 -2140
-2853 -17
-3809 -993
-2897 -1390
-1391 202
523 530
1644 -2558
-1729 -3737
-2456 361
1388 684
1927 379
-2513 3932
239 3342
-3678 -2666
-4285 -752
3470 1559
-2545 1586
1218 -1045
2618 110
1594 1755
3523 3145
-3964 -1250
2329 -964
-1883 2343
3208 -1308
-4259 -4242
-387 3468
-724 -1273
90 2583
-1734 -282
-1757 -3821
1474 2620
218 -3519
862 335
-1090 2464
991 286
-3650 3965
-974 -804
-1093 2364
1941 -2397
-587 137
-2121 -2958
2740 -2214
-3902 -1360
1755 -1170
3696 3278
-2142 2173
1756 -1676
2192 -1051
2644 -3232
3591 2897
1156 -720
-3176 -81
1138 3218
2342 1301
1912 -1828
3147 -548
-1052 2088
2071 -2504
-3844 2245
-2530 -193
-1892 -1149
2601 -2922
1184 -2199
3201 -4112
2243 2194
-2168 -3716
682 -1838
2812 -971
-910 -2906
-2926 -2245
-1298 -382
3720 3539
-2239 -1294
2458 2411
-2747 3768
1600 -409
2312 -982
-2042 -1498
2769 -3004
-1802 -3871
2691 3446
2241 2208
524 3403
2626 2178
691 2990
-622 -987
3697 2673
1370 -3062
425 2818
-3054 1556
3807 -274
-1766 3804
-2281 1955
-2707 2951
2575 -3734
-1596 -441
3772 987
-3214 3453
1979 -2819
-1185 -2171
2504 1201
-428 2442
-313 2685
-262 -3095
-2065 -2087
555 2211
-3704 -3143
-3577 -570
-3910 2149
-2883 -3971
-1112 2401
2010 958
-1576 79
-3127 1345
1338 -3665
4021 1434
2289 -62
2492 3340
2172 2435
-3599 2372
3389 -3471
-649 3103
3027 -2776
-2306 -1675
-1068 2115
1258 -4006
-608 1199
-1354 -659
2005 2596
-155 3144
-2100 -18
-1836 3486
-3050 -1086
-1142 -222
-4140 3982
670 113
-562 3998
-1195 1457
3037 1326
192 3921
-3635 -3175
3249 -2927
520 1151
-2904 -3786
3799 -3447
-1766 -1668
3485 3951
-620 -1822
3468 473
3613 -1959
3861 -3801
-1433 3707
-1651 3432
497 3974
-227 -3122
-2145 -2710
2992 -3776
-657 2483
3687 -3374
26 -729
2758 3891
2067 1082
3808 2806
-2665 813
-2467 26
-779 1747
-2775 2148
-1112 49
-615 2114
1953 3662
-287 3646
1559 -3819
-349 1419
-703 -77
347 -1249
857 -152
-2625 -352
1225 -3798
-1946 50
3365 -2015
-2177 -3338
2791 -1926
-469 -2471
-3571 -3061
-3632 2435
-3187 -90
3434 -468
-3854 -665
2900 265
809 444
-929 -1936
2694 1791
-4256 1658
3865 -893
-2853 -2731
-2554 -4052
-3047 -1843
-3580 -3498
1382 3971
-1130 -1034
-1455 2765
108 -3404
2300 3047
-4032 1246
1600 2917
1502 -2049
-152 2312
1121 2155
-3512 3526
-627 18
3627 25
-3532 409
4077 -1028
3782 4000
900 -1851
-1521 3864
1964 -1351
-182 1353
1818 -1497
-2498 854
-163 -1730
1214 -3892
3870 36
-1789 339
902 -2738
333 -1158
-657 -2736
-1025 3896
631 -1662
3817 -3489
-1182 2495
3051 1518
3542 1094
1215 3270
-2343 3162
-1746 -733
3161 3348
2693 -3392
-2333 2815
941 -3264
-157 -473
2898 -771
2779 874
-1692 -163
1688 -315
1976 -1159
-1520 -2306
-2885 -2633
3317 1864
657 978
-3111 3477
-577 2203
1729 3645
2018 -234
245 -2975
-2901 -2293
-2387 -3680
-3595 2769
-2854 3380
-1467 3254
-3592 2229
-943 1660
-2935 1499
34 -3211
-1796 1561
-485 -242
-4103 -3214
480 -666
4174 -212
54 -2866
-2511 -1328
-1660 -2121
-1463 -989
-625 754
-2241 -3511
4139 -883
1387 -2925
3522 541
-2467 -3049
2913 -1361
0 3221
3591 2039
-2251 -1110
-128 93
-2988 -2875
1843 2739
-1900 4093
-2751 -2546
-2536 -661
698 -3264
474 4019
1467 -3164
-3287 246
2651 -427
228 967
-1698 1551
183 -2390
-3992 -2892
2358 -3479
-2125 -2418
1947 -2662
-453 -890
2547 148
1658 1375
-1124 2293
2093 -990
-406 -1504
-3221 -1157
-2751 3302
2554 -1610
-2399 -1600
2634 -2147
-52 1178
-3363 887
-2021 1066
-2566 -955
-2410 -321
2219 -2494
-3729 -3636
-3188 3414
1167 -286
556 147
-175 -1914
413 -3997
-300 -1666
1246 -3634
3592 1513
3484 -286
-3863 384
721 2135
1897 3947
2626 3734
4235 -2188
-2856 1169
1619 364
-951 -3663
-1039 -2319
433 -1647
-1066 761
-3651 -993
1782 608
-962 1847
-1251 1735
-199 4217
-158 255
975 -1339
-3455 3139
2289 -3643
668 -3765
1280 -1445
1253 -475
-297 2374
3966 323
-1766 -4004
-3558 3662
-1937 2816
-1333 -224
-3315 -978
2234 -71
724 2186
2361 729
-3404 -4253
2152 213
-1232 2718
-2749 2617
642 -26
-3689 -401
1756 2519
1195 -3930
3304 1129
-2721 -326
-2474 1184
1633 274
-3650 -2879
1822 2307
-3617 -1671
-240 -385
-751 -2195
1666 298
-693 2545
-387 -4041
-2990 315
-2965 1597
2404 3362
-4178 -3321
1762 2433
-1489 2366
393 1692
-343 -452
-2845 -2487
-2115 -999
-2195 3074
891 2622
1992 18
1153 2710
2713 4313
1424 1583
-364 -3235
3967 -3110
-1928 3177
3171 253
-2191 2152
-2275 -2884
1001 3836
3536 3759
-3590 1694
2340 332
-3478 -1988
-1653 458
1084 -3253
-3053 94
-2194 -1208
-681 -3102
3555 2192
1314 3393
-1110 -1446
1233 678
644 -2819
54 3097
344 3822
2184 3097
-2124 -4126
2980 3767
1413 -2534
733 2785
-3969 -8
-4002 814
516 3739
3295 1054
1202 -2569
2763 -3238
1496 755
2091 -3452
-4267 1097
1128 -1130
3386 -909
493 -2329
-179 1075
-2535 2942
1780 63
3194 -3252
3944 -3212
-1965 -2810
784 3523
-2959 -2821
-435 -1067
3991 -3709
-3276 1712
3631 1525
4030 -1744
277 -1237
3455 2783
-972 3558
-3572 1153
-805 -2856
-39 3390
2306 535
-62 -369
3968 1030
2320 2280
1325 1759
-1607 -3061
575 1724
-82 -378
2889 -1672
-1865 -2346
-3635 -2516
-512 2111
3369 -2382
861 -3430
-551 -3311
1609 -3647
-603 2663
-465 -3701
3590 238
382 -445
-98 2230
998 1530
-1802 1403
-1300 -1374
813 1083
1247 591
1903 -430
-1866 3643
1085 -2998
-1598 -2696
1274 -1397
-1169 -1694
1099 360
-3191 -4178
-2123 -2355
-146 -2900
2965 2068
2072 1974
628 -2184
1864 1891
3427 3339
-1595 2114
-3520 1339
-4209 -3466
-2478 -2316
-2035 -2119
482 2545
-3898 4063
3522 3948
2741 2351
-1274 1566
3825 2240
4027 -2466
2963 3394
-3500 -962
89 -2785
-2790 -3555
4158 3254
273 -2737
92 -833
-2978 -333
-2290 -2533
1283 -701
-3263 -3670
-1573 -2677
-1750 1962
-251 -2416
-2054 1058
-3475 500
-1709 1345
2640 -2165
-727 3296
303 81
905 1356
-3311 -1751
665 3579
-3398 -128
-2495 3396
3498 -1371
-1532 -356
3496 229
-995 1810
1227 971
-2926 -1671
-774 2279
-3187 2518
-2307 1251
-501 -4012
1186 -3378
-3469 -1768
-3260 2045
-3577 973
1460 910
3425 2542
-1194 2214
-1066 3733
-1372 2944
-1904 3425
3509 -49
1158 3553
-3485 -2404
-3474 3382
-2934 1477
-680 2893
1103 2515
2716 4047
271 -3290
3855 2482
3353 3666
3779 1491
-3395 -83
3039 -1760
2613 1374
-561 -2143
-3489 3936
-2132 59
2342 -3707
-2594 -2312
-3811 -857
1712 -1740
1513 1165
76 1924
-561 -3625
-1098 -2991
-804 -3517
2349 2585
-3900 -965
-3364 396
-2420 -1222
3943 2769
-810 108
-1898 -1478
-2637 -2759
-3477 1052
-3373 -654
567 -2147
-521 591
184 2784
-1118 -3104
3612 -1511
3618 1516
-1237 2659
-1046 397
2884 3925
762 1533
72 -20
-3512 165
-2788 -2540
-1278 -1229
2436 -3883
2984 -3213
938 -2336
3499 -2015
-4052 -3053
-3630 2959
-1765 2105
-2972 1283
2726 -1341
-1562 -1481
-1968 1277
-1248 1359
3961 713
-3038 3504
-3457 758
2602 -4137
3120 -754
-441 -1198
-1424 -2738
3875 -2443
-3901 -1411
3807 -2610
-738 -1245
-3234 4095
-1206 4017
2624 2394
-3844 1101
2699 -832
2380 -3021
1810 414
613 -3384
1856 1916
-3821 1055
-1786 -975
2814 -3428
211 1192
3321 -3235
-407 4420
1708 -2547
3302 4234
-3649 1977
4270 -1542
2079 4180
-397 -1351
-3837 -71
-80 -2065
311 -3440
-2223 -3521
3255 2761
-3039 2060
4025 -1527
-247 619
2938 -1957
-3650 3706
233 -3213
-1934 3594
1870 491
3108 733
228 3235
2504 2413
1797 352
2280 -2867
1904 -3761
2331 1129
-2698 -1936
1612 -2750
-2056 -1572
440 815
1528 1486
-2858 912
2368 -1685
3498 -2229
3208 3378
-3423 -1313
-3488 -2852
-1684 900
573 -2354
-3080 3941
3475 -150
3200 -3511
-990 771
-3000 2175
-551 1825
2990 -919
3454 -1805
790 3898
215 3422
-758 -1040
-2662 -1606
-3715 854
-848 2367
1223 -3117
-2712 -755
-1998 1059
2841 567
3108 1658
-3333 3880
-3061 -3386
-3854 -1920
-594 4522
-2117 1572
1680 1986
-3065 -810
2190 -372
3749 -819
3710 2072
-2807 -438
104 -2706
-4098 -1105
887 314
-3729 -3810
-3798 -502
2619 -3045
-2173 1075
163 -2963
248 395
-335 -3289
2582 -2675
3222 53
-3510 -421
3824 4094
2462 -3235
2067 -1986
-2539 549
-2858 -1791
436 4050
-1995 998
-1849 -1247
-3124 2001
1031 1101
793 -3856
-1709 -2741
-4203 2324
3281 -1891
-4096 3615
67 1880
-701 1899
599 1744
4267 3385
-2186 1062
-858 -593
2672 -2325
-3346 -1902
-3104 2622
-1560 -1616
2816 -2014
1581 -2642
-3554 3716
-2670 3435
-1038 -906
-33 -2673
-2571 -1555
4090 -261
-1678 3194
-1895 -2878
-2080 3625
-2569 -1785
-1019 -1163
4340 -934
3593 1849
1516 3894
3238 1054
2634 -857
-1350 4503
-1427 -3186
3668 -1071
-3859 -2787
3383 -1496
2571 2517
-3851 1953
3790 -2126
-547 1173
-1362 2798
2449 2686
3825 -3955
1560 -1952
2590 -1577
3466 -2806
2866 -3676
-2512 -707
-2811 4
1771 3566
2391 1921
1840 3516
451 -2551
-756 3342
-3534 3652
761 150
1826 3340
-368 -3224
-2517 22
524 3635
-4277 -2677
-713 3398
4099 2928
-798 -2858
3621 185
1727 1577
2118 1096
-3342 1569
-1332 3796
270 -3365
1463 2859
3457 1115
-2789 2982
4162 3334
2448 1112
4293 -1008
-1856 1532
548 4546
-1029 -1039
-3199 3183
1709 3486
318 106
2327 -55
-2748 2795
-958 2508
-3148 4032
-1730 3833
4631 4702
-1889 -313
2901 -1440
2573 -1018
2357 3551
1157 -1546
2690 3810
3092 -530
929 2503
-608 2569
4261 897
2818 2937
-3149 3353
1654 -550
3948 -2791
-2077 -3519
-2387 -816
-525 3423
435 -2742
-917 -2225
-2401 -3129
121 -2630
-1303 1911
-938 2900
3000 -1945
2037 2612
-1008 2273
-4200 -1513
-3074 1621
3739 1812
3547 -2041
-3758 -2127
-1984 480
3463 -2020
964 -2168
2110 1573
765 -1692
1104 746
2828 1603
-1960 -1278
-3612 -1880
1936 3212
-46 -262
2006 -3459
-456 2281
-388 841
-781 375
-1544 -1046
728 1706
1189 -2639
-2557 2542
-2554 -2524
-1063 -3120
772 -317
2581 552
1917 4117
1098 -2907
2954 -583
-2162 4420
2477 -2321
4864 -791
2742 2646
832 -1799
82 -705
-1011 87
3245 4136
298 1114
-2389 3251
4356 744
-1708 3944
-555 -2117
-2453 3561
995 -208
-2679 228
-3030 -2102
1973 -282
-1415 -624
1427 -933
-4111 -3012
2008 2391
-3669 -846
-2423 1589
-1660 -988
757 2649
1326 3607
3054 -3632
-3289 -3359
-976 -1965
2334 -3860
-1929 -1282
-3634 2794
1087 2888
-3918 481
4333 4192
1513 -552
-3800 -3337
-2499 -631
-126 551
-2596 130
-2249 -231
-3264 -2484
2295 4319
1156 1049
-2106 111
-754 1528
-128 -3308
-2327 1436
-1347 -2753
4021 -2940
-2258 -2917
-2667 -2315
3199 4474
3093 -1130
4425 -2029
-2609 5171
-696 -470
-963 2496
1361 2081
-1959 5343
-1045 2729
-146 4985
-53 4299
1644 -2180
3912 -2582
-3483 -460
-1353 -2142
1957 1276
4267 -271
367 3701
2272 -279
-3817 144
425 -1523
-1175 -1645
486 214
3739 788
-47 2717
-2924 584
3913 1962
1208 -175
4016 -4090
1954 -2754
2169 -3718
87 1731
1238 2827
2942 -2636
223 -3777
-2440 3134
1956 -1082
256 -2508
-726 3326
1263 -1117
118 277
2084 -2215
-1318 3080
1251 3684
-2830 4317
-2150 629
2424 -3838
1759 638
3413 152
-2444 848
2128 3061
3475 1067
368 -1038
443 -1773
567 -2831
4050 2495
-966 4124
-694 1920
-2445 -2566
4736 1922
5228 1138
4142 982
2686 4604
2866 -942
1753 -1786
406 -2331
-2662 -979
2948 4576
1454 571
-1515 959
-1507 1109
3850 -727
-1849 -1053
4632 1961
-1527 -904
1398 -3058
2076 -3789
2753 3153
-2275 2323
-590 -3388
-2067 -3366
-1240 3279
2651 -53
470 -974
1093 -1589
-3568 2692
-2187 341
1799 -2048
2554 3363
-1965 -1699
-1290 -42
2445 2697
300 902
-2615 -2054
-399 -3882
109 -1877
2310 -1409
-1889 2918
3265 -1962
-701 3680
1269 -2763
-2969 2229
507 -1045
-373 -3163
133 -1598
-1762 3296
196 2936
-461 4241
-3208 -3743
-2701 2314
2574 3738
3945 3268
770 2090
1756 -1071
-3083 2434
4534 -608
-1716 -2044
5296 4893
4492 423
4297 1561
4124 3423
-2479 -1682
1810 2677
4127 -2348
-1970 246
-1176 -2222
2022 -1473
4237 4908
-2409 3405
1995 4148
3521 -230
3923 -66
-265 2487
586 2840
-1164 2633
4431 -1562
-1710 -3554
-2495 2016
3606 -1177
3474 1656
-2598 -627
2229 2028
3856 -412
172 3913
-291 -932
-552 -628
-3364 1212
911 3741
328 2759
-453 1658
-4119 -3786
1800 -3939
-3451 -3855
432 1565
2599 518
-315 2046
2071 2397
-3849 3259
2298 4055
2638 -2651
2177 -3694
1969 -3213
4299 612
1008 1992
4245 2529
700 -1239
384 545
30 -3714
-1003 704
1927 65
1836 -415
-1779 4503
1235 1380
428 -428
-361 2114
-1309 -1068
3661 3379
2686 1580
-2122 1274
-2158 955
4879 -217
2557 -752
2445 -913
3951 526
2590 4726
1236 649
622 462
4741 5014
-1836 4348
3517 6250
3471 3199
4649 1658
1991 1619
468 2930
-3211 -2373
1578 -2082
3232 -405
-3332 2532
2160 838
1986 2330
-2268 -2968
-3430 803
-2010 -2428
363 1192
-2372 3120
1961 1167
-3023 1673
3595 -1173
-2534 -963
3534 -2123
1584 3041
926 1274
-3222 2250
2420 -2094
1143 -1043
-2091 -2748
-1667 -3288
2559 4103
-2596 2167
2107 -2412
1055 2969
-3308 3816
349 2976
238 2465
-1316 1192
4411 2605
4222 4296
3392 4084
-348 1431
4119 -2994
2853 -1009
46 3158
-2550 4154
-1967 -665
1585 2898
791 4234
465 4267
2285 4079
-1159 2851
2752 5232
-1512 2686
2094 5579
5806 3954
3091 -1027
-109 4150
2585 889
3657 -406
2964 608
669 158
470 -1313
-318 851
1132 -1665
-2854 2282
2254 2112
-2947 -4193
-1675 -1724
-1447 3528
1434 2237
2783 -2666
-1451 -3256
-1748 2921
1301 64
-774 1122
-646 3199
927 3653
-709 2877
1476 -3681
-3972 1184
326 -740
3021 731
-3536 3704
1802 3222
-1460 303
-1032 4007
1537 2631
3226 -1505
-1575 -2532
-165 2067
-3764 -3201
-748 2019
3305 428
2853 1265
2041 66
3805 -559
1512 3111
-3210 -3022
414 279
-3080 -739
-816 4180
4564 2873
-358 -1491
-3009 2347
2295 -1870
3145 3428
-240 714
3409 4832
4034 847
-56 5
2208 1581
-931 4690
6168 2440
3003 884
6166 3249
3784 1130
1865 -1358
843 3944
5257 -416
161 -1073
169 5230
-1899 1480
1231 -246
-859 3900
-414 -1212
189 -1041
-766 1420
3978 -3240
-3067 -3660
343 -2863
3670 -1547
3905 -2480
3435 -2306
182 -3828
1487 -1341
-2105 -610
3183 -639
-1833 2435
1885 1004
2474 -3564
3319 -2841
3244 -2915
-3271 -2109
-2920 2826
-3836 1231
2021 -3769
-1996 2314
-1215 -2418
3960 -377
-215 -239
-2332 2601
2612 522
2444 1970
-1459 -2787
754 3836
-3592 -1062
-1339 -3524
4077 -1498
-129 2459
1659 917
-2558 2288
3634 -3597
-3201 3193
1492 245
2170 -853
597 4562
-1729 -2121
3429 -626
1434 1283
2479 552
-1834 -934
3187 4363
-2174 564
1188 2253
1053 -1490
-882 667
2052 -151
5897 -716
442 2285
4062 -2204
3856 -580
-751 3803
810 -2166
421 2652
-1389 -1240
-2798 -1482
-1277 74
2381 2057
2943 56
1273 -2805
2806 867
141 -150
-3513 -1405
3880 1672
-1149 -3438
-4111 -1319
1851 2704
-3534 3210
2103 1959
3652 2983
-1284 2700
400 4038
3766 -3608
-2522 3929
-359 3412
871 -2381
-2387 1806
4217 3650
-3155 -563
2637 -836
-2867 3012
3968 -1924
530 12
4295 -1220
-1343 -3655
1083 1642
1230 -3578
-1113 -64
2448 4088
-3427 -653
1995 2823
19 3439
-910 -3091
-679 3064
4220 -1752
1371 601
-731 -1471
2565 4065
-2769 -1592
-1322 -2863
4802 1256
-330 2871
3912 4099
3757 -2968
-1133 963
-2232 -1902
3771 4315
2098 -2235
-1551 -3006
3322 3830
-1266 -2511
-2066 2024
2089 610
-3738 2117
1046 -691
-2084 -1865
-61 -94
1762 -1503
21 2466
1223 4029
-997 1226
-2943 -2980
2483 -42
-2920 1122
-35 2388
-3830 2441
-3723 3913
-855 1170
90 1509
2405 -3848
1746 -3283
1374 -2940
176 -1397
-2031 -3900
3751 1367
-1466 -1186
2783 -238
-2708 771
-1046 3271
1888 -2396
2016 -2917
-503 -3259
2387 1430
4372 -1317
3569 -441
504 1771
-2898 -125
1388 3662
3565 3048
2010 3744
699 -3851
-2423 3737
-955 -2014
-41 3222
-2334 701
321 -3508
2408 1430
-3497 -1710
4017 2650
2932 -731
-1873 2515
1880 -2383
-2434 2460
2424 3471
-3187 -3488
1209 -1769
-2821 2692
2090 91
1208 -3749
-2333 3292
3293 -1837
639 -373
-3162 1174
410 -4314
3817 1522
-1849 3364
-1687 2714
-4164 1865
-557 -2239
1063 3176
717 3037
1320 -2107
1987 -2427
2364 -2326
3534 3668
-2468 -2129
-1949 -2731
2259 3008
98 -3503
1086 -165
-473 1750
-1597 -1537
1017 660
-2427 -29
3077 2363
-995 -2965
1058 -2978
-3367 120
953 -968
-2664 3261
-2237 3769
-3713 942
-2703 -345
-929 516
-3375 502
-3675 -600
2029 -2487
912 2679
-1886 3182
-3455 -3114
-1929 -2561
-1443 -3718
1751 581
1329 -1918
-1883 3768
843 -947
-3775 -3883
-4168 -1639
-1996 948
1928 1029
-1551 -3263
2179 556
-40 -389
-182 -1253
2701 -746
1570 1517
-604 284
-2943 2004
-4576 -863
1011 3006
3607 -3622
1665 -1059
-3818 753
3226 -1542
1658 2161
314 2365
3646 2773
-452 2714
3085 -802
-3366 -1395
-1816 -194
-1427 636
-99 4174
1045 -1651
-1840 3589
151 -42
-335 -2386
-1816 -1488
-219 -3753
796 -3130
3239 2427
-3661 4232
657 2957
1755 -2105
4290 -3154
3028 2482
2206 -1019
3451 -4075
-3016 -2859
-326 -2972
2488 3143
1247 -1951
616 -1524
-1388 2396
-3535 -4005
1509 1757
-2244 -320
2900 2153
1492 1168
-1855 3921
2144 2206
-4021 3711
401 790
1216 -590
-3999 1429
-3705 131
-2821 -2339
-2140 -3326
-4166 1914
-3727 -139
22 2211
-4122 862
1127 539
-78 -261
-2163 -852
-3321 2136
2292 2021
892 -1922
2126 2966
2573 -722
2910 367
-703 -2606
3416 -1520
2973 -807
666 -2758
-310 -3421
238 2154
-3565 637
3480 -1084
-3412 97
3080 911
-209 270
-3624 827
-333 -3182
614 -390
-3399 3487
3172 2600
-904 -1815
1367 -3582
-3335 -3917
445 2750
-3731 -591
2951 -1599
4057 -1414
-2501 -614
479 -3563
644 905
-187 -1657
-982 -3610
-668 878
3953 -3242
-3097 858
1060 -1991
208 -951
-3389 2388
-3963 -3163
-2740 -2359
2668 -386
-4064 -1550
-1666 -1164
-3628 -4062
943 -2128
-3986 -790
642 -2668
-4541 2385
-4649 1339
-3305 -4277
2697 -2585
-522 -4826
-4541 -266
2170 -2140
2359 -3601
-932 -1482
659 -4123
-1693 -3598
2505 -1571
1843 -1507
-68 3369
362 338
-4308 3051
-1790 2945
2522 -417
76 664
-3636 -1091
-3514 2887
1686 3164
-1157 -2543
-1689 -554
-2427 1703
-3585 1197
2599 -2939
-3662 495
1438 1542
2518 3013
-1860 -1663
-1343 -781
-2830 2660
992 4191
-2545 2786
367 -2369
1037 3491
3473 -956
118 -3712
2153 3368
-1215 -2155
2833 -2351
-2631 -3759
1343 -1275
-2083 1669
2469 -1103
1396 -650
3622 2399
3275 -1680
1893 -1657
-958 -3264
1113 -2844
-1114 2505
-2256 152
-2260 -2314
2898 -651
3021 -4144
-1377 -759
997 2457
-2561 -2591
-890 -1300
-1546 -3026
-3352 -3782
1834 -3952
-2854 1698
-1720 -3061
2210 -3347
415 -4865
3138 -4743
-1231 -4349
2662 691
-4835 2250
-2695 -237
-3059 -1258
2510 3286
-55 -2186
-841 -3011
-3127 4066
159 -2461
-2413 2163
2770 -504
-3877 1765
729 2920
208 3188
3507 -2349
3279 2293
-2143 3630
-3569 1379
-69 -3311
-2073 -2011
-809 -3771
-3978 -208
1678 341
-2807 971
-3902 3183
3635 -1339
1432 -622
-498 1085
467 -1844
-2688 -1565
640 -22
2561 2201
3796 -2932
-2067 -169
-2057 -524
1644 -1790
-1101 -2649
-3179 -2972
1255 -2035
3561 -3178
3461 -1536
-735 89
3643 -3317
1888 -1896
-1558 -2707
1685 642
-2502 2006
1695 -2816
843 1716
3284 2009
2213 2780
1507 -3053
-1680 2959
-37 -2965
-661 -2622
-1233 -3347
-4113 -9
813 -940
3294 -1389
-4585 3072
1084 -3877
-4544 -2353
652 2859
3398 1116
2619 2098
-764 2412
-213 -675
-4263 -3440
2417 -307
3642 3345
-219 941
-1264 3625
-449 -2785
-4082 -743
-2765 3478
2467 -3692
-2893 151
-261 -3519
375 -3070
1132 -965
-1789 -979
1013 -3660
-480 -2235
-2715 -3867
3029 1215
-3413 619
-2436 2010
-195 2525
721 -1281
3058 -320
1276 -3154
2821 1175
-3630 -99
-933 154
-2358 -2007
3456 -3080
-767 76
-2575 -3974
3749 2315
3130 -271
-1284 2110
806 -4125
-3908 -1875
2831 -3160
-3106 1049
540 2446
-1679 2567
2033 -1075
2556 2083
161 -1376
1914 -2814
3426 3327
-2529 -2980
-555 -3062
129 1382
-3180 3101
2402 -3584
-2960 -506
1815 2618
-2327 -1935
-749 -2352
1138 -163
1881 -1000
-2516 -2405
1777 -2002
3303 -909
-3628 -3543
332 3670
3353 -2076
2631 2650
3796 -2640
3225 -3338
-1020 -3943
2901 1428
34 -1641
-3243 -2196
2770 2928
-2093 1675
-9 3455
949 -3835
866 3701
2551 -2189
-3193 -1406
414 309
-1881 3129
477 -1322
-2837 -3613
-3318 -811
-1219 1424
-2494 -3703
2262 -1303
-1149 -747
-3237 3849
2867 1743
273 3670
-47 -3144
3736 918
455 -4055
-3284 2226
-3797 -3778
3425 1986
-2189 472
2366 -1725
-3857 3555
-4101 1087
2423 2972
-198 -2265
-1848 -2183
3672 -2999
-617 -811
-351 -1264
-2552 465
2408 -1969
-2688 -2276
-1212 2425
-2908 -3144
-2017 -2668
-2622 -1075
-1462 -3911
1755 -2032
-3284 -1579
1532 -1154
-3793 1485
474 1558
2724 -3058
3792 73
1840 -1863
-195 2778
-2316 384
144 -1385
-3101 -3958
-3722 -1442
-2146 3746
1668 3103
0 822
-3489 3323
3460 -3073
-704 -999
3833 416
-3334 3751
1686 -3491
3541 572
3988 1256
452 271
4219 -861
26 1996
-2609 -1596
-2819 3059
3945 1031
-686 2683
4107 3548
446 -3074
-3716 -3797
-2119 61
2332 3815
-3891 198
1324 -181
939 -734
3018 -1737
2567 -2956
-2369 -1987
280 3416
1227 -1785
-1563 2302
2258 3093
2567 2566
-536 1392
-932 2029
-950 -4526
-2490 2529
617 -4251
-460 886
-1527 213
1969 1678
-2087 1726
-2895 2643
-1690 -2936
1773 -3869
2591 3302
1924 -1968
-1535 -1655
-1708 3007
-2153 -3081
-4239 -2665
1523 2809
1498 -1371
3059 3107
-1268 696
-3525 884
1468 2139
2912 1051
-3827 4072
-4174 865
-3241 -2277
1304 3079
3616 -2789
-1043 3407
2827 -2256
3220 3833
-1922 -961
-3345 -2065
-619 1610
-2600 1022
46 1988
1024 2949
372 -2897
-1881 -2002
251 -3268
4119 -3528
-1827 1875
-2009 -1376
2517 3775
2858 -2191
3058 -4025
-195 -2000
3739 -263
-3734 2537
1799 -1385
3 1328
727 2565
-1462 1670
1514 -4015
1890 -3969
884 3283
-4205 -3360
-427 470
3239 -1674
-3707 -2915
710 -1593
-2656 -4008
-3516 1362
-3266 -1053
1224 3534
982 -2369
2010 -804
-3561 -3208
-3281 -4028
3377 -1028
2829 1688
-2267 -1224
272 -4115
-14 -1477
-3620 876
513 -2260
-2104 3303
-3806 530
3634 1014
82 -2838
3444 -763
1981 1123
1638 551
-4271 -1451
2397 -2056
-3271 1622
-2948 -1341
1035 -2584
-1139 909
3393 -504
-3088 2872
-1029 3586
-4222 4098
-998 1630
2067 3554
-3163 1683
-3609 908
-522 2562
-1468 -3230
-289 -3451
3922 3177
2902 118
-2619 1359
93 1232
860 3139
797 519
-6 2730
-2904 2728
-3384 -1986
2572 3289
-2392 69
-1200 1890
-3821 2770
2469 -761
-4077 3785
1038 3929
-3622 -1982
2587 -3909
2455 2859
-897 3820
521 -2588
-1940 -1626
-3749 1416
2166 -640
3640 -4318
-1941 -89
-2830 3595
-3676 1629
-1387 -2302
1106 -2997
173 -1925
77 3658
-1530 -2748
-580 1796
2072 -134
1524 1535
1433 3910
3073 -3626
-2024 3066
-150 304
-2253 -2495
1364 1196
1818 1412
3000 3718
2099 884
2893 1395
-3782 3208
-3100 1526
100 -250
-1406 -3958
3900 -3200
-1107 -1254
1442 -414
1454 -929
-680 786
-747 -1422
2739 -2226
-2385 3853
807 -391
1321 -1812
-2229 2680
-1883 3996
-3944 2627
-256 1519
2163 -638
349 -789
2878 -1042
-1658 -1138
2809 -3039
1553 -2333
-1882 2251
1162 -2032
2820 2505
2251 -1558
2027 -2900
3538 -2889
-3315 -1836
-1005 2348
-2941 -4126
-3094 3940
-100 1497
-2535 1923
3129 166
552 -2266
685 -724
3564 2774
-3217 3014
2663 3085
1526 -261
-407 -428
1203 -3964
27 3211
3376 339
-463 2786
2888 -3519
-3391 1402
2565 3004
-2921 2961
-317 117
-2708 1837
3929 -3340
312 -2224
-1442 1658
-895 -1363
-1532 3509
1425 -2861
843 3792
1112 1249
-29 1613
-110 2969
-588 -3516
3047 -3701
822 -546
2333 2823
-505 216
-1372 3040
-3893 -2017
1507 -3212
3659 552
-2073 1755
-3178 2106
-1709 248
-1795 -2386
2212 2903
1844 2378
3205 -1538
3115 1748
3500 2785
1452 -931
-3331 -598
866 -2752
496 -645
-3282 -3820
-2721 296
243 -2586
576 914
-1729 2512
-2607 705
782 -2347
-962 24
-194 -1427
-2577 -2698
-3534 2886
-1321 3805
1769 -1031
-496 -2426
844 541
3506 -1221
2010 -1849
-914 3880
-1593 -2955
-1906 -3728
-1025 2111
-3053 2190
-2552 -2961
2788 3774
177 -234
2225 2625
1853 -2613
3668 1779
-4142 -346
2737 -2921
2669 -3673
-23 -1950
851 -2524
-2602 -1097
267 1881
881 -386
-1038 3298
2751 368
-1915 4040
1305 1321
4304 3013
856 3716
-137 -383
-2726 1707
-3448 3850
-849 2863
-3195 -3413
1449 2357
-2546 -2399
3323 -3979
2018 3116
3839 -3458
2442 -1218
-2560 1401
-1347 -518
-3227 -778
-965 2842
2316 -285
-3247 -3095
3731 -3875
2511 3955
-3134 -1876
1424 2513
1396 1137
2343 1326
447 1652
4091 -2268
-2618 4022
-2645 2391
3533 -1762
-177 -757
277 -88
1797 -2550
1616 -23
-1492 436
-3264 -147
-1383 -294
-1110 -343
-3252 1922
3259 511
-736 2906
-255 3175
-2058 -2234
-3310 -1334
-4108 -423
-871 -130
-3149 -3924
-3018 -2475
-3561 -806
-4141 2758
3366 420
3800 2025
1873 4030
-1979 -603
-1118 1948
-3637 3547
-13 1746
429 -2759
-3473 234
1614 1549
3580 -3756
-1948 1005
3525 -2201
2666 -1867
1720 -705
2130 -4082
-680 -3463
-1870 -454
-2377 -3815
1214 715
-1884 830
4162 -2527
1898 2587
809 1565
115 2719
-1803 -282
-3590 3052
-1497 -1409
-2348 -2246
3088 -3952
2588 3383
3518 -1162
4126 726
516 -638
-3126 -2979
3083 -2021
-780 -2199
2295 2354
2978 2993
997 -2311
-3102 -851
-1684 -4064
3663 1633
1256 859
-983 56
-3293 12
3490 1223
515 3419
3211 541
1059 -2269
2292 -726
-61 -2256
-1981 3852
-3245 -4148
-309 758
619 965
-224 2215
-3899 2989
3540 431
3509 -2911
2683 1775
-186 -1424
-1472 3598
1889 84
472 2408
1207 -1082
-1678 -416
4306 610
-2639 -3994
-841 -310
-1705 -94
3507 2817
182 2327
-3025 3339
819 2203
295 -3039
-949 2088
264 -936
-3200 -532
3293 -3058
587 -1439
-587 -4048
740 3546
-2403 -686
1280 -2826
1138 1068
194 3690
1335 -1816
-1076 -85
-2315 -936
2225 -2888
-2671 2920
2468 -211
-1661 615
1300 3227
2991 -2682
-347 3842
-1133 -3307
-3577 -3365
-605 3047
82 132
-1482 -4167
-2104 2906
-3627 -592
1432 1626
1927 222
-1331 -188
-1927 1074
2786 111
3289 3716
3336 3657
2633 1350
-3399 3117
2541 695
-1607 -2580
-2855 -718
2022 869
627 3438
51 702
-3778 2990
25 1252
832 3368
1261 -1409
-209 -1183
-2147 -2121
147 -813
-482 28
2128 1380
3598 1546
-3701 -1089
371 -1041
-353 -728
-20 -762
3226 -1158
-3677 2680
523 1678
1925 -1124
-1727 683
2959 1826
3625 3380
-3356 484
2044 -281
-2441 2190
424 2538
3204 -279
2714 -3877
-2413 -1014
2962 3953
-736 3395
3959 -3001
1518 3992
2756 -3061
-2116 -165
3102 -911
-3511 -1928
-3655 941
-229 3800
2821 -1694
3399 2208
-3301 -4109
-815 -3398
-1448 2429
3406 2120
-4066 2956
2450 3280
-3457 -1003
-554 1261
1065 -3064
-2110 -2842
2501 -3014
-960 3196
230 2450
-3952 -56
3012 -3183
-3659 -3839
-119 2733
407 3367
1319 -1797
-3341 -1799
-2816 2624
2954 2621
1137 -38
3213 3513
-228 -2133
-2215 -1299
-415 -265
190 -3638
3232 1928
1802 -608
3585 2389
-1482 -2158
-2322 -1371
1608 3537
-272 376
4213 1394
14 2311
-1412 660
1593 -1938
2670 -885
-3077 -3152
3144 -2739
3251 1844
-3762 -727
642 -2370
-1313 431
891 -56
-763 -1447
-1926 -3251
2501 3234
-3071 2708
-3878 2827
-2633 -2009
-1121 -3299
2746 2701
3250 1449
3971 551
1629 -3911
1602 2842
1930 2285
-1260 1780
-667 2286
-2430 199
624 335
-2360 16
2283 -4110
798 3422
-3624 -2324
3794 -1113
-2712 50
3664 3903
2714 -260
2662 2856
-666 581
-108 2732
3696 1112
-233 -1157
1287 991
-1027 -595
675 2317
444 -1534
-1018 136
669 -4060
1112 2470
-1672 413
2011 336
2551 1608
4002 560
800 -678
2106 665
-317 -1768
-3160 2983
3228 -3651
-24 -1487
-3572 -1388
-1026 -2906
-751 3029
971 3507
-1000 220
-1428 4050
-358 696
-1778 2052
232 1961
-3462 -481
-837 -1789
1308 -1358
-3889 -626
7 -999
-1246 3316
2875 -150
2650 2513
1091 3088
-1046 349
-3639 -432
-3608 -2263
2166 -3967
-1951 3689
3738 3449
-634 1224
84 706
2037 -2415
-840 1550
-2226 151
3904 -965
3031 2273
-2182 -1602
2094 935
-3298 -2810
-857 -1294
-1075 -831
2042 -1879
2220 3343
-166 -2654
-44 2000
463 -3516
-3227 -1937
-4209 3181
3442 -2617
-376 3892
1227 1143
-3548 -554
2204 3662
-4170 1964
1411 -968
-2826 3906
-3046 2572
924 3051
3627 -3437
-1683 3157
3144 942
2740 1197
3684 1444
-1505 4066
4192 3828
-2060 2097
2591 -542
1863 208
169 1977
508 235
-581 -4035
4213 750
3371 -1040
1444 -938
3244 2940
1993 -3019
3771 -2877
-699 499
2785 -2473
1855 -1660
-1067 4065
132 -610
-1385 -1241
-623 -512
3960 -1976
1044 627
-3646 3172
-3195 -2425
1439 -77
2181 686
25 1977
-896 473
-891 -2567
1136 -3313
1781 1427
-1135 474
-2320 1439
-2419 162
-1609 -1028
258 -4138
-2748 -1420
-2704 -72
-178 3662
-3391 -3222
-1367 -2169
555 1507
-3776 -1116
3648 1416
1685 96
1122 -1901
-2445 -2516
799 -2788
2221 -3964
2112 -2942
858 -2429
1088 -4049
2587 -573
2468 -3405
-1005 -371
-1002 561
4166 235
-419 410
-3427 -3582
-1384 -3879
903 -3998
-2337 353
2772 2357
-860 -940
-2357 -3962
-2269 766
-2764 -404
-3007 2621
2176 3069
507 3086
4258 609
1737 3123
-3583 1524
-2718 3869
-709 -1917
-3298 -1417
3657 -3601
-1084 -2261
577 -1997
4023 -1872
3065 1366
-1053 -891
1195 1503
-3699 2610
1488 2775
847 -2819
3339 -2508
3556 -2635
3743 1127
-2263 -3592
-3016 1212
2776 2725
3993 -1693
2101 -237
1133 2687
-766 1778
-1527 1165
-1156 -4149
1311 -1022
3213 1467
-1471 2287
2741 -800
3422 3153
-3885 -2706
-1787 -3707
-300 -1445
-2783 -2167
99 2485
-161 2329
2904 -737
1225 2991
1210 40
-577 -1121
2708 -3752
4090 -3099
3485 -1569
-404 3778
792 3233
-175 -1598
1400 4098
3383 -2502
-728 -774
-1924 -72
88 185
-3806 -219
3627 -2948
-3100 2753
3660 3131
1714 -1310
-1850 3805
-2645 1789
-1720 -3065
1570 -958
-3388 2815
-2304 3195
2262 4090
1317 2868
4237 -3899
-2701 756
2053 2529
759 3118
2306 -3255
-576 487
-3764 -1102
-2861 -199
-3117 1704
2511 -1114
814 768
-1714 -2860
2354 1093
-2667 1763
1623 -4152
2133 -3312
2210 -3132
2549 52
-1141 1396
2180 3630
-2360 -2642
1244 -1118
-902 3144
-119 -1295
-2512 -1886
2580 2501
2068 -3750
-939 2442
-2585 -1919
-1971 -1974
3620 -2197
554 1912
3624 -576
-3716 893
-3093 3238
-755 -3185
-1926 -2116
1978 1960
-2189 -3834
3392 -2885
-598 100
-1722 3224
-2419 2782
1676 -2595
3401 2554
3833 1592
2474 4038
2944 -1908
-193 -2210
2221 -3954
-3552 -1357
3705 -438
-532 -2420
824 -2160
564 -3406
-2121 -1866
3650 1799
135 3883
116 -766
3291 -899
1549 -3646
-3829 -2949
-2167 -679
3016 -1043
-2758 3329
3230 -120
2652 300
1560 1720
-716 -3995
2221 727
-2089 67
2445 -1228
2708 -3067
-4071 2986
1961 3738
-3366 1658
2425 -2788
-1040 3585
-90 -3078
-2571 -3381
1520 -2023
-55 -1578
1054 118
1356 284
1215 -2121
1087 469
-252 1221
-3379 -3629
2532 -3407
-1464 -1529
1279 -871
1130 1822
-268 1405
2033 -3483
1857 2568
-1164 -680
352 64
3396 -296
3270 154
4199 -3025
2252 -2487
-1553 1152
-1455 -818
-1383 -3428
-2000 2345
1128 314
867 1029
-702 1002
-1007 3513
-1916 -2195
-1216 1133
1685 -3271
-3905 3482
-2863 -782
-488 -2844
-3926 542
2434 -55
149 -2594
2756 1058
600 -2749
1279 2642
3600 3626
33 -475
4067 -3557
-180 -870
958 -3551
-2705 2579
1575 -1845
-1300 2003
3056 -1517
2710 433
-757 3375
-1415 -4117
-3129 2207
-2279 -2844
2386 1510
2477 -1154
-355 -831
3948 -1888
949 -1620
-385 -2901
-2116 3624
3532 -827
-997 -1579
3596 -3287
1048 3082
2610 330
3124 -121
2008 4021
3488 78
-966 -3969
-2950 -353
4039 -3780
-1809 -2653
1731 -251
438 -189
-1405 -2686
400 1586
3679 1836
2558 2861
-3117 -340
-2712 3262
2407 -132
-3404 -3705
3153 -1621
-1514 -1451
-1104 -3945
844 4004
2217 2937
-515 2589
-2166 -1460
4122 -1682
2787 -3326
-1277 3466
-2039 -1055
-1082 -3506
3942 1083
-2914 -3306
-2157 1903
-884 1054
3227 3159
-2642 -3757
-3313 449
-1766 2479
1824 2246
1138 3796
-1197 -2949
278 922
-3265 -2650
-2471 712
-2349 979
1926 -1861
-2811 -3320
3879 -3476
-9 502
-3186 -787
2747 3167
836 -3287
-2347 2450
3249 1955
-3933 3374
2247 -2121
-2084 -642
809 -2700
1092 -1932
-25 -2110
-1051 -2839
143 -1706
-1308 252
1827 -3065
-995 -1789
839 -2004
-2246 2358
1414 -3956
-1610 2075
239 -2226
3789 -966
-1760 2256
-1873 2832
-599 -3919
-2617 4092
-3032 -3942
-3361 3839
-3714 -2551
-2268 -1924
-3257 3647
-3344 1213
-1260 -2378
-2951 2805
347 47
1484 -736
-662 804
-1225 2647
1302 1713
3701 -3580
-2654 2171
3801 1061
3699 3743
3024 3910
-2855 -3051
2339 -178
-1160 96
1463 2680
-3134 2229
4236 -84
-1231 3606
-3623 -3485
1103 -3526
602 1932
265 207
-1415 2361
485 370
681 -3920
-3512 2826
3449 -2582
-458 2379
-3900 1548
-1440 1452
-4177 3596
647 -1966
-2193 4016
-51 -1884
-4011 1442
109 -2773
2510 2364
1088 -1725
-3291 3449
0 0
0 0
0 0
0 0
0 0
0 0
0 0
0 0
0 0
0 0
0 0
0 0
0 0
0 0
0 0
0 0
0 0
0 0
0 0
0 0
0 0
0 0
0 0
0 0
0 0
0 0
0 0
0 0
0 0
0 0
0 0
0 0
0 0
0 0
0 0
0 0
0 0
0 0
0 0
0 0
0 0
0 0
0 0
0 0
0 0
0 0
0 0
0 0
0 0
0 0
0 0
0 0
0 0
0 0
0 0
0 0
0 0
0 0
0 0
0 0
0 0
0 0
0 0
0 0
0 0
0 0
0 0
0 0
0 0
0 0
0 0
0 0
0 0
0 0
0 0
0 0
0 0
0 0
0 0
0 0
0 0
0 0
0 0
0 0
0 0
0 0
0 0
0 0
0 0
0 0
0 0
0 0
0 0
0 0
0 0
0 0
0 0
0 0
0 0
0 0
0 0
0 0
0 0
0 0
0 0
0 0
0 0
0 0
0 0
0 0
0 0
0 0
0 0
0 0
0 0
0 0
0 0
0 0
0 0
0 0
0 0
0 0
0 0
0 0
0 0
0 0
0 0
0 0
0 0
0 0
0 0
0 0
0 0
0 0
0 0
0 0
0 0
0 0
0 0
0 0
0 0
0 0
0 0
0 0
0 0
0 0
0 0
0 0
0 0
0 0
0 0
0 0
0 0
0 0
0 0
0 0
0 0
0 0
0 0
0 0
0 0
0 0
0 0
0 0
0 0
0 0
0 0
0 0
0 0
0 0
0 0
0 0
0 0
0 0
0 0
0 0
0 0
0 0
0 0
0 0
0 0
0 0
0 0
0 0
0 0
0 0
0 0
0 0
0 0
0 0
0 0
0 0
0 0
0 0
0 0
0 0
0 0
0 0
0 0
0 0
0 0
0 0
0 0
0 0
0 0
0 0
0 0
0 0
0 0
0 0
0 0
0 0
0 0
0 0
0 0
0 0
0 0
0 0
0 0
0 0
0 0
0 0
0 0
0 0
0 0
0 0
0 0
0 0
0 0
0 0
0 0
0 0
0 0
0 0
0 0
0 0
0 0
0 0
0 0
0 0
0 0
0 0
0 0
0 0
0 0
0 0
0 0
0 0
0 0
0 0
0 0
0 0
0 0
0 0
0 0
0 0
0 0
0 0
0 0
0 0
0 0
0 0
0 0
0 0
0 0
0 0
0 0
0 0
0 0
0 0
0 0
0 0
0 0
0 0
0 0
0 0
0 0
0 0
0 0
0 0
0 0
0 0
0 0
0 0
0 0
0 0
0 0
0 0
0 0
0 0
0 0
0 0
0 0
0 0
0 0
0 0
0 0
0 0
0 0
0 0
0 0
0 0
0 0
0 0
0 0
0 0
0 0
0 0
0 0
0 0
0 0
0 0
0 0
0 0
0 0
0 0
0 0
0 0
0 0
0 0
0 0
0 0
0 0
0 0
0 0
0 0
0 0
0 0
0 0
0 0
0 0
0 0
0 0
0 0
0 0
0 0
0 0
0 0
0 0
0 0
0 0
0 0
0 0
0 0
0 0
0 0
0 0
0 0
0 0
0 0
0 0
0 0
0 0
0 0
0 0
0 0
0 0
0 0
0 0
0 0
0 0
0 0
0 0
0 0
0 0
0 0
0 0
0 0
0 0
0 0
0 0
0 0
0 0
0 0
0 0
0 0
0 0
0 0
0 0
0 0
0 0
0 0
0 0
0 0
0 0
0 0
0 0
0 0
0 0
0 0
0 0
0 0
0 0
0 0
0 0
0 0
0 0
0 0
0 0
0 0
0 0
0 0
0 0
0 0
0 0
0 0
0 0
0 0
0 0
0 0
0 0
0 0
0 0
0 0
0 0
0 0
0 0
0 0
0 0
0 0
0 0
0 0
0 0
0 0
0 0
0 0
0 0
0 0
0 0
0 0
0 0
0 0
0 0
0 0
0 0
0 0
0 0
0 0
0 0
0 0
0 0
0 0
0 0
0 0
0 0
0 0
0 0
0 0
0 0
0 0
0 0
0 0
0 0
0 0
0 0
0 0
0 0
0 0
0 0
0 0
0 0
0 0
0 0
0 0
0 0
0 0
0 0
0 0
0 0
0 0
0 0
0 0
0 0
0 0
0 0
0 0
0 0
0 0
0 0
0 0
0 0
0 0
0 0
0 0
0 0
0 0
0 0
0 0
0 0
0 0
0 0
0 0
0 0
0 0
0 0
0 0
0 0
0 0
0 0
0 0
0 0
0 0
0 0
0 0
0 0
0 0
0 0
0 0
0 0
0 0
0 0
0 0
0 0
0 0
0 0
0 0
0 0
0 0
0 0
0 0
0 0
0 0
0 0
0 0
0 0
0 0
0 0
0 0
0 0
0 0
0 0
0 0
0 0
0 0
0 0
0 0
0 0
0 0
0 0
0 0
0 0
0 0
0 0
0 0
0 0
0 0
0 0
0 0
0 0
0 0
0 0
0 0
0 0
0 0
0 0
0 0
0 0
0 0
0 0
0 0
0 0
0 0
0 0
0 0
0 0
0 0
0 0
0 0
0 0
0 0
0 0
0 0
0 0
0 0
0 0
0 0
0 0
0 0
0 0
0 0
0 0
0 0
0 0
0 0
0 0
0 0
0 0
0 0
0 0
0 0
0 0
0 0
0 0
0 0
0 0
0 0
0 0
0 0
0 0
0 0
0 0
0 0
0 0
0 0
0 0
0 0
0 0
0 0
0 0
0 0
0 0
0 0
0 0
0 0
0 0
