1437 2486
-717 -1861
-2888 2606
-1493 -781
-2138 -405
-2816 4533
822 4540
1671 -41
-3947 -1729
-2334 1658
-1658 -3190
-3145 3433
-3683 -2663
-3357 -1364
-3404 2157
-1579 -491
2094 -2775
-3244 1256
-785 1718
3675 -311
-686 4348
2673 1777
2602 2875
3113 1294
-1939 3049
2791 -3171
-3008 445
1434 -3418
1769 -2659
537 -2675
-412 -1055
-2589 3771
3449 2114
-2705 -2228
189 -1874
-3052 -3695
169 -3531
1270 -2421
2117 4420
-1273 -1460
888 4496
-2400 3388
-2967 -3337
2300 -2287
-486 -2182
3056 3357
2027 2675
-16 -2495
-2404 -770
2603 2677
1031 22
-57 3088
3345 -885
2798 -691
-3432 1836
1095 1153
-2302 2596
2569 -716
438 2818
706 -135
307 -3024
1402 708
-2972 -91
-2173 -332
-2219 -2430
-95 -2533
3022 336
-1181 3776
-1825 1499
-871 -820
2037 1800
1665 4007
1497 4163
3802 -2536
3409 2760
-235 2236
-748 2552
1575 4577
3390 -2041
1551 582
-1084 -1806
-3591 -1274
3090 416
-890 3819
-3188 846
3675 -466
2075 1470
-1474 -1307
1684 -2347
-3374 3461
2710 3156
3253 3132
1338 3413
-1659 111
-2384 -1545
2503 453
2960 -166
-4034 3792
-1960 -2208
980 76
860 -2617
-1393 489
20 1760
-3429 426
-493 4514
-2762 2496
-2197 -2660
-2113 -2514
2594 2317
803 -724
-1504 -2948
2603 4512
-1264 -2311
3940 2205
3267 -872
-2837 304
-1751 -390
-3378 3719
-4067 -1211
-1055 2239
-930 3528
1033 -103
-1378 4154
3791 -707
-1428 2793
3473 -1119
958 -424
840 87
2336 3128
3413 1540
2959 -2344
504 -42
-759 1314
-266 -2363
3816 3530
-3633 1631
2464 -1993
-3162 3835
-2481 3220
-438 2186
-2174 -773
3918 3298
2651 1559
-1680 2001
2204 1153
-1868 165
-3903 3899
-4021 1760
3164 1118
2317 2912
-1615 2575
3317 -1943
-897 769
-2854 687
-994 706
-4039 -1554
1155 -2085
-3207 4009
-357 -228
-3020 -1904
-1883 1009
-2040 4176
1884 -1621
-2548 3970
-825 802
-1012 735
729 2029
-3405 -100
2310 -3525
-1228 -489
-3888 3449
-2039 -2612
-643 1200
-1595 4150
383 3199
1197 1539
-1236 1806
-1018 -3685
-251 -2692
-2366 934
1255 -2209
-1332 -588
2006 -1725
3076 -2342
-447 4378
-2682 4498
2406 -2272
776 2728
-993 813
-4068 -2482
1341 -1179
-2137 1225
3075 226
204 1058
-2347 2861
2114 708
2407 865
-1798 470
859 -2071
-3341 420
-131 -737
-321 4076
-3245 -1244
-2582 -664
-2190 1432
689 1173
-2896 3979
-727 2938
705 2987
2632 -2403
-1502 -1554
2556 1390
-340 3329
637 3183
-2914 -2366
-393 -2128
463 3506
2894 -2771
-3522 -144
-2619 3906
929 1799
817 398
2044 -353
-1478 3581
702 -1442
-2542 3953
1003 4476
3490 -781
2832 1225
-157 2944
971 -2541
1801 3016
-886 2851
-1073 -2027
-1647 -2666
-3287 701
-4007 3234
1521 1196
1835 3472
1332 2528
4068 3860
2838 -2573
1445 -2117
-1417 -1306
-3099 -2353
1907 -3406
-34 2682
-1080 1037
3755 -2855
805 -2485
-1282 4142
531 -1830
2197 -3316
-3556 4455
-636 3373
384 870
-234 685
-1771 -1728
-887 -2345
-659 -1490
-4055 2107
1189 -3311
1792 333
-1445 -1729
-2689 -1689
-48 4504
-4158 -860
3847 3127
2726 2366
-2004 3479
-3849 4475
-3809 3759
1855 2642
2521 2974
3227 -3280
-2729 -1532
-1758 4364
3927 3456
1509 -2948
-2850 -6
-82 -309
-3278 56
-2754 -2374
1856 -3615
-2954 -3128
-3468 -1979
2494 -2275
3280 804
1482 -2641
1237 -1109
-4200 -3546
42 -2456
-1105 2697
-2749 2545
-2113 2390
-1528 824
-2903 -1400
855 174
-1377 -429
-2367 1617
-3694 2387
-3605 -1724
-2250 -2543
1489 2421
4091 -1579
-1669 3045
-2044 -3508
1459 -3650
-3881 1313
-2680 -1122
-2621 -2430
2219 -1049
-3814 1090
2307 2026
-433 -1149
-441 3743
1478 1230
1295 -2183
1034 -2290
2806 -1323
3439 314
2871 -3589
2163 2027
3613 566
3565 1197
-2738 1536
-527 -1155
3183 -2768
-1097 -1924
-1919 2712
-3285 3260
694 3888
-4122 4337
208 1822
762 -2890
3675 4188
973 573
-1640 3291
2902 2805
3606 -1642
-1487 -2431
-202 -1963
3510 -2469
-1020 -1231
-2055 -1992
858 -1316
3767 -1147
1542 3187
2517 -2489
1233 397
-3626 -1262
969 -3648
-2235 -2179
-378 3054
-3842 188
-2450 3907
2487 4220
-1756 -2914
4072 -902
349 -1817
1082 -2795
-1326 4433
-3362 846
-2471 3571
727 -2649
-1144 2611
-2766 4312
-2291 -487
-3424 1885
2907 2507
3462 -2313
1729 290
2944 770
-1572 -3351
1695 4009
1479 3733
-3395 2760
1682 -543
-3975 -2021
-2742 4631
-674 -3031
4035 -2577
-4001 473
-914 -2139
-1734 -2993
3057 -1768
-818 4047
-2242 2410
-1622 -562
3580 928
-2165 1779
457 -789
475 1542
-2132 -776
3675 1846
139 -2799
-3638 451
511 -1846
-132 -42
-2529 -2181
-2549 4026
-2203 1649
-3284 -3521
2612 -1885
3905 -3000
-3256 -1075
-1929 -3444
2555 230
-3699 -387
-3278 -650
2964 -374
-2700 1110
2705 -2865
-1923 717
-1810 -2827
-957 -1881
1661 -1384
-3489 -3083
2984 4125
110 1900
-2398 1596
1005 -1118
-1404 4480
-1156 2350
-2510 -665
1029 -703
276 3493
496 -700
1459 2059
1757 -2146
812 -3375
-3125 -2923
-3603 3268
2669 3475
3719 4030
-4025 4554
-401 -2564
-374 349
-3300 446
1401 -718
-1266 -1231
-3383 1291
43 -187
1795 -1204
-3046 3450
2521 1437
-3620 3921
-3330 -2441
657 3344
-2141 3763
1932 817
-107 -3349
133 3095
-156 -3626
1215 2818
-3412 3628
-2784 3708
-3219 -2829
-938 1190
-3667 192
-1088 -2806
2134 -1451
3079 -1708
3853 4006
-3023 3793
1691 4250
-560 -752
-3510 1182
1273 2183
-622 -2274
3032 -1964
3428 -3150
-375 4057
-1399 -1967
-316 -1486
-3051 1417
-3405 -2168
266 -3397
743 1746
-3884 2346
2216 2342
855 4056
-2849 4514
-589 300
2120 -2171
565 1344
-1948 -1818
-149 2626
-1804 -1720
-2158 -394
-3449 2578
-1036 3309
-2178 1875
1519 2470
1683 2545
-1149 -2515
694 3394
-61 -2725
2648 -93
2069 2889
435 3562
-2275 -2999
3440 1974
-4152 -2648
-3982 4269
-1769 -605
-1217 3478
-3519 -3413
318 2428
-3024 1832
-2982 -3015
1097 -2885
-1432 -3408
2384 3539
-625 4319
-1 1987
-3525 -1353
-105 -2435
3220 194
-1320 717
1479 1888
-1499 -141
386 -2742
-1002 260
1757 1475
-1698 666
-1564 -176
226 4139
-3047 3951
-3903 3813
-3042 -2161
-3955 858
3178 1016
3565 -986
3738 4041
-2428 -394
-4028 2198
1533 -1551
-3854 -1827
-2588 -2300
1133 3119
3232 730
-3415 524
-1429 -1748
971 4022
2685 -125
-155 437
975 4251
3853 3659
2463 -300
2550 -1041
-563 -2277
-754 3832
-1890 -713
-1822 60
-3270 -1979
2373 1105
-2283 3246
735 -2933
1733 2132
-2691 1434
-699 -556
-2128 2737
-260 4112
-1438 2325
-1703 3965
-1095 2684
447 1980
688 484
1794 916
1824 313
-2060 3982
1447 3903
-3209 -471
2077 1898
-1919 3759
-1617 -3600
-4012 3316
4074 1469
-3132 -1418
2280 1649
3021 1582
-3366 -1336
3946 -685
808 3114
284 -2002
-3490 -1208
1523 1895
-3313 -3476
1081 3996
112 -3013
-2786 540
2823 3589
911 -2775
-1051 2719
3186 226
-1612 3850
-618 24
-302 -505
-1745 -3084
1581 -2055
-3826 -2244
-3692 219
3311 869
-609 377
270 1218
-2692 -3008
2759 814
123 -2314
3272 2397
-3550 171
555 -115
1238 -941
1092 3493
-1201 1771
-347 3428
-92 -2071
-78 -1585
2643 3939
1949 4468
-1771 1441
-53 1627
2738 1855
2919 -2997
194 3193
-2012 284
-439 2744
-1812 1885
-360 -3601
3300 2882
1613 1345
-3046 -62
931 4273
1606 1599
3723 1337
-1587 -2220
3434 -953
-2947 530
-1734 -3258
1525 3324
-3786 -367
-3235 1427
-1846 -3022
-657 -3102
2752 -1001
-796 -1257
3461 865
-3156 2752
-999 2381
3629 -2639
-1348 -2226
4086 -1585
1190 3463
-3604 -2664
-173 3386
796 -365
-1969 1394
-467 3882
-1112 -1460
-771 -1995
435 3591
506 2349
1444 -1333
2322 -3661
3526 3533
3465 2109
-1334 470
2240 2386
1578 134
1060 3253
-4191 3786
1876 -2238
435 -1441
-2795 -2967
1393 2748
-3313 1170
2220 -468
-3743 4220
-1376 -1002
-1482 1679
-2601 -3366
-3265 1597
315 4429
-2207 -1957
-2291 -2118
-2364 -178
2420 -1290
-4064 -1995
-1927 3544
-2731 -1033
-3317 -2636
1639 2339
1725 1648
-4033 2256
2233 -1454
2191 -3743
3606 -2060
3686 -32
-3489 4024
-2487 -1526
-1435 3776
3731 2603
-2185 -965
3974 -307
-640 391
-4046 -2566
-246 -2429
2803 2102
1782 3965
1056 -3187
3750 -1364
-3660 1650
-1413 -2044
3813 45
-1351 728
-4008 -2040
-866 -854
3596 -3755
-1648 2120
-3968 2521
-2263 479
-2478 4128
2796 4078
-393 1045
2777 3168
747 -3589
-2917 2081
-430 4527
-2929 -1479
-1313 -3074
-549 1558
3727 1318
760 3413
-3142 -3238
-1779 -2782
-3296 587
-1071 1068
888 -1278
-1137 968
3501 2370
3539 2535
-442 -2110
2423 1463
3432 -669
822 4085
1592 -2249
-364 2756
3878 -318
-2210 -3085
-4055 1890
471 -3433
3877 3581
272 -2717
3622 879
974 -1139
-693 2470
2671 262
568 2020
-1448 3597
-3337 3284
2810 3324
55 3187
54 1267
3821 -3488
3192 1449
2222 4235
-694 -3671
-1806 1838
-2513 -308
2691 799
3181 -125
3969 -1759
1445 118
-79 -3491
2466 -3252
-855 2916
586 3546
-695 -115
895 2490
-78 2981
-1849 3124
-3743 3197
3010 -1739
67 -2283
3330 -1686
594 844
2561 1105
-2038 2501
3865 -1033
-2974 -2971
2619 94
577 4191
-3475 -2184
-3179 3243
1581 -2399
-1639 1675
-3859 2610
3760 2490
-1807 -406
-4107 2920
1983 -1507
-3175 598
198 3757
-2195 -1851
-3290 632
-598 -3391
584 -3546
3993 -3532
-2609 720
-453 315
-1478 -963
-2110 4289
2997 -591
2428 2861
3062 -1471
1247 -3053
-1935 1119
2034 198
-997 1853
1819 -3175
216 710
-3826 4163
-2970 2427
-1724 -618
2195 154
-3271 1333
-2570 -663
1200 4251
-451 389
-2310 374
-1476 -1248
276 -149
-3776 -413
3341 -2194
-236 3593
3145 -1655
-1659 75
3392 -3792
647 1319
-1264 2899
904 -3428
81 -1296
1098 1230
-757 -1139
3974 3788
1438 689
-1546 -3050
-3416 4010
91 2758
-1201 1943
-4023 -1833
2533 641
-1682 -2087
-523 3815
1987 -227
919 101
3787 -838
-1927 1763
2369 4505
3424 -2665
-807 4178
-2036 223
-768 -1716
30 546
1940 -766
2624 -2567
-975 -3590
-71 -2117
-112 -195
-1689 -3241
653 -508
3981 -2227
1389 2678
1154 1787
-1879 1943
2286 4061
-2182 -219
1389 476
-2037 -3163
-2987 -792
2763 835
-128 3049
-1930 3737
3009 -1030
-909 -3783
4233 -3689
-3417 -401
-3882 -1761
-1644 4061
-3486 -1998
2811 2183
3299 3424
-1676 -2717
-1794 2229
-2435 3002
-3629 -2788
2733 -824
1683 1038
-3387 1648
-475 4412
3232 3230
-1441 -3156
1288 128
1153 3371
-951 -3210
-1408 377
-3354 3453
2113 2621
-3268 1527
496 -673
2097 -1367
-2363 -507
3427 403
2799 3074
-1329 -642
321 -2566
717 -1008
-765 4248
394 -1708
-3817 4276
-1587 -3551
1789 -2486
-656 -1919
-887 2857
-252 163
1448 3562
-3144 -3733
1251 -530
-2065 -1287
2672 -186
-1016 -2224
-2250 -1855
-2387 3033
2135 -354
756 3225
4022 56
2977 -21
-3927 1686
-3377 -3754
46 2505
1561 -1118
2754 -176
-3257 1790
-1910 2825
4016 -1444
2434 -1815
2373 1207
-287 -1992
-1272 1476
2197 -1655
-247 3611
219 2895
455 1403
326 -1721
-3498 -1553
-3764 148
-3511 3988
3277 -3428
233 834
2188 -3572
-1320 -1719
-2676 3104
-571 -1626
2511 917
-2927 2065
-1855 -691
-3069 3959
1336 -38
1127 -2230
449 -3304
-597 2003
-3226 -3424
575 640
-1103 -3257
-696 293
1014 2744
947 3063
181 -3419
1576 1510
-752 3064
584 1046
-3726 -2698
467 3382
-3151 77
-236 -1753
3542 -2411
-2391 -2440
-1547 -3034
-30 3669
-1336 -2137
-234 4113
-3482 2155
4100 4273
-1478 2111
1948 -3418
-2076 -2617
2341 20
-4063 -1312
3828 -1142
1526 -2256
2271 1964
3985 1854
857 -2944
3235 3284
1040 2347
-82 1154
-746 45
3977 2672
-540 3315
-2955 -332
2490 -958
-1941 -2162
-1420 -2683
-1878 -780
-1625 -3637
-512 1689
-2827 -1619
2680 -397
-3200 4
-1885 -3688
2188 3479
1530 -665
3118 2205
-2248 -1336
2565 -1374
2265 679
3356 -1309
-1902 -2050
-4155 3543
-1507 -874
228 2165
-3509 -3313
-3259 -3344
738 -1775
-1262 -2017
-1456 3210
-2325 1873
-611 -2415
-2405 -3505
2876 2589
2107 -1968
3622 -67
-2779 -3630
-506 -2209
1517 3583
2787 4386
68 1845
4089 -1466
1319 3115
-2642 -2511
196 -1723
3291 2973
-2815 2740
-208 2200
-3259 -1497
255 -2354
-3141 -3194
888 476
-796 -1593
1945 3319
1383 -172
-1005 -3746
723 -653
2478 -2404
-2046 -3467
330 -1519
-485 2728
-3897 -3403
-950 931
-224 3435
-54 4236
1758 -2952
-1885 468
-101 2089
-849 3407
4142 -2314
899 2175
2633 657
-3651 -2197
2693 -300
-646 -3480
3173 -2360
999 -1433
-152 521
-1345 -991
3658 -3498
-2698 -3026
-1784 -444
507 3041
175 1933
3572 -1834
-3613 2718
-3525 -2155
2766 973
3295 2426
2118 -2304
-2097 -3543
1914 -2813
-784 585
-2353 -1746
-621 -2126
92 2874
-1105 1637
4198 -3139
1804 -3337
2190 2186
135 3268
1877 2552
3845 1061
2015 734
3782 4366
1103 1628
-2818 -3818
-285 402
-4122 -3041
3183 3019
-1602 -2179
2487 -2988
-1133 22
829 -1282
466 -233
-2722 648
-805 -2740
-1709 3555
1354 -1766
-543 -2862
-3837 887
-3587 -2244
4182 1269
140 2942
2489 -3350
2331 1347
1805 -1058
2446 922
3883 2010
722 1813
1719 2466
2605 2740
665 -3965
-1149 667
-3239 -2625
1388 -3670
2233 -523
1647 -139
366 2805
1028 2704
1428 2367
-1666 -1313
-888 -125
-3767 4084
-3416 2809
2740 -955
2521 -3145
-3705 2752
-1852 9
3833 1225
-1937 -1403
-1906 3481
-3835 -3559
-461 -3038
-1714 3552
-1044 -2144
-2015 -2440
3541 1596
-600 -3681
-2554 -922
982 2283
1626 -3492
2553 4317
-3475 -992
3075 -527
3552 283
-2845 1206
-794 1824
-3674 1435
-3845 2018
860 2822
1517 -3239
2930 2851
436 -623
2913 -2640
-3045 -3788
-3046 169
-3436 -3221
-3426 140
-311 4189
-2713 -3910
-1410 768
951 -3553
294 2657
-1613 3701
1605 204
484 492
3448 -3682
1025 -2943
2427 -3480
-1342 4002
-200 -4018
-532 1420
-1269 892
-2608 -2520
-2685 -2297
-3780 2502
-3258 -4052
-504 2396
2457 2925
2743 295
-1828 -2980
-2868 814
-2714 4147
462 -3563
3280 3464
-3665 3853
-3916 212
-3786 3833
3857 751
1393 -38
-3183 286
-3697 -1303
-672 1118
-2993 384
-3147 2062
704 3419
-2906 -3458
-780 -120
-1160 2885
-1607 -3120
4108 -1950
-3829 1983
-296 -1722
-1359 2412
-2762 -1666
-2970 -1339
1318 -1364
-2605 -1363
-1846 -290
-2227 -1043
-1012 -1970
-1121 1555
890 647
4092 3170
1379 2462
-2737 -3660
1987 2696
-1912 -2636
-2663 -1952
-3767 3233
-1010 1784
845 3519
216 -2742
1220 -209
-24 -3721
3874 -2475
747 -1149
3890 2854
-2149 -2487
-3690 -3882
1108 1518
-538 -2938
2234 2992
-3521 -2941
2947 2829
3313 1816
996 -1841
391 -1666
-3946 1472
1246 1336
-2535 3361
-3834 636
2658 1477
2473 -250
-3394 -381
-2604 3930
4210 -882
3311 -2030
-1848 902
1875 2457
-2907 824
-1244 -2190
968 360
-809 -283
-2968 3834
-899 175
-17 2044
3433 -1661
-1129 879
-3631 -2378
713 -2373
-2722 -2679
-3252 2843
-3015 3146
-2499 -969
206 1479
1842 -1023
-2677 642
-2124 -735
2679 -3130
-4025 3942
1186 -2369
-1136 373
-1166 -455
1905 -2513
2112 2511
2096 927
-2500 -3384
3509 -3493
3639 -3838
-3169 -265
2160 843
-1663 56
1167 -334
3472 2083
-3116 2486
-2491 3547
-3601 2764
2537 3507
-3189 2447
2054 -3061
3960 -466
1694 -1431
-2885 2916
-3573 -4380
3362 -4275
-795 -1264
3937 2307
-1914 19
3658 -3489
1573 -4113
590 -4014
-2558 -866
1567 2755
27 560
2409 -2444
3330 -58
888 -1323
-2292 157
-327 781
4394 -3509
3986 -2142
-2332 1478
-2836 -1605
-1240 -22
-3510 2796
-3330 -160
-1738 -3615
-415 408
-2435 -2684
-2832 3150
2322 616
418 4159
807 -1058
-1346 -1470
3065 1551
3103 3771
-2395 -1927
-927 1301
2992 2375
434 677
2462 213
3141 3399
-1814 -419
-3361 -1586
-1355 2176
691 -1254
2789 155
4025 -3318
-2632 -4001
-2869 3914
788 -2384
-694 858
2707 -208
1507 1624
356 -2118
-3205 -2641
-2860 -2218
-3487 1973
1906 2667
-1899 -62
2519 2569
1097 1323
-1027 2300
-430 352
3392 -51
-2770 -1290
-3182 -2889
29 2478
3840 2772
-926 -3179
3314 -3554
-2815 -2002
2524 -4760
2820 -1570
2783 -405
1375 -987
2939 -539
-1017 -2253
-1271 -1456
-1251 2112
-358 -1303
-3163 2515
-1972 -156
470 -2243
297 3586
-3382 2544
-2254 -903
-339 -2344
-3908 -1264
1365 -806
3688 335
127 839
3309 -3261
-2913 2283
611 -2377
2245 583
297 2118
2453 1228
2517 -1671
-3816 1127
-304 -1940
4107 2424
3204 -3171
3613 2380
-721 117
4358 737
1576 -3373
-693 3075
-2622 -533
-2097 -2237
-3078 -1856
3469 -4229
-2486 -3458
4278 -2829
-2790 591
3493 -1524
748 -4972
4080 -4658
1982 1161
-46 1519
4801 2026
-876 -731
4599 -2209
-1197 -229
-3226 1932
4662 -1697
2716 2924
-1779 10
3611 -4790
-1342 -76
-3150 -3265
1206 -1963
2052 -1259
288 -3569
-1808 -938
-2738 1291
-639 -439
3106 -3333
-3501 589
3796 -681
62 872
3913 -73
-1278 410
1499 -1976
2515 2844
-3924 557
2178 -3417
1674 -989
764 -3286
-2931 -1991
3212 2392
1008 -2395
1016 -406
3146 -466
2130 -3815
3716 3383
1884 233
3845 3518
-957 3718
2911 -3603
1533 -2879
2299 -883
-3099 -3543
-868 2939
-2113 2430
570 -2369
2432 -2577
-3338 -4255
1319 1075
1305 1894
987 1415
-1384 3028
3353 1763
-424 482
-2151 1784
4767 -4374
639 -5185
-1304 -5223
1411 -5028
1907 1740
-795 -598
812 1997
2409 1404
-1105 562
-358 61
5136 -3146
705 -1437
4632 -4676
473 -2580
-2197 -3623
1342 -2928
865 -3389
375 -2551
1786 2322
-2511 -3482
4125 2126
617 3463
508 473
-2142 -1557
1610 -766
2449 -3735
-1594 -1822
4168 1187
4022 -3586
-1105 -1722
394 -1833
3749 1648
-1555 3417
-1623 3649
3105 1391
-3547 4208
480 -721
76 888
3441 -3108
-964 -186
1991 3890
824 293
-1192 -827
-2955 3384
103 -3081
1398 3334
1224 -2514
-3180 -2504
1535 1313
-3049 1621
-165 2409
-3421 -86
4423 -1328
1401 -4050
2693 -2549
673 3251
4186 1906
4847 -2467
117 -2961
5179 -3713
853 -2574
3449 1165
2108 -4821
-1766 -3109
-1212 -5671
1379 -3401
3435 -2953
-2023 -2864
1390 306
-789 1156
3723 -4939
184 -2739
5271 -2961
3055 -960
3799 -3953
4239 2498
-1893 -863
-2115 75
2682 -1758
1426 -3572
2769 3325
2386 1383
-103 -3185
-1049 916
-3628 3501
230 -2408
-365 -445
3099 -718
916 973
2955 4234
322 829
1248 -343
-1983 -751
4117 -2465
1586 609
-106 372
-4073 -315
790 4415
-1223 84
-193 -2208
3746 -1124
997 -82
3077 1387
2309 3082
3735 3504
-2414 155
399 2207
264 3048
1333 3685
761 -2826
1316 886
4470 -4100
2588 -974
2550 -3341
-1130 -2025
-886 -3809
3321 989
1682 -5712
-703 -751
-2491 -821
5301 -414
2919 -4206
1452 -270
67 -4938
1614 -4313
695 -4620
2134 -4861
170 -6305
1129 -791
1694 -5809
4369 1433
-1699 -2850
2901 465
3612 -1528
-1969 -2271
-1061 -21
-3666 -2156
3599 -822
854 -4434
-112 -2588
1187 3147
2634 -2813
-1424 -3300
2868 3814
-429 798
-2687 2689
-1130 -1269
2234 -1981
3223 1933
-674 2107
2994 -421
2086 -3204
-3381 -869
-2523 -685
2824 576
2833 1857
217 3262
3944 -3284
3633 -3715
-1745 -3515
-2296 -502
-2792 -1723
-1892 2836
4254 -2154
4415 1967
10 -3209
145 3598
-355 -705
2339 1409
2890 1222
-1289 1348
62 -1919
2939 -3423
-1873 -951
-1545 -4649
-497 -3724
-1544 -105
1694 1131
-1850 -1770
2803 307
4011 -4081
-399 -5443
1651 -897
-1985 604
-1777 -1859
2318 -1853
5195 -3508
1767 -5015
928 -5393
1202 -624
2218 -5450
312 -5902
-2670 -5721
-2174 -5407
988 -4479
3880 1611
4104 33
975 -2125
918 -3097
-3764 1054
-1353 -3535
-358 -2471
-394 -706
-888 -1911
-790 -2924
2361 267
4084 -1414
-2725 -1498
4163 2422
-3803 -3410
-3441 -403
-2339 252
1230 -1891
-1939 2566
3398 -1541
296 296
-1770 -1480
1974 3026
-2078 -1826
-1948 -2376
4249 3295
-3020 4270
-701 2123
3068 578
-125 -2397
4193 1922
4012 -1040
4555 2701
1171 1879
-142 2360
524 782
-401 870
-848 -2500
3104 -2063
2844 -2872
258 -1415
3214 -5312
2092 -179
2282 -4524
3381 -1821
4117 -6258
181 -3923
586 -4650
5070 -1559
6294 -2007
-368 -1210
1011 -4074
4435 -4890
154 -6597
2369 -1448
1060 -2824
3250 -5629
1719 1662
464 1605
-3604 253
-2348 -3081
-3378 803
-2190 -1936
713 828
303 -2424
1797 -1368
231 3148
-2393 -2874
3641 4085
-3508 2437
728 -710
2382 -399
-3451 3620
3726 24
1269 -3351
-3861 -269
2020 -3674
704 2384
-3534 3763
1450 518
-48 3432
-1554 3260
1944 -1438
3267 1675
3026 -3598
3796 1078
4387 -483
427 3710
-3160 -942
1534 3588
-1044 2661
-891 3582
460 -947
1953 -502
3855 -198
2365 203
-557 350
197 199
3991 2599
1899 608
4431 -3268
981 -5635
2867 -5210
1721 -1605
1586 275
3359 -1600
1159 -2017
-1049 -5657
458 -6366
5347 -5692
2098 -4090
-167 -803
5058 -4590
1324 -3642
5856 -3171
407 914
3306 -2729
3512 1998
-3183 1072
4052 3315
-2026 1193
-2240 3714
2243 2804
1375 -661
3199 -215
-3053 946
-3106 -2143
50 2268
-566 304
3520 1621
3696 -1488
-3170 246
205 487
-3447 3945
-452 -245
1673 -3041
1143 499
-3985 -1137
-1596 3129
465 -489
1994 -2170
835 -3095
-1983 -914
-1622 3262
-1736 2859
-3477 -185
3971 -1633
4040 -2288
380 3053
-2479 4035
-1858 924
3799 2030
-2254 -2363
3159 -672
-2940 -459
925 -522
-729 -1857
673 -2501
-697 -3223
1577 2788
3654 2648
553 1702
4378 -1859
3138 -2712
4461 -629
-707 1671
3755 3142
1130 -796
1016 336
1966 1373
-1300 -907
3708 -1101
297 2669
2398 2069
975 -2518
1004 -1059
2450 3588
-778 3414
2826 3814
-1069 -2209
1672 -1594
1653 -3955
215 1833
-3252 -2358
-1336 2581
-2060 3666
-944 213
3497 1842
118 417
2261 -1522
-943 -2794
-2689 1246
765 633
2009 -1999
2541 -2648
-276 -163
1648 4397
2968 1362
3801 -586
-2941 -2013
-3328 -3773
-2711 854
1670 -21
4423 1366
1611 -1212
2567 -2930
4161 -1193
29 1028
2568 971
414 1067
3372 655
-116 4796
4670 801
3554 3728
3865 1489
2323 4606
2068 2555
-2945 2774
5268 3836
-1510 -1062
4167 2135
3290 4026
-986 5008
5337 -158
477 508
-463 3236
4707 1497
-2499 -2509
-2658 696
648 -2315
232 -2969
3391 4752
1645 -61
-1238 4044
-452 -1441
-670 -3679
-1373 -2908
-515 406
-3441 291
-766 3627
3494 -1715
-1567 -3395
-3761 2704
3242 3292
-2872 4504
-255 3713
3075 4193
2348 -1537
289 3251
786 739
-438 582
-1242 3352
-2447 2947
486 1936
-1702 3989
1536 3105
-336 2535
-902 -576
-4222 4260
-2731 -212
1762 2086
2758 42
1532 2216
-2038 4349
3276 3530
-322 -229
969 -2298
2041 2474
2386 2431
-2327 -2551
4248 2899
-655 4219
2630 1964
3050 154
-1412 5469
765 -355
-2398 91
1627 4984
4149 6170
-2612 -52
2146 6190
4505 659
-135 4926
1331 3936
4208 -350
-511 3028
612 1380
-3455 782
1159 -875
3101 -664
-2821 2221
1404 -936
-2195 -389
1142 -2129
630 253
-3505 4296
1216 -2516
-1989 -1651
-1978 3108
-126 3466
-1311 3134
2293 -2310
-557 3953
-1630 -676
-1102 1033
-1971 3460
-2490 -1799
194 -1566
-908 2787
1814 3621
-848 -1816
-157 -2557
-3129 -1415
-3743 -679
290 2321
2335 2865
2974 -1720
3142 966
4325 3927
602 2831
-382 793
498 -1952
-958 219
994 2356
-3340 4111
-1773 -1501
424 -451
-1367 4346
-551 -2928
1172 3891
-1603 1331
2309 -74
-3931 1076
-3493 5580
-2432 5343
1720 -211
1868 2769
3810 4812
-3255 1986
-1740 4032
1180 4148
-4152 7929
-4301 1224
-1809 7539
472 6889
2681 3991
-3038 6998
-3692 3806
2668 5361
-1805 1855
-2096 1707
-2248 4424
-3023 -666
858 3921
1461 4168
2677 2529
293 -2509
3121 4078
-766 -3280
-668 -3627
-2040 1781
3519 -3619
-1639 1651
3492 -3486
110 -430
-1612 2122
-188 2811
2131 -3136
-437 -1155
-257 3088
-2634 -268
-834 -2930
3712 2269
-2068 3107
-2024 2784
606 -668
-453 1426
260 2434
2607 -2833
-3733 1115
-2608 -1606
-2499 -2208
3887 3976
509 -1933
1318 2279
-3223 107
3400 291
164 3834
-2329 1060
-3946 463
-2516 3847
1269 -675
2430 103
1942 1997
900 7185
-162 5279
953 491
953 4854
-4854 2051
-51 7048
1456 783
764 1965
-4259 7098
2560 7262
2313 6789
-1471 789
-3058 4534
660 6976
-2478 2043
1291 5645
81 -460
1014 3221
2732 3794
-2946 4309
-1824 2738
-634 1129
-2540 -899
1336 2205
-3733 3716
-219 -3124
-398 -159
-2287 -2286
3027 624
266 1982
-4282 686
3130 3122
2542 -3819
-1532 -1779
-4167 -3855
701 3026
-4041 3548
-1717 -697
3505 3952
-4350 1717
2016 -542
-3177 3383
3672 -999
957 291
1223 2144
-2810 -1658
-1187 1765
4215 -1691
-441 3137
-1939 2917
3332 -3087
3181 3985
-300 -1072
-899 3872
1071 1152
1908 -2245
-3051 1968
1750 3528
2936 3531
1072 3684
2001 4173
3112 3042
-3802 3317
2485 968
-3943 7093
-4207 3244
384 5090
2328 856
-2071 232
-59 3878
-3250 3959
-651 4819
-28 5441
-4651 6518
-2376 159
-4638 -1861
-1840 -810
-1641 -868
-2330 3271
-2912 3803
1465 -516
-2779 1996
-2785 319
99 -1445
2177 3281
-4160 1513
-2448 3336
-1621 -1621
-3938 520
-2963 3866
2647 3556
-1607 -1906
698 -683
-4338 4034
1767 3885
-2961 -2999
-282 -1693
2293 1763
2628 1865
3425 -2579
-3042 -3934
-1945 -1179
-3630 1577
-865 89
772 -2455
2580 3161
1921 -410
-1720 3295
-717 1814
-1514 4373
-24 2239
747 2919
165 -2890
-2383 -684
-1963 284
1275 4866
-3160 3113
-4165 2922
2224 -326
-3647 1417
-2058 3525
-4069 2578
-2416 6535
283 6588
-4075 2553
2453 4157
-2413 -23
-1326 1455
-2782 7118
-3484 1824
2806 6905
517 4322
-4975 4957
-2405 5338
413 -634
-378 40
3395 5183
-1080 -1989
-4592 2526
-2199 -816
-2397 -3496
525 -1933
2065 637
609 -1736
556 -1837
2987 -1163
-2794 -3419
122 2530
-1364 2196
-3951 -74
1698 -1503
-2456 3295
1115 3842
3662 1312
-3438 1789
-2116 1065
2343 -4094
-1639 -2640
-2478 -1677
980 1169
-97 3475
2520 -3389
2794 493
-2570 -2236
-1 -1028
3615 3389
2533 1245
-709 -1900
-3013 2254
1173 -875
-447 3124
2218 3374
2793 1392
-769 807
2015 -263
1052 -920
2784 2629
287 2082
1377 2030
-3219 4491
690 6359
-4322 1986
-3270 5944
-85 230
846 1895
1692 -1167
1635 6198
1294 4099
1295 2395
-3044 5935
-2181 5563
-3980 1531
-2841 5143
34 987
-782 -2118
-3589 3213
-90 33
2809 3478
2712 -952
-4061 1915
-2667 2672
2896 862
-3831 3226
87 1500
-866 2811
-3633 3785
-2342 3603
-1382 1679
146 -2541
2593 -1042
2209 -470
-1171 3299
1625 2273
1553 -1706
-3367 788
-3618 1397
1618 -4083
367 -231
-1870 -1172
798 1716
1964 216
539 2396
84 -887
-3641 2893
371 482
-1471 1925
913 1738
2271 1812
1367 -835
-1183 -539
-3729 -1631
1244 -1435
-2139 -1291
-241 -1865
3168 -26
152 1289
-1093 3432
-269 1812
-1947 -1736
-251 -135
-3952 960
659 4123
-1714 3414
782 2929
-1640 -220
-3886 3337
1660 3424
-1098 2495
-797 307
413 -1052
3230 -661
2813 799
-1573 2674
-4261 -1577
-1424 2288
2078 3524
3091 -1270
2336 1031
3415 3206
-434 3963
-1739 -1687
2612 -2044
-162 3029
494 -1282
-3724 2666
-1508 3728
3773 -465
-147 1924
2993 2850
1380 -3062
391 3551
3313 -3379
-43 803
-4159 -2697
-3550 -3571
2974 1470
-1300 696
115 -1712
3526 2651
-103 481
-1258 -3075
-498 4274
2181 -386
1349 -3478
3343 3094
-860 1064
-3733 -742
688 -3316
2728 -852
2246 4340
-3752 3187
-1545 -336
2443 -2333
-1668 919
1012 3648
-2824 1271
-1592 -1077
816 5211
-3385 17
2415 3999
-2035 941
1912 2560
-3566 4897
-1464 2250
-2377 750
2015 -472
-4710 118
-1708 2271
-2018 4508
1972 2139
1472 -2849
-4572 4105
-612 -2551
-2835 771
2350 3838
-521 -2994
-3855 -3236
2594 1128
-1842 -1682
1820 132
2684 -1467
-1645 93
2968 -1942
741 -956
1694 1314
2895 276
-1893 445
1442 4031
711 -128
-674 -3588
2782 3650
-4269 3082
-2949 -1741
-264 120
-1672 -1426
3896 191
1628 721
1053 -2772
-828 373
3781 3898
2231 706
155 -2346
1022 2687
-2366 877
-623 3906
-2403 1915
-2722 -2324
-2107 4369
-865 -2215
2189 -1083
92 2835
3695 -1344
3656 4574
1340 -1108
-3397 -198
396 4826
-787 1193
2518 2528
3100 5141
-3583 -107
-1059 -700
-98 3893
2884 1653
406 4251
-2500 1178
-3446 3624
-2075 -2156
3467 2739
-4215 -1888
1091 2482
1277 -3543
-4529 2232
3573 2714
1604 1690
1994 -117
-3190 -3456
-39 -3812
-618 816
3193 -1525
3705 1719
3515 -3462
-4087 -2994
-2459 2919
-1801 2750
-2089 -3970
-751 -1991
-444 -416
-2967 1188
1951 2615
-1130 376
106 1502
2841 -2707
-4126 -4113
-2351 2916
1486 2749
1340 -3565
-792 -799
2774 1424
4184 867
-1317 65
2562 151
3405 -3744
3535 212
684 -849
-404 -2846
-3610 4603
-1759 2520
26 3528
1728 3474
2281 2614
1688 -1356
1833 -2117
442 -2244
-3151 -582
-3847 2033
-238 2107
679 3651
676 1034
2964 -1821
-308 -1695
-635 -3253
-2320 -1545
3225 -2173
1572 3102
2857 -2859
-631 -268
-1666 -263
2230 3744
-2409 -3003
-2531 -1870
1773 3778
-2696 -1184
-525 3901
-2031 -2654
-729 -182
2420 -760
-1202 3055
-917 1738
-1022 -894
-3675 -1624
1551 2355
-652 3824
-746 1863
271 1313
-3952 -3178
-93 -3809
713 3548
-3936 3026
-3132 -4236
-3353 944
2375 671
-1926 -2891
-703 814
828 -4273
-2900 -3839
-934 2696
-2740 3493
2212 -2747
1954 -3737
-2688 122
1027 3584
-225 2904
-68 4247
-283 -2058
3037 -1344
-1966 -3637
2105 893
-1153 144
-3556 4435
1431 -406
3138 2229
-371 -1213
1303 3655
-4027 768
-1465 -597
2067 2652
1364 -2625
1055 -3770
-3538 -2481
-2161 -2889
519 -3892
3847 2243
-3499 -208
-3762 -1847
2795 -575
1792 -1678
-1219 932
-3550 -1357
-480 3992
-1763 1818
-533 2774
-3282 2187
3737 3989
1309 -2103
-2441 3207
-3193 3534
1775 -702
1804 -3748
1175 622
3554 -904
-3525 -3762
-2837 194
79 1855
2794 877
-2292 -3294
2290 -11
293 -43
1494 -1764
-74 845
2333 -205
-985 2699
-3486 2708
2657 -3544
-367 2358
-474 2099
-2019 3769
3037 -1579
1735 4278
-2783 -230
1536 -1698
4240 -1079
688 1377
-2811 -472
1833 -2678
1053 99
-318 367
-3001 -2695
-986 3081
77 4179
2283 82
-2478 -3692
4231 925
2779 -3605
2353 962
3370 658
-844 -1290
-556 -1130
2735 -2173
-3821 -1420
-790 -781
1382 -3470
-2019 -4137
-3599 3821
1923 2783
-1443 2560
-411 -4237
693 -1158
-98 1696
-2639 877
-2412 2246
-756 1826
-2559 -2559
-3587 761
1632 -2043
-1491 -945
3173 -1452
756 -932
2708 -1034
-2966 -2629
1862 204
-160 3690
-272 3271
3054 -3400
-1840 3861
-395 2639
1630 164
-2922 -4055
-4266 1013
3416 299
2919 9
-602 1696
-3207 -3694
2116 -3574
619 384
2881 -2085
2109 -2030
4126 770
-181 -3545
-1359 3591
1578 -628
792 1554
1953 4131
-3785 -299
345 372
2268 3840
-293 -2515
-3868 -2802
-1731 -565
59 -712
-2398 697
-3691 -3927
-3751 -1757
-759 -2550
-1523 -4238
-124 465
1515 -2780
-741 2169
1690 -56
3368 1559
-2150 -3356
-942 3577
741 1514
553 879
-1506 3675
2717 -3697
3067 -2839
-1131 -3848
287 1056
3674 2442
960 -2993
3834 -3681
-2915 -3770
1238 -4026
-475 -95
1357 -1055
3309 535
2239 321
-2729 -83
-35 -160
1741 -443
-1448 2539
-2435 3104
-4339 -3040
-2058 -1868
47 2919
3350 -2879
106 -3829
73 1829
3011 -3369
-545 -2298
-1652 -2956
-1465 1531
-2378 -3424
3452 3737
-3380 3131
-654 4049
1222 1058
-2828 2714
1331 -1748
-2391 -3302
1325 -3239
3930 2123
-3130 1023
3525 -3372
710 -3231
638 1641
-1384 -3350
-2763 -1399
-1888 -2104
1033 -3359
-279 -3524
2250 -1044
-3730 2061
1337 -279
3545 -3157
3331 140
-3671 -2125
1706 -3327
591 3358
3548 1291
1211 -647
848 -1718
401 -2226
-1199 2531
675 -1572
-396 1129
-1467 1525
3122 -4060
3770 1763
458 -206
1851 -2165
-1604 -3578
-414 -1666
852 -2298
857 401
1519 -2679
2470 984
897 1033
-793 1380
-1462 432
-2226 -1434
-2800 3546
-2177 -3620
3296 -2737
29 -1578
2211 -2385
-2381 -3044
1575 2248
3121 -386
2840 3265
2861 -1058
-2841 3031
-1970 1740
-607 -3109
-3239 -3407
-2543 2627
-2195 937
3395 2075
2554 782
3393 1388
-3629 -2480
2723 -1128
234 -845
2336 -3359
2817 -2061
-1678 -69
2704 110
-878 -3475
-839 -1054
2514 41
2496 3372
2093 -4057
1094 2900
2402 -3067
712 -3983
-1987 366
2330 -3365
-1538 -4101
3051 -796
1512 -857
2669 3015
-2539 411
1639 2954
1392 1931
-2619 -1098
-1781 -2553
1145 200
3326 -2635
2817 3634
2913 2727
-960 -2796
610 -1901
-1033 1386
981 -1287
-1761 -333
970 2526
-3551 -142
3388 -4367
938 -1303
1006 1564
-2888 -380
3309 805
-3536 1979
-2502 -2891
-1131 -2059
3358 -3056
373 -153
-579 -1696
1434 3105
2833 404
-845 -1410
-3172 2478
-1296 806
1626 -1492
-978 -3693
1267 3688
1861 -1251
124 -2872
280 -627
-1659 846
1114 2145
-3219 -3066
-2990 -2027
785 1508
-740 859
3079 2792
2728 -87
-2974 -4136
3587 -341
-1713 -1396
142 -3753
-2397 -4002
2429 2042
-682 141
314 2582
-160 1757
-3668 -1838
-3283 983
2632 -2826
-1139 -3077
-440 65
253 -1647
-2250 -3227
-3737 2412
-1688 -3144
-1092 -449
49 -14
3193 -4203
-991 3471
2642 -1030
2348 3219
480 -3584
3402 -3432
2069 -1654
365 -3075
1033 -51
-3966 -1189
-938 -2559
1460 500
-4236 -2599
-2912 -1965
2056 576
-4160 2272
2063 325
3641 1611
286 1325
3647 3444
-4169 -549
3264 1860
3491 4079
4136 -219
20 927
2211 2717
2422 427
770 3200
-381 2775
-1761 -3105
1233 347
-2651 3292
-2443 444
-677 -3535
3081 2106
-2975 -3013
216 2573
-2507 -2419
-839 3789
3792 773
1980 2920
2000 -490
2072 -1167
2466 -1250
567 -2308
3629 -2629
3114 -2613
2776 -4499
1720 -1746
3620 -3982
3376 3582
3356 -2305
-2726 2186
771 1255
-2326 -4126
-3174 -830
1427 -1120
-4195 -2867
1813 -4070
-2409 -1356
-4084 -1564
-450 -4155
1634 1992
-83 351
-658 -2015
-548 -3268
3768 324
3867 1715
-809 562
2803 -1845
-2052 1659
-2850 -1240
2875 1804
2856 -547
1415 1
3815 -1099
-1190 2744
-2379 134
-453 523
2832 -537
50 -1818
3149 2773
1720 1543
-220 -3304
2886 2849
3798 -2395
-341 -3732
-2611 -1106
342 3377
473 -277
2355 3579
2514 -946
-3768 1696
-1889 -3188
-3643 -33
2300 -4034
-2699 2105
498 3816
-1550 418
-1260 -1828
-1094 2948
28 3320
-1686 -2222
-3186 3401
-2264 377
-2929 -1982
3208 -4009
-3089 -992
-837 1290
3750 -3582
784 -3699
3602 -865
-3763 3164
30 1882
2621 -2866
909 840
-2288 1325
-3733 1854
2701 553
3479 -476
1998 -88
-1049 -950
-1862 -4050
1398 -4107
149 540
-844 -2462
952 -1880
-2508 -469
-137 -477
-3132 2884
-158 539
3523 -3266
2684 -1064
-3780 329
-1646 -279
2016 2499
1223 -2421
2856 741
2094 -4345
1363 -4412
-215 -838
-3261 -1904
3880 1320
-1333 -2731
-2836 3152
-839 -3779
1156 940
1519 4010
170 -3069
-170 2230
2206 -2733
192 3128
2167 -2434
-2553 -47
-1282 3596
2076 -597
435 -3675
3371 3643
1971 3036
-3049 2608
1454 -1966
3967 -2519
2405 -3917
-294 -520
-1140 -2478
-3274 2592
-1775 -1061
-3151 503
1913 701
2209 -2279
-3687 93
-1180 -1043
-2393 -2472
3798 3049
-725 -1078
2344 -2336
2859 -693
-3967 1955
-2860 -2379
864 2122
-367 -173
35 2946
1607 -359
-533 -2387
2361 -4056
-3882 18
264 -4066
-2555 -146
3653 2671
1939 -4368
-4240 -3066
3525 -1750
360 -3517
-2656 -1661
2264 -4375
690 793
-275 -3562
1447 -2221
-50 -1640
-2267 -2816
1691 -816
575 3560
2808 3121
-1206 -2649
3566 520
3014 3782
448 950
-391 2546
64 -3060
1882 -1870
-1288 2922
572 -2836
2140 3326
-2340 2450
2770 3427
2961 -4180
-2143 -863
-2988 -4133
-2257 -196
416 -608
-2319 -3478
-1209 -4505
-2750 3301
-1863 -3378
-3939 2768
1441 -2672
1461 -703
-306 -1945
-3617 -4369
1201 -5
2522 233
3067 -3203
584 3273
-1384 1359
-4185 -978
2210 -1249
-458 -3383
-1549 -3510
1074 -2161
-1809 1339
1357 -776
441 1971
-221 22
-2954 369
3353 -2067
1938 3730
-2085 -3528
1703 -302
3476 -2695
-991 -1898
-2718 1280
1065 -144
1107 -1100
-2421 -434
3282 -240
-811 2716
827 1845
557 2822
1085 2775
2077 3176
667 1857
-2879 3844
-3531 -492
-3648 -240
1561 -1224
3233 200
-1404 -1040
-819 -2559
-2046 -683
105 -3849
-2665 -3782
1608 2562
2407 -472
771 -2627
-1084 -162
-349 2586
3014 -1786
-1583 2544
3216 -377
3220 2728
-3445 604
-445 -2542
-3786 1135
3354 -4053
336 3395
3808 -2781
-3872 2240
-1510 -1818
-2135 -1051
2430 -3135
-2543 -1881
3996 -1421
-847 2183
-1372 2744
3046 1269
-4113 2096
-698 -1338
1770 -1233
382 3029
1267 -4421
3846 -3046
2276 1470
-2269 2571
846 -2284
1263 123
-2245 -1235
506 1224
-3247 3602
414 -1339
-2665 -2998
-2914 -1304
-420 -5
-2262 -1445
473 -1335
3814 -3065
-1453 -360
-886 -1667
-3520 2394
-3784 3144
-3556 -2330
-723 2036
-3093 1783
427 1093
-417 2795
-307 2635
3802 1405
9 -2859
1839 -3417
802 -1870
4023 -874
958 3048
-1520 -1548
-1717 -769
3646 1239
-1754 -1030
1515 -4347
-2576 -2694
3067 -1811
2619 3238
-2835 3651
878 493
3936 -4204
1887 1663
-1407 -2196
4134 -2268
-3047 2486
-1934 534
-2571 -2689
2699 -1135
2371 1777
-4097 -3842
-4022 -3317
1921 -3759
1050 -3107
-2705 2153
-2776 -1528
-424 2454
-3257 -2852
-1579 -1185
-707 -3046
-1426 -2938
3481 -3652
-944 281
2730 -665
737 -3630
585 -1569
-3637 -3872
1135 1228
-2115 -3528
-3806 274
2803 -4159
790 3571
-4258 -2247
-1979 -2798
-3979 3684
3976 -1150
2902 -3819
-1896 2433
339 3042
-3359 2211
3439 -3945
-3235 28
844 -1176
1721 2597
1065 2689
3855 2938
2759 -1337
2706 156
-2635 -1259
3044 -1391
1534 -2972
3075 -2210
-1652 394
-2973 596
74 -191
3973 -2102
28 1462
1533 1516
1401 1259
-2518 -188
-2718 -210
3742 107
1871 -3618
-1197 -3735
-1206 -3168
-684 -906
860 -149
4048 973
-329 3587
467 -4157
-1239 3166
-2976 -1961
3072 -4648
2913 -1358
-3563 1803
166 -4440
-4122 -4628
490 -484
1590 2528
-184 3030
3594 -1530
-2121 1262
113 -777
-967 -4531
-2235 -1825
603 -1728
2442 -728
-670 2795
296 2394
-3175 -3302
274 -585
-336 -701
-2217 -796
3603 -2922
1416 32
297 -3882
-353 2752
3847 2219
4356 -2068
494 2888
-2505 -3663
-1701 670
2596 1717
1806 -2626
2602 2788
-3310 3064
-1603 -3964
417 -3784
-1463 1267
3179 1194
-1676 406
2414 -625
-2447 -3802
-1907 -989
1347 -2330
-859 -2467
-703 -1763
-1667 2123
-1569 -2757
-362 1267
-1614 -810
-2368 1168
2949 3082
-3231 674
583 1840
-3191 -4453
4097 -2450
721 204
-170 1118
1893 1406
-3400 -1157
-1560 3214
1881 -4119
1482 -379
2989 2312
-391 -3472
-1495 474
-2357 -1796
1210 2411
-1039 1810
214 2738
-1487 1633
-918 -2351
1377 3421
3632 1323
-2693 3279
371 -3910
-3348 -1178
2157 1282
1086 -4070
-1772 750
888 2790
2358 -1610
-1339 -3088
-2594 837
-3598 3097
-1441 3526
-1647 2986
3306 -573
4206 -737
2317 1424
-1656 -3306
-2592 3342
2595 -2660
-25 814
2620 -2922
-3077 -4012
-1966 -425
-3525 3316
3820 -2757
3759 -881
2752 -3213
565 2710
-2075 -4472
421 -3709
3037 3043
408 2494
-1967 -937
-1695 -57
3639 1240
4115 -919
2597 -2114
-2051 -1397
3296 3471
-1116 2673
1481 -152
-1834 -1988
-3563 -1658
-3445 3077
3718 -4443
-682 -4250
-230 517
2860 2143
-165 1568
3656 -1990
2274 -1194
-2729 1985
3141 -1271
-63 -4573
2374 3147
1869 1208
-1728 -306
1568 -2609
-420 -938
1383 1774
-2201 -1823
-1317 -3605
1276 3145
-2114 -3899
-3372 -883
-3116 290
1484 888
-1798 -2708
-2202 1151
2006 -2913
-1258 -2535
1119 1089
2115 -3509
2129 -2450
787 3388
151 -3778
2588 1607
96 3185
3867 -1418
3014 -2784
475 2094
2939 -1925
-2546 -3766
-1961 3583
1965 -1934
1489 2227
1083 -1373
-1129 -3859
1231 -609
-2344 2470
-909 -2554
2835 1180
2156 2705
-1416 3009
-3086 -2622
476 -3176
3058 -2196
-3316 2917
2366 3213
1799 3384
3589 802
1143 2545
-1866 -3772
-593 -1833
565 -1966
2050 -3477
1110 -3587
-3950 -3309
-3461 -2425
-1853 1556
3698 -4414
434 -940
1325 1046
-2426 -1476
-132 2723
-3115 3036
-647 -2221
-3654 -3260
-745 3322
3386 1336
1627 -3906
-3852 702
-4013 -243
599 1263
-3808 -996
2769 3241
-1647 -3508
0 0
0 0
0 0
0 0
0 0
0 0
0 0
0 0
0 0
0 0
0 0
0 0
0 0
0 0
0 0
0 0
0 0
0 0
0 0
0 0
0 0
0 0
0 0
0 0
0 0
0 0
0 0
0 0
0 0
0 0
0 0
0 0
0 0
0 0
0 0
0 0
0 0
0 0
0 0
0 0
0 0
0 0
0 0
0 0
0 0
0 0
0 0
0 0
0 0
0 0
0 0
0 0
0 0
0 0
0 0
0 0
0 0
0 0
0 0
0 0
0 0
0 0
0 0
0 0
0 0
0 0
0 0
0 0
0 0
0 0
0 0
0 0
0 0
0 0
0 0
0 0
0 0
0 0
0 0
0 0
0 0
0 0
0 0
0 0
0 0
0 0
0 0
0 0
0 0
0 0
0 0
0 0
0 0
0 0
0 0
0 0
0 0
0 0
0 0
0 0
0 0
0 0
0 0
0 0
0 0
0 0
0 0
0 0
0 0
0 0
0 0
0 0
0 0
0 0
0 0
0 0
0 0
0 0
0 0
0 0
0 0
0 0
0 0
0 0
0 0
0 0
0 0
0 0
0 0
0 0
0 0
0 0
0 0
0 0
0 0
0 0
0 0
0 0
0 0
0 0
0 0
0 0
0 0
0 0
0 0
0 0
0 0
0 0
0 0
0 0
0 0
0 0
0 0
0 0
0 0
0 0
0 0
0 0
0 0
0 0
0 0
0 0
0 0
0 0
0 0
0 0
0 0
0 0
0 0
0 0
0 0
0 0
0 0
0 0
0 0
0 0
0 0
0 0
0 0
0 0
0 0
0 0
0 0
0 0
0 0
0 0
0 0
0 0
0 0
0 0
0 0
0 0
0 0
0 0
0 0
0 0
0 0
0 0
0 0
0 0
0 0
0 0
0 0
0 0
0 0
0 0
0 0
0 0
0 0
0 0
0 0
0 0
0 0
0 0
0 0
0 0
0 0
0 0
0 0
0 0
0 0
0 0
0 0
0 0
0 0
0 0
0 0
0 0
0 0
0 0
0 0
0 0
0 0
0 0
0 0
0 0
0 0
0 0
0 0
0 0
0 0
0 0
0 0
0 0
0 0
0 0
0 0
0 0
0 0
0 0
0 0
0 0
0 0
0 0
0 0
0 0
0 0
0 0
0 0
0 0
0 0
0 0
0 0
0 0
0 0
0 0
0 0
0 0
0 0
0 0
0 0
0 0
0 0
0 0
0 0
0 0
0 0
0 0
0 0
0 0
0 0
0 0
0 0
0 0
0 0
0 0
0 0
0 0
0 0
0 0
0 0
0 0
0 0
0 0
0 0
0 0
0 0
0 0
0 0
0 0
0 0
0 0
0 0
0 0
0 0
0 0
0 0
0 0
0 0
0 0
0 0
0 0
0 0
0 0
0 0
0 0
0 0
0 0
0 0
0 0
0 0
0 0
0 0
0 0
0 0
0 0
0 0
0 0
0 0
0 0
0 0
0 0
0 0
0 0
0 0
0 0
0 0
0 0
0 0
0 0
0 0
0 0
0 0
0 0
0 0
0 0
0 0
0 0
0 0
0 0
0 0
0 0
0 0
0 0
0 0
0 0
0 0
0 0
0 0
0 0
0 0
0 0
0 0
0 0
0 0
0 0
0 0
0 0
0 0
0 0
0 0
0 0
0 0
0 0
0 0
0 0
0 0
0 0
0 0
0 0
0 0
0 0
0 0
0 0
0 0
0 0
0 0
0 0
0 0
0 0
0 0
0 0
0 0
0 0
0 0
0 0
0 0
0 0
0 0
0 0
0 0
0 0
0 0
0 0
0 0
0 0
0 0
0 0
0 0
0 0
0 0
0 0
0 0
0 0
0 0
0 0
0 0
0 0
0 0
0 0
0 0
0 0
0 0
0 0
0 0
0 0
0 0
0 0
0 0
0 0
0 0
0 0
0 0
0 0
0 0
0 0
0 0
0 0
0 0
0 0
0 0
0 0
0 0
0 0
0 0
0 0
0 0
0 0
0 0
0 0
0 0
0 0
0 0
0 0
0 0
0 0
0 0
0 0
0 0
0 0
0 0
0 0
0 0
0 0
0 0
0 0
0 0
0 0
0 0
0 0
0 0
0 0
0 0
0 0
0 0
0 0
0 0
0 0
0 0
0 0
0 0
0 0
0 0
0 0
0 0
0 0
0 0
0 0
0 0
0 0
0 0
0 0
0 0
0 0
0 0
0 0
0 0
0 0
0 0
0 0
0 0
0 0
0 0
0 0
0 0
0 0
0 0
0 0
0 0
0 0
0 0
0 0
0 0
0 0
0 0
0 0
0 0
0 0
0 0
0 0
0 0
0 0
0 0
0 0
0 0
0 0
0 0
0 0
0 0
0 0
0 0
0 0
0 0
0 0
0 0
0 0
0 0
0 0
0 0
0 0
0 0
0 0
0 0
0 0
0 0
0 0
0 0
0 0
0 0
0 0
0 0
0 0
0 0
0 0
0 0
0 0
0 0
0 0
0 0
0 0
0 0
0 0
0 0
0 0
0 0
0 0
0 0
0 0
0 0
0 0
0 0
0 0
0 0
0 0
0 0
0 0
0 0
0 0
0 0
0 0
0 0
0 0
0 0
0 0
0 0
0 0
0 0
0 0
0 0
0 0
0 0
0 0
0 0
0 0
0 0
0 0
0 0
0 0
0 0
0 0
0 0
0 0
0 0
0 0
0 0
0 0
0 0
0 0
0 0
0 0
0 0
0 0
0 0
0 0
0 0
