1078 -1210
141 2059
-3286 -3246
1604 -2024
3584 684
1035 4268
127 -348
3618 -60
4293 -870
-1126 -3674
3168 4375
3936 3044
3502 -2259
4308 3138
3228 3197
2924 2972
4538 -1481
397 -2410
817 -1053
1555 754
-2926 -758
688 -714
-1988 -1523
1493 3729
-3673 -925
683 2530
-3168 310
4064 619
4067 -1018
3235 -1342
-2813 4277
2495 -764
-2275 3007
-3937 3640
-512 -609
-83 -1255
-65 -3323
2683 2096
2895 -938
-1988 4034
-2197 -2590
-4210 -2703
-248 4373
3574 -2580
-819 -2163
-1204 1166
-2200 4318
1296 1403
-3175 -3841
2638 2151
-207 -3351
3287 3550
-232 1830
-55 963
2620 4359
1434 -1684
1597 2816
-3653 -1140
-3910 878
1649 231
1149 -2872
3646 3388
-375 2173
916 -2867
-2674 1149
-2396 -762
-2878 2046
595 -2970
-718 1984
4754 -1143
-2120 -2706
1131 -1706
4775 3554
3898 -2088
-2986 -395
-219 2581
-982 1488
3454 808
2097 -3726
1552 -1773
-3222 243
1197 2821
-2598 -3021
-1379 353
2666 3
-2993 -2370
219 -1534
-3038 1152
-3306 -2293
-3607 2776
-3401 3089
1675 91
3299 -1336
1114 2813
1180 552
-1540 -334
1306 10
-282 -3241
-1413 2572
707 1999
309 -3425
-360 2720
3623 1132
-1448 -1695
-4509 -2408
1776 -2494
-896 -246
3677 1537
-1735 -659
3655 2532
-2215 3029
34 4275
-2801 3027
-2246 -924
-437 -2853
-4065 2504
-418 -1609
505 -1989
720 3354
3370 2967
2357 1297
-303 1447
-306 3767
1808 -3087
-614 -428
3045 4225
994 1481
3504 -1243
2933 4328
408 -1734
1729 -1139
640 -2569
4241 -343
3259 -652
-59 3578
-50 -171
2127 514
-3042 3137
1729 -1829
-2370 -3343
1973 341
2370 740
-1967 532
2837 -1722
-3394 4080
702 345
-2832 1561
4099 -1214
-397 1478
-2545 -686
-602 2644
1909 814
-2777 -2332
3159 191
2978 -3567
-481 2147
1141 1769
-2678 -2452
87 3521
-713 3240
2427 -81
1629 3554
2769 2057
-220 3821
3665 3353
-3628 -1699
3202 -113
-2072 809
-3196 -1170
1444 2915
-1283 1503
538 2340
1145 -1982
875 -472
-599 -619
-2421 -3438
160 -2456
4399 200
-2762 3951
-338 -1925
-3272 1219
-3357 2331
73 -3747
-1641 -1946
2503 1092
-3127 -1167
3263 3929
2796 3321
3115 2376
2452 -3508
4357 3544
-2919 176
3232 460
-617 -415
276 -2404
2563 -2351
-26 -3212
3711 -2690
-1491 505
1069 -3244
3875 -1657
-1636 1747
-3107 3184
2869 -2287
-1259 -2624
2293 -3324
3615 -3464
-2298 2380
273 1336
3131 1365
-3484 2248
1913 1320
2964 1130
-2913 536
-3707 1704
-2611 926
1566 4051
2708 3741
-4481 -1595
2623 1184
-2897 -2732
-3878 -1638
-673 1109
2303 987
-3664 -2199
-2098 2955
879 3879
1647 -2506
-927 -3818
3008 700
-1812 846
2850 -899
-3825 1662
2393 1814
-3039 -656
3019 1870
-1982 316
-174 -2385
2048 -2788
3231 4302
736 3679
4190 2517
-605 373
1957 964
3055 2130
1070 -2688
-922 -2838
-2644 1181
525 -1049
241 -3009
956 3224
676 -1628
-2096 -3049
-3414 -3671
3240 1362
4229 2157
2580 2402
427 2937
3945 -3346
2906 -3094
724 2028
-672 -317
-1645 -3405
53 4201
-126 3796
2233 -1434
-2389 -3000
-1885 -416
3356 3054
-2443 -3393
-1269 -792
-1791 -3120
-1569 -2609
-2974 87
-4125 -5
858 2821
-3244 1952
-1412 -2635
-2314 4159
-1221 3417
-2855 -3075
1758 -2402
2610 -57
1444 -272
2246 801
2544 8
997 710
-810 1245
-2075 3928
-119 -2874
-2790 384
-3057 -536
-1698 -1792
-2929 3004
-4260 -3721
-3077 4227
3453 -1070
-1210 3740
881 778
2742 -2501
-1139 1220
-2833 -2862
-352 1783
1166 3443
3441 2939
2459 -3151
-1787 2266
3178 4150
-3348 41
3350 908
1841 -3234
224 3938
-2204 1818
4236 3138
4774 4430
968 3574
2132 -2237
-570 1704
-2948 3874
1149 773
1362 -895
1067 -2654
-1593 4177
-1383 3116
-442 4115
3372 -1196
1578 3912
-1421 779
2659 1092
1842 1665
-4279 3776
2398 -2003
766 2716
-2278 449
-3456 3964
-933 1508
-3098 -2405
1700 -118
1680 2129
106 1151
-607 2501
-4437 -1330
2896 -904
2690 2969
1593 -3492
-2910 3580
1288 0
1782 2908
-4510 -2169
-3571 3662
-3816 -1929
1965 -654
-2622 3984
1609 2751
-2300 -3787
-1314 -1543
2441 4385
710 2231
-1895 200
2850 -1285
1153 780
-111 1613
-2702 2050
-3031 -3034
3389 1913
180 2027
-204 -2272
1311 -2138
1979 -580
-1032 -1963
611 -1482
4633 1722
-1236 3462
-3321 3634
-1655 -2357
4354 -369
3708 2615
-3123 -2726
116 -2600
41 -3740
-2109 3243
-3142 -1370
1037 2926
1989 4098
2110 4191
-1782 -452
3271 -2880
-1999 -2644
3245 -3687
312 -3657
2750 -2044
-4378 1838
-2620 4197
1211 4022
3382 -2981
-495 2347
-2627 -2669
-3979 2795
-4606 -3454
-2212 -1860
-59 -1185
-2053 -1426
1671 2835
163 -3207
-3653 3772
-3629 -3228
1815 129
3325 1208
961 -2620
-2730 -3296
1424 2846
1205 -1890
-711 1105
196 -2544
338 -492
3020 -3383
3174 -1124
-85 1777
-1357 -2581
-2929 3647
373 -1113
3426 -583
1840 -1114
1763 1545
4030 -563
2731 -2843
-2154 3511
-2909 -1827
4032 -657
-1530 2127
4232 -3629
-2827 -840
-1771 -744
1547 487
-2088 748
2349 2455
1204 3753
-3019 -1291
-223 -2125
-1686 3402
-2327 2964
-2419 3188
-3512 -2895
-3650 -2161
-408 -1836
-1845 -2655
-2551 4318
-1495 -1654
-879 4004
-1534 2008
1704 1516
1175 -2465
529 1723
-3127 3077
187 1349
50 -1219
-2509 -1469
531 1972
2739 -1178
573 1173
712 2533
-3978 -2132
1739 1471
165 -1714
-2241 2635
-4571 1694
-1123 3113
-4180 1147
-236 2869
-1282 -1715
-293 2321
2696 2244
827 2555
569 -2554
3797 3691
-2344 -1520
4734 -10
3365 -3444
2124 -1906
-389 -2341
144 -1866
-912 2143
848 3345
-2236 -580
3354 -1349
1365 1708
-1607 -666
-3115 1573
241 4326
3 193
4447 189
-3038 3215
3865 -103
-312 -677
-417 1114
-2828 -3802
3632 -1499
-2918 -3666
654 -8
-3214 2207
-2581 4332
1349 890
-2715 -2047
1801 2865
3042 -901
-802 898
-1344 -1561
431 -2356
2016 -1981
2414 2189
2033 4333
-2994 4252
1448 806
1023 3158
-310 651
673 3526
-2100 -3169
2077 2034
-3967 -340
-78 -114
466 -3806
-460 -2325
2050 1517
2774 -1178
-3136 -2276
925 -3872
1274 -536
-2128 -1390
2261 -2853
-463 3405
-1512 283
1718 919
478 2968
-1224 -2545
-2226 -2710
-2479 -1951
3842 -3701
-2557 2554
-1930 -302
-3043 2840
-1527 4031
2728 2588
3196 2880
-1272 1163
-2144 4375
2200 -584
-963 2333
4653 -1824
-3197 3661
1475 -633
1719 -48
-867 1099
2658 3262
780 4103
4461 -720
-985 -884
-871 -2580
3856 3256
1265 3529
3974 1203
-1028 -115
579 -368
-1543 -607
3580 185
-1159 4395
-2614 3923
2359 -2054
1985 -3450
2517 4071
-513 3327
2508 -2780
2075 2236
2670 2412
214 -1463
2837 -2332
-4289 -1739
-3848 -1469
1526 1209
-2493 -2220
-619 3468
2399 351
470 -2381
1714 3657
-3713 1473
-1767 -1513
-1419 -3295
-1536 3181
-1894 4190
-3043 -1595
-1597 -1674
1575 3230
4367 1683
-2712 -3233
2371 1166
-2608 -1079
1181 -3360
-3076 -2177
3445 2276
776 -1331
1745 -751
2823 1413
-349 2722
4349 3495
-1239 -336
-367 -2694
-101 -270
-1193 3246
908 -59
-2012 -944
3536 1415
-2577 -3584
2508 -1860
1992 78
2555 3430
1284 421
-1080 -876
609 2678
-3371 86
3803 -3243
-3598 3384
965 -3443
-829 -2619
-1618 436
3648 158
-2598 -261
-189 803
-1168 -2042
-4277 -1568
-3798 -1555
1429 2599
-3633 -162
252 -2225
1685 -2019
-3811 4241
-3972 347
-4266 -239
2331 -3435
1718 -265
-3604 -1445
1854 2698
-2643 -3412
1192 -3539
-1108 -120
-2323 -3914
-3243 1620
-3904 -710
234 1827
2090 -2228
-1641 1383
3412 -933
1358 -3568
4132 -1105
-2855 3603
4794 858
-2424 -2979
4063 -226
4812 3137
1973 -804
3917 1223
4038 -3181
3266 3371
3181 -350
-1232 -160
-401 1892
1897 880
-1764 2554
3982 1546
-362 3976
-1495 2015
-1620 4105
-817 1497
2770 3734
3513 -3599
-2504 1217
-2305 958
1342 3192
4091 -72
-947 -1945
2811 2582
-1012 158
921 110
-3798 525
-3526 1391
-1019 -305
3106 -57
-2504 -1196
2012 2403
1855 2626
-3352 3325
-2700 -843
704 -1598
-1983 3716
-3954 2289
-1849 1308
1920 3537
-230 -1220
-983 -2027
-342 -385
-1697 -3172
-445 1586
-3434 1859
2568 366
-2492 -1861
-2651 1986
1077 -1561
2908 -3511
-1437 -1204
-3809 2578
272 -1513
-1845 80
3616 2698
-1756 3680
3619 -749
862 -2091
3118 3093
-2634 -705
-364 -1672
3623 3067
-2178 2281
-2118 -2345
3089 -2306
-736 4248
652 -922
4936 4063
2069 -3413
-571 196
2866 4223
-1721 2836
4678 1810
4161 791
-476 3082
2282 -1201
-1781 2316
-3334 -113
221 -3013
-1924 1642
-2802 1071
-1123 -1989
-168 428
-750 -2707
-4034 -2452
2463 792
-1874 746
-1818 1953
-2238 -8
-2350 -1825
2065 -476
618 -2099
1750 2084
-3992 1286
3406 1594
-1258 -2062
-1169 -3622
-4375 2760
-4547 568
-3398 2490
-526 -1817
1555 -2906
-1511 726
-4349 4107
-4474 -3846
-3612 2933
2686 3596
-1962 66
3065 2843
-662 4073
475 2345
-3013 -2659
80 -2368
2312 1176
462 -1600
337 -3407
687 -2080
2824 -2563
-1719 -1718
338 1471
-265 4039
1962 -3404
3880 -2903
773 2860
-2129 -571
1941 829
1962 698
905 3005
-1748 -2921
-2179 2465
210 627
4552 1464
3024 3143
4784 392
-2307 -1795
-2000 2470
-3113 1172
1920 -2548
1460 1456
988 -3636
-561 1079
-1760 -113
-3652 -1215
-2362 2318
-4039 -1101
-2574 2575
-2661 -522
1231 2285
1822 3024
2602 1900
-1153 -2873
2091 4350
-4412 508
2768 -2834
-2639 -2833
-4557 -2033
2867 -298
-2629 -1307
-2492 -1067
-1943 2693
2075 803
770 -356
-1527 -2065
2528 1886
3142 2869
-3307 -2228
-3854 319
-2003 -940
-2376 -1253
-4322 -1116
-1048 -615
4609 4091
-833 -2138
-352 -1902
3989 -1603
-540 -1161
-3129 1451
-2609 -3404
4168 1031
1569 -3632
4270 -1839
-1892 2898
1046 3834
-1951 -2388
-2666 2990
-2762 -2526
-2503 -3231
-383 -1952
-2926 2611
670 1895
3966 3248
287 -2733
2047 1123
-1029 -3645
-414 1333
730 4392
3002 -13
4631 1929
62 -295
2475 70
-599 -1057
-1608 1950
-3374 1775
231 -2398
-3418 -2226
-3585 2642
-1199 -344
2020 -933
-1037 -759
-3421 1969
-2160 3618
-2284 -2059
-828 -1616
-3243 -2311
-4346 -2037
462 -145
-4576 1101
-2781 2424
-3767 303
-1343 -1835
-3211 -1094
934 2569
125 -1814
2161 -1233
-2727 -2334
-50 3688
2985 2996
-2598 -2522
1481 -3571
841 -2804
3137 3797
-2520 4177
338 812
647 -1010
-1974 -971
4118 2795
-2086 4310
-660 -3715
1527 2825
-802 -1817
-1165 -1925
-1486 -2468
450 -1543
1739 -2289
-78 -3780
-480 894
-2024 260
2725 4040
-334 1482
-3053 2905
4243 629
1912 13
-786 3974
3517 -2884
432 -1515
-3193 -2405
-3262 4202
390 186
-530 1148
119 2340
-3112 -991
1822 1218
-3002 9
-897 -830
441 3832
1828 -3325
-3260 2128
-4712 -364
-820 3384
-2676 1483
2198 955
-2557 -284
-1862 -3277
-2231 -1749
1604 1585
-3541 3050
-2685 -2633
-1972 -1382
-530 -1453
-312 1146
3053 1069
-2287 -2919
3453 1681
-2954 624
3418 93
-486 3155
84 -2764
1855 660
805 -1932
4353 -2176
-2983 -709
-243 2307
-365 -2310
-2808 -1576
858 4333
1851 -2175
-845 1779
734 -1109
2609 4217
1094 -3725
-399 3804
474 -267
3798 -978
304 -456
1233 270
1100 -3519
4690 3439
-2746 3679
1721 2508
-2429 3011
-788 -2812
966 1118
3656 2919
-975 3798
3233 51
-725 -939
-3041 3082
-2630 -2789
-3352 -531
2561 -2467
2400 1803
-680 3065
-550 -2510
-566 -279
738 -2504
-4424 -659
-4803 3687
-4242 1571
-4304 -2102
2721 365
-1624 -2770
-1691 -557
-4140 275
-1927 -482
1545 3805
-3465 1448
-3821 30
-1611 -2151
-3687 722
-3193 -1517
-799 1546
-3364 959
-491 -2864
1582 -2344
-138 -685
1923 -342
-1665 3556
1788 -2420
918 -1616
-2976 -1849
-3191 -1427
1306 -3172
141 -3508
3850 1729
-1639 -1808
464 -2598
1664 2929
85 267
-2770 1406
-2843 -605
520 305
1362 -2845
4923 3156
-2625 3638
517 -2963
-56 537
781 2676
-2625 807
-638 1934
4472 1715
-1337 -2689
-1166 -2170
712 765
3579 -190
1761 562
4701 -3737
2504 4038
4030 -1143
-3668 2495
-1944 -1160
-3893 -3408
-3171 -873
3271 1464
2923 -228
1814 -335
-1628 -2443
-1204 -425
-960 -363
-2899 3393
-435 -61
-2532 197
-4403 -3270
-1859 -1602
-157 -3132
-3431 -3216
-2692 870
-381 315
-3364 3187
795 -826
-3487 -2376
-2527 3083
1063 -868
2476 -3098
-1254 1470
1834 -2974
-1087 -1
1915 1915
2884 1894
4282 -2710
2181 3365
1343 2870
-785 -3651
3221 -3204
438 -1769
2221 -3365
-299 -814
-2458 2146
-881 3366
2623 2025
3247 -760
-952 2517
4524 -1065
-986 3820
5148 3657
3977 -2083
-2181 3787
-254 3362
2668 -2717
1246 -2473
4310 -361
574 -2535
4345 2262
2326 -1643
1355 -1852
2196 -1186
-1154 2972
535 2587
260 2398
3090 -993
-889 -838
-1908 -3688
3423 467
-12 -1973
1689 1861
1905 -181
3014 885
-4530 3596
1911 -595
-4756 447
2886 4060
1001 2368
1086 -310
1504 -676
-912 -2313
1807 1266
1280 3748
2376 -2057
-3804 -72
-1142 1633
964 1289
627 -2365
-3775 -1078
-1142 260
-2670 433
-3938 -2061
4112 1889
224 -1923
-2398 1247
-1246 1920
-3154 -2448
-2800 130
1943 1777
3572 1609
-1021 4229
-2869 -1175
-359 3564
-1332 -1710
2386 -511
4171 3955
293 -940
-2467 -223
-2640 -55
1988 -2154
-2557 1319
399 -2295
-2153 647
-2228 -1885
2909 -2013
3377 2836
4507 2410
-1648 1844
-2629 3982
-1891 -950
2087 -3564
4837 996
2446 -2014
-2504 -2758
-151 -729
-2614 -247
1142 -1888
-3074 2247
2397 1294
-4675 2504
-1479 -573
2231 -1739
-4427 1372
-4172 1699
2776 1090
1349 -3166
-1204 -2428
-3281 2364
3126 2374
-3811 -3109
-4412 -296
471 2886
-2900 1009
2860 -1251
488 422
481 -3743
-1221 3248
3293 3839
3322 -413
-168 -3275
2002 -2181
2025 4329
-3058 3247
-539 -1101
2575 -65
1155 2861
675 -2241
3437 4361
792 -2065
-1914 3986
4032 3730
1942 3218
413 669
-2919 -2133
4124 -3094
-473 -2372
2681 1396
1479 -1847
-2578 -263
2403 -1938
-1615 -2023
-480 -3340
3955 2280
-2019 -1296
934 -1540
3704 286
-883 2991
510 3022
1305 489
1878 -1342
-2993 -2704
-2601 106
-817 3217
-1881 -2575
-2865 -3667
-1557 -4036
3854 1442
-3637 -2734
12 2508
-1266 -1679
-1538 1837
1196 1229
-2648 2101
-590 -2212
-2524 -4023
90 -3250
962 14
-1374 3267
-2250 -2631
2281 2073
-2662 -2272
-248 934
2042 -1985
-437 3912
-3989 -1848
1666 279
-3735 -1197
-2712 -3250
-2626 -87
-1666 3027
-1299 -2764
2483 -1144
-962 1160
-559 1131
452 3985
-3485 -2470
-1303 2493
2632 -2848
-280 1163
4376 -1567
170 1574
2928 -3819
3407 -2602
-3115 -1054
929 -136
-109 1609
-3063 2451
-637 -3855
-1344 3499
1496 1299
2834 -1704
826 3359
-1731 748
2131 2757
1263 3495
2033 3206
706 -257
414 -3837
4948 2579
2390 -1650
3169 -3156
1360 -2731
4681 -2933
70 -2874
3135 -21
-278 1181
-2441 2744
-1029 1708
728 3088
97 1521
-2474 2299
-2513 2440
2325 1532
-4150 -1450
-1766 -687
-2580 -1208
-693 647
-957 -1923
-1069 -601
-1482 3148
3115 -31
-2872 3941
203 -3666
-138 3196
622 3382
-3456 -1270
3047 1085
-2703 -3647
-2290 -724
-956 1466
-1070 3622
3036 -1537
1689 87
3463 -1012
2064 3065
3549 -1576
4302 -425
-745 681
1392 -101
1782 3975
3662 -1384
48 -1595
278 -1156
2346 -3540
4613 985
2856 -1712
4541 -1508
1129 1870
-1465 2518
5199 3260
3405 2864
-2542 -1229
2041 -1804
2750 -47
-298 -1306
4269 -4215
1123 -828
3198 -3324
-2638 -2969
2564 2557
2665 3596
-201 -2293
-923 -4349
1187 3067
200 617
462 -1455
-3494 -235
1777 -3178
-529 -2188
3141 -356
1333 3347
-3297 -1299
-645 3064
1970 3536
2712 1596
-3831 -3575
-2776 3178
1215 -140
2183 2268
2804 -2939
1334 -2828
-1715 -144
-3938 2401
2622 -2050
1140 -1543
-1943 1718
1432 -2179
-2910 4043
-634 -2633
-3195 673
3877 2044
-1363 -1766
-2608 -2457
-1303 -2453
-1052 -3726
2307 -523
-2854 -2107
4268 1303
875 2455
-1710 -829
768 -1857
1464 -2035
1398 2874
-1103 -3183
2663 2630
4092 -2657
-3115 1016
2057 -2988
4894 3445
-251 1566
4590 -3105
1647 109
4837 -3290
3832 -1236
1591 -920
75 -2839
3258 385
3290 -267
-1340 -2493
5308 -3479
4732 496
-1858 -1809
4332 954
-481 390
1866 -2357
366 -2549
4028 -4133
-2332 -1523
-120 3846
954 -1331
2946 2499
-3840 -838
-2370 -1326
-3287 -4209
-2715 -2793
-3691 -2899
-2604 -1448
-3154 -4036
-3695 -1917
-1353 580
-93 -2691
-708 -3919
-3446 3214
1732 2389
-704 -2911
-1697 -2878
-923 1120
1579 -3547
2319 4333
-2692 252
3439 3115
-3346 4134
4443 -3192
3087 -2575
1132 -14
-1400 -2533
-1817 -3821
-1197 -2703
822 2596
3080 -3870
-3465 3214
-2189 -3681
-3387 -1713
-1368 -2651
-3254 -1737
-226 284
-951 -1918
-3041 -2572
-658 -4273
0 -4798
-1612 1963
2185 -4308
-2612 628
5082 2734
-2325 17
5671 -1407
-951 -2998
-452 -4740
-1304 464
3357 -2199
1599 1896
4800 -468
1878 -1759
4407 3214
-3195 -2460
1693 2636
-3335 -2803
-411 965
2832 -4134
1468 3029
4149 -3128
-1665 3828
2589 -1841
-1184 4042
3960 2429
1265 -3284
-979 2015
-933 -3985
-4214 801
571 -671
3286 1750
3667 -3888
3447 -3610
-3616 -3117
-3736 3037
2307 -1850
1664 1439
-3219 1537
-991 -3280
734 1408
3459 4452
-1726 -2639
1548 2295
-2766 -3517
-1698 2404
-1041 -602
2410 -161
458 -3086
3104 2536
-1703 -3916
-3101 -2073
850 -3007
-2040 2444
-334 2362
2442 -3143
3120 -4892
1730 1118
98 891
-1683 -1000
2132 -1545
-1915 1235
2867 -2999
3880 -2340
3206 -132
3840 1190
439 -352
1438 -4535
1918 -4869
4532 -4986
2448 -4801
-1857 -4093
-2773 431
1552 636
2488 2540
469 2638
2980 1874
3318 344
296 -1193
4125 1906
1725 -197
3613 1607
-3430 2965
-20 1420
1356 692
-2732 -3629
-3871 -3442
-1622 -149
-870 -1176
1494 -894
-3539 -1870
-494 217
-4205 417
1159 -3468
2278 2250
-2088 2158
-3257 740
519 1556
-1296 749
-1824 -1782
317 -50
-392 -1252
766 -2096
1564 -2532
-2210 3377
3760 3790
2923 -811
-492 -2046
-1853 -523
1802 -4028
1838 3571
3949 19
3926 -3333
-1436 -956
-1450 414
-1562 2099
2222 -1669
2172 -476
-2253 1686
4948 549
2313 -2893
-1987 -5027
-1142 -4808
-799 -4846
2944 2076
5712 -4976
-943 1477
153 2484
6182 -481
3288 -230
-212 1294
-24 476
967 -1748
4407 -1194
-1898 1001
2310 -4809
-1087 -385
56 -3901
3696 -1160
3664 3055
-798 -1716
2036 1313
3200 3044
-1477 -1784
-3813 1537
540 2223
15 7
-788 2008
-2576 -1364
1483 -1592
-3593 3732
-3060 1855
-2246 2110
98 3107
-1763 423
2024 2335
827 133
-3286 1078
542 3161
2602 169
4455 3168
1426 1118
3268 1426
-1059 1266
-3032 -2802
656 -643
-1992 1645
3583 -1895
3461 -3898
-3368 -3008
3522 3215
2637 -2333
2072 2241
3921 -3194
3129 -4716
-2778 -4701
1767 -3402
-2597 -1005
1899 -3299
3644 -595
603 -91
-885 -2596
-2258 1700
1147 1955
3626 -5896
2639 -1826
-449 861
1220 -2252
4869 -1985
-434 387
2013 -431
2159 1082
4204 -4630
1423 225
4457 -507
318 -211
2949 -661
-1459 -2727
1844 -644
-448 -1482
-3452 -893
-3606 -324
-3048 3628
-1054 974
-2125 -3660
1253 -3803
554 4026
-183 2157
3020 -1052
-2968 2138
-4132 -1083
2292 -432
-3231 1655
-2165 2469
-2673 -2110
3312 344
-3061 -732
-1352 49
1423 -3058
-398 -3474
3659 2976
1114 -3271
2550 -1874
-3717 214
-1715 2810
-3672 3331
3664 385
-2822 -1988
-2116 -2379
3733 3581
2219 -155
831 -108
1568 -3032
-1274 1020
3655 -4003
3551 1812
-3382 1148
4001 -1854
311 -2572
3548 -3995
-140 1033
2789 -2218
4755 -1409
6209 -540
1756 -3611
6249 -1023
-1262 -1235
4840 -2268
-955 -2137
647 -818
706 1506
3772 -4904
2841 -424
-1425 -2497
2601 803
3253 2037
-2314 116
2225 2238
-1663 1638
-1124 1596
412 -695
-90 2748
-2861 -3325
-2281 -739
2180 4250
-1508 -740
1645 3051
-3297 1296
3200 -832
-1978 1545
3840 -220
-1948 -3394
546 -903
-2836 953
3948 -746
4236 -3046
4034 -3541
-3351 4617
1897 -1958
2115 2487
-3455 -898
-51 887
1170 3277
593 3293
-728 -201
10 4004
3565 -1772
2904 -2194
484 -2920
-1710 3588
3957 -3604
-1872 -312
1372 -4729
-262 -2009
-499 -249
-1869 1094
-3337 -3991
1808 -724
-1662 242
-2866 -4567
4215 -1734
3584 450
4624 -778
5315 -1057
5817 794
1069 -5943
738 -188
6600 -727
1504 2144
-1359 1101
4178 2696
-883 -1465
3780 -2440
4954 2486
-543 -1353
1821 2461
2397 -191
4664 -755
-969 253
-1693 1793
-1878 127
-513 -193
-3268 3834
2163 -3240
3340 475
2552 -2159
2246 -60
-3414 2060
-1987 -3466
-3305 2939
3522 594
556 -3586
-1 -1213
-3062 -116
-1822 475
-232 2510
-209 -633
-2346 322
-2888 2769
-675 -1788
-853 -1881
451 -2493
4080 999
-3453 -2701
1663 837
3905 -1391
3522 -2674
4022 -338
622 3965
-279 -3131
-1855 -1975
3426 868
1044 -3595
-1908 -1732
-3644 -4438
-1174 -1650
-2124 -5052
1820 1232
-977 2254
2536 2472
6053 -916
-651 1092
2218 1213
5332 2044
-136 -5215
625 -1476
941 -3379
-67 1501
4906 -4097
452 2088
-1071 -306
-158 -4167
-613 -1442
-2194 3649
2523 583
4223 -22
67 2281
-554 -48
3608 4168
1896 128
-3155 -3559
2264 -899
-3215 2741
3328 2351
1916 4611
1624 -2143
2338 2903
-2055 2743
1122 748
2672 4094
-3888 -1714
-3670 -464
2 3958
-416 1992
-2440 -828
3368 447
518 4404
-1189 3151
-569 3021
305 -850
2302 -2078
3005 3409
-1400 -1878
2667 5132
3486 -2792
-3976 -827
-2942 3239
-3393 1558
1147 -2075
534 -773
809 1059
-910 -2191
-2644 -1792
-3311 -2224
3976 -186
1421 -195
-1701 -254
4441 3310
860 -31
1953 1235
3655 -3251
-171 -1502
-1 1344
6692 1024
3435 -1482
7113 -2178
-739 1161
896 2735
393 -4309
2426 2033
4243 3687
4400 3073
1757 -3358
2901 -3729
-916 -2372
2465 -922
3403 -3348
3605 -2259
2178 4492
-2633 -2134
411 -151
2795 4027
-2223 -2855
813 -2712
-337 271
-163 -626
-540 -1835
3338 -3097
400 -2801
-624 275
-2059 3197
4149 3027
-3824 1698
3823 4642
3381 -2992
254 3284
490 42
2086 2906
1608 2342
-708 759
-1509 -2535
559 -307
1333 -2384
-2601 2795
1684 1103
1980 5155
-4143 1969
-3529 -2209
-2939 3301
-2118 5016
2329 4397
2146 -54
1476 -1463
-1246 1774
-738 4075
3325 3669
229 3510
-3120 -1391
-1506 4919
878 4029
5276 13
3809 -292
4894 -693
2971 -1042
7254 -2379
6905 1284
2005 542
3260 -72
3014 4069
-2561 1718
5326 -1844
3739 4279
1796 2487
1617 1476
-3462 -1290
-3266 -1109
1290 2703
4188 3478
-3088 2716
1435 -523
-2770 717
-1078 -2823
-1609 2472
-1059 4099
1844 -815
-4110 461
2916 282
-1445 -3286
2813 1153
-2175 -459
-1635 -3458
3112 2540
2209 -176
-3326 2182
-2659 2860
-741 3553
-1262 4852
-3091 1032
1510 4788
608 -1586
-3434 1117
-2081 4120
3787 5897
660 641
-2372 1378
-2953 -6
-4604 6865
3254 7117
-3918 -181
-1600 -145
3118 2845
-2564 7705
2495 -72
-781 7989
-3275 5298
3337 698
2639 7817
3346 3103
4338 1686
277 230
3275 499
1185 1086
194 2048
3621 194
3963 2370
1208 -1245
5826 3028
190 -1412
-1508 -1597
-548 2717
4459 2313
2303 3359
3275 387
4341 -3433
982 275
3221 913
-3298 -1535
1669 -3469
-3885 -3573
3380 831
-1334 2810
-845 3747
-3402 2688
3638 3601
2401 2562
3162 -3122
3673 3475
-473 14
1760 4533
-2680 1172
-3938 -637
2777 -3025
-1168 -1698
-1919 2854
614 3576
-273 511
-1726 980
2649 3202
489 3626
3197 1415
-2628 1984
-4255 1629
-1916 3394
2233 3425
1861 6498
-4112 4670
-1938 6586
2423 5551
193 6680
-2526 3789
2623 5149
1553 1587
-1936 1908
1033 3079
1361 8787
3562 5606
1649 2243
225 794
4748 2009
-1198 5820
2646 2405
6483 1955
-222 -117
-1787 -1898
-493 -2612
1409 4408
2060 402
860 -2972
-3303 -3379
-2565 -1930
3604 -1435
1723 1207
662 4375
-998 2099
666 -1923
4014 103
3158 -3292
-2066 -2301
-577 -2667
736 -2478
2139 -2714
-1603 291
-1134 -3133
3916 1297
-260 2337
-356 -1802
-4220 -2884
4181 3400
-70 3526
-3696 3836
-51 3141
-3947 -657
-3411 -914
-2289 -2306
2844 1469
-756 3438
-3407 1967
-638 1625
-250 -1290
3071 3271
-1557 1302
1113 4459
2565 4701
2165 -663
42 3830
-4085 1859
1260 4449
-1745 7754
-4885 3794
254 4357
-4933 4701
1158 8120
-3088 4727
-2437 7591
505 3106
-678 4367
2536 4415
2734 6879
2203 3681
-477 -1109
-248 74
439 2659
-1928 3715
5096 -1142
1839 -372
-2161 4061
2630 1146
-3593 4047
2603 3606
-3062 -3525
747 568
4220 -3138
3974 -2886
-776 1569
437 -2283
-1519 -2367
-1101 -1894
2143 -493
-1445 -834
2894 -2004
248 -2272
2876 1549
431 2338
-1785 -2182
-415 2545
-602 -2564
1071 -1633
3232 -2152
-314 -739
2887 1105
-1377 168
-3795 -371
3692 -1523
-1927 -2411
1649 509
-2435 2035
486 -2600
-3293 -1146
-1827 -1858
-2180 5047
-884 3340
-1351 4388
-1629 3546
-3174 2379
-1533 3214
-4076 -342
-1416 6991
230 1768
-644 2644
-86 3555
-1424 1809
2587 2570
-3967 1840
2337 2589
322 1799
-1272 2384
615 3824
-331 2203
-251 4665
-2378 -1304
5182 1462
-2354 2640
-1087 978
-2579 -457
3728 -1615
3820 -2523
740 -1013
-1583 388
-2563 543
2028 4072
3017 3563
-617 -1981
-1786 -2983
2603 -628
-2618 3081
228 -2849
959 -69
2233 -3353
1648 2242
-518 1778
-3364 -1765
-3989 2113
1264 738
1678 -1116
1891 2615
1860 -3459
-3613 4111
1806 1613
706 2046
2035 -1729
-2523 -2146
350 1352
-2705 2233
-1241 3401
-3854 383
-1594 -945
1267 -2130
2006 -2726
-1371 -910
-1302 -1763
3419 2724
31 5885
-1362 3633
3035 3107
-1063 6518
-4280 5576
-3856 6501
-2867 1713
1156 6419
-2697 3391
-1934 6769
980 5604
2670 1775
-245 -171
-3626 774
1152 4145
-2580 -1087
-2635 1688
-2867 5464
3477 1237
-2429 5261
1809 2722
62 2658
4100 2518
-779 2414
2311 4751
-335 1018
-4177 -2122
1803 833
1316 683
-3842 3137
3959 4177
2356 -2128
3362 4171
-3126 112
1468 772
-3944 4047
-3975 2914
-1125 198
2010 -841
-1743 2768
-332 1324
-822 655
-3266 -2432
-1182 -170
469 -2389
1037 2561
-3793 3101
-927 2861
-2178 3200
-812 2101
3577 -2255
-3204 -2934
1235 -1882
1729 5076
545 -1241
-96 4008
-3489 4099
2591 -1730
2856 5359
-3352 4331
-421 2285
-1861 -143
-1956 1614
764 6344
2986 5604
-2176 812
-2700 -191
-2932 1421
-3830 4000
-1095 645
-3672 1337
-1435 2444
90 5320
-3629 1787
2401 -517
3538 687
93 2171
1346 4540
3278 3145
-1746 636
-1541 337
50 -1324
-1183 3862
2636 -160
-255 -3287
626 722
-1838 2206
-73 639
-2648 -2162
-1733 1119
-1435 897
-3396 -1927
-3129 -3166
1555 -3958
-2070 -36
3151 3434
-914 -2240
-4227 -2261
1623 1309
-308 -1446
-2190 1950
3388 2305
4188 -1109
-2488 -1953
-1147 4567
-1805 -2863
-689 1795
77 278
-1884 4426
-1459 2770
-3120 1587
559 2895
-3529 -2279
-2958 4728
1010 4587
-932 -1538
-219 -2586
-558 1772
-1721 1579
-3667 -348
-4259 2222
-2944 -1071
1122 5640
-1102 4990
1183 -1971
-683 -818
111 -925
1266 -1017
-3424 1468
-2115 5670
1771 -1214
4316 4627
386 -2150
3805 1538
3962 298
-1882 2968
-10 2510
1832 4023
185 691
3211 1238
-3117 -418
2630 674
620 983
-221 88
-2530 3811
602 -2227
-2786 450
2956 429
-1645 -708
-37 -412
-872 1848
-2960 -2769
-1905 1354
-2145 1614
-2149 2198
3677 -1658
-3816 2838
-1384 427
2876 -1874
-1757 -1217
-2864 1982
-2625 -3077
2681 -425
3416 -3699
3951 -1294
-870 -834
-1931 3367
-3451 -3338
-3604 759
-2298 105
1441 3251
3092 1804
-367 -712
-4093 1755
1326 -3172
2072 4247
871 672
465 857
-2639 -98
-1333 5332
3386 3726
3439 3198
-3073 -1887
-2629 -1914
1913 -2163
-3319 610
2138 2803
-425 1465
3694 -2518
-2858 -2281
1233 344
-2463 3435
-3540 888
108 869
1799 -2760
-3626 699
2088 -2836
-4173 -1131
2413 -2339
3228 2222
-1456 -1354
-4038 4551
2921 1625
742 -3649
-4003 3278
2548 1518
562 -2279
-2953 -1377
-1496 -2364
-2492 1265
1183 445
856 3316
784 1379
-3704 3699
-4055 -362
3313 -1827
946 -1047
-2994 365
1024 -993
1471 2685
-3672 -1303
1090 -2205
1059 -238
1450 3938
2244 -1907
-261 4228
900 -3612
-2869 -2108
-483 3883
-3144 1537
3452 3573
-2865 1847
404 4403
-2433 -2764
1149 -1768
-1688 2272
-2997 -871
-1153 104
-3920 -673
791 -2489
-1685 2748
-3447 -1641
-3104 -2712
-1505 2545
-3658 -490
3688 -945
-1970 2347
1061 -200
-153 943
3588 1676
4026 -1292
-2432 -965
-2548 -2427
-670 -3447
1403 -3261
2706 1208
-422 4151
-2453 2534
-1708 2450
2084 3836
-817 504
235 1918
-4463 3440
-3483 -734
-3744 2104
3275 2987
2740 3019
-4505 -2857
-3042 2319
87 -1539
-1047 2567
-2296 -101
2440 -3443
-4244 2988
3143 2564
2510 -2177
1000 -2192
2368 -2765
3271 -3132
-1614 1393
-3413 -3246
-27 -1507
1605 685
408 4448
3809 -1878
780 -622
-2572 -3122
2159 -242
-3182 1847
1840 -652
-11 198
4007 -1866
-2029 -2999
-3515 3416
-3770 -222
-3663 2039
3835 -1528
-1102 2222
-2002 -2150
-965 -2571
-2039 3500
4024 3496
4012 1094
763 2219
-3561 -180
-2947 2871
2159 -3821
-3164 1401
-964 -1134
2412 -1174
-125 -2511
-3723 1538
-3284 -1207
-496 -2954
3193 -2552
1155 -1079
957 3470
2582 4131
-2450 -234
-2035 2556
174 -2691
-2599 3731
-1718 165
-1580 917
-3950 -3386
-1060 1398
-3375 3796
902 2266
-1070 2134
3651 -988
1524 2636
-2944 -2107
1650 1755
-3004 2022
-4414 -905
-1945 -1021
-1531 549
-3893 2085
3177 543
3172 4275
-3587 -2686
-3329 -3431
-3611 1075
2232 -1764
463 -1019
2270 1409
-3603 598
-2385 3602
2780 4014
1061 2350
-1984 -686
-696 1179
2998 -3222
3347 -3521
-3521 -1113
4146 3900
-389 -507
2553 -766
1062 1267
675 2285
-2370 -3258
-436 -3896
-3264 556
-3471 -2029
833 3850
-3621 2779
-3607 1662
4551 637
-1261 -1473
-1208 1951
4357 -2373
-2412 -1608
-3222 -3541
2512 2909
1171 3495
1445 -2125
-252 78
-3777 -2563
3295 -1409
-4498 481
2936 2218
-2992 -2723
-2186 -730
-4038 2006
-4239 327
433 -1729
2792 3549
-236 1780
2297 -3900
23 -82
313 -915
-3456 -1756
-424 -3899
2144 527
3339 -1835
-509 -2154
-2752 -573
37 1046
2771 1625
3523 -3432
2965 3390
3664 -518
-2145 311
1646 -347
2182 -3307
2841 -2438
2329 166
-248 424
-2110 -3404
859 3949
2700 2671
-807 516
-2165 3728
-784 362
3982 2099
-2723 1501
2051 990
-104 -4047
3251 2404
2919 -3112
3147 921
4357 -3824
2547 -3013
3851 -3237
3757 103
4328 3117
-2001 -2184
1663 -3225
-310 3222
11 -3561
1402 867
-1190 -2344
-4226 3573
-2111 -3946
3328 -2773
2763 3545
2564 1288
3331 -2855
1899 1179
-2084 -1635
2221 -637
0 -862
-2232 3814
-722 -2135
-909 3496
1792 -1897
2781 3612
1838 -997
-2218 -2105
1902 -2468
-3047 2767
-1593 2378
-811 -3496
-3885 2838
-578 2036
-3423 3312
593 -2036
-865 3955
-1387 7
3937 3250
-3405 -1824
-2484 -1404
-2634 -1588
-1370 886
179 2373
2251 -1431
-3115 846
3827 188
-1194 2733
-2030 -2294
2694 2927
-112 1645
-734 -1702
4240 -4134
-2177 2591
-534 588
1580 -609
-986 2785
2528 -947
3171 3347
4187 -4480
2626 -4462
3815 162
-3173 -1843
222 3328
528 3635
-3528 -1648
-428 -1627
-1219 335
2588 -992
-299 -36
3329 -3854
3567 1222
-3448 -474
1337 -369
-1158 2211
1269 -3646
-2947 2651
-3754 1457
-2430 1503
-4159 -3304
-2374 -3925
-1943 21
-1411 2099
-1116 2357
-3790 -294
2265 2085
2828 -2702
2183 1501
2952 3807
-558 -3578
417 1858
-3423 -1465
3438 -958
356 -4148
-689 1306
1680 -2704
-3864 2498
-2475 -329
1605 1052
2962 3563
-1775 1756
3715 1265
2626 -2081
370 1339
375 -2101
-3250 1978
-2853 -1619
-2967 3150
-493 -699
-351 598
-3341 -4062
4423 -2262
-3105 3140
255 1409
3625 -3886
-2506 -2471
-3237 -3075
4276 2470
1602 -493
936 2833
-1827 -1138
3495 1834
3132 -3219
1626 -848
4304 2832
3580 -4575
2498 -2370
2745 -3625
3957 -297
1316 998
250 674
830 -3708
2137 3533
-4192 1530
1019 -1862
1856 796
-2689 -1936
2979 -2174
3288 936
3138 -64
3389 1717
-2033 -2173
1879 -1194
1402 3213
-157 -1805
2622 1939
-1069 213
1664 3984
3483 -1944
-400 -81
-353 873
3479 -4201
1391 -1880
-1792 -3100
-181 -2747
1941 -3402
-369 4187
-3083 2910
-2661 456
2563 3872
3307 2890
-1977 -859
1392 4095
345 1146
-986 3242
-2418 -3444
2092 -1386
3635 1917
-170 288
634 2468
-1406 461
-401 2750
-2558 1340
620 -336
-1484 2944
3116 868
-1395 -2894
2920 2026
-1881 2041
1480 -36
4086 1216
270 100
-870 -2718
3182 -3339
3277 -1500
1265 374
-1498 -3169
-2279 -781
-195 -1044
-487 -666
-1300 -79
-1068 -3160
-2177 3465
3373 -2387
2974 -3041
22 2222
554 -3390
-3876 921
-2815 -1463
-1575 481
998 -357
-4458 -396
2791 -1823
1293 3150
-4105 -4127
-4393 2165
-1970 3363
1788 -3186
-1244 -4125
-1915 1224
3339 -311
-2006 -3867
-3344 -1135
2540 3175
-1220 903
-2783 -834
-2756 -1611
-3477 -3984
1260 -1145
2078 2636
-80 736
-2048 -3134
-1636 2184
272 -2378
3932 -1275
-227 -3173
2471 -430
1092 3105
-3720 -3214
-3348 3526
3667 467
-617 -2058
3116 1017
2321 -2343
-3259 2863
-2006 -2731
940 3363
3734 3212
3822 1250
-1125 -155
2302 1102
-889 -155
567 -3408
3153 -1769
4108 480
-3987 1557
1146 -3484
3084 3222
-1941 2344
-3766 1569
2096 658
-1320 -3142
-2414 1162
-578 2071
2052 -3889
777 2624
2214 2333
-2213 3084
3399 114
1028 3191
1606 2185
-3552 -2355
170 1064
-4405 3057
-529 3824
1631 3762
-2 1286
2630 2359
-3084 719
-4454 -3949
2065 -1767
-1896 3988
3903 -1532
-255 3394
-3132 3531
1924 -2384
1140 -3474
-837 2730
-957 167
3398 -145
-1508 2053
-3438 -1006
3954 683
2297 -351
-3464 335
-2701 -1384
-341 -2910
-2516 -3906
-1406 1757
4120 -1978
2091 -2081
-3213 -3464
2832 -400
-235 -2301
-1061 1047
2 221
1105 -4218
-2734 3080
-3362 3443
3735 -2769
-3118 -3845
320 2619
1617 -2659
1052 -4241
4233 2017
-2555 432
-2801 3211
47 -3848
375 3231
-1650 782
2205 3623
-3919 -2381
3500 -542
3179 3582
-2605 1684
1608 -170
-2074 2356
1496 -3666
2946 -3739
-3470 -339
-1630 -2423
1800 891
1023 -1777
-3554 -1525
-3904 -367
1651 -1799
-3931 32
676 2931
-1741 2174
176 770
1310 2014
2904 -1243
-3331 165
-1573 -2937
2496 -3627
-671 2529
183 -775
1077 1641
4112 2983
3592 1033
2961 -2617
734 3481
1261 2869
3846 -1563
-1040 -1844
-3060 1673
-1406 -4253
2335 3411
-2696 314
-2205 -2872
-1507 929
-367 1236
3952 -429
-1192 -1939
1095 1220
4051 1854
2704 -3250
3936 3425
4100 -182
2258 3017
591 1290
2438 -3512
3056 -3310
3021 -2627
-3930 3554
2795 866
-3748 2017
-1877 3730
3767 2502
-3683 2898
3241 998
-1536 3757
3184 -1743
-777 2550
-1877 3193
-1615 -3729
190 679
-1080 1620
-3073 20
1862 -460
-4376 -922
-2520 -2744
-1023 -4173
1885 3740
-4042 3304
-2515 2
1755 -3078
1568 -1755
1706 1304
-1761 27
1086 -92
-3598 -1492
3245 1158
3417 -1197
-1862 -2871
-336 3949
2073 2837
893 2398
-1183 -1520
3989 47
27 -2035
404 -715
-387 -2933
2214 3574
1776 -3951
-3654 -841
-1060 594
-3704 1917
-3160 3706
-3025 -2085
202 2201
173 -1114
2636 2720
3161 1318
4104 -898
1761 892
2019 -2438
1793 233
-1372 -4190
2797 -4505
1421 1389
4117 2496
-3786 1648
1483 -705
-1920 -44
1870 1701
-835 -1590
-2445 1435
1621 250
-2368 1457
-826 -1347
-844 -610
-1254 -3985
-3657 1392
3523 -541
297 -2823
-3388 -3406
-517 -2373
-205 -4301
-2006 3040
-968 -1602
-2455 3507
2885 -2972
-453 -2196
-2803 -1619
-3104 593
1064 -995
-4445 1600
1160 3029
-1863 1255
1059 2441
1867 3956
-2218 -695
-418 -1430
-2310 -2013
454 1570
-3675 2371
-2160 771
-1092 1850
2756 3490
-1710 -1993
-2014 1166
1156 -2316
-2849 -82
3303 1195
-3452 2182
-3002 -3369
957 3636
1529 -4353
3089 1127
3480 -1562
-525 661
495 -3972
-1006 -3212
865 -3939
-3130 2045
34 2604
-1410 -1996
48 -4073
2807 407
-502 -789
1130 -249
-3325 1543
135 -236
355 1245
1222 -2945
-676 -2769
-1954 -2257
-1412 1696
923 -2843
3399 -119
439 -3517
417 -562
1266 -677
1712 -1221
-2484 -314
-208 -711
-4257 -733
-4309 -964
1253 -3152
984 -240
130 613
1815 2642
-2505 895
-1864 -1783
-2365 1522
-2213 -864
811 3697
-2294 -1767
-3685 2856
-3804 -1453
2854 -2120
-314 -1569
4360 -2866
1017 1933
-154 -1235
-3523 -3624
4211 -3407
633 2000
1354 -2964
766 2278
-2073 -4344
-1023 -1001
3834 -3489
506 -2990
38 3627
1065 -1664
-3012 -4349
-793 923
1941 1467
-1304 -3492
3717 -2212
2983 1889
1070 -2530
2332 -3095
-3748 97
1088 3580
-2361 -2836
-2676 -4158
-904 1121
1707 -2731
-2149 -1824
-3584 196
1703 -1320
-2677 559
2520 3577
2456 3110
3511 278
818 -218
264 -1325
-3597 -4230
1295 2856
1547 -2775
-4573 -3218
2950 -36
-2699 -3402
3303 -638
2207 -1275
3065 -433
-1534 -2534
-3016 -3679
3630 690
-3203 2547
-637 -1361
1162 -1667
3093 -2473
-558 2400
-3787 523
1075 3792
-627 -3387
-2377 2595
-330 -1205
3491 -4210
1292 270
3482 1656
563 2659
668 -438
-2576 -322
3471 -482
3016 908
-3134 -1831
-2161 1075
3847 -2828
3754 -4360
-3723 -3765
-3476 -1057
-859 -1931
-2361 -4275
2884 1575
543 2652
776 2229
583 -1203
1600 3530
-608 2319
292 2420
2291 -255
1124 -1767
4017 -3404
3058 1696
2956 -1112
446 -3914
204 -2796
-1680 -1386
3094 2930
-1239 389
3191 305
3787 181
-3899 -3274
2389 -2907
-4450 -972
3418 -3718
207 -4208
-3991 -2175
2288 2829
-189 2722
-1653 -567
-2708 -3532
-2267 939
1725 -235
-1470 -4012
-4158 3481
353 2571
3116 635
424 -2484
2247 -1765
2656 -1496
-670 -700
-1477 -1199
-2989 -241
3250 3115
-2959 898
-3104 -174
-86 1547
4342 2798
2758 -1444
-189 6
1056 3462
3035 -3268
-1659 1800
1804 150
127 2781
-1440 -1985
-2319 1561
-64 1956
-177 -4184
3023 621
4000 2486
2300 1977
480 -102
3491 -475
-3311 450
2562 -802
399 2678
-874 -3231
-3816 -180
-2577 -4198
-3715 -3030
-2378 -31
-3059 -2790
-46 -186
1662 -847
2247 797
2250 -3817
-2870 1009
-4088 -3518
226 -631
-355 -2126
1870 -1732
2149 -1792
-1855 -642
-3961 1707
-1309 -439
-1095 3700
-4375 -165
-3250 -3605
879 -4349
-2511 -3032
2929 -1984
1077 1720
-528 -2159
-2788 661
910 -4161
8 1501
-1446 -623
25 -813
1741 -3757
-2010 -3217
-3150 3161
-2602 853
-2935 321
-438 -1710
3604 3544
2385 -962
493 -4365
3871 -4155
-3420 142
-3619 -968
3031 3396
4033 1533
-1604 -2531
2689 -370
4337 346
2153 -3423
3161 731
374 -1860
-3288 1234
-2999 2495
1859 -4040
437 760
-2085 2698
-2472 -4276
2519 -3948
1671 1020
-3123 -1428
2236 -1247
-2933 2375
1477 -1453
2362 -3845
1960 -3259
-2110 -1756
-382 -4239
-3708 525
2349 -2116
-4336 2582
-1982 -3202
3793 1510
-4190 2992
-3107 -752
-2860 1624
316 3684
-2607 386
2395 3516
2037 -3402
-4204 -1250
-862 -4299
1214 -2105
-2839 -4241
-1410 1650
-3847 -1652
-3569 -2515
1710 -3120
3183 -1197
3190 -4204
4149 -3220
-3503 -2099
-2333 -1564
-1546 2391
1538 3179
-2862 -2524
1489 -4340
1781 655
2496 -1185
-2212 2555
2386 -2941
1767 -551
4316 -3322
1868 -602
313 -2382
2769 2021
-1855 -3019
-2833 -3594
-3015 2165
-2946 3595
1774 -2642
1638 -1799
-3098 -350
1390 -1220
4022 2709
-780 1903
-1257 -3586
4046 2322
2019 -2120
3369 2041
3661 -3697
-617 2683
-1970 3637
711 393
943 3542
1208 -2741
-3645 -461
-3872 2560
-1814 -4241
-3340 2494
2216 1159
-4018 -3569
-2544 -129
-1729 2320
2355 283
1396 -515
3308 -2865
-1805 -330
118 3358
-2184 2091
2080 -4344
3084 -3015
3276 -2833
-2319 -2090
-508 818
-3493 2864
-3782 931
641 1467
-3688 662
-2729 -185
-1377 1569
3632 3116
-2103 -1175
4187 3704
756 -2262
-3359 -420
-1260 -341
464 -2665
-2102 -1755
-1686 -132
-3281 -2447
774 -2869
1265 1968
-3715 2256
-1563 1464
3002 607
3163 641
-3699 1815
-1914 -3886
-624 -3297
4366 -4124
2977 1460
4204 -3198
460 2822
3146 -594
-997 427
-440 -2658
-1986 -98
-1205 -4272
1329 1338
-3711 1851
1163 -4212
-2552 -4431
3956 2558
-176 2941
-1610 -2748
-2615 -2490
-626 -3730
3192 444
985 -1393
-436 3714
-1557 -908
-759 2146
1096 -2276
3381 -4410
-4091 -3916
-1238 -3919
-1344 1957
-150 -1461
1791 -2964
-4329 -2983
-2735 2744
1949 2731
893 -2452
3005 -2791
-691 3468
959 -762
681 -576
0 0
0 0
0 0
0 0
0 0
0 0
0 0
0 0
0 0
0 0
0 0
0 0
0 0
0 0
0 0
0 0
0 0
0 0
0 0
0 0
0 0
0 0
0 0
0 0
0 0
0 0
0 0
0 0
0 0
0 0
0 0
0 0
0 0
0 0
0 0
0 0
0 0
0 0
0 0
0 0
0 0
0 0
0 0
0 0
0 0
0 0
0 0
0 0
0 0
0 0
0 0
0 0
0 0
0 0
0 0
0 0
0 0
0 0
0 0
0 0
0 0
0 0
0 0
0 0
0 0
0 0
0 0
0 0
0 0
0 0
0 0
0 0
0 0
0 0
0 0
0 0
0 0
0 0
0 0
0 0
0 0
0 0
0 0
0 0
0 0
0 0
0 0
0 0
0 0
0 0
0 0
0 0
0 0
0 0
0 0
0 0
0 0
0 0
0 0
0 0
0 0
0 0
0 0
0 0
0 0
0 0
0 0
0 0
0 0
0 0
0 0
0 0
0 0
0 0
0 0
0 0
0 0
0 0
0 0
0 0
0 0
0 0
0 0
0 0
0 0
0 0
0 0
0 0
0 0
0 0
0 0
0 0
0 0
0 0
0 0
0 0
0 0
0 0
0 0
0 0
0 0
0 0
0 0
0 0
0 0
0 0
0 0
0 0
0 0
0 0
0 0
0 0
0 0
0 0
0 0
0 0
0 0
0 0
0 0
0 0
0 0
0 0
0 0
0 0
0 0
0 0
0 0
0 0
0 0
0 0
0 0
0 0
0 0
0 0
0 0
0 0
0 0
0 0
0 0
0 0
0 0
0 0
0 0
0 0
0 0
0 0
0 0
0 0
0 0
0 0
0 0
0 0
0 0
0 0
0 0
0 0
0 0
0 0
0 0
0 0
0 0
0 0
0 0
0 0
0 0
0 0
0 0
0 0
0 0
0 0
0 0
0 0
0 0
0 0
0 0
0 0
0 0
0 0
0 0
0 0
0 0
0 0
0 0
0 0
0 0
0 0
0 0
0 0
0 0
0 0
0 0
0 0
0 0
0 0
0 0
0 0
0 0
0 0
0 0
0 0
0 0
0 0
0 0
0 0
0 0
0 0
0 0
0 0
0 0
0 0
0 0
0 0
0 0
0 0
0 0
0 0
0 0
0 0
0 0
0 0
0 0
0 0
0 0
0 0
0 0
0 0
0 0
0 0
0 0
0 0
0 0
0 0
0 0
0 0
0 0
0 0
0 0
0 0
0 0
0 0
0 0
0 0
0 0
0 0
0 0
0 0
0 0
0 0
0 0
0 0
0 0
0 0
0 0
0 0
0 0
0 0
0 0
0 0
0 0
0 0
0 0
0 0
0 0
0 0
0 0
0 0
0 0
0 0
0 0
0 0
0 0
0 0
0 0
0 0
0 0
0 0
0 0
0 0
0 0
0 0
0 0
0 0
0 0
0 0
0 0
0 0
0 0
0 0
0 0
0 0
0 0
0 0
0 0
0 0
0 0
0 0
0 0
0 0
0 0
0 0
0 0
0 0
0 0
0 0
0 0
0 0
0 0
0 0
0 0
0 0
0 0
0 0
0 0
0 0
0 0
0 0
0 0
0 0
0 0
0 0
0 0
0 0
0 0
0 0
0 0
0 0
0 0
0 0
0 0
0 0
0 0
0 0
0 0
0 0
0 0
0 0
0 0
0 0
0 0
0 0
0 0
0 0
0 0
0 0
0 0
0 0
0 0
0 0
0 0
0 0
0 0
0 0
0 0
0 0
0 0
0 0
0 0
0 0
0 0
0 0
0 0
0 0
0 0
0 0
0 0
0 0
0 0
0 0
0 0
0 0
0 0
0 0
0 0
0 0
0 0
0 0
0 0
0 0
0 0
0 0
0 0
0 0
0 0
0 0
0 0
0 0
0 0
0 0
0 0
0 0
0 0
0 0
0 0
0 0
0 0
0 0
0 0
0 0
0 0
0 0
0 0
0 0
0 0
0 0
0 0
0 0
0 0
0 0
0 0
0 0
0 0
0 0
0 0
0 0
0 0
0 0
0 0
0 0
0 0
0 0
0 0
0 0
0 0
0 0
0 0
0 0
0 0
0 0
0 0
0 0
0 0
0 0
0 0
0 0
0 0
0 0
0 0
0 0
0 0
0 0
0 0
0 0
0 0
0 0
0 0
0 0
0 0
0 0
0 0
0 0
0 0
0 0
0 0
0 0
0 0
0 0
0 0
0 0
0 0
0 0
0 0
0 0
0 0
0 0
0 0
0 0
0 0
0 0
0 0
0 0
0 0
0 0
0 0
0 0
0 0
0 0
0 0
0 0
0 0
0 0
0 0
0 0
0 0
0 0
0 0
0 0
0 0
0 0
0 0
0 0
0 0
0 0
0 0
0 0
0 0
0 0
0 0
0 0
0 0
0 0
0 0
0 0
0 0
0 0
0 0
0 0
0 0
0 0
0 0
0 0
0 0
0 0
0 0
0 0
0 0
0 0
0 0
0 0
0 0
0 0
0 0
0 0
0 0
0 0
0 0
0 0
0 0
0 0
0 0
0 0
0 0
0 0
0 0
0 0
0 0
0 0
0 0
0 0
0 0
0 0
0 0
0 0
0 0
0 0
0 0
0 0
0 0
0 0
0 0
0 0
0 0
0 0
0 0
0 0
0 0
0 0
0 0
0 0
0 0
0 0
0 0
0 0
0 0
0 0
0 0
0 0
0 0
0 0
0 0
0 0
0 0
0 0
0 0
0 0
0 0
