4265 -391
1589 2161
-2285 -4109
-678 -3665
-3921 1566
-120 2513
-951 -822
-1001 -975
2940 -4205
-1775 -398
601 3867
-1122 -3079
1350 2466
-2809 -499
-888 -2367
788 3844
-1282 1632
3602 3701
921 -4021
-2053 1472
1712 903
-3945 -869
1469 706
1763 2974
371 -1889
1491 -2354
-2196 -2283
671 -4296
281 3558
-1301 734
3262 -422
-3191 -2105
15 524
-1995 -2625
-591 1633
-1752 902
2013 1496
-2851 1067
-2371 -3083
1112 1614
1708 -4212
-2426 2764
1952 -4115
-1967 -978
3740 1020
-2239 980
3022 -4004
2235 -1452
-3945 823
3337 3174
939 -2022
-2485 2822
2271 -3217
-845 -2082
-3851 3104
2115 -632
-447 906
-1398 2636
1565 -2698
910 2018
0 -2210
-763 -4182
2206 1510
-3024 -2779
-1361 -4035
-126 -3015
2938 -728
-2121 1865
3625 -2590
-2162 -3964
3127 -2076
-476 640
2762 -1724
-2827 -3215
-915 3317
3326 -1152
-2045 -1410
1057 -1239
1060 -2618
-80 -305
-2810 3000
-3134 2685
-302 18
-3524 2828
-3260 -1311
1345 722
2673 3362
-2487 -2607
2458 46
-1801 -2688
3853 3549
-250 -3086
-1330 368
-2670 -3962
-2947 -290
1041 -1698
2234 -3394
208 -3306
728 -3060
-3455 -1337
1638 686
3833 -2786
-198 3223
-4001 2903
-3469 -1410
-507 -3604
1038 -420
-4097 1001
-4063 881
-570 2971
901 2671
2059 3132
-2291 -2334
-2869 1976
-3319 899
-3832 1408
-216 -1794
2443 3555
-2270 2694
-3007 -3115
-3146 2741
3841 1485
253 -3748
1998 -3204
3795 -2500
3775 -1270
-3651 -1331
3051 2711
1629 2505
1210 3085
1234 -2782
3595 2024
-985 3198
-1453 -3767
187 -418
-404 -3268
-67 2365
1700 -4220
-2809 3013
-898 -1847
3599 -4227
915 -818
1650 -1600
3719 -510
-2864 168
3838 -2511
-2064 -388
-1120 -3201
-333 2806
-2380 979
-2899 -871
-3123 1159
-3964 2978
-1937 -2766
2252 792
2508 -3401
1759 -3314
-2933 2314
-3608 3530
-724 -747
3698 2460
1319 -1808
-1097 1651
-1071 -2564
-1865 2589
-1004 -1442
-2527 2530
1249 -1878
-3936 -1021
242 2392
1364 1341
-4142 -470
-70 2844
-4017 -1970
1294 -1055
-13 2199
3762 -1594
-1936 417
-3606 -2109
3586 2225
3860 1402
410 4003
2927 -820
1264 3609
1779 388
2412 1907
2682 -423
2907 -1817
-280 3146
24 359
-632 337
-1507 177
-3519 -3257
4252 -2033
-3457 -4227
-1504 -2805
1300 -2295
2499 -868
165 -3325
1672 2059
-3011 -1605
-2365 -2032
-1643 1055
-2416 -4020
953 3059
60 3906
-2186 -536
-1550 1806
3973 1983
3968 1463
-1561 3532
1042 -1202
513 -761
-1679 756
-2305 1388
2441 -3834
417 1856
619 -651
2141 1460
3171 -3374
3533 -3626
-2782 3700
-1043 -738
-155 -1320
-3504 -1462
-129 -965
-2082 2055
-2858 567
-3322 -4184
-1250 -2447
-3783 3239
1680 3845
-3629 -2165
2865 3304
3378 -3003
603 3767
-20 1466
-1354 1631
3479 -3363
216 428
-869 3338
4273 3661
-2010 -430
104 -1865
-1176 -1919
1688 -2184
3662 7
-3781 -4161
207 3158
-33 1848
-2022 3598
3565 2953
-606 -1773
-3118 -4099
941 -993
3858 -1082
-2280 720
-3779 -2719
-307 -2910
2339 2357
3171 -3910
-2799 -444
-89 -416
1199 -2499
2231 903
-28 -1810
3551 980
-2946 -4260
46 1925
3357 2650
287 3407
3627 2478
3154 -1226
-2123 -2052
2502 -2127
535 -113
2212 -2563
428 1376
3228 2005
-2393 386
-3384 1102
-2128 2599
3570 2305
-3370 -2560
-1858 -152
-279 723
-98 3461
806 -2165
-448 2646
-1338 3687
3097 -986
-3750 2773
-2588 2087
-3455 -1551
-3697 -3570
2928 961
-73 -3859
1894 4037
3542 -3503
1849 1361
1242 337
-3604 2735
3382 2397
-2883 1883
624 -3332
4023 281
2644 863
3091 1442
925 2847
-2026 777
1385 -1760
3590 -387
-834 -863
2498 -2173
-320 -3634
-3833 -2097
-4001 -5
4026 -3477
-227 217
-361 1876
-219 3722
2589 -25
1346 -3269
1806 2438
-347 -2068
-1340 -1258
140 2586
-2972 3839
3165 -527
2768 856
1750 1232
4066 3055
-1221 -4049
2059 3333
400 -1450
2510 -3863
-3419 -3015
3668 3097
2165 -273
-318 40
2943 3377
-3586 -193
672 707
1645 2291
1956 -1317
54 -2801
-1737 -3455
-3197 758
2805 2863
2974 1283
2343 3101
-539 -3444
291 -3549
2515 -1905
-2086 -1914
-1638 -1567
-2626 -941
647 -446
2608 -3387
-1846 -3545
1938 -338
-6 297
2932 1780
4194 1127
-1463 -1150
3549 -2619
-1205 -3999
-986 -593
4024 -115
-1524 -2112
109 -990
-496 1456
-2618 3669
3645 -366
1786 -3389
-3214 443
-2831 -1440
-2272 688
2819 -2733
-2366 1150
353 -4010
916 2196
-1338 3606
-2052 3684
-1767 1303
967 -3021
-836 3154
-913 -3257
2780 -650
-2649 -1059
-3641 2204
3415 -3215
-2863 -1363
1031 3141
-1041 1632
4036 -1496
1486 1159
-3815 -1446
1343 -1628
2164 1666
58 -1442
759 -3114
-1790 1469
1647 958
-3137 4021
-3153 -968
3874 2090
-93 -1345
-3277 3523
-3088 -1175
92 3598
-3642 -3128
3736 1616
-3338 -649
2879 -1002
-838 -3589
-3884 -3536
-2178 2581
-3686 -2183
2194 -899
-254 -715
94 2398
-396 -1203
4197 465
-3531 1571
3624 -3992
4205 -1542
-501 -1979
1357 1106
-225 2736
1286 2036
2098 2510
-2814 1829
3545 -3790
-717 1943
3119 3271
-3277 1301
452 3581
1709 2861
-3029 -1313
-627 3936
3759 -4013
-1739 -3422
-1529 394
-3050 -182
-2740 -2091
-2802 1525
-3170 2700
-2155 1136
2785 303
580 1512
9 361
3461 650
1925 3947
3809 2345
-2175 2572
-4052 2069
2001 -27
1566 190
-804 3975
-3171 1802
1498 -2379
-620 3300
-1220 -3129
-2727 -2581
-2403 -3589
165 810
-2925 599
-816 174
-2464 -2091
-2564 3741
1471 -2313
-1163 -1629
-3417 -610
1675 1205
-2206 -3495
3311 -635
-3547 -2387
-3509 -2598
617 -1439
2023 -2567
-2521 1242
3527 -3446
3672 404
703 2807
-1594 -3523
1725 -2800
-2784 -982
484 2563
1963 -623
-3625 79
2733 937
-1398 1298
-3785 2724
153 686
-342 -3848
-591 728
3099 -146
1289 2188
1517 1882
1499 -1993
2474 3060
-824 -3001
2418 -2715
731 -1728
2129 -479
-1056 486
2985 3576
221 724
-3736 2015
1661 -2449
1885 -1913
-1725 1362
-3737 -563
2219 -848
-1419 -3913
-2672 -2336
634 305
2058 3109
-3085 -1476
-2773 -2671
-745 1103
697 961
-3641 -974
3535 -3985
3960 3162
2960 -525
-2914 -4009
-1690 -4069
-1475 -2430
-2863 -1720
3097 -628
2182 -3802
-3878 2102
4246 3809
-1326 1408
1586 -281
-3532 -3633
-1108 -3328
-3672 2460
3705 3277
-2124 1035
-3250 -4093
-1598 926
-3261 418
3249 3395
2102 3374
3241 2764
-229 1844
4255 -2170
3845 592
-1115 826
-3661 -670
983 -2125
-4178 2349
-2463 3143
1 -1489
-3324 -592
433 -716
3411 1868
3987 -3588
2168 2893
832 -429
1772 -2036
-20 157
-2963 -99
1815 2805
-3350 -276
1591 -334
2236 1917
-1789 -493
3021 -839
2432 -4127
2875 -2462
1935 1715
-4162 -599
295 1636
3230 -1175
-1441 -2278
-2330 -1982
3680 -2964
-2127 286
-885 -929
-3500 3706
4035 -2460
-1853 1695
3788 1882
536 1394
1940 -3323
-1330 -3632
2760 3618
-1047 -2736
2155 -2867
3571 -798
2006 3976
847 197
3245 460
-3003 -3545
-3071 -471
2294 1434
649 1268
2687 1324
-2385 3626
2268 3204
4296 3451
897 -486
-2397 -1836
3051 -1831
-563 1467
-767 1391
-2360 2289
2160 3320
2158 -48
1928 -2423
1951 3748
-399 3068
-3724 184
-1976 -3636
-17 -501
292 -349
-1532 -3727
-1950 2252
-2466 3159
-3611 -2504
3971 -635
-261 -3954
3371 3177
219 2262
1854 -349
1064 -2200
1755 3687
3845 -1653
3327 -389
-563 378
1314 1741
3315 2225
841 884
-2263 413
-2743 3875
-1864 1959
-1458 3152
-3778 -3462
-3916 2847
-713 -3911
1449 3074
1106 -660
3875 -2699
3558 3055
397 -101
1344 -433
-1889 -118
-1270 -2849
-134 -2361
2374 -2708
4020 -2331
-1802 2654
2695 2187
3490 -149
4124 3101
1221 -1303
274 -1368
-647 -3180
3460 -452
-2799 3569
-1968 -475
-3200 -1240
1371 -2341
2332 -3807
-1834 -2455
554 2262
-896 -779
-2864 -3394
3120 -2056
-2302 -3603
2547 671
-4091 1256
-2359 1633
3880 -506
951 2813
3271 -1991
1294 -4212
3959 -1139
1701 463
-894 1811
1841 3482
-2333 -2898
1736 2671
1519 1912
-3292 -223
-2183 3431
-3552 140
1273 -1821
-3333 -210
2486 -3760
146 2958
1563 -3413
-4083 -2986
-2764 379
-4107 1858
-994 -420
-2441 1995
-2817 3367
594 -2676
140 -2471
628 -5
2618 2597
2463 2638
3183 -2916
1322 269
-470 -3067
-105 2722
1280 -3263
-3334 3961
1217 -1523
2591 -247
-1442 550
319 3163
-434 1179
1471 -1231
3856 2969
-784 145
850 -3011
1383 3141
3794 -279
1177 3871
-3791 -3953
1927 -3194
3946 -4195
3264 -3432
-3828 -1994
-2239 -2235
900 495
440 -482
833 1673
3291 -3116
1911 -3112
2170 -558
-3473 971
2843 1591
-3115 2717
-1288 953
-3805 1181
2004 3632
1498 -3926
-2117 -3932
3938 -2088
1138 -3908
-1620 -3471
-2513 -3641
3032 -3670
1733 1200
942 2736
3327 -2033
3059 2253
1535 2788
-2308 2997
1864 -1697
3203 16
2605 2839
131 -127
-1112 1302
3851 2740
-3229 -4028
485 -2071
2837 -1345
-2839 2240
-622 2651
3186 1188
1632 1605
1277 154
2931 479
-2789 537
4241 -1616
-3621 -3822
2725 3070
3189 -3065
-2944 -3957
-1370 -551
-3542 -2188
-2426 -1874
4023 -297
3414 -441
-766 -1884
2939 -3770
231 -3024
-172 -1889
-40 1869
-2935 -1077
2540 3151
334 -1923
2382 -3161
-1021 2291
-438 1039
405 209
-303 -3401
502 -4259
-4127 1387
3184 -3032
2355 3083
-3138 620
-3599 -4131
2764 1596
146 516
-2663 -2890
825 394
3455 -1300
3758 -589
-159 -3030
3933 813
-282 2791
3122 -2947
1637 1624
-7 102
-1768 1457
1072 1387
2412 2634
3679 3652
-4030 1031
649 288
-3480 996
-3537 2071
-2088 -970
-3502 189
-1913 -2028
3428 2417
-1635 -998
-785 2046
-527 -911
-1271 2351
-71 -2315
3683 4067
-3951 286
3814 -3534
-1757 1369
-362 3733
-1095 152
-756 -1959
2527 -3861
602 1599
2233 2475
774 1802
-1680 -255
2849 -2441
3747 -2356
-2085 2031
-3296 2495
554 140
-2661 1838
-3711 -3195
596 2900
-2884 -2209
1258 1517
-3558 -2789
3457 -75
-1056 -2095
3979 -195
-3330 1511
2918 -1056
872 313
-1099 -3807
46 -894
-3738 -3609
365 353
-1507 1903
2821 -3164
-602 -612
2030 932
4053 3278
-2074 -3230
-3559 -883
-2795 -4020
-2722 2555
-962 2372
-3333 1376
-3704 966
1544 1848
-3371 -3271
-1721 2241
-2360 729
-1443 154
449 -3893
-1224 332
-716 1999
-2720 3892
3163 865
439 3877
4247 748
-1137 -3196
3703 2551
2736 3745
432 1585
2550 2881
4038 -2588
3759 2443
4029 562
102 -692
-2051 1466
-2066 2547
-426 -2665
471 -331
4248 1931
1970 2520
-1442 1188
3541 2751
95 -1993
-2313 -2237
3902 -1588
298 -3665
-2288 1570
-3636 -634
-1350 -1676
2476 -2096
-87 -2527
-4109 3222
2824 -3031
855 348
-1832 -1578
-3312 -2916
-2533 -4216
1079 1911
3843 -2757
-13 3705
1062 968
2934 -2714
1832 -4104
1845 -2553
-2182 2147
3763 -834
-134 3157
2875 -3978
-2596 3136
1164 695
-1207 1696
-625 -1533
-641 2506
163 922
1758 1024
-1695 2872
495 2876
-1389 847
-157 3020
276 2306
1459 -326
3267 245
3424 -1283
-345 -3979
-2501 -2901
-2532 2372
76 -2595
3551 2456
-2167 2368
-2574 -3730
1013 252
-2830 422
50 3735
-3747 3228
-605 3483
-1405 -416
868 -1325
3852 -134
-683 795
-918 2825
-15 -446
-747 -1289
1307 -3107
372 -1550
1292 1994
-2195 -775
-3264 -1892
-3488 352
-3482 362
-997 1269
-3286 930
2672 -3325
-2129 -58
74 -3857
3245 -2660
-2257 2641
3951 3640
1367 2951
-774 2200
-3473 -848
690 2069
-1548 -1161
263 2541
-2247 1304
-1541 -3962
2130 -2152
-2389 3491
-3424 -1208
-1457 -3751
3373 -3323
3701 2575
-1034 1329
906 -1502
-2774 -1541
3074 148
3241 3212
-306 60
-2926 -127
-1006 2707
3366 1063
-2399 -3307
2079 3910
990 4110
745 2275
4224 2213
3716 -3049
2081 2422
1965 1660
-2434 -4065
-1473 -1558
-1374 2849
-1422 4013
3548 3203
-1207 295
-3868 27
1349 -2608
-1952 2561
1138 -324
1511 -3595
-843 2088
-372 -1641
935 -2632
878 1704
3061 2759
-2776 1096
-887 -3294
-1183 457
2165 -1151
501 1301
-3103 1184
1183 -3186
-2309 -3669
1676 -3672
-1028 223
-867 3389
-1837 -3726
1697 2008
2921 1316
-1676 -2902
-1561 2564
1674 -2308
3755 2160
2132 -1624
-2724 -899
1954 -2216
715 1422
3955 2613
3836 -4116
-1317 1460
-464 1090
-1949 -3493
-936 1818
2498 30
-4164 -2751
-2191 3056
-184 -100
-1858 -1144
-157 1294
-1848 -3407
2911 -2080
765 -3711
34 1798
2396 -1529
-663 1240
2929 3528
4244 -2187
-3867 -3006
-894 789
1614 -3492
-3248 2458
4155 3802
-1129 -1905
348 1106
4130 3786
1072 -1936
1811 3698
592 3871
1248 -4144
3706 3601
-1801 1968
-2537 3681
3070 1550
1542 843
-2659 2091
-1681 -4204
2584 -4036
-1308 3268
-4152 3327
-3751 1869
-219 3843
426 -2067
2858 -3547
3986 1598
2191 -573
224 -824
1239 -1881
-3593 81
2804 2041
3293 -3447
1610 -567
-2294 -746
2572 -3337
-302 2962
448 -1974
-2472 -967
2886 -3832
-1331 2746
1589 -722
-4006 -1138
1052 -3131
-4049 -3870
3307 2997
-1025 1263
1853 1903
2408 2848
-295 842
3156 2109
2947 -1786
536 2541
-2841 -1290
-2120 -1778
-3096 -3670
-511 -1739
-1287 1130
3569 1611
1774 2048
-536 507
-539 724
370 -2349
2900 2792
-1074 1331
2136 2928
-3838 -2467
989 -3222
-1755 2586
-2689 -3677
-587 3889
-3606 1608
1236 -1401
-2775 -2926
-462 26
1368 -2206
-1413 -1115
3160 2645
2170 -1488
4077 841
-2944 -133
2237 2962
-1236 -3410
-1653 1193
-1960 -54
-3360 895
-1592 1793
2994 3941
2034 -3507
-3315 -2591
3584 -1099
3928 -664
-860 4066
3615 2877
-3343 -2932
3576 698
2292 744
3037 -905
2884 2234
-4187 124
2735 767
2930 1945
2589 -3486
-1969 599
2438 3884
3466 -2775
-2617 -1303
-373 2108
-2671 -4021
-3898 33
2599 138
-1014 -1275
699 2574
-3989 -631
156 3298
277 3421
1129 -3388
-636 4007
1710 4226
2356 3462
708 2229
-2831 253
2314 1638
4079 3645
-4001 -2427
929 -3907
2887 1486
2509 -2943
-82 3535
3264 3301
773 576
-2471 -2079
-758 -3306
3578 -1816
-1223 -3515
1548 3735
-2574 -152
-847 2994
3758 -3218
2229 -2865
-1535 1585
-3816 3664
-1191 1482
-2602 -1877
1619 1455
2983 -2429
-1333 1187
2675 -3559
384 3206
-689 -2133
-4117 3504
1573 -3270
-71 -2129
2556 3512
313 647
597 -3741
3792 -2180
-1933 -1584
397 1759
1389 -1206
-1427 3375
-1976 -1972
-4171 -3056
-2275 815
-502 885
2836 3455
-510 3198
-1240 1683
-3085 1692
2246 -2263
3197 928
-2441 2695
409 250
1806 -1231
-2050 1428
655 4043
-2457 3121
-820 -3728
-3117 -309
-169 1907
-365 -1639
-3171 -2062
-1278 -1837
1687 -2608
2214 899
-968 2963
3009 784
-387 -3163
2911 1254
2659 -1006
-157 -1181
3729 1786
2909 -1525
2058 -2807
-1616 -3841
-2923 2158
2774 558
-516 -970
3426 -1791
1352 2685
-162 -736
-3503 -1395
-992 -1935
197 -1227
2755 -3620
-927 -3750
3325 -736
2246 259
2087 -3464
-3322 -847
-2509 -2473
-1862 -309
767 -3710
-230 858
3917 674
3363 -3462
-3104 -2185
1662 2574
327 2508
2220 -3869
-2378 -2600
-2594 -767
1274 -3915
-339 -3024
-2208 -886
-1073 -3203
-154 41
-3840 -18
-3673 -606
1142 3407
-3820 1005
942 -2614
-681 184
95 -826
2141 936
1910 2485
-4007 -2126
-1047 -128
-2455 1381
-3812 569
-1810 2163
-3830 -1416
-1567 2394
-1921 -2107
-3278 1227
1624 -3252
4159 1377
2643 3272
-1541 -1072
2247 133
2715 -884
-110 3315
2126 -952
2691 -3201
1787 -415
47 2616
3922 -1933
1103 2989
3178 1902
1365 -3017
-3510 1996
-3921 -1504
2245 584
-80 2878
624 -238
-3724 -1668
3502 -111
-1148 -592
-653 1596
-989 -3074
1343 931
-581 -2379
1016 -3549
-2184 330
1935 -2834
1506 -3349
2644 -151
3092 3277
-2076 -2294
-4073 2305
1929 -3444
-797 -3600
1012 -2431
-3467 855
3014 -3432
-880 -2204
46 1336
-1404 -1469
3275 -2344
1697 178
1913 -2152
3278 -457
2948 3596
-2696 1482
2697 2215
-4004 4011
-2951 -1196
-2420 253
-1862 -544
1065 2435
59 -3763
2863 -3085
-2953 -2919
2079 -243
-2685 -2114
3881 2665
1118 -979
-3580 -2262
2469 -2680
3724 75
-74 -3891
3409 -1407
-1615 3955
-1033 -2982
-1908 -3774
-3798 2399
-2721 -350
-732 0
-391 -2068
-3982 238
-164 -966
1076 -2541
2023 1116
-2291 -1408
-2014 -2142
1665 1274
-392 895
432 3335
-1337 -310
1085 1933
3561 2455
2628 4298
-2665 4289
2033 -2554
-1104 -2035
2021 2574
-706 2179
1748 -2556
1027 -1003
1593 215
2628 977
471 -2937
-2635 -1750
-232 4067
-607 -3149
319 -1114
2187 3828
922 -117
1508 3118
2388 1906
1283 3157
-3863 2381
-2173 -371
-2946 826
678 586
-3834 -2727
-2703 651
1121 -588
3027 -1975
1733 -2481
2882 -3168
3043 3243
-3954 1
163 3268
-1285 1058
1325 3518
3651 4433
-2706 -361
902 -2082
1606 3964
1060 -898
-460 -1607
-1732 -2357
3519 -1637
2128 -2504
-2134 -2811
3804 -978
-3801 -418
1413 -1302
-2411 1424
-3045 -1748
1225 -1703
1337 4264
2692 -3793
-4128 860
1025 -975
-3829 -107
-32 -922
-1620 -973
1927 3793
1756 -264
3000 1564
806 -881
-4083 -453
-1422 -422
1031 -1270
3714 -3125
386 1890
-3844 -2345
2020 565
-85 4191
-2568 -2814
-216 -1497
619 1455
-1010 -2679
1435 -3397
1786 432
390 3317
-3340 1429
690 -2132
-2261 2560
-3824 -69
-3228 90
2401 666
-3043 3603
2152 3862
-721 2051
-2775 -997
-989 -36
4098 876
49 -3169
-3237 2098
-1436 3539
-2270 2354
-2178 -518
113 2581
1617 952
-4092 -2135
-1686 2397
-3835 3534
-783 1587
1018 -1497
-3511 955
311 1734
2443 -3434
-334 2022
3452 2296
-1029 4284
-3393 -1918
-2292 57
-460 372
-489 -530
-708 -2780
-750 -2290
-2493 795
-4171 -2057
1411 1370
2442 3331
3235 274
1083 -866
1940 3900
-974 256
1867 3668
-406 -1859
3341 2651
3927 1354
-4047 -1133
-3841 3540
-2706 -2116
1111 2535
2912 -2659
-1755 -2663
1262 498
1938 642
3012 127
3905 -3640
-3323 -3258
889 3155
775 -2953
1113 1763
-2378 2571
1041 -206
771 947
-3597 2142
1025 -1024
-2037 -2600
-848 585
3439 -2491
4148 -941
2281 -2989
4188 3952
40 1755
-3492 -3112
3630 269
-2805 705
-966 4717
-2191 1683
-352 4662
1735 -460
2175 1775
-2991 3164
-2311 -1223
901 -3296
-1502 -2493
-567 4182
-331 4326
-253 3838
-3472 -2924
1255 -958
-3559 1119
-822 2066
-3371 -75
-1097 1569
1360 -1535
-1336 2213
-2991 -385
472 3513
3764 803
-494 2070
-1959 -1818
2584 3023
-515 -2644
-705 2368
-2854 -1108
-3897 4060
-3264 3040
-3412 -830
4045 3548
-2161 -3789
-1061 2561
4062 874
3309 -2277
-2140 -96
988 -2157
813 8
-34 3810
3291 717
162 4353
-163 -451
-758 -159
1898 -678
-2864 2287
1449 -1340
-3215 3852
2544 1227
-3428 2544
2757 -305
420 488
3231 -1025
-3832 -1257
-674 262
4053 -401
3349 -1891
-3233 2313
2617 1659
-207 -2192
3921 2130
1595 -1927
1349 -1460
-1514 -2115
-1145 3643
2389 4776
1868 2750
1913 4573
-3008 3270
1699 -166
-4973 3092
1641 1165
-3586 4596
-730 -2245
-1695 -1684
1935 895
3353 -444
-1802 -3621
-1699 645
1373 2751
-230 -3651
3241 205
-963 1805
3537 1867
2778 -2320
-711 1043
1121 -2003
-2184 -3357
2825 -3825
2013 1452
3283 3641
-3424 3585
-2791 1045
-799 586
-2707 -354
2240 -894
-1234 3307
2961 2378
2525 -104
-3633 -9
2339 -1160
1111 -2329
-134 -485
3905 3433
1802 -3302
-195 2443
72 1224
-3317 -1750
298 -66
-2182 3793
3223 1831
-3609 2027
-3258 467
-3852 -1657
-1223 1732
-3333 4093
-2225 -2460
3333 -2102
2921 2356
-2809 1016
2605 2487
2353 4007
3759 -1300
-3939 271
-3507 2060
-4065 -902
-3997 220
1192 -808
-2936 4479
-3945 2286
376 -2595
536 -1111
3528 3769
3537 4122
570 2933
-1812 3858
3483 -2505
887 1291
-3330 -1614
996 2862
419 2476
-1680 -1793
3927 -1871
-1518 4190
3716 479
2672 2756
-3286 -443
-3742 -1231
3266 992
1680 4214
2863 1854
-3818 4332
-4099 1235
-991 3677
1559 18
-2117 2218
-3569 -3221
-719 -1540
-3913 417
2232 2073
1223 -698
-1706 3880
-2497 4183
-763 404
1436 -3256
963 1411
3056 4319
-926 172
4160 3309
-638 4050
-1840 151
581 -1297
1228 -1820
-2610 304
-3273 5406
2284 102
-334 4497
1830 4662
309 -1581
-3918 -1355
892 2728
-1141 2091
-1314 -1118
1637 276
1488 -1364
2667 3299
-295 -2412
-22 3488
-3710 3406
-3820 -1463
3068 -346
845 4700
-4545 -2844
2380 4807
-4375 -3186
2973 -1662
1801 2739
-3251 -1242
1334 2759
-2320 -2055
-1260 -3128
-1348 2318
-2602 -1034
1091 3263
-689 3656
-792 1155
2797 3798
1450 1523
-2537 2437
-3298 -352
-4152 -2046
3735 -3744
2345 -1362
-3046 -190
3090 -1008
-3846 -2941
-1460 -253
3075 105
-635 2898
3902 -952
3007 -3269
4014 3521
-1442 -813
2230 2311
-2020 -1821
-2328 -1943
-1925 -3123
2094 -2248
2663 -2172
3083 2350
857 -737
3986 1275
2049 -2533
-2823 100
-2283 -544
4130 2014
1697 3603
-463 5043
3090 5628
1892 -605
-2099 5647
1994 2999
-692 2807
3321 2014
3420 686
-3328 4334
2816 435
-3255 3199
-3813 908
-2811 4740
-1326 -228
2131 -1397
-2307 2417
377 -2745
-4093 -2887
465 -2492
3003 -1313
-1277 1278
-4031 3909
3855 4476
1079 2485
-415 -488
1644 4397
-1261 -3447
-1711 4263
-2861 4178
2707 -2534
-2635 37
-1358 -1759
-373 2449
-3891 -1702
308 2282
758 -937
2728 1689
1820 -65
1064 -3652
3056 932
-2257 -3031
-218 2410
3140 4234
4095 1653
1984 2947
392 -2354
-2286 2101
3678 4581
2760 1659
-3024 2527
-170 248
-916 -1180
-1638 -2411
-3085 2874
-1326 -943
3488 2727
1449 -2354
-2977 3718
171 1538
-426 559
838 -1542
-1933 761
84 1788
3368 4048
3662 1813
544 2690
-3630 5743
-233 -1661
-2773 1226
1585 -308
-2214 3422
3252 4812
887 4262
3368 2572
-4612 2764
3081 -54
2727 3793
3540 1831
-485 -427
3499 -3388
2642 714
3219 -2345
-97 -2072
-2966 2757
631 -2687
2247 2634
1621 -772
1074 -1793
4043 836
959 -557
-675 4474
-2664 362
-2643 3452
-743 724
-3772 -1176
-2972 -3341
-3824 2714
4216 921
-616 1489
-3039 1474
381 2848
3527 3113
2457 -2664
1460 -1665
-465 835
3715 4243
-327 -792
2808 2375
885 -693
-3735 2055
2859 2808
-2528 -1213
-2042 2069
97 1854
4199 -210
248 3846
-1055 -2513
-3582 1051
4234 4142
-1007 1048
2227 3148
-3425 -1688
983 2958
-2490 3902
3339 5677
1635 3777
1119 -2413
729 -2638
-1696 -2218
-719 1286
-885 1916
-672 821
-4570 -3310
-802 -66
1934 2258
-984 -581
3436 -2826
-355 796
63 4088
2357 -349
1730 -1546
3057 -397
-3401 -3202
-250 -421
-102 4616
3897 2318
-1395 439
1140 2314
3572 -1351
-2907 4392
-1089 191
3276 2338
2190 -407
-592 -2838
-2128 -3239
1758 -1839
-3920 3761
-1087 1159
2584 -3736
-1714 835
-1434 3258
-1593 -332
-3828 -708
-785 4472
386 3205
2592 -1736
2069 1288
3401 512
-3152 -954
-2432 -3321
291 4479
1805 -1491
-1319 4420
-193 413
-3322 -186
2090 156
-1791 -145
-3091 -1893
2168 -2167
-529 115
1142 -3063
1784 3539
2884 4378
672 -1794
-1138 -1519
-1305 -1328
-2898 -1273
-3110 1239
-1554 -3637
3434 -756
-2134 1202
-2669 -656
-690 -51
118 1661
216 -1028
-1116 -1774
-108 -3656
-342 810
3544 -3252
1327 4236
1047 2067
3443 1701
3998 1574
-2300 -1681
1990 -2272
3139 1156
2896 -3301
-4211 -3089
3494 1357
1895 -2872
-1835 3764
-821 4392
3694 -3709
-1264 -630
2882 2405
-2081 3113
-3638 -1381
-3403 -1700
-431 -597
1934 -1894
548 2074
1410 1242
-2585 937
3251 1846
874 2160
-2547 -2678
3988 -1611
-114 -2555
476 -2975
3089 4351
-24 3552
798 -511
1692 4261
4061 -2001
1409 -432
438 3561
1521 -2819
-1398 -595
4135 -1287
3643 2335
2624 -1452
-2446 4091
1378 4082
213 -1695
2730 2216
2681 476
3142 1409
2357 3941
-1339 -1223
-1088 3308
-3900 2399
1813 3825
2803 730
-2998 1799
2296 3632
-1468 -931
-3321 -2548
3122 -3400
2072 -3393
1396 -3231
85 -2917
1529 -1539
-2467 -3302
2360 2939
-969 -1437
3367 3814
-2989 3036
-744 1354
-685 -1288
2400 -2621
-2688 -795
-1454 992
1773 1966
3450 3172
111 3331
3358 -373
660 4057
-3489 3553
-2624 1424
2800 -2302
1947 3816
3408 3001
-2667 -1272
3719 649
-1300 -2500
2007 -2860
3084 2495
-1502 1752
2250 -1173
-2307 -1057
3366 1113
1857 -3108
-1951 4046
-3653 -3997
-2463 1114
2154 -62
-3 -1006
-2289 2851
-735 -3469
-3354 -3493
-2689 3599
1030 -3539
2530 2477
-3217 -3171
-3534 -2762
2440 -571
-706 499
-2763 -2115
-1921 2252
1417 3280
-2022 -3598
-2888 -917
-424 -1315
-1809 1040
1226 -3275
-2592 4068
-153 -1849
-3398 1815
-3484 1776
1805 1792
-938 1115
3927 493
2837 -3407
-1049 767
-522 401
-1445 3890
3699 3435
2416 781
3908 -2128
-1269 -2298
-95 -215
2367 1210
3973 -810
3446 4227
487 3551
2782 4153
-3090 847
129 -1580
-1850 1099
3744 -3525
4109 839
-295 2523
-1188 -1582
3485 3686
2756 -1312
408 -1945
-1003 4022
-395 -3728
1491 -1851
1010 -2106
1908 -3740
-600 4140
-2665 -3429
3421 3708
3870 -523
-1127 -171
763 -185
1038 -1268
-731 -3996
2584 -706
-2427 3643
-1203 -4290
1585 -3482
2741 -442
2055 -2363
2380 2327
1972 -2712
1788 -347
-1511 -4351
1477 -2376
2277 2911
2459 1269
-74 -995
-1906 -2553
1027 -2826
1514 892
-2389 2176
856 -3391
667 -341
-4199 -1159
2480 3639
-1725 170
-542 -1365
-3439 -1196
467 2433
-2424 484
-4024 198
-1007 -1503
-3074 -1259
229 -3936
-189 -1981
-3044 -3434
782 1032
-1118 1659
-3535 4014
-3235 1613
2178 3655
-3111 -2362
2185 -407
2134 -2066
-1747 -713
3092 3891
3028 1415
139 3820
4202 -2158
913 -267
285 -3459
1486 -2534
4339 -526
4130 -258
-245 1820
355 -3197
-1459 1956
2991 -3475
-3283 -3076
-512 -2311
-277 -2133
-1189 -638
-3671 -3745
-1466 -138
-48 1496
-492 358
1078 -4464
630 1063
-3591 -2891
-432 1365
-3279 230
277 -655
-67 2675
-654 -2860
-576 872
-498 -3524
180 2975
-2504 1461
-3014 -2565
3374 -15
1653 2598
-3484 -1960
3196 -2202
-1551 1236
-3232 1827
-138 -652
3615 1878
-245 1463
3489 1627
-3837 -736
3124 2120
3586 -3335
-3894 -14
-2614 -3480
-1308 -696
2147 -1594
-3263 -3035
-2019 -1816
1391 -1236
-2850 -652
-3910 -2129
-3506 3129
1041 305
2097 -2794
-1049 4121
-2890 -1389
-813 2632
179 -1577
3029 249
-57 -1044
-161 -3902
-3311 3732
2996 3831
-2841 1866
1644 1441
-580 -648
-3809 -1649
773 1061
2530 -93
1768 -1819
-6 -1393
454 -1381
-524 -3742
167 -1626
1814 -1054
2112 -2695
1092 3083
1586 1049
3483 1075
47 -1335
500 2435
-1025 -2757
2494 3032
-876 -4157
-1017 2601
-2881 3436
2554 -3879
512 1509
-3123 -3100
-4047 -257
554 -2903
2726 3041
2784 103
2077 1088
-993 -2859
-98 1476
-162 84
3152 4151
-1576 -2320
1720 3467
3359 -685
-3067 402
580 -638
1590 -3939
482 482
2371 -2190
-132 -726
978 -3118
-1482 1303
-1634 -1896
-2646 464
2433 -3481
196 3143
-2894 -2089
-3797 1041
-1929 -438
2203 3424
-2782 -2754
-2183 1497
775 3933
2382 391
-3427 -2105
3014 468
3172 1068
3135 -1538
-179 -1666
1311 -3179
1407 -3927
-2492 -2034
-1413 6
-2845 727
1097 -2210
-1115 -3606
661 3310
1643 -1791
-272 -110
-3182 -559
1532 1890
3206 -4381
-1351 -3924
3534 -134
1331 1781
-2148 2601
1947 -2610
2820 538
3111 2061
-3040 551
1537 -312
-2250 3456
3407 3086
-1370 -2815
-303 -1825
-2847 1106
-940 1050
-3829 3446
2932 3749
-213 -3001
-3694 -3580
-3578 -3069
984 1365
1534 -384
-1163 3830
3071 2473
-946 3901
-628 2172
1963 -777
-187 -1633
-1562 -3424
4103 1139
3916 -2813
504 -3671
-3406 -825
3734 -1079
-525 -363
-105 3430
-2749 772
-3535 -933
-2758 -2441
342 2349
1925 2924
-723 -399
1664 -1194
2493 2290
3670 -580
3369 585
3896 1289
203 3429
-1440 2245
-482 -1154
1193 2862
-1134 3752
-1184 1197
2443 3217
-930 -2212
288 3130
-1669 -387
33 465
-693 1035
1981 1629
-1960 1522
-338 -1947
-892 12
457 2489
1522 -399
-2753 3553
-3238 1484
-2608 -1277
-2010 -3422
3523 -1711
241 -1980
2683 3827
1860 3142
-579 2343
-775 -1136
-2 -2170
-82 -2031
-2411 3890
-1576 -3079
271 1359
3841 3096
-2195 -2887
1585 543
-2303 -1462
-51 -1425
-2806 2951
199 -3723
-544 2158
580 -2404
304 -1182
3498 -2498
-3139 -87
-3423 510
1862 -2456
344 1304
-2817 -2372
2236 -1424
-2586 2839
-238 826
-277 -894
455 -2021
-1072 -3978
3823 3442
3598 960
2072 154
3832 -1984
-670 613
755 -1334
-881 1649
4146 -1175
-3336 1979
-1111 2890
971 549
536 -5
2249 -4184
2763 -4130
2522 613
-1654 -4203
954 2263
2367 3849
1755 3011
1561 2298
3469 -1678
1956 -3705
-3368 3152
-4107 -910
3663 -2091
-1431 -1934
2002 -724
-2112 3025
3013 3899
-3834 3484
-274 -188
2676 -197
-1005 2866
-1890 469
-125 -1555
2649 399
2966 3908
3173 -1676
923 845
-3224 3563
591 132
3843 -2712
-2217 -2408
-3592 1108
-3020 -2379
1539 -672
-2279 3108
-2798 -672
-918 65
-2724 -2674
32 -1499
-3889 769
3809 3121
-2643 2646
-3281 -1987
-1286 -3022
920 889
-3728 -2542
3931 -2579
532 95
520 556
38 3030
-2305 -2464
-771 455
131 -1933
3878 -1534
-2009 2227
-2422 1568
2664 -3299
-343 3609
518 362
-1018 1990
1607 -1320
3459 2660
1319 2015
3047 -2165
699 -1023
3164 3252
-937 -3393
3405 2190
-169 -4104
3188 -3111
1969 -601
-2482 -322
-1059 -1521
-1838 3135
2583 845
28 3280
73 2967
-3432 -631
1129 1929
-3816 -3937
2059 2762
-2075 -2916
3696 -3556
1676 1564
-3206 708
3074 -4042
59 109
-1183 2566
1203 88
1164 -3594
-3714 -930
3354 -1348
-1774 427
-3876 -2692
1031 -847
3036 -1180
1917 -1504
3488 3810
274 247
-1597 -1596
593 3058
3126 -1358
-1775 -2114
2136 -3798
-846 -2277
-3177 2163
-464 -3006
759 3624
-3334 -370
215 1924
1355 -1768
896 -2142
-2289 -878
-3309 -293
-3443 3352
995 -3328
4048 948
1684 1306
1051 -1361
3483 -1224
3395 -1897
3674 1535
618 -2172
1986 3277
-54 -3811
2215 -338
-1384 -381
-266 3420
1082 -524
-2632 -3423
4056 -830
-2916 854
459 -4155
-649 -534
-2287 -1158
116 -1007
-3194 2119
-2023 2021
195 -719
-930 -827
3632 -972
3658 -2337
2874 -329
-714 -1408
-2306 2241
-1756 3185
-3050 -133
-2887 3138
-2027 -2206
-851 -89
-2957 -582
-2804 -3501
-719 1742
-2129 4186
1920 3581
-717 3944
-3891 1126
-3107 212
3912 -1374
-3072 -2832
1638 2883
2255 -1634
-2804 -2720
-3837 3877
-549 2933
1108 1851
2437 1526
-2481 1267
4197 2091
-899 -196
-746 -752
2592 -932
2277 -3739
998 -1445
-1921 -1321
3921 2871
-1651 -564
1694 1084
-2036 -2365
-3072 -228
977 -2803
-3690 2503
2716 -2430
3951 3078
-454 2322
-1171 -2763
-395 -3247
-3177 -1919
-1024 -2170
-1852 -2852
-2474 -1251
-2108 -3702
3249 -775
2212 -283
-2455 3240
-1167 -710
3859 1318
3891 -1595
-4112 209
-2198 -892
73 -3543
3573 -1140
1061 2723
3498 1786
-2020 1063
10 -1421
412 4044
360 -782
-3502 -341
-671 -446
3579 4371
-2816 2926
1879 4056
1441 -449
3334 -3301
876 654
-3710 3480
874 1852
3975 -1074
2185 -2045
-663 -644
-3827 -3783
-2794 3759
3153 -844
-2760 -125
-1107 -996
-2902 -305
-230 779
3485 -1007
-1612 2579
164 3611
-1896 -2816
3559 3697
3808 2263
-3202 643
-973 -1511
-52 902
2152 2805
-2707 1211
1002 417
1545 -693
-3562 1229
-805 1516
3549 -3379
-3966 1025
549 269
-1322 -3922
812 2707
1335 -109
2373 489
3566 243
-1029 -4008
-3285 1659
-2228 2506
-2758 2309
2213 402
-299 -3330
-3743 -1323
-1028 313
-291 1961
3211 -3133
3899 -2884
-1372 -3055
1509 -1444
-2229 3554
2320 2501
-514 -2614
3585 998
4072 -423
1810 2785
218 -942
-176 3090
2112 2877
-3594 -3657
3505 3510
2287 -2329
-597 1745
2866 -341
-2661 3836
2314 3885
2532 1513
-1927 3777
694 3242
-1902 1046
3318 286
-2119 -288
-3365 -2125
-238 3055
1887 -1671
-1457 -272
-687 29
418 2996
-3467 -3848
-3180 4105
-2556 -3392
-251 -2570
-2372 926
2637 3522
-2773 -1344
-78 -3599
-3797 1061
1062 -3425
-2536 155
-750 -2202
-1479 -370
-2917 -695
-3869 -1683
-433 868
-63 957
2001 2571
589 -250
-1161 -2007
-3674 -874
3141 1540
-2156 -3954
-108 1445
-3730 231
2223 2000
-479 1720
-1926 1292
-2887 3067
-3483 1649
-1142 -553
-2489 -1057
-1774 -2091
127 4070
-3413 2243
-2436 3513
-2374 2459
2237 -138
-615 196
-3368 4121
-391 1584
-3794 867
2649 4178
-32 -1238
1194 -1527
-636 3662
-206 -2731
2446 -1193
-3404 3068
-685 1369
702 -1623
4028 2100
1503 1478
3299 -767
-606 2843
2603 2765
-1118 -3342
-579 1015
-3824 264
-3910 3834
1964 1865
-2548 -2284
2370 -3323
220 2384
3600 -3619
446 -902
2879 2485
3294 -2388
-4153 -555
-1168 -3979
-543 -662
3556 473
-608 630
3228 1077
-710 3915
760 13
820 -1301
4004 1865
-858 3726
1378 -2587
-4198 -2114
3253 3905
-2402 -1468
275 1762
-216 -2066
-4176 506
2808 86
-3427 -3477
-957 40
965 -2473
1018 -3655
-3676 2114
-854 2919
-1610 -2975
1775 -2983
1865 -1058
3275 -3599
-3417 1494
2579 2500
-672 1006
3802 1485
-588 -2234
-3474 2305
7 1130
330 4204
-1081 4104
-3282 -3250
-831 -24
-2718 -929
2602 -357
2465 -2081
-3851 1659
678 -3740
-1390 -3123
-3158 -2170
-448 -3790
2709 -2430
-3728 111
1433 1007
-2483 2176
-3898 -1941
-2194 -1231
4054 3417
-338 231
-2950 -683
3669 -326
-2841 1824
4003 1818
-3748 2472
1751 43
-1407 3378
-3590 2301
3622 1355
1367 -2192
-2391 2575
-3699 -1164
1528 -2281
903 558
-486 -1199
-3876 3233
-3906 -406
1546 -2482
-626 -1230
2953 -3898
427 -1109
-661 -1359
-4231 -2334
2582 -1074
2782 -941
3823 -2536
-819 3480
-1664 -3849
-2428 3878
-794 -3263
3856 624
1876 3863
-3263 722
49 1056
3377 -2485
-174 176
-1538 -2697
1013 -2388
3774 4212
820 4168
2570 -708
3629 605
2968 651
3675 2566
891 3824
3302 2837
-724 136
-3395 -1981
1813 471
-2644 1149
454 3597
-2012 -3883
-3307 -3362
2874 3332
-3239 -2941
-2496 1236
1729 -3780
3953 1579
-2060 3367
-775 2134
237 -3074
-1119 -2288
-2294 -2667
1007 3459
3861 676
-2098 -1781
-1198 1861
519 2932
-3844 409
-3767 957
1113 -1310
-178 -4054
-772 2531
-2800 3281
2979 -2006
2755 1393
-2082 525
3618 -78
-1983 -2320
199 -554
2752 -2617
-1590 3021
856 -2184
2122 -4116
3777 -1662
590 1755
-3289 -2898
-775 -269
-820 2229
-3463 401
-2413 -2367
-192 1584
3365 3990
1495 -544
2179 -762
-2645 1817
-2488 2338
-3555 3467
-3797 4210
-3334 -1937
3859 881
2225 -3302
-595 -2760
1454 1720
-3724 -3560
-1395 3346
-3426 -3140
1275 -3501
2996 -1712
-3025 -746
-3655 -2867
-128 4229
9 -2208
1601 2110
-86 -3195
-2212 59
1072 2118
3809 1865
1195 -2258
3060 2918
-1540 -1375
-1429 322
2224 -2853
3896 3184
976 2319
-213 3512
2289 -1766
-1241 -1725
-1547 -1330
-2161 2255
-3193 179
-4226 -2201
-3416 -1027
1401 841
3501 1865
-1919 3441
-1433 -919
-636 -416
187 3297
57 1078
-205 -186
3521 -112
-1288 -1473
-1082 1167
3679 3914
1854 80
-2721 256
1076 4244
-3470 3887
-2387 -1096
423 -3216
318 153
3954 2412
-1881 4212
2045 4163
-2476 -2826
390 -505
1816 -2507
2999 1370
3366 -697
2852 -1760
3432 3733
-1560 -2394
-2845 -622
1947 3994
2110 4269
1980 476
-314 -1830
1158 -1068
-201 1679
-1263 -2587
2208 4171
2977 -39
2361 1859
-614 3413
1152 -1288
-8 -3091
4289 -2136
-3091 1979
-3544 -2935
284 -634
-1844 638
4058 -3173
-2943 465
-387 328
-202 730
3591 -953
800 799
3907 -1588
-2827 -1544
-241 -681
1751 3503
1752 53
381 72
-1914 1509
1780 3549
-1963 3026
3298 1592
-2425 -1511
1095 2296
2403 -1743
3109 1595
-2955 -1791
2773 4003
2839 -2740
306 3665
318 2954
-366 -896
-794 -1481
-1787 -760
201 -670
-1457 2276
3169 -743
2518 -1111
1826 3368
3486 1920
823 2377
-124 -3565
3667 -425
1203 -1144
-2146 -1434
-438 -314
-2945 -2828
-448 3904
-3535 1732
-468 1126
3317 -1991
-2517 29
2940 2433
-1596 3165
-2867 -3928
2699 3849
1363 1403
-2761 1235
327 -2658
2019 -2729
2540 2550
1524 1943
-799 -2264
916 -1173
1603 -4171
2503 -152
-460 -3439
1370 -1242
-2099 -4045
1103 -2890
-408 -3762
-3704 -700
2644 877
-1626 1957
-2032 1503
-503 2772
113 1144
-383 -249
3310 -3913
887 2940
-1317 699
-3327 52
402 1340
-778 3256
3056 1968
3117 -3499
-1843 -2695
2250 -870
-259 160
688 856
-1518 -1886
-2218 805
-3282 -2784
1993 3367
-3627 260
-2480 1800
2222 3830
2993 262
-2591 -2806
3698 -503
-2741 291
-3185 -1904
-470 -503
1010 -2012
1282 -3668
304 747
-1567 760
2631 -242
-557 1719
-2297 -1191
2167 2847
-2715 11
-650 -576
3075 -1937
1248 4213
2931 1154
-1931 -3146
-3750 651
2082 3790
3334 3583
-2652 47
-696 3267
-2018 1947
4299 -133
690 1307
1296 1625
3689 1014
767 -344
1521 -2543
-1901 2602
-3129 -2099
-3491 -1330
-2047 4019
3139 3707
-3141 -2937
1776 -3718
-4083 -689
2157 -2574
3845 -223
-984 203
111 -3366
-4136 -4119
-738 2799
-2971 -2158
-3756 -2359
1847 -1522
2587 -3097
-3660 1656
-115 3800
140 -1918
4181 -3509
-1945 -2040
-2829 -794
-3997 -3502
-529 -1576
1233 3268
1400 -2870
1551 488
-3035 2973
2118 1961
3741 786
-826 -1934
-344 2105
-2652 2638
-1213 3512
350 3289
271 4085
-1778 -1807
1897 617
1118 542
1733 122
1684 3042
2559 -2330
2340 1038
3462 -1081
-211 1598
2649 -17
-89 -2517
-3302 0
-1252 3556
-1212 -3405
-572 3849
1599 -2642
-333 1944
-3952 896
1834 -2345
-991 2642
110 -436
1023 -3955
3405 -1314
-3547 -2072
2484 -2284
-126 1966
-1900 990
258 3747
2851 986
-1712 4060
-3575 -1559
-1352 231
-1634 -3551
3257 2729
-2772 -1567
2212 -3167
-2080 -1994
-2436 2018
-4003 801
724 4298
-1181 -3776
-2219 -2838
-3861 -1751
-3498 676
-2066 -810
-1827 -2169
575 2841
3028 -2732
503 1752
3530 1266
-2685 -24
3903 -1554
2607 -1089
2428 2443
-1636 1362
391 -3196
975 -3433
2093 4121
-2277 -2234
3314 4023
1842 -3399
3124 -1958
-2157 2870
-3337 -1922
-1688 -2779
-2148 -3672
1536 2651
3587 -2130
-1421 -2562
-335 4169
-1209 -2364
4116 1999
2979 607
-683 885
2005 2363
1064 2785
2763 -135
-1150 172
-4016 -2524
1189 -3866
-3621 3856
-328 2366
3247 -2068
-3518 -2593
-978 -3015
3708 -142
-3750 2142
-613 -3079
-442 3271
-1574 3534
2437 2550
-100 2401
1040 -444
-2002 3060
-3097 2763
1758 3016
-3075 -22
724 -3617
-3029 -793
-3277 -2438
3814 4376
-75 -1805
1921 -278
1320 -1413
-1117 345
1887 933
-1673 1598
-1243 2822
-3318 3215
2391 -1674
1777 3470
2359 4259
-1735 347
-876 -921
2539 428
1275 -3009
2639 3553
-2536 633
-2002 3112
-3099 -1279
-882 1159
2050 9
3537 -2936
2768 1651
3796 -397
484 -197
-1019 3914
2369 -1747
-1375 1669
-1359 1256
1764 -2489
-582 2019
-1555 383
3071 1799
3217 3988
-1336 -2313
-1402 3004
-4074 193
2722 -1578
-2524 -2194
-3409 -677
-3752 2651
-3745 4068
2303 -2750
-1513 781
-2900 -3371
-2298 253
-826 880
459 3311
-10 -953
-3472 206
-332 467
-269 692
-2091 -2586
-1133 -441
3624 3702
1486 3419
-31 581
-620 -2741
-926 2643
-2681 510
-1638 -316
1519 -2137
3002 2862
1736 -213
-1012 4308
1621 -1295
-3780 3636
-3204 -3893
-3900 -1802
-66 -1940
1798 -2322
-3957 1637
-1487 -426
799 1195
329 3698
2405 817
-3686 2057
-3391 -1224
1084 3592
-1574 -2173
3051 -964
2697 127
3526 -937
-3357 2924
-2294 517
305 1331
-3537 -3886
-1794 -1925
3238 -1369
-315 3860
3877 1930
-2886 514
-3101 566
42 2825
-3024 4059
-70 2946
-2025 -1016
-3791 3
-1156 -2669
-716 887
3670 2230
3788 2045
3066 -697
-1911 -2875
-1250 707
3694 -1537
3611 -1408
-2303 2935
-3213 3017
-912 -1213
-3996 2768
-837 -2126
-274 4144
-335 3349
64 3791
1646 629
-3634 1936
-3094 -3338
3408 3287
-1178 4068
3742 -2942
-1561 4344
-767 -2436
3621 -1585
1333 1372
1424 -3436
2910 -2210
777 -1553
324 -1662
3013 116
-852 -2286
-2785 855
2557 1294
-156 1128
1058 -3363
-2716 2689
2947 -213
2063 -3670
1124 -1157
-2376 -461
-137 -1737
-2697 1972
-1479 -1646
-427 3489
1101 -1232
2102 3772
1697 3654
593 859
3355 2516
432 1751
-2887 -2138
1216 -4100
3593 -2240
-3201 2710
2459 1739
3187 -775
565 -2775
2312 -3320
888 -2188
-2015 1874
-273 -49
-2449 2958
-1263 36
552 -231
3657 -3815
-3476 1900
2861 -1822
-2769 -2505
-1961 1172
-2467 -2933
-2976 2951
0 0
0 0
0 0
0 0
0 0
0 0
0 0
0 0
0 0
0 0
0 0
0 0
0 0
0 0
0 0
0 0
0 0
0 0
0 0
0 0
0 0
0 0
0 0
0 0
0 0
0 0
0 0
0 0
0 0
0 0
0 0
0 0
0 0
0 0
0 0
0 0
0 0
0 0
0 0
0 0
0 0
0 0
0 0
0 0
0 0
0 0
0 0
0 0
0 0
0 0
0 0
0 0
0 0
0 0
0 0
0 0
0 0
0 0
0 0
0 0
0 0
0 0
0 0
0 0
0 0
0 0
0 0
0 0
0 0
0 0
0 0
0 0
0 0
0 0
0 0
0 0
0 0
0 0
0 0
0 0
0 0
0 0
0 0
0 0
0 0
0 0
0 0
0 0
0 0
0 0
0 0
0 0
0 0
0 0
0 0
0 0
0 0
0 0
0 0
0 0
0 0
0 0
0 0
0 0
0 0
0 0
0 0
0 0
0 0
0 0
0 0
0 0
0 0
0 0
0 0
0 0
0 0
0 0
0 0
0 0
0 0
0 0
0 0
0 0
0 0
0 0
0 0
0 0
0 0
0 0
0 0
0 0
0 0
0 0
0 0
0 0
0 0
0 0
0 0
0 0
0 0
0 0
0 0
0 0
0 0
0 0
0 0
0 0
0 0
0 0
0 0
0 0
0 0
0 0
0 0
0 0
0 0
0 0
0 0
0 0
0 0
0 0
0 0
0 0
0 0
0 0
0 0
0 0
0 0
0 0
0 0
0 0
0 0
0 0
0 0
0 0
0 0
0 0
0 0
0 0
0 0
0 0
0 0
0 0
0 0
0 0
0 0
0 0
0 0
0 0
0 0
0 0
0 0
0 0
0 0
0 0
0 0
0 0
0 0
0 0
0 0
0 0
0 0
0 0
0 0
0 0
0 0
0 0
0 0
0 0
0 0
0 0
0 0
0 0
0 0
0 0
0 0
0 0
0 0
0 0
0 0
0 0
0 0
0 0
0 0
0 0
0 0
0 0
0 0
0 0
0 0
0 0
0 0
0 0
0 0
0 0
0 0
0 0
0 0
0 0
0 0
0 0
0 0
0 0
0 0
0 0
0 0
0 0
0 0
0 0
0 0
0 0
0 0
0 0
0 0
0 0
0 0
0 0
0 0
0 0
0 0
0 0
0 0
0 0
0 0
0 0
0 0
0 0
0 0
0 0
0 0
0 0
0 0
0 0
0 0
0 0
0 0
0 0
0 0
0 0
0 0
0 0
0 0
0 0
0 0
0 0
0 0
0 0
0 0
0 0
0 0
0 0
0 0
0 0
0 0
0 0
0 0
0 0
0 0
0 0
0 0
0 0
0 0
0 0
0 0
0 0
0 0
0 0
0 0
0 0
0 0
0 0
0 0
0 0
0 0
0 0
0 0
0 0
0 0
0 0
0 0
0 0
0 0
0 0
0 0
0 0
0 0
0 0
0 0
0 0
0 0
0 0
0 0
0 0
0 0
0 0
0 0
0 0
0 0
0 0
0 0
0 0
0 0
0 0
0 0
0 0
0 0
0 0
0 0
0 0
0 0
0 0
0 0
0 0
0 0
0 0
0 0
0 0
0 0
0 0
0 0
0 0
0 0
0 0
0 0
0 0
0 0
0 0
0 0
0 0
0 0
0 0
0 0
0 0
0 0
0 0
0 0
0 0
0 0
0 0
0 0
0 0
0 0
0 0
0 0
0 0
0 0
0 0
0 0
0 0
0 0
0 0
0 0
0 0
0 0
0 0
0 0
0 0
0 0
0 0
0 0
0 0
0 0
0 0
0 0
0 0
0 0
0 0
0 0
0 0
0 0
0 0
0 0
0 0
0 0
0 0
0 0
0 0
0 0
0 0
0 0
0 0
0 0
0 0
0 0
0 0
0 0
0 0
0 0
0 0
0 0
0 0
0 0
0 0
0 0
0 0
0 0
0 0
0 0
0 0
0 0
0 0
0 0
0 0
0 0
0 0
0 0
0 0
0 0
0 0
0 0
0 0
0 0
0 0
0 0
0 0
0 0
0 0
0 0
0 0
0 0
0 0
0 0
0 0
0 0
0 0
0 0
0 0
0 0
0 0
0 0
0 0
0 0
0 0
0 0
0 0
0 0
0 0
0 0
0 0
0 0
0 0
0 0
0 0
0 0
0 0
0 0
0 0
0 0
0 0
0 0
0 0
0 0
0 0
0 0
0 0
0 0
0 0
0 0
0 0
0 0
0 0
0 0
0 0
0 0
0 0
0 0
0 0
0 0
0 0
0 0
0 0
0 0
0 0
0 0
0 0
0 0
0 0
0 0
0 0
0 0
0 0
0 0
0 0
0 0
0 0
0 0
0 0
0 0
0 0
0 0
0 0
0 0
0 0
0 0
0 0
0 0
0 0
0 0
0 0
0 0
0 0
0 0
0 0
0 0
0 0
0 0
0 0
0 0
0 0
0 0
0 0
0 0
0 0
0 0
0 0
0 0
0 0
0 0
0 0
0 0
0 0
0 0
0 0
0 0
0 0
0 0
0 0
0 0
0 0
0 0
0 0
0 0
0 0
0 0
0 0
0 0
0 0
0 0
0 0
0 0
0 0
0 0
0 0
0 0
0 0
0 0
0 0
0 0
0 0
0 0
0 0
0 0
0 0
0 0
0 0
0 0
0 0
0 0
0 0
0 0
0 0
0 0
0 0
0 0
0 0
0 0
0 0
0 0
0 0
0 0
0 0
0 0
0 0
0 0
