5981 5981
5984 5984
5987 5987
5991 5991
5995 5995
6000 6000
6005 6005
6009 6009
6014 6014
6019 6019
6024 6024
6029 6029
6034 6034
6039 6039
6043 6043
6047 6047
6051 6051
6055 6055
6059 6059
6062 6062
6064 6064
6066 6066
6068 6068
6070 6070
6071 6071
6071 6071
6071 6071
6071 6071
6070 6070
6068 6068
6066 6066
6064 6064
6061 6061
6058 6058
6055 6055
6051 6051
6046 6046
6042 6042
6037 6037
6032 6032
6026 6026
6021 6021
6015 6015
6009 6009
6003 6003
5997 5997
5991 5991
5984 5984
5978 5978
5972 5972
5966 5966
5960 5960
5954 5954
5949 5949
5943 5943
5938 5938
5934 5934
5930 5930
5927 5927
5984 5984
5986 5986
5990 5990
5994 5994
5998 5998
6003 6003
6008 6008
6013 6013
6018 6018
6023 6023
6028 6028
6033 6033
6038 6038
6042 6042
6047 6047
6052 6052
6056 6056
6060 6060
6063 6063
6066 6066
6069 6069
6071 6071
6073 6073
6075 6075
6076 6076
6076 6076
6076 6076
6076 6076
6075 6075
6073 6073
6071 6071
6069 6069
6066 6066
6063 6063
6059 6059
6055 6055
6051 6051
6046 6046
6041 6041
6036 6036
6030 6030
6024 6024
6019 6019
6012 6012
6006 6006
6000 6000
5994 5994
5987 5987
5981 5981
5975 5975
5969 5969
5963 5963
5957 5957
5951 5951
5945 5945
5940 5940
5936 5936
5932 5932
5929 5929
5987 5987
5990 5990
5993 5993
5998 5998
6002 6002
6007 6007
6012 6012
6018 6018
6023 6023
6028 6028
6034 6034
6039 6039
6044 6044
6049 6049
6054 6054
6059 6059
6063 6063
6067 6067
6071 6071
6074 6074
6077 6077
6080 6080
6082 6082
6083 6083
6084 6084
6085 6085
6085 6085
6085 6085
6084 6084
6082 6082
6080 6080
6077 6077
6074 6074
6071 6071
6067 6067
6063 6063
6058 6058
6054 6054
6048 6048
6043 6043
6037 6037
6031 6031
6025 6025
6018 6018
6012 6012
6005 6005
5999 5999
5993 5993
5986 5986
5979 5979
5973 5973
5967 5967
5961 5961
5955 5955
5949 5949
5943 5943
5939 5939
5935 5935
5932 5932
5992 5992
5994 5994
5998 5998
6003 6003
6008 6008
6013 6013
6019 6019
6024 6024
6030 6030
6036 6036
6042 6042
6047 6047
6053 6053
6058 6058
6063 6063
6069 6069
6073 6073
6078 6078
6082 6082
6085 6085
6089 6089
6092 6092
6094 6094
6096 6096
6097 6097
6097 6097
6097 6097
6097 6097
6096 6096
6094 6094
6092 6092
6089 6089
6086 6086
6083 6083
6078 6078
6074 6074
6069 6069
6064 6064
6058 6058
6052 6052
6046 6046
6040 6040
6033 6033
6027 6027
6020 6020
6013 6013
6006 6006
5999 5999
5992 5992
5986 5986
5979 5979
5972 5972
5966 5966
5960 5960
5953 5953
5948 5948
5942 5942
5938 5938
5935 5935
5996 5996
5999 5999
6003 6003
6008 6008
6014 6014
6020 6020
6026 6026
6032 6032
6038 6038
6044 6044
6050 6050
6056 6056
6062 6062
6068 6068
6074 6074
6080 6080
6085 6085
6090 6090
6094 6094
6098 6098
6102 6102
6105 6105
6108 6108
6109 6109
6111 6111
6111 6111
6111 6111
6111 6111
6110 6110
6108 6108
6106 6106
6103 6103
6099 6099
6095 6095
6091 6091
6086 6086
6081 6081
6075 6075
6069 6069
6063 6063
6056 6056
6050 6050
6043 6043
6036 6036
6029 6029
6021 6021
6014 6014
6007 6007
6000 6000
5992 5992
5985 5985
5978 5978
5972 5972
5965 5965
5958 5958
5952 5952
5946 5946
5942 5942
5939 5939
6001 6001
6004 6004
6008 6008
6014 6014
6020 6020
6027 6027
6033 6033
6040 6040
6046 6046
6053 6053
6059 6059
6066 6066
6073 6073
6079 6079
6085 6085
6091 6091
6097 6097
6102 6102
6107 6107
6112 6112
6116 6116
6119 6119
6122 6122
6124 6124
6126 6126
6126 6126
6126 6126
6126 6126
6125 6125
6123 6123
6120 6120
6117 6117
6113 6113
6109 6109
6104 6104
6099 6099
6094 6094
6087 6087
6081 6081
6074 6074
6067 6067
6060 6060
6053 6053
6045 6045
6038 6038
6030 6030
6022 6022
6014 6014
6007 6007
5999 5999
5992 5992
5985 5985
5977 5977
5970 5970
5963 5963
5957 5957
5950 5950
5946 5946
5943 5943
6006 6006
6009 6009
6014 6014
6020 6020
6027 6027
6033 6033
6040 6040
6047 6047
6054 6054
6062 6062
6069 6069
6076 6076
6083 6083
6090 6090
6097 6097
6103 6103
6110 6110
6116 6116
6121 6121
6126 6126
6131 6131
6134 6134
6137 6137
6140 6140
6141 6141
6142 6142
6142 6142
6141 6141
6140 6140
6138 6138
6135 6135
6132 6132
6128 6128
6123 6123
6118 6118
6113 6113
6107 6107
6100 6100
6093 6093
6086 6086
6079 6079
6071 6071
6063 6063
6055 6055
6047 6047
6039 6039
6030 6030
6022 6022
6014 6014
6006 6006
5998 5998
5991 5991
5983 5983
5976 5976
5968 5968
5961 5961
5955 5955
5950 5950
5947 5947
6012 6012
6015 6015
6019 6019
6026 6026
6033 6033
6040 6040
6048 6048
6055 6055
6063 6063
6070 6070
6078 6078
6086 6086
6093 6093
6101 6101
6108 6108
6116 6116
6123 6123
6129 6129
6136 6136
6141 6141
6146 6146
6150 6150
6154 6154
6156 6156
6158 6158
6159 6159
6159 6159
6158 6158
6157 6157
6154 6154
6151 6151
6148 6148
6143 6143
6138 6138
6133 6133
6127 6127
6120 6120
6113 6113
6106 6106
6098 6098
6090 6090
6082 6082
6073 6073
6065 6065
6056 6056
6047 6047
6039 6039
6030 6030
6022 6022
6013 6013
6005 6005
5997 5997
5989 5989
5981 5981
5973 5973
5966 5966
5959 5959
5954 5954
5951 5951
6017 6017
6020 6020
6025 6025
6032 6032
6039 6039
6047 6047
6055 6055
6063 6063
6071 6071
6079 6079
6088 6088
6096 6096
6104 6104
6112 6112
6121 6121
6129 6129
6136 6136
6144 6144
6151 6151
6157 6157
6162 6162
6167 6167
6171 6171
6173 6173
6175 6175
6176 6176
6176 6176
6175 6175
6174 6174
6171 6171
6168 6168
6164 6164
6159 6159
6154 6154
6148 6148
6142 6142
6135 6135
6127 6127
6119 6119
6111 6111
6102 6102
6093 6093
6084 6084
6075 6075
6065 6065
6056 6056
6047 6047
6038 6038
6029 6029
6020 6020
6012 6012
6003 6003
5995 5995
5987 5987
5979 5979
5971 5971
5964 5964
5958 5958
5955 5955
6022 6022
6026 6026
6031 6031
6038 6038
6046 6046
6054 6054
6062 6062
6071 6071
6080 6080
6088 6088
6097 6097
6106 6106
6115 6115
6124 6124
6133 6133
6142 6142
6150 6150
6159 6159
6167 6167
6173 6173
6180 6180
6185 6185
6189 6189
6192 6192
6194 6194
6195 6195
6195 6195
6194 6194
6192 6192
6189 6189
6186 6186
6181 6181
6176 6176
6170 6170
6164 6164
6157 6157
6149 6149
6141 6141
6133 6133
6124 6124
6114 6114
6105 6105
6095 6095
6085 6085
6075 6075
6065 6065
6055 6055
6046 6046
6036 6036
6027 6027
6018 6018
6009 6009
6000 6000
5992 5992
5984 5984
5975 5975
5968 5968
5963 5963
5960 5960
6028 6028
6031 6031
6037 6037
6044 6044
6052 6052
6061 6061
6070 6070
6079 6079
6088 6088
6097 6097
6107 6107
6116 6116
6126 6126
6136 6136
6146 6146
6155 6155
6165 6165
6174 6174
6183 6183
6191 6191
6198 6198
6203 6203
6208 6208
6211 6211
6213 6213
6214 6214
6214 6214
6213 6213
6211 6211
6208 6208
6204 6204
6199 6199
6194 6194
6188 6188
6181 6181
6173 6173
6165 6165
6156 6156
6147 6147
6137 6137
6127 6127
6116 6116
6106 6106
6095 6095
6084 6084
6074 6074
6064 6064
6054 6054
6044 6044
6034 6034
6025 6025
6015 6015
6006 6006
5997 5997
5989 5989
5980 5980
5973 5973
5967 5967
5964 5964
6033 6033
6037 6037
6042 6042
6050 6050
6059 6059
6068 6068
6077 6077
6087 6087
6096 6096
6106 6106
6116 6116
6126 6126
6137 6137
6148 6148
6158 6158
6169 6169
6180 6180
6191 6191
6201 6201
6210 6210
6217 6217
6223 6223
6228 6228
6232 6232
6234 6234
6235 6235
6235 6235
6234 6234
6231 6231
6228 6228
6223 6223
6218 6218
6212 6212
6205 6205
6198 6198
6189 6189
6181 6181
6171 6171
6161 6161
6151 6151
6140 6140
6129 6129
6117 6117
6105 6105
6094 6094
6083 6083
6072 6072
6061 6061
6051 6051
6041 6041
6031 6031
6021 6021
6012 6012
6003 6003
5994 5994
5985 5985
5977 5977
5971 5971
5968 5968
6038 6038
6042 6042
6048 6048
6056 6056
6065 6065
6075 6075
6084 6084
6094 6094
6105 6105
6115 6115
6126 6126
6137 6137
6148 6148
6159 6159
6171 6171
6183 6183
6195 6195
6207 6207
6218 6218
6228 6228
6237 6237
6243 6243
6248 6248
6252 6252
6255 6255
6256 6256
6256 6256
6254 6254
6251 6251
6248 6248
6243 6243
6237 6237
6230 6230
6223 6223
6215 6215
6206 6206
6196 6196
6186 6186
6176 6176
6165 6165
6153 6153
6140 6140
6128 6128
6115 6115
6103 6103
6091 6091
6080 6080
6069 6069
6058 6058
6047 6047
6037 6037
6027 6027
6017 6017
6008 6008
5998 5998
5989 5989
5981 5981
5975 5975
5972 5972
6044 6044
6047 6047
6054 6054
6062 6062
6071 6071
6081 6081
6091 6091
6102 6102
6113 6113
6124 6124
6135 6135
6147 6147
6159 6159
6171 6171
6184 6184
6196 6196
6210 6210
6223 6223
6236 6236
6246 6246
6255 6255
6263 6263
6268 6268
6272 6272
6275 6275
6276 6276
6276 6276
6274 6274
6271 6271
6267 6267
6261 6261
6255 6255
6248 6248
6240 6240
6231 6231
6222 6222
6211 6211
6201 6201
6190 6190
6178 6178
6165 6165
6152 6152
6138 6138
6125 6125
6112 6112
6100 6100
6088 6088
6076 6076
6065 6065
6054 6054
6043 6043
6033 6033
6023 6023
6013 6013
6003 6003
5994 5994
5986 5986
5980 5980
5976 5976
6049 6049
6052 6052
6059 6059
6068 6068
6077 6077
6088 6088
6098 6098
6109 6109
6121 6121
6132 6132
6144 6144
6157 6157
6169 6169
6182 6182
6196 6196
6210 6210
6224 6224
6239 6239
6252 6252
6264 6264
6274 6274
6282 6282
6288 6288
6292 6292
6295 6295
6296 6296
6295 6295
6293 6293
6290 6290
6285 6285
6280 6280
6273 6273
6265 6265
6256 6256
6247 6247
6237 6237
6226 6226
6215 6215
6203 6203
6190 6190
6177 6177
6163 6163
6148 6148
6135 6135
6121 6121
6108 6108
6096 6096
6084 6084
6072 6072
6060 6060
6049 6049
6038 6038
6028 6028
6018 6018
6008 6008
5998 5998
5990 5990
5984 5984
5980 5980
6054 6054
6057 6057
6064 6064
6073 6073
6083 6083
6094 6094
6105 6105
6117 6117
6128 6128
6141 6141
6153 6153
6166 6166
6180 6180
6194 6194
6208 6208
6223 6223
6238 6238
6254 6254
6268 6268
6281 6281
6292 6292
6300 6300
6307 6307
6311 6311
6314 6314
6315 6315
6314 6314
6312 6312
6309 6309
6304 6304
6297 6297
6290 6290
6281 6281
6272 6272
6262 6262
6251 6251
6240 6240
6228 6228
6215 6215
6202 6202
6188 6188
6173 6173
6158 6158
6144 6144
6130 6130
6116 6116
6103 6103
6091 6091
6078 6078
6066 6066
6055 6055
6044 6044
6033 6033
6022 6022
6012 6012
6002 6002
5994 5994
5987 5987
5984 5984
6058 6058
6062 6062
6069 6069
6078 6078
6089 6089
6100 6100
6112 6112
6123 6123
6136 6136
6149 6149
6162 6162
6175 6175
6190 6190
6204 6204
6220 6220
6236 6236
6252 6252
6269 6269
6284 6284
6298 6298
6309 6309
6318 6318
6325 6325
6330 6330
6333 6333
6334 6334
6333 6333
6331 6331
6327 6327
6321 6321
6315 6315
6306 6306
6297 6297
6287 6287
6276 6276
6265 6265
6253 6253
6240 6240
6227 6227
6213 6213
6198 6198
6183 6183
6168 6168
6152 6152
6138 6138
6124 6124
6110 6110
6097 6097
6085 6085
6072 6072
6060 6060
6049 6049
6038 6038
6027 6027
6017 6017
6007 6007
5998 5998
5991 5991
5987 5987
6063 6063
6067 6067
6074 6074
6083 6083
6094 6094
6106 6106
6118 6118
6130 6130
6143 6143
6156 6156
6170 6170
6184 6184
6199 6199
6215 6215
6231 6231
6248 6248
6265 6265
6283 6283
6300 6300
6314 6314
6326 6326
6336 6336
6343 6343
6349 6349
6352 6352
6353 6353
6352 6352
6349 6349
6345 6345
6339 6339
6331 6331
6323 6323
6313 6313
6302 6302
6290 6290
6278 6278
6265 6265
6252 6252
6238 6238
6223 6223
6208 6208
6192 6192
6176 6176
6161 6161
6146 6146
6131 6131
6117 6117
6104 6104
6091 6091
6078 6078
6066 6066
6054 6054
6042 6042
6031 6031
6021 6021
6010 6010
6001 6001
5995 5995
5991 5991
6067 6067
6071 6071
6078 6078
6088 6088
6100 6100
6111 6111
6124 6124
6136 6136
6150 6150
6163 6163
6178 6178
6193 6193
6208 6208
6225 6225
6242 6242
6260 6260
6278 6278
6297 6297
6315 6315
6330 6330
6343 6343
6353 6353
6361 6361
6367 6367
6370 6370
6371 6371
6370 6370
6367 6367
6362 6362
6356 6356
6348 6348
6338 6338
6328 6328
6316 6316
6304 6304
6291 6291
6277 6277
6263 6263
6249 6249
6233 6233
6218 6218
6201 6201
6185 6185
6169 6169
6153 6153
6138 6138
6124 6124
6110 6110
6096 6096
6083 6083
6071 6071
6059 6059
6047 6047
6036 6036
6025 6025
6014 6014
6005 6005
5998 5998
5994 5994
6071 6071
6075 6075
6083 6083
6093 6093
6104 6104
6116 6116
6129 6129
6142 6142
6156 6156
6170 6170
6185 6185
6201 6201
6217 6217
6234 6234
6252 6252
6271 6271
6290 6290
6310 6310
6329 6329
6345 6345
6359 6359
6370 6370
6378 6378
6384 6384
6387 6387
6388 6388
6387 6387
6384 6384
6379 6379
6372 6372
6363 6363
6353 6353
6342 6342
6329 6329
6316 6316
6303 6303
6288 6288
6274 6274
6259 6259
6243 6243
6227 6227
6210 6210
6193 6193
6176 6176
6160 6160
6144 6144
6130 6130
6115 6115
6102 6102
6088 6088
6075 6075
6063 6063
6051 6051
6039 6039
6028 6028
6018 6018
6008 6008
6001 6001
5997 5997
6075 6075
6079 6079
6087 6087
6097 6097
6109 6109
6121 6121
6134 6134
6148 6148
6162 6162
6177 6177
6192 6192
6208 6208
6225 6225
6243 6243
6261 6261
6281 6281
6301 6301
6322 6322
6342 6342
6360 6360
6374 6374
6385 6385
6394 6394
6400 6400
6403 6403
6404 6404
6403 6403
6400 6400
6394 6394
6387 6387
6378 6378
6367 6367
6355 6355
6342 6342
6328 6328
6314 6314
6299 6299
6284 6284
6268 6268
6252 6252
6235 6235
6217 6217
6200 6200
6183 6183
6166 6166
6151 6151
6135 6135
6121 6121
6106 6106
6093 6093
6080 6080
6067 6067
6055 6055
6043 6043
6032 6032
6021 6021
6011 6011
6004 6004
6000 6000
6078 6078
6082 6082
6090 6090
6101 6101
6113 6113
6126 6126
6139 6139
6153 6153
6167 6167
6182 6182
6198 6198
6215 6215
6232 6232
6250 6250
6270 6270
6290 6290
6311 6311
6333 6333
6354 6354
6372 6372
6387 6387
6399 6399
6408 6408
6414 6414
6418 6418
6419 6419
6418 6418
6414 6414
6408 6408
6401 6401
6391 6391
6380 6380
6367 6367
6353 6353
6339 6339
6324 6324
6308 6308
6293 6293
6276 6276
6260 6260
6243 6243
6225 6225
6207 6207
6189 6189
6172 6172
6156 6156
6140 6140
6125 6125
6111 6111
6097 6097
6084 6084
6071 6071
6058 6058
6046 6046
6035 6035
6024 6024
6014 6014
6007 6007
6003 6003
6081 6081
6086 6086
6094 6094
6104 6104
6117 6117
6130 6130
6143 6143
6157 6157
6172 6172
6188 6188
6204 6204
6221 6221
6239 6239
6257 6257
6277 6277
6298 6298
6320 6320
6343 6343
6364 6364
6383 6383
6399 6399
6411 6411
6420 6420
6426 6426
6430 6430
6431 6431
6430 6430
6426 6426
6420 6420
6412 6412
6402 6402
6391 6391
6377 6377
6363 6363
6348 6348
6333 6333
6317 6317
6301 6301
6284 6284
6267 6267
6249 6249
6231 6231
6213 6213
6195 6195
6178 6178
6161 6161
6145 6145
6130 6130
6115 6115
6101 6101
6087 6087
6074 6074
6062 6062
6049 6049
6038 6038
6026 6026
6017 6017
6009 6009
6005 6005
6084 6084
6088 6088
6096 6096
6107 6107
6120 6120
6133 6133
6147 6147
6161 6161
6176 6176
6192 6192
6209 6209
6226 6226
6244 6244
6264 6264
6284 6284
6305 6305
6328 6328
6351 6351
6373 6373
6392 6392
6408 6408
6420 6420
6430 6430
6436 6436
6440 6440
6441 6441
6440 6440
6436 6436
6430 6430
6422 6422
6412 6412
6400 6400
6387 6387
6372 6372
6357 6357
6341 6341
6325 6325
6308 6308
6291 6291
6274 6274
6256 6256
6237 6237
6218 6218
6200 6200
6182 6182
6166 6166
6149 6149
6134 6134
6119 6119
6104 6104
6091 6091
6077 6077
6064 6064
6052 6052
6040 6040
6029 6029
6019 6019
6011 6011
6007 6007
6086 6086
6091 6091
6099 6099
6110 6110
6123 6123
6136 6136
6150 6150
6165 6165
6180 6180
6196 6196
6213 6213
6231 6231
6249 6249
6269 6269
6289 6289
6311 6311
6334 6334
6357 6357
6380 6380
6399 6399
6415 6415
6428 6428
6437 6437
6444 6444
6448 6448
6449 6449
6448 6448
6444 6444
6438 6438
6430 6430
6419 6419
6407 6407
6394 6394
6379 6379
6364 6364
6348 6348
6332 6332
6315 6315
6298 6298
6280 6280
6261 6261
6242 6242
6223 6223
6205 6205
6187 6187
6170 6170
6153 6153
6137 6137
6122 6122
6108 6108
6093 6093
6080 6080
6067 6067
6054 6054
6042 6042
6031 6031
6021 6021
6013 6013
6009 6009
6088 6088
6093 6093
6101 6101
6112 6112
6125 6125
6139 6139
6153 6153
6168 6168
6183 6183
6200 6200
6217 6217
6235 6235
6253 6253
6273 6273
6294 6294
6316 6316
6339 6339
6362 6362
6385 6385
6404 6404
6420 6420
6433 6433
6443 6443
6449 6449
6453 6453
6455 6455
6453 6453
6450 6450
6444 6444
6435 6435
6425 6425
6413 6413
6400 6400
6385 6385
6370 6370
6354 6354
6337 6337
6320 6320
6303 6303
6285 6285
6266 6266
6247 6247
6227 6227
6208 6208
6190 6190
6173 6173
6156 6156
6140 6140
6125 6125
6110 6110
6096 6096
6082 6082
6069 6069
6056 6056
6044 6044
6033 6033
6023 6023
6015 6015
6011 6011
6090 6090
6094 6094
6103 6103
6114 6114
6127 6127
6141 6141
6155 6155
6170 6170
6186 6186
6202 6202
6219 6219
6238 6238
6257 6257
6276 6276
6297 6297
6319 6319
6342 6342
6366 6366
6388 6388
6408 6408
6424 6424
6436 6436
6446 6446
6453 6453
6457 6457
6458 6458
6457 6457
6454 6454
6448 6448
6440 6440
6429 6429
6418 6418
6404 6404
6390 6390
6375 6375
6359 6359
6342 6342
6325 6325
6307 6307
6289 6289
6270 6270
6251 6251
6231 6231
6212 6212
6193 6193
6176 6176
6159 6159
6143 6143
6127 6127
6112 6112
6098 6098
6084 6084
6071 6071
6058 6058
6046 6046
6034 6034
6024 6024
6016 6016
6012 6012
6091 6091
6096 6096
6104 6104
6115 6115
6128 6128
6142 6142
6157 6157
6172 6172
6188 6188
6204 6204
6222 6222
6240 6240
6259 6259
6279 6279
6300 6300
6322 6322
6345 6345
6369 6369
6391 6391
6410 6410
6426 6426
6439 6439
6449 6449
6455 6455
6460 6460
6461 6461
6460 6460
6456 6456
6450 6450
6442 6442
6433 6433
6421 6421
6408 6408
6394 6394
6379 6379
6363 6363
6346 6346
6329 6329
6311 6311
6293 6293
6273 6273
6254 6254
6234 6234
6214 6214
6196 6196
6178 6178
6161 6161
6145 6145
6129 6129
6114 6114
6100 6100
6086 6086
6072 6072
6059 6059
6047 6047
6035 6035
6025 6025
6017 6017
6013 6013
6092 6092
6096 6096
6105 6105
6116 6116
6129 6129
6143 6143
6158 6158
6173 6173
6189 6189
6206 6206
6223 6223
6241 6241
6261 6261
6281 6281
6302 6302
6324 6324
6347 6347
6370 6370
6392 6392
6411 6411
6427 6427
6440 6440
6450 6450
6457 6457
6461 6461
6463 6463
6461 6461
6458 6458
6452 6452
6444 6444
6435 6435
6423 6423
6410 6410
6396 6396
6381 6381
6365 6365
6349 6349
6332 6332
6314 6314
6295 6295
6276 6276
6256 6256
6236 6236
6216 6216
6198 6198
6180 6180
6163 6163
6146 6146
6130 6130
6115 6115
6101 6101
6087 6087
6073 6073
6060 6060
6048 6048
6036 6036
6026 6026
6018 6018
6014 6014
6092 6092
6097 6097
6105 6105
6117 6117
6130 6130
6144 6144
6158 6158
6174 6174
6190 6190
6206 6206
6224 6224
6242 6242
6261 6261
6281 6281
6303 6303
6325 6325
6348 6348
6371 6371
6393 6393
6412 6412
6428 6428
6441 6441
6451 6451
6458 6458
6462 6462
6463 6463
6462 6462
6459 6459
6453 6453
6446 6446
6436 6436
6425 6425
6412 6412
6398 6398
6383 6383
6367 6367
6351 6351
6333 6333
6315 6315
6297 6297
6277 6277
6257 6257
6237 6237
6218 6218
6199 6199
6181 6181
6164 6164
6147 6147
6131 6131
6116 6116
6101 6101
6087 6087
6074 6074
6061 6061
6048 6048
6037 6037
6026 6026
6019 6019
6014 6014
6092 6092
6097 6097
6105 6105
6117 6117
6130 6130
6144 6144
6158 6158
6174 6174
6190 6190
6206 6206
6224 6224
6242 6242
6261 6261
6281 6281
6303 6303
6325 6325
6348 6348
6371 6371
6393 6393
6412 6412
6428 6428
6441 6441
6451 6451
6458 6458
6462 6462
6464 6464
6463 6463
6460 6460
6454 6454
6446 6446
6437 6437
6425 6425
6413 6413
6399 6399
6384 6384
6368 6368
6352 6352
6334 6334
6316 6316
6298 6298
6278 6278
6258 6258
6238 6238
6218 6218
6199 6199
6181 6181
6164 6164
6147 6147
6131 6131
6116 6116
6102 6102
6088 6088
6074 6074
6061 6061
6049 6049
6037 6037
6026 6026
6019 6019
6014 6014
6092 6092
6096 6096
6105 6105
6116 6116
6129 6129
6143 6143
6158 6158
6173 6173
6189 6189
6206 6206
6223 6223
6241 6241
6260 6260
6281 6281
6302 6302
6324 6324
6347 6347
6370 6370
6393 6393
6412 6412
6428 6428
6441 6441
6451 6451
6458 6458
6462 6462
6464 6464
6463 6463
6459 6459
6454 6454
6446 6446
6437 6437
6425 6425
6413 6413
6399 6399
6384 6384
6368 6368
6351 6351
6334 6334
6316 6316
6297 6297
6278 6278
6258 6258
6237 6237
6218 6218
6199 6199
6181 6181
6164 6164
6147 6147
6131 6131
6116 6116
6101 6101
6087 6087
6074 6074
6061 6061
6048 6048
6037 6037
6026 6026
6019 6019
6014 6014
6091 6091
6096 6096
6104 6104
6115 6115
6129 6129
6142 6142
6157 6157
6172 6172
6188 6188
6204 6204
6222 6222
6240 6240
6259 6259
6279 6279
6300 6300
6322 6322
6345 6345
6369 6369
6391 6391
6411 6411
6427 6427
6440 6440
6450 6450
6457 6457
6461 6461
6463 6463
6462 6462
6458 6458
6453 6453
6445 6445
6436 6436
6424 6424
6411 6411
6397 6397
6383 6383
6367 6367
6350 6350
6333 6333
6315 6315
6296 6296
6277 6277
6257 6257
6237 6237
6217 6217
6198 6198
6180 6180
6163 6163
6146 6146
6130 6130
6115 6115
6101 6101
6087 6087
6073 6073
6060 6060
6048 6048
6036 6036
6026 6026
6018 6018
6014 6014
6090 6090
6094 6094
6103 6103
6114 6114
6127 6127
6141 6141
6155 6155
6170 6170
6186 6186
6202 6202
6219 6219
6237 6237
6256 6256
6276 6276
6297 6297
6319 6319
6343 6343
6366 6366
6389 6389
6408 6408
6425 6425
6438 6438
6448 6448
6455 6455
6459 6459
6461 6461
6460 6460
6456 6456
6451 6451
6443 6443
6433 6433
6422 6422
6409 6409
6395 6395
6380 6380
6364 6364
6348 6348
6331 6331
6313 6313
6294 6294
6275 6275
6255 6255
6235 6235
6215 6215
6196 6196
6178 6178
6161 6161
6145 6145
6129 6129
6114 6114
6099 6099
6086 6086
6072 6072
6059 6059
6047 6047
6035 6035
6025 6025
6017 6017
6013 6013
6088 6088
6093 6093
6101 6101
6112 6112
6125 6125
6139 6139
6153 6153
6168 6168
6183 6183
6199 6199
6216 6216
6234 6234
6253 6253
6273 6273
6294 6294
6316 6316
6339 6339
6362 6362
6385 6385
6405 6405
6421 6421
6434 6434
6444 6444
6451 6451
6455 6455
6457 6457
6456 6456
6453 6453
6447 6447
6439 6439
6430 6430
6418 6418
6405 6405
6391 6391
6377 6377
6361 6361
6345 6345
6328 6328
6310 6310
6292 6292
6272 6272
6252 6252
6232 6232
6213 6213
6194 6194
6176 6176
6159 6159
6143 6143
6127 6127
6112 6112
6098 6098
6084 6084
6071 6071
6058 6058
6046 6046
6034 6034
6024 6024
6016 6016
6012 6012
6086 6086
6091 6091
6099 6099
6110 6110
6123 6123
6136 6136
6150 6150
6165 6165
6180 6180
6196 6196
6213 6213
6230 6230
6249 6249
6268 6268
6289 6289
6311 6311
6334 6334
6357 6357
6380 6380
6399 6399
6415 6415
6428 6428
6438 6438
6445 6445
6449 6449
6451 6451
6450 6450
6447 6447
6441 6441
6434 6434
6424 6424
6413 6413
6400 6400
6386 6386
6371 6371
6356 6356
6340 6340
6323 6323
6306 6306
6288 6288
6269 6269
6249 6249
6229 6229
6210 6210
6191 6191
6173 6173
6157 6157
6140 6140
6125 6125
6110 6110
6096 6096
6082 6082
6069 6069
6056 6056
6044 6044
6033 6033
6022 6022
6015 6015
6011 6011
6084 6084
6088 6088
6097 6097
6107 6107
6120 6120
6133 6133
6147 6147
6161 6161
6176 6176
6192 6192
6208 6208
6226 6226
6244 6244
6263 6263
6283 6283
6304 6304
6327 6327
6350 6350
6372 6372
6392 6392
6407 6407
6420 6420
6430 6430
6437 6437
6441 6441
6443 6443
6442 6442
6439 6439
6433 6433
6426 6426
6416 6416
6405 6405
6393 6393
6379 6379
6365 6365
6350 6350
6334 6334
6318 6318
6301 6301
6283 6283
6264 6264
6244 6244
6225 6225
6206 6206
6187 6187
6170 6170
6153 6153
6137 6137
6122 6122
6107 6107
6093 6093
6080 6080
6067 6067
6054 6054
6042 6042
6031 6031
6021 6021
6013 6013
6009 6009
6081 6081
6086 6086
6094 6094
6104 6104
6117 6117
6130 6130
6143 6143
6157 6157
6172 6172
6187 6187
6203 6203
6220 6220
6238 6238
6257 6257
6276 6276
6297 6297
6319 6319
6342 6342
6363 6363
6382 6382
6397 6397
6410 6410
6419 6419
6426 6426
6430 6430
6432 6432
6431 6431
6428 6428
6423 6423
6416 6416
6407 6407
6396 6396
6384 6384
6371 6371
6357 6357
6342 6342
6327 6327
6311 6311
6294 6294
6277 6277
6258 6258
6239 6239
6220 6220
6201 6201
6183 6183
6166 6166
6149 6149
6134 6134
6119 6119
6104 6104
6090 6090
6077 6077
6064 6064
6052 6052
6040 6040
6029 6029
6019 6019
6011 6011
6007 6007
6078 6078
6083 6083
6090 6090
6101 6101
6113 6113
6126 6126
6139 6139
6153 6153
6167 6167
6182 6182
6198 6198
6214 6214
6231 6231
6250 6250
6269 6269
6289 6289
6310 6310
6332 6332
6353 6353
6371 6371
6385 6385
6397 6397
6407 6407
6413 6413
6417 6417
6419 6419
6418 6418
6415 6415
6410 6410
6404 6404
6395 6395
6385 6385
6373 6373
6360 6360
6347 6347
6333 6333
6318 6318
6303 6303
6287 6287
6270 6270
6252 6252
6233 6233
6214 6214
6195 6195
6178 6178
6161 6161
6145 6145
6130 6130
6115 6115
6101 6101
6087 6087
6074 6074
6061 6061
6049 6049
6037 6037
6026 6026
6016 6016
6009 6009
6005 6005
6075 6075
6079 6079
6087 6087
6097 6097
6109 6109
6121 6121
6134 6134
6148 6148
6162 6162
6176 6176
6191 6191
6207 6207
6224 6224
6242 6242
6260 6260
6279 6279
6300 6300
6320 6320
6340 6340
6357 6357
6372 6372
6383 6383
6392 6392
6398 6398
6402 6402
6404 6404
6403 6403
6401 6401
6396 6396
6390 6390
6381 6381
6372 6372
6361 6361
6349 6349
6336 6336
6323 6323
6308 6308
6294 6294
6278 6278
6261 6261
6244 6244
6226 6226
6207 6207
6189 6189
6172 6172
6156 6156
6140 6140
6125 6125
6111 6111
6097 6097
6083 6083
6070 6070
6058 6058
6046 6046
6034 6034
6024 6024
6014 6014
6007 6007
6003 6003
6071 6071
6076 6076
6083 6083
6093 6093
6105 6105
6117 6117
6129 6129
6142 6142
6156 6156
6170 6170
6185 6185
6200 6200
6216 6216
6233 6233
6251 6251
6269 6269
6288 6288
6308 6308
6327 6327
6343 6343
6356 6356
6367 6367
6376 6376
6382 6382
6386 6386
6387 6387
6387 6387
6384 6384
6380 6380
6374 6374
6367 6367
6358 6358
6347 6347
6336 6336
6324 6324
6311 6311
6297 6297
6283 6283
6268 6268
6252 6252
6236 6236
6218 6218
6200 6200
6183 6183
6166 6166
6150 6150
6135 6135
6120 6120
6106 6106
6092 6092
6079 6079
6066 6066
6054 6054
6043 6043
6031 6031
6020 6020
6011 6011
6004 6004
6000 6000
6067 6067
6072 6072
6079 6079
6089 6089
6100 6100
6111 6111
6124 6124
6136 6136
6149 6149
6163 6163
6177 6177
6192 6192
6207 6207
6224 6224
6240 6240
6258 6258
6276 6276
6295 6295
6312 6312
6328 6328
6340 6340
6351 6351
6359 6359
6364 6364
6368 6368
6370 6370
6369 6369
6367 6367
6363 6363
6358 6358
6351 6351
6342 6342
6333 6333
6322 6322
6311 6311
6299 6299
6286 6286
6272 6272
6258 6258
6243 6243
6226 6226
6209 6209
6192 6192
6175 6175
6159 6159
6143 6143
6129 6129
6114 6114
6101 6101
6087 6087
6075 6075
6062 6062
6050 6050
6039 6039
6028 6028
6017 6017
6008 6008
6001 6001
5997 5997
6063 6063
6067 6067
6074 6074
6084 6084
6095 6095
6106 6106
6118 6118
6130 6130
6143 6143
6156 6156
6169 6169
6184 6184
6198 6198
6214 6214
6229 6229
6246 6246
6263 6263
6281 6281
6297 6297
6312 6312
6323 6323
6333 6333
6341 6341
6346 6346
6350 6350
6351 6351
6351 6351
6349 6349
6346 6346
6340 6340
6334 6334
6326 6326
6317 6317
6308 6308
6297 6297
6285 6285
6273 6273
6260 6260
6246 6246
6232 6232
6216 6216
6200 6200
6183 6183
6167 6167
6152 6152
6137 6137
6122 6122
6108 6108
6095 6095
6082 6082
6070 6070
6058 6058
6046 6046
6035 6035
6024 6024
6014 6014
6005 6005
5998 5998
5994 5994
6059 6059
6063 6063
6070 6070
6079 6079
6089 6089
6100 6100
6112 6112
6123 6123
6136 6136
6148 6148
6161 6161
6175 6175
6189 6189
6203 6203
6218 6218
6234 6234
6250 6250
6266 6266
6282 6282
6295 6295
6306 6306
6315 6315
6322 6322
6327 6327
6331 6331
6332 6332
6332 6332
6331 6331
6327 6327
6323 6323
6317 6317
6310 6310
6301 6301
6292 6292
6282 6282
6271 6271
6260 6260
6248 6248
6234 6234
6221 6221
6206 6206
6190 6190
6174 6174
6159 6159
6144 6144
6129 6129
6115 6115
6102 6102
6089 6089
6077 6077
6065 6065
6053 6053
6042 6042
6031 6031
6020 6020
6010 6010
6001 6001
5994 5994
5991 5991
6054 6054
6058 6058
6065 6065
6074 6074
6084 6084
6094 6094
6105 6105
6117 6117
6128 6128
6140 6140
6153 6153
6165 6165
6179 6179
6192 6192
6206 6206
6221 6221
6236 6236
6251 6251
6265 6265
6278 6278
6288 6288
6297 6297
6303 6303
6308 6308
6311 6311
6313 6313
6313 6313
6312 6312
6309 6309
6304 6304
6299 6299
6292 6292
6285 6285
6276 6276
6267 6267
6257 6257
6246 6246
6234 6234
6222 6222
6209 6209
6195 6195
6180 6180
6164 6164
6149 6149
6135 6135
6121 6121
6108 6108
6095 6095
6083 6083
6071 6071
6059 6059
6048 6048
6037 6037
6026 6026
6016 6016
6006 6006
5997 5997
5991 5991
5987 5987
6050 6050
6053 6053
6060 6060
6068 6068
6078 6078
6088 6088
6099 6099
6109 6109
6121 6121
6132 6132
6144 6144
6156 6156
6168 6168
6181 6181
6194 6194
6208 6208
6222 6222
6236 6236
6249 6249
6260 6260
6270 6270
6278 6278
6284 6284
6289 6289
6292 6292
6293 6293
6293 6293
6292 6292
6289 6289
6285 6285
6280 6280
6274 6274
6267 6267
6259 6259
6251 6251
6241 6241
6231 6231
6220 6220
6208 6208
6196 6196
6183 6183
6168 6168
6154 6154
6140 6140
6126 6126
6113 6113
6100 6100
6088 6088
6076 6076
6065 6065
6053 6053
6043 6043
6032 6032
6022 6022
6012 6012
6002 6002
5994 5994
5987 5987
5984 5984
6045 6045
6048 6048
6054 6054
6063 6063
6072 6072
6082 6082
6092 6092
6102 6102
6113 6113
6123 6123
6135 6135
6146 6146
6158 6158
6170 6170
6182 6182
6194 6194
6207 6207
6220 6220
6232 6232
6242 6242
6251 6251
6258 6258
6264 6264
6268 6268
6271 6271
6273 6273
6273 6273
6272 6272
6269 6269
6266 6266
6261 6261
6256 6256
6249 6249
6242 6242
6234 6234
6225 6225
6215 6215
6205 6205
6194 6194
6182 6182
6170 6170
6157 6157
6143 6143
6130 6130
6117 6117
6105 6105
6093 6093
6081 6081
6069 6069
6058 6058
6048 6048
6037 6037
6027 6027
6017 6017
6007 6007
5998 5998
5990 5990
5983 5983
5980 5980
6040 6040
6043 6043
6049 6049
6057 6057
6066 6066
6075 6075
6085 6085
6095 6095
6105 6105
6115 6115
6125 6125
6136 6136
6147 6147
6158 6158
6169 6169
6180 6180
6192 6192
6203 6203
6214 6214
6223 6223
6231 6231
6238 6238
6243 6243
6247 6247
6250 6250
6252 6252
6252 6252
6251 6251
6249 6249
6246 6246
6242 6242
6236 6236
6231 6231
6224 6224
6216 6216
6208 6208
6199 6199
6189 6189
6179 6179
6168 6168
6157 6157
6145 6145
6132 6132
6120 6120
6108 6108
6096 6096
6085 6085
6073 6073
6062 6062
6052 6052
6042 6042
6031 6031
6022 6022
6012 6012
6003 6003
5994 5994
5985 5985
5980 5980
5976 5976
6034 6034
6038 6038
6044 6044
6051 6051
6060 6060
6069 6069
6078 6078
6087 6087
6096 6096
6106 6106
6116 6116
6126 6126
6136 6136
6146 6146
6157 6157
6167 6167
6177 6177
6187 6187
6196 6196
6205 6205
6212 6212
6218 6218
6223 6223
6227 6227
6229 6229
6231 6231
6231 6231
6230 6230
6228 6228
6225 6225
6222 6222
6217 6217
6212 6212
6205 6205
6198 6198
6191 6191
6182 6182
6173 6173
6164 6164
6154 6154
6143 6143
6132 6132
6121 6121
6109 6109
6098 6098
6087 6087
6076 6076
6066 6066
6055 6055
6045 6045
6035 6035
6026 6026
6016 6016
6007 6007
5998 5998
5989 5989
5981 5981
5976 5976
5972 5972
6029 6029
6033 6033
6038 6038
6045 6045
6054 6054
6062 6062
6071 6071
6079 6079
6088 6088
6097 6097
6107 6107
6116 6116
6125 6125
6135 6135
6144 6144
6153 6153
6162 6162
6171 6171
6179 6179
6187 6187
6193 6193
6199 6199
6203 6203
6207 6207
6209 6209
6211 6211
6211 6211
6210 6210
6209 6209
6206 6206
6203 6203
6198 6198
6193 6193
6188 6188
6181 6181
6174 6174
6166 6166
6158 6158
6149 6149
6140 6140
6130 6130
6120 6120
6109 6109
6099 6099
6089 6089
6078 6078
6068 6068
6058 6058
6048 6048
6038 6038
6029 6029
6020 6020
6011 6011
6002 6002
5993 5993
5985 5985
5977 5977
5971 5971
5968 5968
6024 6024
6027 6027
6032 6032
6040 6040
6047 6047
6055 6055
6063 6063
6072 6072
6080 6080
6089 6089
6097 6097
6106 6106
6114 6114
6123 6123
6132 6132
6140 6140
6148 6148
6156 6156
6163 6163
6170 6170
6176 6176
6181 6181
6185 6185
6188 6188
6190 6190
6192 6192
6192 6192
6191 6191
6190 6190
6188 6188
6185 6185
6181 6181
6176 6176
6171 6171
6165 6165
6158 6158
6151 6151
6143 6143
6135 6135
6126 6126
6117 6117
6108 6108
6098 6098
6089 6089
6079 6079
6069 6069
6060 6060
6050 6050
6041 6041
6032 6032
6023 6023
6014 6014
6005 6005
5997 5997
5988 5988
5980 5980
5973 5973
5967 5967
5964 5964
6019 6019
6022 6022
6027 6027
6034 6034
6041 6041
6049 6049
6056 6056
6064 6064
6072 6072
6080 6080
6088 6088
6096 6096
6104 6104
6112 6112
6120 6120
6127 6127
6135 6135
6142 6142
6148 6148
6154 6154
6159 6159
6164 6164
6168 6168
6171 6171
6173 6173
6174 6174
6174 6174
6174 6174
6172 6172
6170 6170
6167 6167
6164 6164
6159 6159
6155 6155
6149 6149
6143 6143
6136 6136
6129 6129
6121 6121
6113 6113
6105 6105
6096 6096
6087 6087
6078 6078
6069 6069
6060 6060
6051 6051
6042 6042
6033 6033
6025 6025
6016 6016
6008 6008
5999 5999
5991 5991
5983 5983
5975 5975
5968 5968
5963 5963
5960 5960
6014 6014
6017 6017
6022 6022
6028 6028
6035 6035
6042 6042
6049 6049
6056 6056
6064 6064
6071 6071
6078 6078
6086 6086
6093 6093
6101 6101
6108 6108
6115 6115
6122 6122
6128 6128
6134 6134
6139 6139
6144 6144
6148 6148
6151 6151
6154 6154
6156 6156
6157 6157
6157 6157
6157 6157
6155 6155
6154 6154
6151 6151
6148 6148
6144 6144
6139 6139
6134 6134
6128 6128
6122 6122
6116 6116
6108 6108
6101 6101
6093 6093
6085 6085
6077 6077
6068 6068
6060 6060
6051 6051
6043 6043
6034 6034
6026 6026
6018 6018
6010 6010
6002 6002
5994 5994
5986 5986
5978 5978
5971 5971
5964 5964
5959 5959
5956 5956
6009 6009
6012 6012
6016 6016
6022 6022
6029 6029
6035 6035
6042 6042
6049 6049
6056 6056
6062 6062
6069 6069
6076 6076
6083 6083
6090 6090
6096 6096
6103 6103
6109 6109
6115 6115
6120 6120
6125 6125
6129 6129
6133 6133
6136 6136
6138 6138
6140 6140
6141 6141
6141 6141
6141 6141
6140 6140
6138 6138
6135 6135
6132 6132
6129 6129
6124 6124
6120 6120
6114 6114
6109 6109
6102 6102
6096 6096
6089 6089
6082 6082
6074 6074
6066 6066
6059 6059
6051 6051
6043 6043
6035 6035
6027 6027
6019 6019
6011 6011
6003 6003
5996 5996
5988 5988
5981 5981
5973 5973
5966 5966
5960 5960
5955 5955
5952 5952
6004 6004
6007 6007
6011 6011
6017 6017
6022 6022
6029 6029
6035 6035
6041 6041
6047 6047
6054 6054
6060 6060
6067 6067
6073 6073
6079 6079
6085 6085
6091 6091
6097 6097
6102 6102
6107 6107
6111 6111
6115 6115
6118 6118
6121 6121
6123 6123
6125 6125
6126 6126
6126 6126
6125 6125
6124 6124
6123 6123
6120 6120
6118 6118
6114 6114
6110 6110
6106 6106
6101 6101
6096 6096
6090 6090
6084 6084
6077 6077
6071 6071
6064 6064
6056 6056
6049 6049
6042 6042
6034 6034
6027 6027
6019 6019
6011 6011
6004 6004
5997 5997
5989 5989
5982 5982
5975 5975
5969 5969
5962 5962
5956 5956
5951 5951
5949 5949
6000 6000
6002 6002
6006 6006
6011 6011
6016 6016
6022 6022
6028 6028
6034 6034
6040 6040
6046 6046
6052 6052
6058 6058
6063 6063
6069 6069
6075 6075
6080 6080
6085 6085
6090 6090
6094 6094
6098 6098
6102 6102
6105 6105
6107 6107
6109 6109
6110 6110
6111 6111
6111 6111
6111 6111
6110 6110
6109 6109
6107 6107
6104 6104
6101 6101
6097 6097
6093 6093
6089 6089
6083 6083
6078 6078
6072 6072
6066 6066
6060 6060
6053 6053
6047 6047
6040 6040
6033 6033
6026 6026
6019 6019
6011 6011
6004 6004
5997 5997
5990 5990
5983 5983
5977 5977
5970 5970
5964 5964
5958 5958
5952 5952
5948 5948
5945 5945
5996 5996
5998 5998
6002 6002
6006 6006
6011 6011
6016 6016
6022 6022
6027 6027
6033 6033
6038 6038
6044 6044
6049 6049
6055 6055
6060 6060
6065 6065
6070 6070
6075 6075
6079 6079
6083 6083
6087 6087
6090 6090
6093 6093
6095 6095
6097 6097
6098 6098
6099 6099
6099 6099
6099 6099
6098 6098
6096 6096
6094 6094
6092 6092
6089 6089
6086 6086
6082 6082
6077 6077
6073 6073
6068 6068
6062 6062
6057 6057
6051 6051
6044 6044
6038 6038
6032 6032
6025 6025
6018 6018
6011 6011
6005 6005
5998 5998
5991 5991
5984 5984
5978 5978
5972 5972
5965 5965
5959 5959
5954 5954
5949 5949
5945 5945
5942 5942
5992 5992
5995 5995
5998 5998
6002 6002
6007 6007
6012 6012
6017 6017
6022 6022
6027 6027
6033 6033
6038 6038
6043 6043
6048 6048
6053 6053
6058 6058
6063 6063
6067 6067
6071 6071
6075 6075
6079 6079
6082 6082
6084 6084
6086 6086
6088 6088
6089 6089
6090 6090
6090 6090
6090 6090
6089 6089
6087 6087
6085 6085
6083 6083
6080 6080
6077 6077
6073 6073
6069 6069
6065 6065
6060 6060
6055 6055
6049 6049
6044 6044
6038 6038
6032 6032
6025 6025
6019 6019
6013 6013
6006 6006
5999 5999
5993 5993
5986 5986
5980 5980
5974 5974
5968 5968
5962 5962
5956 5956
5951 5951
5946 5946
5942 5942
5939 5939
5989 5989
5992 5992
5996 5996
6000 6000
6004 6004
6009 6009
6014 6014
6019 6019
6024 6024
6029 6029
6034 6034
6040 6040
6045 6045
6049 6049
6054 6054
6059 6059
6063 6063
6067 6067
6071 6071
6074 6074
6077 6077
6079 6079
6081 6081
6083 6083
6084 6084
6085 6085
6085 6085
6084 6084
6084 6084
6082 6082
6080 6080
6078 6078
6075 6075
6072 6072
6069 6069
6065 6065
6060 6060
6056 6056
6051 6051
6045 6045
6040 6040
6034 6034
6028 6028
6022 6022
6016 6016
6009 6009
6003 6003
5996 5996
5990 5990
5984 5984
5977 5977
5971 5971
5965 5965
5959 5959
5954 5954
5949 5949
5944 5944
5940 5940
5937 5937
0 0
0 0
0 0
0 0
0 0
0 0
0 0
0 0
0 0
0 0
0 0
0 0
0 0
0 0
0 0
0 0
0 0
0 0
0 0
0 0
0 0
0 0
0 0
0 0
0 0
0 0
0 0
0 0
0 0
0 0
0 0
0 0
0 0
0 0
0 0
0 0
0 0
0 0
0 0
0 0
0 0
0 0
0 0
0 0
0 0
0 0
0 0
0 0
0 0
0 0
0 0
0 0
0 0
0 0
0 0
0 0
0 0
0 0
0 0
0 0
0 0
0 0
0 0
0 0
0 0
0 0
0 0
0 0
0 0
0 0
0 0
0 0
0 0
0 0
0 0
0 0
0 0
0 0
0 0
0 0
0 0
0 0
0 0
0 0
0 0
0 0
0 0
0 0
0 0
0 0
0 0
0 0
0 0
0 0
0 0
0 0
0 0
0 0
0 0
0 0
0 0
0 0
0 0
0 0
0 0
0 0
0 0
0 0
0 0
0 0
0 0
0 0
0 0
0 0
0 0
0 0
0 0
0 0
0 0
0 0
0 0
0 0
0 0
0 0
0 0
0 0
0 0
0 0
0 0
0 0
0 0
0 0
0 0
0 0
0 0
0 0
0 0
0 0
0 0
0 0
0 0
0 0
0 0
0 0
0 0
0 0
0 0
0 0
0 0
0 0
0 0
0 0
0 0
0 0
0 0
0 0
0 0
0 0
0 0
0 0
0 0
0 0
0 0
0 0
0 0
0 0
0 0
0 0
0 0
0 0
0 0
0 0
0 0
0 0
0 0
0 0
0 0
0 0
0 0
0 0
0 0
0 0
0 0
0 0
0 0
0 0
0 0
0 0
0 0
0 0
0 0
0 0
0 0
0 0
0 0
0 0
0 0
0 0
0 0
0 0
0 0
0 0
0 0
0 0
0 0
0 0
0 0
0 0
0 0
0 0
0 0
0 0
0 0
0 0
0 0
0 0
0 0
0 0
0 0
0 0
0 0
0 0
0 0
0 0
0 0
0 0
0 0
0 0
0 0
0 0
0 0
0 0
0 0
0 0
0 0
0 0
0 0
0 0
0 0
0 0
0 0
0 0
0 0
0 0
0 0
0 0
0 0
0 0
0 0
0 0
0 0
0 0
0 0
0 0
0 0
0 0
0 0
0 0
0 0
0 0
0 0
0 0
0 0
0 0
0 0
0 0
0 0
0 0
0 0
0 0
0 0
0 0
0 0
0 0
0 0
0 0
0 0
0 0
0 0
0 0
0 0
0 0
0 0
0 0
0 0
0 0
0 0
0 0
0 0
0 0
0 0
0 0
0 0
0 0
0 0
0 0
0 0
0 0
0 0
0 0
0 0
0 0
0 0
0 0
0 0
0 0
0 0
0 0
0 0
0 0
0 0
0 0
0 0
0 0
0 0
0 0
0 0
0 0
0 0
0 0
0 0
0 0
0 0
0 0
0 0
0 0
0 0
0 0
0 0
0 0
0 0
0 0
0 0
0 0
0 0
0 0
0 0
0 0
0 0
0 0
0 0
0 0
0 0
0 0
0 0
0 0
0 0
0 0
0 0
0 0
0 0
0 0
0 0
0 0
0 0
0 0
0 0
0 0
0 0
0 0
0 0
0 0
0 0
0 0
0 0
0 0
0 0
0 0
0 0
0 0
0 0
0 0
0 0
0 0
0 0
0 0
0 0
0 0
0 0
0 0
0 0
0 0
0 0
0 0
0 0
0 0
0 0
0 0
0 0
0 0
0 0
0 0
0 0
0 0
0 0
0 0
0 0
0 0
0 0
0 0
0 0
0 0
0 0
0 0
0 0
0 0
0 0
0 0
0 0
0 0
0 0
0 0
0 0
0 0
0 0
0 0
0 0
0 0
0 0
0 0
0 0
0 0
0 0
0 0
0 0
0 0
0 0
0 0
0 0
0 0
0 0
0 0
0 0
0 0
0 0
0 0
0 0
0 0
0 0
0 0
0 0
0 0
0 0
0 0
0 0
0 0
0 0
0 0
0 0
0 0
0 0
0 0
0 0
0 0
0 0
0 0
0 0
0 0
0 0
0 0
0 0
0 0
0 0
0 0
0 0
0 0
0 0
0 0
0 0
0 0
0 0
0 0
0 0
0 0
0 0
0 0
0 0
0 0
0 0
0 0
0 0
0 0
0 0
0 0
0 0
0 0
0 0
0 0
0 0
0 0
0 0
0 0
0 0
0 0
0 0
0 0
0 0
0 0
0 0
0 0
0 0
0 0
0 0
0 0
0 0
0 0
0 0
0 0
0 0
0 0
0 0
0 0
0 0
0 0
0 0
0 0
0 0
0 0
0 0
0 0
0 0
0 0
0 0
0 0
0 0
0 0
0 0
0 0
0 0
0 0
0 0
0 0
0 0
0 0
0 0
0 0
0 0
0 0
0 0
0 0
0 0
0 0
0 0
0 0
0 0
0 0
0 0
0 0
0 0
0 0
0 0
0 0
0 0
0 0
0 0
0 0
0 0
0 0
0 0
0 0
0 0
0 0
0 0
0 0
0 0
0 0
0 0
0 0
0 0
0 0
0 0
0 0
0 0
0 0
0 0
0 0
0 0
0 0
0 0
0 0
0 0
0 0
0 0
0 0
0 0
0 0
0 0
0 0
0 0
0 0
0 0
0 0
0 0
0 0
0 0
0 0
0 0
0 0
0 0
0 0
0 0
0 0
0 0
0 0
0 0
0 0
0 0
0 0
0 0
0 0
0 0
0 0
0 0
0 0
0 0
