-1529 -3865
196 -3881
3609 -3181
3163 4077
-3756 -579
-3841 209
2184 3356
-2454 2557
3668 1414
1854 3619
1259 -2427
-395 4174
-1907 -2315
-39 2585
-1993 -994
3183 -3632
-3087 -1645
3513 -3894
-2676 -1808
3122 1258
433 -2508
-4152 -2928
-2408 1864
2179 -711
3667 981
-1491 -608
1302 -2091
2213 331
-425 -4107
3670 -536
2745 -4100
-2419 1046
1668 1776
-18 -810
1860 -2398
3625 412
-916 -3444
-68 -3022
-3727 2316
-1259 -822
-2124 -3721
-1750 3376
-2246 -2109
649 -1574
1559 928
-979 -154
2472 1094
2816 -704
-1067 3408
-181 -1248
-3038 -443
2099 -1945
-3648 387
3005 3450
575 -2332
-1253 -1848
2484 2121
-1895 760
-1487 2489
1108 -3332
-2601 188
-2476 -486
77 1178
-2733 -3384
-1910 4194
1793 -3105
934 -129
2041 4157
1987 -3943
-3284 12
2149 -156
-2307 1065
-595 -1376
2244 -3870
884 -1719
2923 -2429
1783 68
929 -3914
3043 -3971
-2612 3786
-2019 743
-3064 3895
-4152 -1612
397 3408
2897 1118
-1371 -368
-939 258
693 1944
-2545 17
-3989 -3982
-3200 -749
-3931 291
-2588 3305
-2069 3580
1802 -524
1205 3783
-1123 -5
2401 303
-2543 -1016
3090 2718
2083 -654
3326 -1223
2031 -2967
-2183 -4299
-3744 -1192
-3449 2296
2597 2267
2658 1119
-2982 -2747
2178 1
-3189 -3881
535 -3423
-2163 -1354
695 -3000
659 1448
-506 -3616
-3685 1503
209 -297
-2776 2413
984 1584
796 1941
3686 3946
-3008 -3809
-1904 -2753
3699 806
-1971 1634
2484 108
-530 429
1392 1957
-2956 -3272
2028 3132
881 2542
-1452 904
3609 478
-1744 -296
3296 -498
-2086 -1404
-1265 -254
-1596 -1195
3942 -3540
982 -1063
211 -3341
-3468 3775
-2468 1817
1688 -1265
-1257 -474
2712 2396
-1825 2487
436 1978
-3548 -603
719 -4110
-3939 -3967
3530 1075
670 2600
1977 -1319
3835 -2805
3177 473
-3011 3834
-3713 -4087
-3634 3313
2303 -737
-3412 1425
-1987 -997
947 -2269
-1488 3852
3824 -3359
3528 3191
-3319 2799
-4128 -3592
-605 2742
3272 2841
2494 -2131
2813 2064
3985 1524
-3033 -3536
1939 1890
-1411 3122
1072 -966
1564 1466
964 -984
2447 828
910 -1153
-3975 4175
-3541 4257
4123 3724
744 -81
-1338 787
-3292 3821
2417 -570
-73 -3894
-655 -2449
-557 -76
1706 3734
-67 -2612
556 -225
-3794 -2309
-929 -3263
2413 3007
3407 2934
-391 2181
1107 -183
-3356 2086
524 -1228
3791 -654
-2536 -995
3409 -642
-2537 3883
1325 1657
2454 883
-3137 710
-2481 3278
3153 1102
-3159 3632
2460 -3975
-634 3072
-2905 1250
2723 -1524
-87 3488
-2701 -1134
1054 -1696
3058 -2272
3667 4
-795 -1975
-2707 -3020
-272 3787
2408 -2762
202 3519
-1493 -2902
2907 2248
-3919 266
-2194 -3258
-2948 3258
-2267 -4210
-1247 1526
-1601 -3565
713 -3720
-2576 -2011
3145 -1567
-3720 2838
348 -1968
-3201 -2732
2690 -1603
-815 1724
-708 -2797
3719 -2988
-249 2446
-1737 3396
1876 -2642
1910 2349
3232 -3527
-2964 1056
1479 1697
-2237 -1164
-2998 3760
2923 383
285 -1625
873 2643
-3962 -173
678 1821
1632 -266
-4066 1225
-2651 -2165
1020 -2653
-725 853
-1691 -3988
-1903 3761
2481 2537
-1672 2651
3074 -3966
-2997 3027
-349 1331
567 -3242
-3712 1363
-973 406
-3949 -3348
-1741 330
-1827 -1787
-3941 -2019
847 -3333
-3138 1576
3760 -2068
359 3429
-4087 2121
-2570 918
-559 -2442
-1263 1214
-3074 -1646
-1244 -1373
1353 1190
1133 -261
2834 -250
2260 2426
3142 -4209
-2574 877
-2839 -2410
3078 -1184
702 -3581
3950 848
2123 240
-3666 -1809
147 2978
-257 2283
1414 -3543
4044 -3334
-2657 -1257
-812 -1271
3791 4141
1431 -1494
-1873 -922
3605 -3737
3461 2947
-3304 -1607
-1332 -2532
-2288 626
-2958 3014
821 3672
-1280 2702
-3510 -1240
-403 -1710
1460 1077
266 2719
501 3344
-3639 1615
3552 -1863
3425 243
3308 -1513
-3353 -3491
3260 3178
-3683 3150
184 -1387
870 -67
-2354 2071
-2029 -3125
-334 664
95 -3439
-3251 2298
-1658 -3001
-1167 794
1347 -4226
3087 3698
1594 3253
-1407 7
-1540 -3039
1207 3836
2013 2425
2447 -993
-2374 -1977
355 1928
-1843 1443
1623 -1116
-3529 327
1455 30
3562 3171
-3011 -2187
1371 2837
-2884 -3469
-1152 -1920
2611 1655
3326 -3168
1103 2581
-1707 1394
3179 -3908
2766 -3821
-762 804
-1519 3421
526 2720
-3554 4049
464 2061
1812 -1985
2474 3860
-1548 52
-3924 -3172
-3243 1108
490 4006
-1290 -2982
4085 -2039
-519 860
2296 1016
581 -3316
-1351 -3401
-104 1967
-170 1693
-3062 3518
-2341 -2771
1733 -2489
2666 3215
-271 3658
1180 -4249
-3698 -2902
-3565 417
-1303 3711
445 -3544
-1568 2680
2079 1022
3168 197
-4340 -2058
-1690 2860
-2057 -906
876 1128
-1736 880
-3888 -647
-347 183
-2442 204
2229 354
2573 -629
1078 -524
110 -3009
1996 2221
-1055 -2760
-2960 -520
-3322 3212
360 -727
1042 -2094
656 -1461
-1004 3633
2665 -3057
-1871 -3834
-27 2177
-1995 -2148
371 2346
815 1608
-2821 -501
2665 809
3998 3766
-2482 1370
-973 3702
4067 2472
3266 -3564
900 1557
-740 3476
-3637 -2759
529 1000
-2044 763
-2772 -1731
426 2658
2442 1200
-2279 -3062
2690 -4028
1754 3788
1615 -1166
-658 1639
-1285 3830
-1694 -2765
3556 930
3267 -2190
-3148 -3054
359 696
-693 -3206
2200 2364
1530 3606
968 3308
3031 1372
1893 1789
-2805 2724
-1916 -3820
3714 166
-549 -3024
-2963 3403
296 -1050
-3350 3518
-2643 3194
-2931 2399
-2093 895
-1063 50
913 235
499 -1195
-1640 -4191
3597 -2873
420 -1593
1736 -3468
-1544 -2367
3817 -4210
-819 3241
-3471 -1664
-2181 -2663
-605 -2586
4126 544
913 676
-2400 -1272
3409 4213
201 3934
-925 -1740
1971 929
1155 254
1384 2369
582 353
-1701 -1317
2848 -2225
4215 2802
-1613 -207
2274 -1816
-2377 3077
-2195 -1226
3516 786
1550 -2314
701 2435
107 71
-2878 588
1380 -1651
988 -3242
-517 -821
-303 -91
2420 -1493
2065 3443
2620 -3049
-1077 3973
-3973 -2535
1073 -2337
3150 2448
-87 -2154
-1246 -4331
-2772 3021
21 3814
-219 1611
3776 -2590
657 -1384
3330 449
3142 2696
-4010 -3290
2125 -1196
3511 1354
-3694 -699
-4053 -3643
-147 -1438
2545 -3948
-2940 2994
-3605 3017
-36 -4033
-2876 504
2533 1587
-1515 -2039
3867 -2693
676 2151
3610 2219
2974 -1910
541 -1470
-3361 -1841
2014 -490
3394 3019
3169 3127
-3563 1386
-1360 -2445
-852 -2109
481 320
-4007 2551
-1937 -1718
1217 2677
-1605 85
-3928 727
3346 -2364
-663 3162
-1543 -1287
-3785 1332
-1949 2039
-2949 2035
-885 -3772
-1377 -697
2137 -212
1630 -1322
2459 -3538
117 2506
-940 3204
1839 2739
-2782 -3769
-2573 -3590
-2198 -2265
-2412 -3822
-2147 -1410
-2884 1566
2115 -2297
-1057 -3122
3201 3460
-693 -804
641 651
-3682 1954
2933 2728
1778 2001
2742 -348
-2132 -3160
-616 2350
-1178 2031
-3947 -2330
-2842 20
-1651 -2766
-627 -1824
3865 617
1520 -3726
-3097 -3089
-1806 3773
1428 2988
-222 4255
-2386 426
1755 -3221
3592 549
107 2293
3558 -3241
-2386 -1313
2408 3636
-2186 -3422
-173 3732
-2941 2157
-2107 -3427
3633 -2266
-3229 2825
3223 -2101
1952 -685
1117 -2739
-1510 -2859
3806 -2077
1239 -3586
-1537 -711
-2634 -1471
-847 617
2771 -1593
-1949 -2417
-3926 3700
-2276 -167
110 -1120
3113 -992
1244 -2705
3895 2216
-1872 -1623
3677 210
-250 -1634
-1052 1689
-3735 -1211
3271 498
-2607 516
-1358 -59
324 -2028
-731 -2942
-4228 -1817
-2496 -720
126 -1375
-165 -2363
-1584 1101
-3724 -241
-4031 -2253
3741 -4280
2668 -2770
-1148 2053
2023 -4044
3179 -48
-940 -3213
3834 -1314
-139 -3638
1744 -187
1750 -4038
2917 2139
522 2233
-1732 3883
-3839 -3298
175 2305
1106 -56
-1575 -2362
-703 1568
-1097 -2862
-2850 -1923
-4002 869
-1858 1968
2865 2146
543 -3582
2485 -3799
3578 -2074
-1158 206
-2103 -3285
537 1386
-2332 -1292
-3755 -1996
2726 -1856
-2786 -701
-643 -2520
-2670 -555
-1378 -3812
-2080 -2992
2362 -3163
-2619 2463
1640 3309
-4066 -2919
1022 3435
-4038 -4163
2733 3924
-1672 -918
-4250 -4171
2052 -1469
3312 -4138
-2003 -3859
973 2898
-460 3387
3239 -4150
2256 2394
3447 38
-3347 -3524
3888 637
-3448 3836
-670 1012
3122 58
3305 -3957
930 884
-687 1065
-3372 -2675
-316 1351
2454 1688
3748 1594
-3856 -2643
1001 -2109
-1944 946
2325 2964
844 -2549
4048 1279
-1553 358
-1020 1223
2161 2428
1911 -3069
1270 2085
-3224 -414
-243 3681
482 791
-908 2302
2794 -369
3921 -1714
-2547 1382
77 1980
3975 342
4163 2378
-479 2591
773 -2336
-2825 498
166 -1437
150 1896
1787 3836
1151 1046
-424 2425
1710 -2393
-1976 1711
3183 771
-1356 -1541
1287 -1443
-444 -1545
-3205 -3286
98 2881
2549 226
692 1204
-3464 -3351
-4273 3822
-1807 2371
-3464 -828
1939 1891
457 808
1614 3094
470 153
-3473 1002
1372 1142
3730 624
-3252 -2139
441 -3415
-1154 1447
-182 -3152
-2493 -3456
2946 684
-463 2325
-2017 -3236
-1458 -157
221 -943
1568 -223
-303 -3438
-3213 1445
-1963 2798
-2406 2461
2010 -2946
2996 -418
3848 -2755
-3145 -3129
-962 1571
-1155 -1384
2559 110
3802 -1274
3691 -2228
1334 1588
-2790 -516
-960 2666
-2379 1838
2700 -3529
1779 -1824
2681 -2368
162 2583
2537 -3129
4139 -4023
1730 20
-3920 3929
-2772 2495
-3174 2254
1566 1562
3090 -2245
1571 -3499
1716 -2273
-1826 2227
1924 -2402
463 2608
2745 -1349
1617 488
3641 2965
3558 2459
-762 -1053
895 -1674
2583 668
-3554 1544
-3721 1164
-2310 -214
-1340 -1195
-211 600
67 2811
-3054 3699
2354 -3564
-2855 1026
922 2739
-1346 702
1540 -1464
196 -2596
2053 -2374
3773 -883
1124 2845
-20 -3226
3694 1114
-3676 -515
-3358 95
2585 1844
-220 -2777
1598 -2930
-264 2060
-2807 483
2255 -3131
-200 3996
-2510 -2449
3364 -3476
3359 4283
1940 135
1197 2830
-815 1906
2773 1949
-1976 -1625
-2721 2323
-2755 -3119
-424 2976
-1731 -339
-3931 -1959
-3842 1720
3718 -3846
-2602 -1967
-1864 3908
-24 1319
2766 1898
-2994 1385
2684 1075
465 -2661
-492 3022
-3796 -3980
11 -240
-1348 1025
-1789 3190
2580 2856
3447 -693
2325 -3594
1807 363
-3262 -514
-887 -926
1896 -592
-2481 -4121
2108 -2579
-2582 3854
850 -376
-3922 -2600
3417 -115
-3741 -1646
468 2395
-1546 -1255
418 2859
-335 -174
-3 -903
-2491 1264
-966 1268
-57 3458
-3040 160
221 143
-1671 -3529
-1820 1207
-3916 -414
-3675 3633
-809 2858
-2292 -3593
105 -1342
-1304 3237
3772 1373
111 -3158
2766 -3445
321 3050
-3229 -364
2974 -1291
-1705 -3185
3283 -3283
970 3823
3940 -3074
2460 1361
-1704 1019
-2952 3046
-717 2718
-2494 4131
4142 -2801
-105 521
1174 3717
3115 -976
774 -317
-2279 -771
-2463 533
-870 2664
-1614 2261
1400 3853
2079 1598
534 2920
1581 1342
2243 -3096
-610 -619
-3078 1649
-654 1033
2005 -2643
-1892 2060
1865 2001
21 1022
2884 1196
-549 -3615
116 -3334
2362 54
2557 -2423
912 2696
1631 -242
-448 802
-1815 -3572
-3555 -3533
558 322
3200 -2418
-2092 -2078
-2477 1206
-2979 -2039
-852 2247
2416 939
-369 2179
925 -480
-2416 -259
-1308 -2094
-837 1305
3036 -2213
-470 2893
1601 -2536
-2298 457
3944 1691
-3675 -1250
-598 879
-3808 -2551
1763 -473
1240 2984
-1850 2409
-1209 -382
3168 1132
2065 -2438
-3530 -999
2356 3170
-687 1907
-1153 473
2971 -1714
-1514 1637
3380 812
-387 3322
3405 -1863
-3417 95
-699 751
-1500 485
2609 -4048
-3897 840
3058 -1644
-1810 -3252
3143 3265
-568 3362
3417 3731
-385 -571
-3477 3393
-3802 -501
1522 -449
-2751 3819
1214 -167
1544 -2518
2063 -609
-122 2767
2474 1523
637 2884
-2597 -887
2170 2251
-3862 362
1286 -429
-629 1255
-1353 3035
316 -3236
719 2394
848 -3243
3556 2209
1565 1727
1162 2864
177 -3598
487 3507
1177 -3568
3359 1240
-970 -1878
-2525 768
1739 -1330
3704 -3611
-1810 2920
-962 3911
3228 1492
97 -3068
2008 2935
-107 4248
3909 -3751
-2048 -1945
-3937 832
-65 1593
-2032 2154
-3303 -1162
3919 3566
-2768 -352
-3556 1182
719 -2142
3251 1841
2808 -4161
2241 -3324
3182 623
-1933 -1361
-3038 3461
-3225 -1490
-3348 -3414
-1484 1206
3543 3762
-3064 -2916
-3114 1019
147 -2674
-3941 2936
222 -529
143 2270
-2768 3523
-1935 3278
2827 580
2852 -2184
721 7
1022 -2242
2290 -2997
-2500 -761
4100 -2674
872 1424
4274 -3977
-2635 -1234
-2762 -2241
-1968 -1341
-288 3723
397 2525
-2023 -445
-2357 2313
-3054 13
-1818 -109
-339 -730
-2796 -1181
-3809 3040
-3661 589
483 1142
-3114 -1000
3751 4165
1837 4114
4016 1555
-3240 -2644
-1265 -3137
-133 758
-1960 2458
-3136 40
773 120
2294 -3465
3627 -1495
-3919 3332
-71 2079
4130 -1415
3312 455
1490 -1131
-1347 -1222
-2518 776
-1317 -1078
1279 1443
4381 -2235
-1358 -4176
-706 -2237
3999 3121
-361 -1852
-1021 3780
2000 -3506
2703 -2337
-491 -17
249 -3073
3937 3689
-4043 -2008
-3629 -2732
-1212 -4133
2813 -4073
-3177 3125
-904 334
-1255 -3435
-3728 -3082
245 -922
1486 2491
-3280 -1684
1572 878
683 -264
-423 1087
-2541 -4051
-1169 -1717
-1287 3116
-3372 -524
1267 -3709
1448 3020
2604 2148
-1070 2991
-2262 2826
-3666 318
-683 -1451
-2943 -3239
2212 -3043
2065 -3578
423 2385
-1054 -2609
3586 -553
1494 -400
1780 -1740
3886 2664
-232 1787
-793 -141
1865 3241
3854 -3823
-851 3074
-141 4087
-864 -1039
1991 -1069
-171 -3352
2212 3973
3802 -3922
896 1459
-1992 810
-2812 185
2597 1915
2673 3529
-1749 -3858
-3112 1092
3853 -850
-2792 -3045
-3038 2701
-382 -3666
1127 -2969
3462 -839
-2645 -1516
-140 3772
-1256 417
-1922 2445
3922 -797
-3115 2453
2297 -4059
2629 -1278
1809 -27
2128 49
-3799 3626
-3345 -2774
-70 -4284
-507 2427
4337 -2394
-2713 -1182
2676 3407
-1885 3866
-357 3385
2651 1986
-1430 -3231
-3086 -449
-398 -1888
896 3023
-538 -605
-1090 -3427
-3368 606
1855 -2783
-188 -661
-1203 -3307
2702 76
1025 1408
3337 2475
2790 3004
1100 948
-3461 1731
2586 -2485
-1327 -2236
-140 3322
3997 -1400
1129 202
825 -3491
-2594 2708
-3423 -210
-136 -2823
-507 -2180
302 1224
2024 -3067
3835 -284
2518 3038
3097 2735
-1804 2084
1619 3434
-3012 -3615
1964 -3748
2611 -2308
2866 534
2115 3886
-2633 1570
4246 -3807
941 -2941
3009 1552
-460 3596
2006 1534
4117 -4081
-1693 -604
-561 820
4017 670
3809 3630
2676 -627
3374 535
4124 -460
4090 -4024
-3079 -3458
-2654 2519
-689 -3593
-3055 374
-2275 600
-534 1485
-3681 3747
-2505 4035
3817 1141
-2287 3398
4116 -1097
-1800 3188
1156 2479
-2142 601
2565 -1716
1412 -287
1530 -2079
-2910 -2612
-2320 -94
-2921 2118
3551 2122
2150 1232
-2979 -2741
-314 2981
-3965 -14
-1099 -3016
275 -669
-3629 -3017
3444 -1880
3790 -1932
-3042 904
2649 2351
-731 2057
964 -1543
3626 -3409
-1274 -3826
-76 2028
-2881 -2064
302 -713
-928 1798
2075 -3067
-1668 704
-1961 3448
-1399 -2191
4087 -874
-708 255
-1820 -2018
421 -787
-3473 3248
376 455
-213 2495
-2981 -3679
3038 267
397 -3733
-522 -3958
1629 3101
2490 3627
4312 -1383
3097 2299
2687 -2523
-2522 3615
-2061 1319
-1103 1489
4266 2218
-556 4386
3846 3961
-2715 -926
-2806 -820
2422 1466
-3804 -2225
2308 -1234
-3589 -2558
2716 3504
-2477 863
268 -531
1057 3602
-2805 3252
-347 2942
1194 -3730
3887 864
3648 -3008
1370 1053
3787 3713
2427 925
-1414 825
568 3815
3084 137
1928 -3494
46 -3652
-3139 2420
-1405 -71
1714 1059
-1075 677
-1814 -2750
5081 1852
4575 -320
2771 -4082
2210 -1538
-1150 3272
4847 446
2672 379
1536 2754
-908 -1013
1709 3643
-1712 -2290
-3271 -378
44 3049
645 -3292
-159 2432
-883 2244
2266 -3232
2768 -1949
-1538 2554
1703 -203
-3112 -1785
2903 -2284
-1961 1646
-1328 -1952
-712 -1969
-217 -4090
2164 -2510
-3243 2400
-1336 3146
-2760 -2019
2322 -1042
3941 -2819
4073 -303
1830 1576
4055 -2477
1392 1601
-2274 -1724
-4034 -214
2254 -1101
2365 -3558
-1229 3924
-1566 -1441
-52 3662
833 -80
484 -803
-986 4358
2676 -1902
2382 2453
2215 2634
-2793 -3226
-3075 446
-1882 -1803
-74 -1127
3802 3492
-320 3889
-41 2358
-1352 -1441
-884 -1600
4932 -2266
2932 582
1261 1518
916 119
5982 -996
-181 351
2288 -3808
3575 -426
756 2675
4506 1001
5248 954
214 -2431
-94 -2830
-1236 -2624
2796 481
2379 1368
3599 -2976
-847 1604
-791 2213
2215 3617
4654 2909
857 975
-468 -2018
367 -2637
3063 2226
-1705 -118
2260 231
-1634 -530
1228 -4139
2050 804
3296 -1108
3553 -2183
-1078 2723
3291 -3065
-3093 -3340
1210 -3160
1261 -1423
-2297 4377
3824 3887
3490 1305
-622 3479
1741 3154
3645 1509
2553 3175
2824 892
-3596 3859
3964 1695
-3957 2295
-3060 -1783
3779 -3130
-3408 1958
-2867 2899
-3133 2305
942 -2918
934 -2204
196 2508
2255 -899
-542 4408
957 1477
-1331 3111
5691 1710
-492 -2388
-164 -3220
-970 1429
-1477 -156
5924 3768
5764 -2178
4804 1570
2580 -2781
5034 -1097
1340 2527
4740 2239
-1125 -3491
1746 -2007
3747 2283
4862 1538
4880 -2655
2661 -1499
2285 3972
-753 -1983
-440 -1070
266 2143
979 1737
29 -2170
-1542 2023
-476 -2496
1587 1566
4285 -350
-852 -1319
-1796 2251
-3637 -1279
-3923 -323
-2500 -2313
-4158 3028
-3421 3044
-188 -1068
-126 3652
-3151 -49
-2983 627
-1594 2217
-1976 -3058
1463 825
-1852 2538
1545 2205
-1675 3463
3507 -2590
1849 -831
3760 -3158
3240 3045
565 -2114
-1661 -1766
3531 -1567
4510 2362
1886 470
-1259 957
3294 -1215
2011 -3700
-1562 1585
4270 1704
-322 -1814
5622 513
6477 -2939
1849 2786
3860 3137
5823 -2715
5453 908
-380 -2823
1136 -433
1915 -1532
-546 900
5041 -3517
5040 -3032
4022 2118
3483 3988
1734 2518
-2140 1329
-2647 2832
4012 -3633
1764 2193
4113 1941
-2340 249
755 -3046
-2085 3301
2572 226
1136 796
-3601 2095
-479 2507
2177 2106
1855 -2526
-379 -972
1577 -1715
180 402
-3410 3814
-3371 -3266
-3582 4187
-3927 -168
906 -427
-4114 3917
2606 3506
-4150 -478
-2505 -2666
-3107 -2048
-3683 -1571
-78 2193
45 1950
-161 2801
824 2343
-2936 -1702
-732 3055
1918 2033
-542 -2807
1038 2032
-207 -870
1627 -1835
-1885 1769
602 -2295
589 -2895
-44 1536
5577 4257
644 50
3392 2671
5838 -239
5708 -2356
6029 2089
1517 -3039
2876 1864
-378 1945
-1156 3947
-919 2984
332 -1771
-1304 -3798
5354 -2828
-2063 3088
3526 -3178
-3034 2609
3966 2354
613 -1287
-2400 -2997
2038 3806
3699 -1974
207 -438
2578 -1952
4265 -2000
2499 -4093
-2585 1587
2379 2263
-722 3586
-2930 1812
-99 -2874
-60 2424
365 191
667 1066
449 -255
1172 4331
950 -928
557 340
390 -379
3667 -3203
3124 -2536
-2983 -2660
1782 526
3809 1295
-3893 -525
776 3269
-2603 -1990
3161 -313
1136 3690
2634 3230
383 -904
781 4471
-1430 3964
-160 -2233
3198 -1291
1808 1644
5138 3572
2885 3398
642 3183
5698 877
804 -1172
243 1542
7048 -2587
2116 3111
-270 2777
5570 3722
830 3348
3806 -1031
-60 -3674
2244 581
-1636 2404
3063 1809
4639 2261
3221 -3051
3092 2266
2164 3104
-412 -1707
1972 -3113
-2336 2506
83 1487
-3258 -3399
152 501
1861 -1441
4162 2702
1974 -3631
1264 217
785 3636
-1224 545
-2419 1579
-3852 199
987 -3108
-3657 1617
2603 -2449
-3538 -1519
-2969 1145
-3383 -1025
1071 -3305
-1535 2476
-1499 -709
-3276 2503
-3347 2283
2119 600
4006 3706
-2300 1464
362 1367
-188 2165
2040 -738
-1635 3283
609 -1158
-2814 -3087
1396 -2688
1280 1538
2635 1754
4464 4428
2737 -468
-2223 -3351
6012 1883
534 717
400 -757
578 2717
2467 -872
457 2926
2534 770
3748 3878
412 -3617
5813 -127
4545 2748
2712 -1762
1067 958
5019 -2071
4691 -2814
1679 663
1945 3679
2305 -2544
518 2139
-2536 -837
1971 1507
3937 -1059
3523 -618
-872 1476
-3619 2754
-369 2703
4408 1882
3681 3717
-3523 3965
-1728 -2120
4277 -2339
-2857 -1948
-3828 -1213
1423 -59
-1540 3427
2228 4076
1214 2051
-2751 -3019
-1614 258
-1887 -765
879 -1820
-2442 -2572
-2837 4454
2719 -1596
-3074 -3303
3489 1233
3273 2014
-3395 -3438
-443 2100
1600 1034
-3372 -3364
-2957 2277
-3046 4268
3009 859
201 -1510
-3069 -1073
4043 -67
-611 -1147
5351 2796
290 -437
7121 -613
5787 -2914
1283 861
5722 1215
3409 1990
1166 -192
1543 4628
2215 -2846
2097 -1398
3331 -315
-551 3033
-560 -2068
-503 3064
-2379 3352
1223 3947
-1575 341
3806 1867
692 -2327
-3095 2625
-1498 3973
-395 2573
-2474 350
4375 453
-766 3157
-2337 -3796
1129 1785
-3015 -703
-2714 -1591
-1114 2588
-1589 93
-2232 -3521
544 2310
419 3080
-311 1269
4100 -3174
-3299 2843
-1371 -3695
1315 -1046
-112 4249
-2233 1430
-3190 2501
1497 414
-2237 -688
-194 660
20 3505
1165 -1303
-1343 1032
-2889 -2227
-3526 3745
90 2427
668 -2478
2748 2662
3137 3011
-1355 -341
4065 1071
2054 -1964
-2180 -67
4339 -2071
182 -761
2666 -3118
2491 1804
6038 3439
6228 1442
7181 757
1434 -2821
1908 -3437
4583 -214
5279 -2113
2909 -173
4575 2220
3803 2141
2800 1248
-62 677
4677 -1283
4872 1160
-2272 2202
-1064 -3198
2066 -2599
3206 4070
4434 -3601
-1384 2989
2940 -1152
3478 4191
323 -3219
1147 2441
664 177
-3714 -339
3623 3148
3700 3260
595 4310
-3295 -2196
1156 4305
-1979 -2630
-2466 4195
1300 -433
3615 -1759
-819 961
-3189 -2834
-230 4055
-1090 -2130
-2553 3256
-1133 -1426
-1092 -1182
2039 -2795
-4178 2688
-3670 2487
3377 2093
2403 -2563
-763 3615
2796 -1244
3023 -2340
-3375 -961
-3414 -2360
-1395 3417
-2091 -58
1407 -324
4494 -2206
5520 -991
-328 2890
6707 3497
3224 4548
3739 -1094
2071 548
1936 -1592
2419 3025
-284 -3072
4258 -3143
5186 2281
4868 174
4772 4136
1214 682
-1470 3639
3528 821
-2415 2366
3583 3174
2443 1510
2874 -3396
-2027 3425
1001 -2385
298 -2847
1007 -1189
-573 -442
-2442 -1019
701 3926
2026 228
-3455 -3094
-2986 -3270
-1972 -3188
2792 3574
2841 2319
3106 1729
-1273 -3382
2993 -2797
2710 -2283
-2151 -2524
2910 2378
2716 1315
-2344 788
-4065 3459
-440 3755
-4151 2436
2692 1182
3519 -10
1207 2924
818 518
-3867 2786
2193 -2093
-644 735
-2350 920
-2047 -614
-1342 3584
2306 1848
-1363 781
-3440 3039
1875 -742
-2883 -1842
3867 -1177
-932 1581
2019 -993
2746 -935
4177 -2514
3919 -1188
3604 -3075
-1184 163
-1121 -3320
4678 -1433
374 -347
4958 4479
2228 1868
4195 -1641
602 -2365
-3020 2841
-2467 -93
-1774 -2787
-228 1590
3725 -268
-322 -1903
2208 1009
-1684 3583
-1407 -859
421 -3252
2700 2529
2216 3245
3299 1731
-2296 114
3223 525
-2415 -688
-2430 -1693
-869 -1566
3285 2536
2105 2152
91 642
-1865 324
-2496 -2107
-1528 3454
-3988 1885
-1348 3257
1254 928
-4189 4605
1220 -1127
-3938 -1322
3149 1739
755 1916
-3778 4708
576 2959
226 -1448
-3843 2802
2245 -2961
-3352 4655
-4267 -677
-223 2795
1179 4277
-1828 1767
-1555 -973
-2212 38
-2801 -2695
1316 4431
4466 127
4370 4814
1724 -302
5151 3657
4565 2205
4780 4288
4043 -1754
5423 -2687
2692 -3703
1720 4334
5031 -2885
-2046 441
-3265 3841
1706 -516
4107 -3516
-2743 4067
1325 -1864
-2961 -3640
848 2438
4062 2349
-588 1227
1516 2905
2518 4183
-2547 -1829
2886 1688
-2732 -3735
-1875 1843
2157 -3756
-2064 -2083
3553 188
-554 1898
2427 1151
2928 1237
4085 1689
-2992 2078
1518 267
2077 1628
554 2794
-47 2687
-1441 -1040
-781 -546
-354 2520
2059 3689
3564 1894
3497 2321
-564 -3283
-2635 -380
-1119 3793
-3108 4766
-1884 855
-1620 2922
-4191 1330
2858 1725
-1155 408
-292 -292
736 2682
1250 1518
1578 3422
-935 3236
1929 3379
-2651 2931
318 -1056
2498 2289
212 -1554
-209 1321
4844 -1786
-342 -127
4272 1549
2193 -2419
2700 -437
-926 4199
2866 3432
-1436 3638
3776 -1127
-314 314
275 3416
3555 2629
1420 441
-1837 1548
-2764 -1823
-1244 -2344
2051 2330
621 2255
-3526 2266
-3787 3429
2005 906
4137 -3084
867 582
-1098 -2004
-2930 4301
-1951 -3009
-2737 2190
862 -1720
-1416 3470
-411 -1591
-3440 -3106
-3807 -999
-4078 -1572
-511 1577
-1890 2150
3363 2994
-1004 -415
-1247 3140
1536 3989
-3990 417
2476 1328
64 1483
-2179 1135
-2347 -1531
-548 -3134
-3265 4187
-1972 -3274
1832 3711
1184 2807
-3001 -392
3916 -1312
611 1545
-3571 -1846
3071 1968
-41 3509
2396 -3660
3684 -1339
-344 -917
33 -3672
-2044 1768
4037 1870
3886 -3309
-2669 207
2464 3563
-2783 3524
-1521 1777
240 -67
-3473 -158
-2417 -541
1256 -1045
-2273 -401
4032 1133
-3092 -2647
1508 -2269
-2940 4178
940 -2406
3827 -1784
2344 3788
-3014 -923
2397 -1528
-830 1263
-1253 -1428
866 -458
3645 1459
982 4527
-2210 3814
3450 -1424
2227 892
1745 3489
3230 64
-3071 2405
2806 -1890
-3962 -1725
-3466 -2002
1305 -2833
4109 3540
-2022 2232
4061 -738
2710 -2191
2334 3041
-4076 -2619
-3469 511
2636 -2155
-3745 4434
1832 -1859
-1362 143
-3977 -3249
1015 3542
-486 628
-1682 1172
-3076 2175
2131 -1752
1485 -1791
-2134 3027
153 767
2488 -2221
-431 784
2055 1394
2146 2133
-1284 -854
3431 3313
-2438 1477
2670 540
3191 -2627
2531 250
-3189 733
-1508 -1415
-3431 865
-2511 89
-2742 -425
1501 -2704
2441 504
-263 1283
-1953 2937
-2452 2127
-169 -4082
-628 -248
-490 3022
3561 503
3071 -1056
-2997 1609
-2676 1028
220 -2461
-1252 -1055
-2194 1220
-2506 -1916
2204 -370
3128 -878
-2143 1777
-2127 1001
-765 -2254
3811 -33
2161 69
282 1093
1537 2295
210 -2246
3301 1101
-1638 2376
137 3252
-30 1521
-1324 -1055
-773 -813
-1004 1350
-3344 -666
-3054 3869
-2971 1862
602 -330
-4225 -813
-199 -1975
3480 3510
-2435 -172
3413 -3156
-4412 3348
1977 2334
-4761 -2900
-3760 148
-3402 2611
6 3036
-4593 -618
-1568 2436
602 -686
-4534 3013
3711 543
-3441 -815
507 -823
-1103 -1079
-1700 2696
-515 -1131
-964 -2387
-3894 2339
-1516 -2974
3983 2424
142 1598
-241 1950
2022 2738
-1719 -179
2861 -494
3704 2943
3268 196
-1722 -2654
1774 -3561
2809 451
3053 -3402
-1445 -1556
3542 1544
1395 3313
3020 2555
4077 -976
-200 -1584
-2335 4289
-1452 3978
3969 -3211
2581 1208
-2424 -1981
4000 772
-255 1310
-122 3566
159 -2822
3010 -3474
926 -3073
-1130 -1778
254 4355
-2111 3028
1950 2455
-1969 3954
3443 -1089
2769 1740
977 -648
578 -3363
3237 -416
2789 921
-1835 -3615
-4269 -164
-4056 -1564
-1506 1322
-2916 494
-1092 48
1959 -4047
-1675 -3634
-1223 -2037
-3254 -1254
1058 -1153
2789 -1462
144 2672
3847 768
2250 -3422
-898 -2827
-6 1237
123 1470
-3720 549
-2454 1871
2176 -68
2088 -805
-1461 3381
3853 482
2706 -15
-2985 401
349 1378
281 1783
-3632 -2568
-1460 -3466
-1695 596
408 -401
773 2991
-3062 2402
3266 3247
-2480 -1147
2829 -2485
-1742 992
-1598 -3140
-1560 1244
1616 -2867
-3909 -1949
2503 2552
-2254 2743
-2945 -3469
-2313 2712
-1236 -1738
3144 -2315
1108 3045
1980 -2475
-3771 174
-3127 -1673
-2294 -2544
-2817 -1788
607 1197
-589 3293
-1990 1115
3642 -1149
511 4107
-4409 611
-1208 -3428
-3307 1261
43 413
1767 -598
-2164 230
-4040 -1074
-5161 1316
1114 2183
1153 -3194
-3298 190
-551 -3837
2504 -797
-2752 -405
-552 -4091
-2294 -814
-619 -1667
3649 1326
3580 660
-3239 -1670
-1355 -2694
123 1246
1769 -3642
3411 2837
-1223 -107
115 2138
-4109 -514
545 3538
1699 429
39 213
1658 3454
3127 -2527
-1417 3629
2623 2901
-976 2250
-1502 -2042
570 2327
1479 -480
4004 1271
18 -3039
-3332 -2841
4295 2190
-3387 1233
4155 -968
-1673 1072
2255 2326
-546 -2491
3077 3836
2681 -3067
777 3732
96 -3008
962 -191
-3499 1527
2721 -2935
1146 2317
2013 2493
1168 -2201
-3864 -134
3023 1324
-94 1705
-2838 -2921
-2886 -1026
1269 2117
588 1635
2521 -3825
1429 -3056
81 1854
-4996 2680
178 662
976 1991
-3674 -1823
-3477 317
2406 -2031
3171 -2885
2480 -4282
-3017 2694
1656 2163
2918 1791
1421 1993
-1672 -3753
2164 -742
-1590 -2435
1123 -2601
-1771 1790
-3243 -324
-2691 2633
-2863 -1185
-145 -525
-3562 4328
1601 3788
287 813
2759 -1565
-450 2890
-30 1175
1403 -1998
-3718 1433
392 -1438
-2507 -430
-2690 1066
1126 2401
2068 -1568
3004 -2285
-1339 2161
-1430 -1096
-2682 1592
3782 -3656
3694 4381
1426 1364
-1590 2787
3436 1697
4217 -3089
4049 -745
-1007 2085
-2605 2992
-2073 3910
2022 591
-3783 -209
1481 -887
1924 1003
1607 -2084
1058 2859
-4013 1665
2463 -2229
2739 583
-5344 1287
1446 -1179
-2674 -412
2836 -724
-1495 3253
2371 -1902
-693 3027
979 -3449
1367 1605
898 1821
-2392 1817
556 1359
-2222 -1387
224 818
660 -1124
-3915 248
2361 -1353
-2408 -1565
2294 1366
1330 -2645
1873 177
-969 -184
2144 -1621
-2044 4273
2411 4120
2562 1137
-2888 -3071
2596 2987
720 -39
4206 -536
3097 1677
4077 2111
1599 1626
2828 -629
-53 3240
621 -2047
-2750 1475
-1377 3519
-3054 -2279
2559 3228
-1351 -1660
3875 3112
69 3585
3886 3591
3950 3800
-3332 3304
2852 -3782
-2664 -3290
2799 3855
532 1138
4263 1410
790 -1134
-1144 1703
-3708 -3171
713 -735
-4825 3370
-4723 -1372
-4789 3497
2371 -1195
-5080 -3757
-1802 -1449
-4083 -1896
-4073 653
1220 -3338
2328 2902
-903 -3157
24 -3508
2785 1625
-4475 -4236
1076 1586
2114 2365
-98 -2712
-1267 324
3176 2592
756 -3912
601 13
-356 858
-4249 -1345
392 1882
1018 1203
-4038 1556
3123 2366
-2051 -1713
-983 289
524 -289
1311 -3511
1762 2651
-860 -1837
2665 3262
3211 -116
-3459 1098
2961 -2569
-66 -139
4405 4115
-375 3451
3447 -168
-3154 285
-2816 3857
3689 -93
4300 -2079
2658 -2439
-3088 3290
275 -830
-3433 -2569
-2895 -1546
2187 3152
2819 -2987
2712 -2086
2010 -2459
1526 2956
1547 387
942 -2695
1044 -1993
1950 2443
2782 -3889
-2660 -4236
1119 2288
-1078 -3905
-2658 3785
2373 3249
-4029 1793
-1564 -473
2124 1752
-4277 3451
3345 -4422
2688 108
353 -827
632 3215
868 -275
-843 -182
-2078 -1563
-2620 -3304
-3036 -4012
-3364 2151
826 -489
3526 -106
-537 -4349
-2883 2423
-3242 1969
681 -4377
216 -2952
-1360 394
-3730 -2719
-2632 -3452
-517 1545
2510 -1067
-2777 -2519
357 -2550
-1092 276
4024 -3172
1423 -1378
-3269 4378
582 4153
1497 -2490
4068 1694
-2284 1445
2407 -2461
-1688 -2502
3870 1105
-2632 3317
-1005 -969
-2830 -3462
1893 -3306
441 3179
1069 -264
613 -1122
1626 544
-2911 -3365
-1632 1576
-1538 79
-1168 1890
3691 868
784 9
-868 1285
2200 1997
2865 -3331
-447 -677
804 2856
-430 1667
140 -2572
795 -2629
-1087 -645
-4173 563
-1348 -4043
493 -2505
-2946 321
-2485 -4028
-2983 -4203
2808 818
388 -2239
-3762 -3415
-479 -86
-102 -2988
2951 -691
-947 -1175
-1889 -1281
-1046 390
464 -3686
-4345 610
4344 -1790
-2022 1733
2831 4497
1077 544
3276 1775
2182 -2663
1400 1641
-526 -1081
-413 -1062
-3451 923
-3336 -3521
-1876 -2232
-2493 2029
708 -750
-1623 47
-609 -2070
1042 -1422
-601 -3549
1389 4211
442 -329
-2263 2059
-1661 873
1520 129
4729 3993
-614 896
345 -1088
35 1564
-1139 -2933
122 3516
3492 3919
-3077 -3489
-3466 -1397
1592 3210
1224 4028
-663 -423
2610 3162
-1223 -2614
1500 308
553 -3955
-2759 -2778
-3532 3347
-55 -1010
-4284 -4307
2667 932
-809 -2728
-752 103
3483 -2248
-3153 2629
2348 -2119
1309 -3324
-3852 3014
172 711
-2783 1121
-1351 -201
664 2282
-3632 -3278
-1691 -3938
-2040 135
3318 235
1765 3768
-2837 1924
3758 3180
-1467 2687
-1945 4287
3253 -2840
-991 562
2408 3142
2234 -2538
-3071 -681
-1362 3079
2731 4195
70 -696
-1634 712
2929 1825
4007 -3317
-3342 71
629 -2936
1218 -3088
-437 -1827
3409 2552
3189 -708
613 -2037
1286 142
-3228 -59
3255 4010
-2333 3889
-3298 2544
3904 -2652
812 -2833
0 2095
690 1836
-4265 -2776
-3384 -3064
-676 3171
-4211 2461
2108 -227
-3323 792
1010 -3712
-3917 -2575
-3797 3110
1496 -390
-3132 -1342
-3358 -2277
-2062 2741
-3112 -2724
-2097 -1295
1492 -3789
-3426 -4090
3293 -3713
956 31
898 -858
2145 -3625
-2628 -1288
-1623 -1036
-4140 -1645
-34 -67
-3896 1925
2527 -2181
-2883 922
-2706 3034
607 -1988
1415 -997
1852 -3355
-1894 4319
875 293
4019 2341
3661 -3233
2857 356
-3240 -869
1371 2397
2085 -3780
-1978 -2307
3256 -1781
87 -2564
2205 -2481
3849 -1887
-1623 66
-1915 -3063
3825 1740
2155 1790
-2184 2283
-481 965
630 2242
-545 -1539
-1097 1973
3483 -2028
1648 -894
47 3203
-3570 3146
-1716 -1684
-1516 -280
-3420 2091
840 3583
-3543 -712
-1543 418
2107 3802
1631 1903
-3662 366
1061 -2426
2435 3521
-3026 3258
485 3157
2336 -60
3124 -4225
1750 -3346
-420 2496
2305 786
848 2730
-2785 -4291
526 -1912
-1511 -4306
62 2142
2169 -4348
-3749 -3119
-3341 1410
-2244 -4004
99 743
-3534 2626
3070 -400
2210 -2382
3695 3126
2739 -1536
405 -3441
1165 1144
-2602 1276
-2561 -326
3752 2590
-1202 1929
-1181 3285
-1995 -1096
-3228 2771
3668 -7
88 -1041
4148 1092
-2719 2237
-2704 3359
-834 -2441
4612 -1447
675 2906
2541 -3743
3087 2761
-835 1496
2801 -1085
3342 2775
-1480 -1627
1465 3207
-1133 -3047
-510 -34
1275 -3900
62 -1779
-3378 3239
-2419 -2582
-8 -2585
-3937 -2994
-4553 -2849
590 -3909
585 1410
-4951 -1949
-2791 -3863
-2541 -516
-2962 -2080
372 3441
2274 -1163
-750 -981
269 3620
-2163 2314
3088 -2598
2842 1923
-3338 -4132
1740 -3949
-1086 1996
-3679 -1780
449 1427
2585 3726
-347 1056
-151 3518
1298 -605
3623 -47
-1632 -2338
2868 -1773
4449 -3030
413 -325
1738 4179
-1134 2052
-1539 -1788
-3382 2208
4341 -57
36 -1415
-3199 2756
-1002 3926
1058 4050
1654 -783
4379 -2587
-667 -2567
-1580 3262
-2485 -2709
1974 -1005
-531 3712
-2104 4235
4128 -2242
1417 -1743
3369 -1926
-1024 1047
-359 2586
1991 -3515
3953 -1003
-248 462
-1242 -3451
3466 -3614
2907 3861
1856 -1721
2743 3877
-648 -1661
-807 -3827
-1998 1334
-966 -334
-4254 -2803
-4822 769
1941 -3484
2829 -1715
-399 -3684
2148 -2342
-2869 -3930
-588 -4243
-1020 -273
-4113 -3345
-1689 -988
2090 3026
1434 1628
-831 -1154
1220 -335
-2639 725
1463 1307
-2567 -1818
-2084 3126
-1912 -3750
-2148 -2773
3443 3949
2794 -3028
-1034 -1195
3536 -2956
3859 64
1057 3549
2446 -2208
2302 4058
909 3407
-1876 981
1696 3841
-1664 2837
-3481 347
-1330 -2630
-2071 -3398
-135 3688
-2507 3038
-1599 2196
-2284 -1386
908 2467
-1252 2819
3191 -2661
-378 -3863
4485 -1020
-1809 -3732
3496 2810
-2957 119
-740 -3276
735 3517
1070 -867
2914 -1478
2797 64
409 1196
2928 2207
-1661 2259
1483 -337
-3926 3420
-1425 3059
1111 -1316
-2734 -1235
-805 -2153
-4490 -2504
-3598 -3674
-3180 3725
-1338 -121
926 1267
2129 1236
132 -2789
-2343 820
-2347 3618
-2343 2357
-4256 -2632
1823 3396
2597 -4391
-198 716
563 2644
1773 270
-1698 -3331
3093 2198
3477 2088
-2983 -1594
685 1891
-814 2695
1082 1024
2768 -3200
1853 3236
2631 2961
1736 -2232
170 -1801
-3219 3313
1560 -1628
3563 2808
2998 -1545
2190 3666
2446 -980
-2396 -2427
-1735 -2198
2928 -2149
1663 3107
4493 -2842
-3306 2362
2820 -1037
163 -2957
3936 -1736
928 1026
2541 3040
2033 742
-1181 2984
-1714 -2229
-3073 -4081
282 -3773
-2458 3640
3137 -731
-3504 983
-1218 -1573
3317 -2720
-1735 3585
1620 -3812
-1462 -505
-3778 -923
915 2647
-674 -1211
-2016 -3112
954 -3103
-2453 779
2420 -1299
2973 -2484
-3005 685
-2773 2285
-4343 -2767
-924 -4059
155 2515
3550 -3793
-2622 283
-751 -1334
1642 2501
1472 -2490
1562 2329
-541 -3249
-2315 -3561
-1113 1536
-1901 -710
-598 2401
-2993 575
-2174 3500
2889 3360
4346 -1684
-3103 -3483
291 2093
3898 -521
-3585 3127
-2438 897
2750 -3738
-2938 1447
585 -1682
3266 -1552
4160 -3673
2835 -2511
-2549 -3100
3160 3196
2113 -1076
1029 739
-300 -3075
959 1619
-2519 -1962
26 -3933
831 4122
-3013 3096
1248 1641
-2509 360
-2071 -2948
2768 -2098
-4112 -1401
1962 424
-1482 -2510
375 3198
-2588 36
-1561 2527
1912 1035
-1802 1074
3331 -974
3011 -453
-2201 1678
-2977 -1826
172 3482
1534 -3252
-3439 -2567
602 1505
-3758 -4138
-1181 -1597
629 862
2483 2193
553 2695
3036 -2700
-2952 -600
2243 3
-3599 -2585
-729 450
-1097 -2236
-840 -3587
1385 -3669
3528 -1301
-2425 -146
-3400 2318
-1301 -2454
0 -221
254 1221
1034 -987
4247 -1557
-977 3846
1434 -118
1591 3810
1600 -3028
-2003 -3600
3251 -274
-1646 3624
-2489 -588
135 -111
3666 3760
941 781
-3604 803
-2886 -1867
-1549 1854
1084 392
-3703 3477
2733 3436
-2743 -571
32 249
-956 2132
-1374 -24
-983 3162
-1346 1593
-2892 1137
-4652 3281
3357 -3878
-1359 -1603
1951 3247
-1235 754
3098 -1885
-1737 -2979
-764 -2945
530 1185
-1496 2470
154 1729
-1762 -2778
-122 1618
727 2747
-2657 2837
3133 -840
-3216 3476
-3068 1590
19 -384
-3756 614
1740 -1990
205 851
-3105 -3206
1395 913
-1395 1054
-3684 -2775
-3126 -430
-1457 1963
1685 -1954
-3266 -2189
-3528 3248
-2320 3287
-2001 -2214
-3388 -2252
306 -923
3716 4022
1844 2155
-1983 -2031
302 3023
2203 2950
864 2276
-3152 2343
1925 1463
-1813 -596
2990 -3605
3883 279
3221 -2256
2718 -3623
2055 -2189
3604 -2675
2990 3229
-2355 -600
-1259 -2940
-151 798
-3242 2870
2389 885
-3173 -3109
-3781 2444
-3082 -4012
-4323 -1610
-1770 -1213
1367 2813
2754 735
3444 3377
490 1382
1658 -1663
-4670 3160
-1779 -2642
-1537 -1554
660 -3547
-4499 -4014
1452 1020
1850 -1724
3130 3136
-1058 3437
2056 3084
-2298 2769
-3350 -2426
2846 -2221
2745 2248
-2832 4110
4059 4384
-1139 -2986
2998 -3244
925 1036
-2450 3353
199 -2685
-588 3201
-181 230
2710 -3136
3390 3886
3070 -690
522 2680
3153 741
478 1209
-1647 212
-1874 -1044
-3657 -1665
3226 910
-2015 1995
-73 680
3131 2911
2904 1736
-2016 -3414
535 -1728
-3572 -1681
946 3002
749 -3005
-435 3381
-3991 -2691
1002 4141
3236 -449
-2144 -3844
-3228 -1645
3765 -2495
2010 -1755
-1320 1491
-3589 3160
-790 1307
-2062 -1170
-4572 -872
-1908 -993
-1988 -1718
-730 -2985
-1094 -733
256 3662
1546 -693
-1338 -2387
-2142 -2012
237 -2727
-1604 -2437
-4089 -3062
-1459 1587
-3587 -398
2934 2891
1758 -3247
3531 -1230
-2432 3609
70 -2324
1930 3927
1402 -2037
3034 2205
-2076 -3299
1023 1527
3960 2766
3056 -2828
-1111 -2600
3650 -2048
2933 3379
948 1932
-3074 1103
-3579 -59
523 -783
31 3012
-2508 -2321
1044 2498
-485 711
1439 126
-520 -732
-2203 2508
2790 -2173
2275 2106
-806 -810
-1373 -1687
4400 980
3998 2006
-1485 -958
-2025 -3903
-336 -2610
1404 3461
-3867 -936
2168 622
73 -3199
706 3996
1596 585
2254 1871
-2081 -156
-1777 276
-3593 -232
-2021 -1904
607 2978
-3292 3120
3538 323
-2363 2534
-2215 -4103
-1831 -3211
-2195 -2505
-2934 1093
-877 2891
-2809 -1657
-3528 2415
-664 1193
-3181 -3715
-953 443
3623 -3783
3158 2122
2094 1102
-20 -941
-616 2528
696 -1756
-1380 3333
-1042 677
-1581 -3074
2216 4061
370 974
-2453 -3737
-3114 -2424
686 1854
1394 2332
935 -944
-1903 2118
2611 497
1242 -2450
1219 1764
-2001 1880
-2658 363
599 1114
4426 2700
-131 -3068
305 1299
2169 2134
3222 2556
-1056 -186
3278 3958
3321 -2519
-1281 -322
2956 317
3592 -1062
-1401 2659
-2993 -2464
2830 -1053
494 -545
-3055 609
-1811 -2057
-2331 1810
3505 3839
-1442 8
-2048 -3446
2795 2786
1065 -1293
-1914 3700
2230 -1962
-3503 2102
2968 2357
2026 -3546
-3690 -674
-4179 381
93 -1851
-2359 374
1722 432
-954 3845
-2669 122
-4414 -4260
3033 1596
155 2722
-4020 -3185
3169 2984
-3493 3955
1393 4008
2872 2067
-552 443
-1478 846
3938 -106
2279 -2188
3598 4336
-1247 2083
2297 1318
-3108 3367
4195 -910
3193 -252
-1224 -448
-3116 2313
-2374 99
-2544 2013
-1948 3387
1062 -769
-2168 -2899
2737 -1951
-3438 -187
-3311 -2489
-66 -3985
-1212 -2454
-1661 1076
-1876 2155
-160 567
2805 1652
1537 -2909
-3196 3669
1380 -2995
-109 1815
1496 -986
2824 -3083
1667 0
-2303 3520
-1016 2968
-4237 85
-2621 -3322
624 555
2488 3048
-155 3694
-1299 -1761
3349 -3069
-2162 -1490
673 -2718
-2804 1544
-3110 -772
-3882 -4189
-2439 1446
-4285 -2882
2027 -2329
2394 2842
-3158 3723
-1054 3604
-969 1157
81 -1359
-311 3103
0 0
0 0
0 0
0 0
0 0
0 0
0 0
0 0
0 0
0 0
0 0
0 0
0 0
0 0
0 0
0 0
0 0
0 0
0 0
0 0
0 0
0 0
0 0
0 0
0 0
0 0
0 0
0 0
0 0
0 0
0 0
0 0
0 0
0 0
0 0
0 0
0 0
0 0
0 0
0 0
0 0
0 0
0 0
0 0
0 0
0 0
0 0
0 0
0 0
0 0
0 0
0 0
0 0
0 0
0 0
0 0
0 0
0 0
0 0
0 0
0 0
0 0
0 0
0 0
0 0
0 0
0 0
0 0
0 0
0 0
0 0
0 0
0 0
0 0
0 0
0 0
0 0
0 0
0 0
0 0
0 0
0 0
0 0
0 0
0 0
0 0
0 0
0 0
0 0
0 0
0 0
0 0
0 0
0 0
0 0
0 0
0 0
0 0
0 0
0 0
0 0
0 0
0 0
0 0
0 0
0 0
0 0
0 0
0 0
0 0
0 0
0 0
0 0
0 0
0 0
0 0
0 0
0 0
0 0
0 0
0 0
0 0
0 0
0 0
0 0
0 0
0 0
0 0
0 0
0 0
0 0
0 0
0 0
0 0
0 0
0 0
0 0
0 0
0 0
0 0
0 0
0 0
0 0
0 0
0 0
0 0
0 0
0 0
0 0
0 0
0 0
0 0
0 0
0 0
0 0
0 0
0 0
0 0
0 0
0 0
0 0
0 0
0 0
0 0
0 0
0 0
0 0
0 0
0 0
0 0
0 0
0 0
0 0
0 0
0 0
0 0
0 0
0 0
0 0
0 0
0 0
0 0
0 0
0 0
0 0
0 0
0 0
0 0
0 0
0 0
0 0
0 0
0 0
0 0
0 0
0 0
0 0
0 0
0 0
0 0
0 0
0 0
0 0
0 0
0 0
0 0
0 0
0 0
0 0
0 0
0 0
0 0
0 0
0 0
0 0
0 0
0 0
0 0
0 0
0 0
0 0
0 0
0 0
0 0
0 0
0 0
0 0
0 0
0 0
0 0
0 0
0 0
0 0
0 0
0 0
0 0
0 0
0 0
0 0
0 0
0 0
0 0
0 0
0 0
0 0
0 0
0 0
0 0
0 0
0 0
0 0
0 0
0 0
0 0
0 0
0 0
0 0
0 0
0 0
0 0
0 0
0 0
0 0
0 0
0 0
0 0
0 0
0 0
0 0
0 0
0 0
0 0
0 0
0 0
0 0
0 0
0 0
0 0
0 0
0 0
0 0
0 0
0 0
0 0
0 0
0 0
0 0
0 0
0 0
0 0
0 0
0 0
0 0
0 0
0 0
0 0
0 0
0 0
0 0
0 0
0 0
0 0
0 0
0 0
0 0
0 0
0 0
0 0
0 0
0 0
0 0
0 0
0 0
0 0
0 0
0 0
0 0
0 0
0 0
0 0
0 0
0 0
0 0
0 0
0 0
0 0
0 0
0 0
0 0
0 0
0 0
0 0
0 0
0 0
0 0
0 0
0 0
0 0
0 0
0 0
0 0
0 0
0 0
0 0
0 0
0 0
0 0
0 0
0 0
0 0
0 0
0 0
0 0
0 0
0 0
0 0
0 0
0 0
0 0
0 0
0 0
0 0
0 0
0 0
0 0
0 0
0 0
0 0
0 0
0 0
0 0
0 0
0 0
0 0
0 0
0 0
0 0
0 0
0 0
0 0
0 0
0 0
0 0
0 0
0 0
0 0
0 0
0 0
0 0
0 0
0 0
0 0
0 0
0 0
0 0
0 0
0 0
0 0
0 0
0 0
0 0
0 0
0 0
0 0
0 0
0 0
0 0
0 0
0 0
0 0
0 0
0 0
0 0
0 0
0 0
0 0
0 0
0 0
0 0
0 0
0 0
0 0
0 0
0 0
0 0
0 0
0 0
0 0
0 0
0 0
0 0
0 0
0 0
0 0
0 0
0 0
0 0
0 0
0 0
0 0
0 0
0 0
0 0
0 0
0 0
0 0
0 0
0 0
0 0
0 0
0 0
0 0
0 0
0 0
0 0
0 0
0 0
0 0
0 0
0 0
0 0
0 0
0 0
0 0
0 0
0 0
0 0
0 0
0 0
0 0
0 0
0 0
0 0
0 0
0 0
0 0
0 0
0 0
0 0
0 0
0 0
0 0
0 0
0 0
0 0
0 0
0 0
0 0
0 0
0 0
0 0
0 0
0 0
0 0
0 0
0 0
0 0
0 0
0 0
0 0
0 0
0 0
0 0
0 0
0 0
0 0
0 0
0 0
0 0
0 0
0 0
0 0
0 0
0 0
0 0
0 0
0 0
0 0
0 0
0 0
0 0
0 0
0 0
0 0
0 0
0 0
0 0
0 0
0 0
0 0
0 0
0 0
0 0
0 0
0 0
0 0
0 0
0 0
0 0
0 0
0 0
0 0
0 0
0 0
0 0
0 0
0 0
0 0
0 0
0 0
0 0
0 0
0 0
0 0
0 0
0 0
0 0
0 0
0 0
0 0
0 0
0 0
0 0
0 0
0 0
0 0
0 0
0 0
0 0
0 0
0 0
0 0
0 0
0 0
0 0
0 0
0 0
0 0
0 0
0 0
0 0
0 0
0 0
0 0
0 0
0 0
0 0
0 0
0 0
0 0
0 0
0 0
0 0
0 0
0 0
0 0
0 0
0 0
0 0
0 0
0 0
0 0
0 0
0 0
0 0
0 0
0 0
0 0
0 0
0 0
0 0
0 0
0 0
0 0
0 0
