3459 -3051
2494 2021
2415 -2923
2229 1281
-4221 -1808
815 -1957
-3227 489
1550 466
1766 -3690
147 -219
-3897 1778
412 -1195
3538 644
3069 -42
689 -2128
-2252 446
-231 3231
-1331 -2007
3316 2906
3795 916
2777 2959
-730 3755
-1222 2193
215 3724
3280 3359
3960 1481
-25 -1156
-2360 4107
1947 -688
-135 826
1651 156
18 2516
2159 2179
524 2557
-3088 -922
3127 -3593
-3116 -1117
2501 409
2142 1010
-2889 -2302
-1160 -3522
-1203 -19
-1843 -1664
-1498 -3803
3855 582
882 -3388
-2080 -1633
960 -1943
-1651 3761
-1078 1131
-1324 2488
1701 -1036
-1807 1165
1740 2215
-3457 -3372
-727 2743
3793 3738
-2658 363
3467 -2121
-106 -1859
1135 610
-1219 -3187
490 1707
2850 -2834
3523 -467
-708 1314
-3458 -1653
-2583 577
2367 4184
-2821 4073
2217 543
1796 3284
-604 -3168
221 -3327
-3776 1422
2834 -2299
-2140 -1676
-2386 -1478
3425 -311
-2780 -1639
1839 -468
-3200 -3358
3856 177
2645 3868
3498 2001
2769 2194
1579 -371
-1288 -394
-3154 1395
3278 3946
2060 -3667
-1717 -3329
4331 3802
-2392 -815
921 -1409
2345 -915
1510 -2026
1554 -271
3941 -2642
1961 2031
-2152 1581
4426 3890
2275 2824
340 2056
2311 -2431
-1359 -1328
-2425 1553
-1012 3019
2958 -3217
3930 -15
-527 -3229
993 -906
1686 -3541
4427 -3526
83 -3101
1389 1030
1696 -1345
-2596 -3148
1970 1818
-3685 1390
2431 -971
-3575 1881
2942 -2316
1833 2214
-391 -2403
-1627 1339
-3280 -3676
-2221 3373
644 2993
445 3029
-9 2060
-2887 1114
-742 -2563
-2411 1151
3812 913
1322 -242
424 562
-1404 -1271
-968 3047
-2719 -1689
-3094 300
2504 826
-898 2975
-371 1928
-3533 -1005
2307 1670
2956 3204
-3324 1026
3586 -2269
3522 -83
-567 236
2218 -3165
-560 -79
2714 2244
4214 -2387
634 -358
378 -1104
-2519 -2191
-2361 -3695
-2958 -2137
-1304 2064
-2982 451
-3053 -738
242 2176
2633 2454
2685 308
-3022 -3611
3341 1531
1992 -42
3014 1514
3770 1748
3967 724
1006 -3629
690 1020
-1690 584
1420 -3857
1585 4072
-4178 -1078
-2252 -637
-3962 -2329
-3935 3412
2820 -2155
3298 -684
-2806 -273
-3366 -1791
-2597 3781
3716 -3267
1466 -3646
1055 2839
3769 2582
-1045 1914
3031 -2401
-1460 1261
2997 391
3157 105
-3482 -3400
3603 -2568
-565 3213
2975 1348
-4004 -1034
-2173 1571
-3519 187
762 -80
1298 484
-2993 2777
-1800 3996
1066 -425
3049 -1987
2094 -1713
-3398 4017
-1697 -62
-1992 4007
1599 3331
2608 437
-3126 1228
-372 1606
1403 -2584
-2488 -793
2561 -1420
-1820 1146
2084 -1319
605 -2496
-1293 -2784
1830 106
4004 -3821
-2350 1690
669 -465
-2473 3578
-3165 -341
-3634 -3016
32 -1791
983 -3272
-134 1623
-1781 -53
1039 1442
4117 1092
-2634 -216
3122 -728
-268 -2458
-4187 1740
2943 -2179
604 -1816
-393 3009
-3782 112
-301 -1353
-1936 1175
-3343 -2621
-1197 -978
-1501 4296
21 195
411 4138
667 -3013
-3554 3008
564 3595
526 3081
-4060 4439
1183 -3801
3584 2152
3631 -29
3840 2913
-1586 -978
-587 -1406
332 -1885
2267 1266
-2379 2798
2233 307
-3217 3684
-1439 1470
3536 -1011
-2926 -1757
1079 -3262
3509 172
-137 3705
-1387 18
2110 3939
3336 2350
-1790 3826
652 279
1848 -3137
2422 -3141
-3344 -1896
-616 -2556
-2524 1342
2125 -3168
-1344 4183
3696 -1052
1513 -3167
1143 3689
4058 -3637
2562 2650
3193 856
534 771
-1708 -1592
2300 3168
4311 -759
-1333 2713
-1047 -2055
-957 314
-682 227
-1036 892
3299 1626
3834 -2486
2996 -999
1034 4137
2810 -1369
3267 -2778
-706 633
-1860 -1775
-1754 2645
1350 -640
2955 1453
2320 -2756
2281 -2230
1851 3577
2583 -337
-3716 1709
3720 -1880
1972 574
658 502
-1180 -1589
950 -2764
-1463 2725
-1609 82
114 -1371
4116 -385
3643 -485
674 2534
-3232 -3740
-1979 -538
2364 -1099
1238 4221
4044 2586
-2725 1344
-1203 -774
4091 3167
3954 -1314
-3487 -1944
2065 -2801
2802 -923
2158 2747
151 1486
-62 743
-1288 2862
-994 -3891
1332 -1381
3415 1954
777 -2860
40 2641
-372 -2730
3333 -2997
2908 -1768
3472 -4078
1735 1558
-1813 3266
2014 1254
3274 -3367
-2314 1923
-4298 -2596
-3718 -427
-1292 68
2896 1786
-3663 -316
-1107 3379
-1146 2458
-2719 -1844
2316 -1628
2345 -3096
1406 4145
-2612 -428
-2735 -246
1086 -1464
-2369 3170
2568 3071
2621 -2176
2034 -2877
870 3138
-901 -1238
3038 163
-968 1691
194 2042
-2388 2280
-3913 321
-1175 -815
-653 -2246
3889 -3475
4351 -2541
-2502 3967
-1679 -1799
-489 -744
-3753 960
-738 2817
49 2570
594 905
4117 -2265
-1088 1451
-3359 -3227
4348 2790
2443 -689
-2717 -2658
680 -3007
-3284 1239
2149 -1754
-243 445
1972 -3043
-3081 -1082
983 5
3827 -250
-2757 471
4206 -3518
-1840 510
-2857 2711
4174 2518
-1910 -1650
-4108 3047
1562 -2204
-1365 -1060
-1591 -1412
-393 49
-2504 -3635
-4245 945
2116 1695
3190 1479
-2531 194
-201 4181
-2284 -127
218 -1682
-4171 -34
-580 2490
-745 -1189
3617 2076
943 3795
-1346 668
3903 -1843
-4100 2718
1743 1641
3909 -1221
3012 1040
677 -2754
-3762 -170
1364 -1856
4160 -1114
447 2405
760 -387
-1257 4051
-1968 450
-657 -2374
4401 -570
-2186 -2812
2945 4109
775 1584
-129 1584
4109 -1807
927 -114
-2482 -1218
-967 199
-2544 -311
1342 -113
-274 1809
-585 2786
2641 -444
4081 -2157
-2940 -1009
-2278 -1955
4179 -2894
-3651 -1721
-422 4153
-3779 2287
2176 1339
4342 3704
-1481 -4090
3558 -2796
2703 2992
-2742 180
-1892 1363
-745 -3012
134 -492
2995 -1968
-3220 -2487
-2469 -3126
-1301 2116
-30 -3079
1896 -968
-3202 -1635
-2333 -174
-2887 -3067
-1921 -1095
-1476 -2545
-20 507
-2239 -3600
1324 4150
-2265 1399
-729 -368
-3892 922
3103 1469
-2664 -3053
495 -1422
1206 -3345
1249 -2154
1943 -775
-1471 2434
239 586
2556 -305
3605 -2892
3160 -3334
100 -1080
2892 2095
181 -3474
-672 4049
-3211 1647
-409 2637
1682 -3750
3810 -2494
496 3965
-272 194
-2014 -454
-2293 358
2151 -800
-238 3511
-1037 -124
3507 -2420
2765 876
933 2338
1162 2765
-166 4070
-165 2680
2651 -3754
3325 -52
2575 -3687
3806 -1128
-3435 1997
-1342 -520
1684 3893
-2449 4274
-492 -1145
1682 -2696
151 -3452
-1383 1941
540 -1730
1433 3822
2232 4176
-2064 582
1314 1567
3481 861
-4268 1095
-3478 2830
-860 -1955
-2196 -3563
835 -1301
-3081 3344
2220 -3122
1349 -1045
-2329 -1838
-221 -2272
3336 -710
-3927 -836
1668 -363
-2956 -1670
1146 2989
3398 -123
-465 2169
3379 1438
-2869 -1538
-3063 2862
-958 917
3516 -1455
2774 -2854
-3777 3566
-1149 2061
-357 2112
-41 -3374
4345 -1274
2497 2930
-3156 486
-1625 -1943
724 -1984
-327 2419
-3263 -2691
-79 -4006
2217 1841
-2340 4042
994 -178
765 -3392
-2081 3643
1859 -1894
4168 -2736
3055 -3319
1201 2505
-980 101
956 2496
-2063 -133
-3921 -2842
2250 -861
-3546 2639
-3939 3115
-3169 190
-4137 3008
2351 1029
934 -28
-2326 2527
-3856 -3148
2067 3660
-683 -1904
1840 -2513
-3888 2744
-2944 -2417
2234 2251
-4251 -2492
-3629 -3229
916 948
-3452 -621
492 -161
-117 4135
-4231 4088
-1975 -41
2436 1777
-2068 -2416
-3030 -671
-59 -439
633 1967
1939 -2862
529 -1219
3052 -422
3320 664
-3191 915
-2192 3411
1189 -3454
-2946 2256
388 2882
-3335 724
4330 265
-2192 -3582
-797 -1719
3247 -596
3342 -3869
2066 335
731 -3171
89 -2102
-1280 -33
2887 -3747
3613 -1811
-1921 -1753
187 3610
-2 -1958
-2110 -3017
3308 2698
-3091 -1377
-3128 2156
-456 -3675
416 455
1315 -1786
3258 1186
-864 2605
-1640 1798
2841 3007
-3884 2120
3048 -2578
338 2494
3337 1916
-2000 4336
2020 -708
-4053 -2707
-1013 4231
-1634 1377
2116 -1195
-1275 -796
-3124 655
-339 3721
-1780 3477
401 -2821
-306 1024
-204 -947
1015 -3579
-2988 4428
1354 -1576
722 -3497
-2524 21
-3297 4178
3483 1907
2363 523
-674 -33
1847 -3073
3262 1233
487 1227
-2719 2191
-3078 -2183
505 1739
3426 -3776
1599 -3111
-2970 -2667
-2630 -1447
535 -3787
2350 -2027
867 474
-1637 -3614
-383 2018
-169 1067
-2927 1864
8 -2168
3391 -2739
1281 30
-1695 1880
-408 2386
3274 1681
-3454 2212
-2654 1963
-2902 -3899
2289 3418
496 -1739
2826 2221
550 424
-3388 1978
-2111 1660
-1621 4077
-1668 259
-2293 4427
-998 2629
-2427 14
3370 1681
2494 1465
-4035 -3478
-4168 -1493
-2529 -374
3754 4169
641 -388
-786 -3228
438 4398
850 -3216
-4223 366
-1122 -2446
-3446 4235
-2816 -168
-3952 -1255
-2269 -3689
-2676 2529
1810 -1438
2868 -1569
3443 -2205
1336 3357
1362 -3171
321 -3801
-3297 2045
-3304 2967
-491 3781
408 -3118
3543 541
3496 -3033
2947 2844
1544 3375
1026 -3848
-2419 -3514
3749 1065
-2826 -1371
332 -2385
746 -1294
-932 -1522
2125 2676
1920 -2072
-105 -1130
2832 -1149
-381 1283
4262 -68
2333 -1485
2843 -1512
-342 1407
-2011 -3919
2190 -1188
1741 -3434
2212 -438
1516 -2205
-2376 -2459
2870 3372
3822 2339
-857 -3244
3221 -1559
-4248 1484
-3042 903
-3593 -3343
-984 -3687
-1439 1358
-3318 4262
453 -2308
2469 4316
2954 -1216
2564 388
1935 -2315
-173 537
3521 4455
-2180 -3719
-1331 -232
-1465 2647
3226 3314
3755 1929
884 1011
-1474 -282
-302 -1433
1692 -1339
4036 2036
111 -3475
-2849 1927
1282 -2808
-977 3559
-1498 3840
-271 2301
2950 -651
2724 1793
3530 1198
959 -3770
1451 -827
3361 2173
2322 -3593
3866 3691
-1174 -3079
2303 1806
798 3964
-1476 3559
125 1106
82 -2293
-2908 -665
2916 3122
-2639 1821
-2202 2850
-1534 -3944
3226 3704
622 -4064
-658 2228
-1668 -2035
2914 3294
-748 3699
3875 -1727
-1631 -1495
455 1712
567 2130
-2703 271
2147 882
1163 1918
-2949 2694
1839 -2195
102 1758
-4002 4210
-3271 -2656
-4091 1812
-3649 1710
3819 -520
233 4
3810 -2337
-450 1322
-960 4465
2604 -226
-1318 -1661
2256 621
559 -485
-1736 -2950
-2248 1293
298 2418
2182 4435
1060 3950
1910 1215
1656 -1210
-3400 -2316
-2661 -3718
-2257 -3806
-2769 -3116
-1669 1463
-3316 3698
1927 -1709
3624 -3224
-3094 3682
-984 -2535
2034 449
4469 -3606
3536 -883
-845 2061
2847 1242
205 2007
2167 -3431
-3637 -3271
2967 1129
1559 1144
-1206 -3223
1111 -1263
-1591 -1354
1662 233
-1054 1749
-2244 -731
-3549 1369
-3354 2736
-4045 3007
1873 2137
-3953 2869
-3254 -302
233 -1947
1960 3852
3587 2563
3252 2816
-2887 -1401
2125 -158
1382 -1903
-2899 -439
-3645 -2408
-3320 -1213
1650 -1077
-2685 -3650
-4370 721
2984 3622
-912 2976
-930 -2292
1497 -2695
-2987 -2754
3090 -893
-617 -2528
2862 -2760
-377 1833
-3702 1567
-2515 -1456
-882 2513
-1264 -858
-3672 -3540
-572 -164
-1158 1511
-1928 -2536
2527 -3493
-2041 465
-3026 -180
548 -2480
4030 495
4158 3708
2372 -2684
1483 3682
730 3540
-1587 108
-2656 -613
3947 493
895 3840
853 1342
-2883 3699
-2830 -1565
1723 1956
-1737 214
2254 -3178
-1183 -3544
309 -3861
474 -2990
-1781 1205
-1233 1637
420 3999
159 1691
-463 -3046
3610 -2376
-3698 -3036
-461 -2035
3836 3655
-3968 15
1834 3206
-1359 -2136
-2736 -1013
1215 -3432
2930 1455
-711 -2353
1238 3492
2442 1009
-4306 -125
-784 -2547
2336 -3260
-1439 812
-1668 -1810
2935 2066
-3892 186
-1640 -3153
-3800 -2003
2004 133
-502 3010
1514 2464
-2458 3023
2721 -2449
2866 -470
-685 951
-601 3774
-2232 2499
707 1362
-1302 2758
-817 1173
816 -1698
3819 2618
3664 -4115
618 3369
-2365 1345
-2736 -3697
-3033 3671
-50 1990
1042 3071
1167 -676
-1253 4120
1160 -1519
-2784 -1208
-577 -1165
619 -329
3377 -520
-2251 847
2903 1478
820 -1854
-460 728
-1534 2925
-2991 1011
-3050 471
-3195 -2984
-317 -3312
-1137 2841
1962 -978
1820 3150
-2312 -2504
-3190 3467
1730 3517
-4173 -2639
-478 389
115 -171
-2798 2062
2401 3002
1008 3528
986 -2900
2731 127
289 -3564
-1157 250
2009 -2296
3270 2624
-2056 -986
3291 -3095
-2068 -1486
-1722 589
-1209 -745
-2829 1776
2140 -668
-2768 -848
-1456 1257
474 -1829
-72 3638
-2407 1456
2692 -1310
798 -2513
-935 -3928
4405 1973
-2569 -743
-814 -1834
-219 3542
2788 2007
329 3354
-3487 3347
-3721 3481
2325 -2038
-1904 1557
3341 -3791
-3384 -1720
3026 -2900
-3360 3440
1925 3112
-633 219
2539 -667
3106 -1527
1094 -3003
-1127 3863
-2157 1097
-3297 -628
-2991 -3104
3855 3284
2348 -488
-3924 3876
2721 2758
-1179 -2670
-2078 306
-4248 -1001
1257 382
-4180 662
3236 -3417
-4338 1801
-3244 1281
-246 -2779
-2280 693
-1030 2517
-2355 -980
300 3914
2796 3190
1087 -165
1934 3632
2139 -509
2165 -1456
-1350 2051
-4136 -628
2470 -66
2424 377
-209 962
-3725 -1621
-2151 -376
227 -2762
-4013 3080
2498 2178
3138 -757
-20 -2275
-3168 -1443
-1334 -3829
2295 -1331
894 -374
1258 2615
-549 -930
-1500 -3981
163 2034
-340 -1267
4232 -476
1781 1262
-598 -4013
1170 -3581
4023 -2783
-2956 -2205
1624 -2939
-2622 -1158
1411 -3150
3029 2125
1843 -3576
3822 -2842
263 -1404
803 -2325
-1563 1986
513 841
2839 3106
1250 -1946
1705 -2894
-729 -2164
-2690 3436
-567 -1228
2598 -291
3587 553
3454 3516
2824 -257
1576 2796
-396 -320
122 -758
-3125 -2348
-1758 -246
1041 -3371
-1023 1536
-2626 332
-3980 -1606
3646 430
-1851 936
2279 -1559
-3063 -2432
-3068 -148
-1161 -457
-3349 -704
-1154 1101
2540 1805
-355 2289
3228 -3555
-2272 -183
1119 -2852
1048 -1238
-875 -3472
-2618 -3385
-955 -1408
931 -2979
588 3548
-736 -2369
8 -1402
2976 -4092
-1762 1108
-1536 -1965
3883 2819
2943 36
2650 -1391
-3377 -51
-3230 1428
-3249 907
1451 -4132
-2723 1820
493 -3589
3808 -3789
2100 -2283
-2044 1494
-298 2332
-1978 3906
543 -1578
2189 -2190
1066 -1114
3412 1737
-4378 -3173
-1631 2712
68 2902
262 3750
3205 -1869
-1925 4367
-1162 -1180
-295 119
1443 4312
-513 -3568
-1849 -1064
49 1328
-3406 2210
2972 838
-2318 4034
-2985 4217
2544 4441
-2206 -1805
-733 1114
275 602
1599 1049
-1700 -2964
-4369 3799
1031 -7
-4345 -1602
-1484 2016
1804 -1030
-1456 -1152
-300 -1036
3076 3235
1459 2251
-3061 -666
-2088 -137
1269 2517
-2172 1633
4121 1831
-3032 -412
3195 -3853
-967 -1477
3666 3510
-2844 -292
-3677 -3255
-315 -1625
551 3548
-1612 -1532
2837 675
-3854 -2040
-2999 -475
-2650 -260
4131 -3028
-2284 3951
516 226
-2259 -747
2923 -1146
3749 2821
-1968 -3940
-3108 -2737
-2147 4224
2583 910
-3761 -694
-2873 -3681
1022 582
2275 -443
1957 -964
433 2788
998 454
-3487 3789
-4106 -2099
-846 1896
1575 3355
3404 -1306
-2296 -996
-1486 4377
2620 1262
-1395 1354
-2277 -700
-968 -2938
-1972 2469
1466 255
173 -3417
-2189 2504
-497 204
-1309 -195
2516 -1599
-1728 -2348
-959 388
785 -491
261 292
3433 757
-2487 3633
-1195 -3263
-824 1115
2159 -2181
1212 1767
3107 -3304
-3073 1630
-2950 237
-1891 4048
529 -2359
-3191 3723
1837 -3955
-1214 -32
511 2411
3326 1772
-2199 -3990
-3074 347
-2760 587
-3102 -2351
-3638 -1345
2798 -1637
-3175 2371
-969 3668
-976 -750
-2277 135
3849 3028
3985 -3213
1855 -2063
-4195 1470
-3554 4076
-4014 -3775
963 267
-3798 -2195
2296 -3946
-1595 1316
2671 -2864
204 3335
246 -728
957 1749
-1051 3488
1878 3137
-493 -537
-290 2601
134 -675
-4323 -3009
1014 -3018
217 1178
-315 -1272
-204 2735
-1856 -2144
-1825 -1990
-234 -750
2895 -3504
-3677 -620
-2733 3925
1547 4050
-1385 -1001
-3968 -3131
-1719 1120
-248 -3594
-1719 3835
-452 -1051
-911 -3703
778 3258
1271 -3636
1633 -3182
-777 -156
1046 -808
-1517 -1863
-3274 -414
1564 -2162
2710 2484
2142 -621
-1423 -2043
-723 -1736
-3929 800
-974 -2474
2819 1058
-209 3179
2604 -3428
-1117 -1697
-2335 2381
1574 -1740
2567 1366
2769 -665
-2020 3781
-138 -1489
2745 1815
-4363 -574
250 -229
1032 2303
-1185 385
-4394 2985
2116 -252
3546 -1986
1028 3802
-1191 -118
-527 3119
1917 -2441
2640 180
2554 -2921
-2957 4063
885 164
1707 -413
2784 -2732
-3714 2851
-3718 2275
2846 744
693 156
1427 427
2812 1473
2794 611
-55 2443
-2397 850
-2563 172
-1631 819
1940 4219
3041 -2292
-4466 4159
-3338 -276
-275 2728
-1521 -44
-2713 -933
-945 -3040
3170 1388
-2142 3143
1384 -4149
-3084 1088
2763 -3887
-678 2362
2298 -737
3404 2332
223 -1968
427 1657
3889 -694
-3118 2550
-3522 2224
-2862 56
-3846 2873
1546 -3812
-3481 -246
3334 -3762
-3861 2030
-1340 -1918
-1569 -417
846 -3914
3444 -126
-1060 -1583
-2231 3580
2364 -3642
2772 -326
1318 -3512
-2065 -1954
155 3522
2189 -358
19 -3336
2000 -938
-358 -3266
-709 -2115
-1899 -3771
-446 -2225
-884 2997
2303 -3218
-1629 -1215
1639 3112
1512 1797
1126 709
384 0
2325 24
2773 -3776
-1908 -3881
-3160 -1014
-2384 1056
855 2277
-3783 2680
-3966 3983
-1579 -3789
632 -2801
432 1245
-855 -400
295 -3569
-1314 210
-4367 3272
-1255 -3096
-296 -2287
-2831 -3349
-641 -3741
1040 -3544
1058 4018
-171 3392
-3203 -3914
811 1852
322 851
766 3056
779 2144
3755 1369
-3956 2388
398 223
-2280 1009
2322 -3003
1291 3213
2374 -1926
-1690 3740
2157 -1737
2997 -1680
-606 -3469
-3959 959
63 -374
-4303 -2891
-2388 -169
-3355 2741
-2570 -3732
-1083 -942
-4320 3090
-3891 -3165
-21 642
-1906 -2034
-972 -3538
1505 1250
-3155 2551
2557 -1633
-3106 925
-3701 -2049
-713 1576
-1756 3713
1672 -3982
-1862 21
-3814 -3131
-1082 -3554
-4344 -1241
738 -3284
-1381 24
-2799 1125
3055 902
-1259 -2739
-1295 514
264 1530
3144 -3844
2414 2268
-4468 2273
-4677 2001
2037 -454
85 -1419
1433 2793
929 2220
-629 -3342
-2460 -702
2057 1941
1922 -1081
1488 -2573
1095 1778
513 -3666
3609 2157
1260 926
318 -703
-2228 -1794
-2854 -3410
-14 -128
-2966 1117
-1114 -2851
-1358 3149
-3009 700
-3443 -521
3508 -271
3338 -1265
-2342 -947
-1559 -2136
-233 -1203
91 -3274
-1202 -3957
3748 775
-3837 -222
-3927 -3806
3285 2969
3041 -1722
-3207 3800
2826 -3175
-3363 3501
-380 3729
-3831 -1645
2657 -3045
1161 358
-1722 -631
-2739 -1708
-452 -3254
-1485 2440
-2129 3579
611 -2067
-201 -3716
1405 -3297
-154 -4014
1416 2127
2557 1391
812 458
2839 2458
1691 -1927
477 2277
-1738 724
1582 2260
3284 2817
1316 -1058
-4453 130
853 -3964
-1951 66
823 -3373
2683 -1992
760 -2865
1682 -1389
1183 905
3750 -3812
3659 2356
3674 -3850
-4019 -3216
1145 -156
-111 4149
3568 -1126
221 -2434
1986 614
612 4301
-3782 3346
-3916 -1845
1983 -632
3373 -2402
3338 -3735
1072 505
-2003 2340
2831 -645
-4277 -2121
433 207
640 1746
443 1988
-2861 -694
-2997 3913
1129 -3614
-2141 431
-167 -3369
-1203 2958
-1024 -3365
-852 1104
912 1413
1728 1032
-1325 -3599
-1279 -4209
-1458 -1212
2011 801
-2805 2803
-894 -3967
1705 -3220
-381 2711
2052 -1217
2859 -691
-477 -3933
-830 -2104
-2928 -681
-4473 -2022
-1342 -4247
-731 155
-2065 -3740
2555 -868
-4421 -109
-747 2496
-480 -285
-2868 1907
-3788 -1639
835 -566
-2019 898
-1297 133
-1617 1488
-2146 -2927
-3265 -3224
-623 -508
-3592 -3129
152 -1160
-736 -3063
411 2613
-355 -1879
1903 3166
1004 3463
-2251 -1512
2177 -264
2055 3927
2025 3899
3251 -3277
-1977 1972
2531 3330
-1775 3660
-4368 -1357
-3260 3642
-3787 -208
-2992 3290
-697 810
1180 -2095
-1471 250
-3897 -2809
2698 3635
748 -3455
-98 2480
-1895 -706
673 -1910
2376 -1818
-1558 -1103
-3618 -1358
-4149 -3870
2744 290
536 2594
458 2699
-3943 -4314
2480 -1974
-4031 -4035
1741 1221
-4551 895
-4041 -4354
-1231 -2158
-2138 -1603
-2391 3642
-5301 3874
493 2713
2411 -1403
129 1816
2555 786
-1503 3846
2533 1570
-673 2442
3243 -2516
-2726 -3421
-1316 -2102
2247 931
-3568 -2517
3447 1070
-3208 3757
3808 -135
-2485 -820
-3087 624
3254 -2308
-508 903
500 3429
-1494 3459
-3706 2007
3751 1430
3651 4397
3075 -4245
3817 -2460
3234 -1320
1882 -4059
921 -876
1183 3413
-1520 -2771
3726 1152
-1492 -1889
1266 -4023
-1490 -1440
1254 3405
-454 -2087
-3350 298
-595 -2191
2214 -1064
1711 -2776
665 -8
3401 1119
232 -2731
-1875 -4330
-1842 1511
81 1944
3632 -2015
-4326 918
2509 818
427 -2053
2207 -5175
1188 3042
-3349 -2270
-3683 3030
-3409 -4186
-470 -1202
-2768 -4187
1207 -3023
1356 2905
450 1695
-4322 2017
-3055 1255
1333 -2264
3157 1261
-3880 760
1486 -2629
1338 2224
-1915 -83
-2122 1907
-2696 4195
1150 1677
1731 -791
935 2868
3152 2875
-232 3934
2757 -475
-1378 -16
2720 -802
2684 -1064
4171 139
-2686 -2678
1073 3033
1209 2726
430 1314
-2191 -497
-2102 627
-19 2850
484 -3363
-3568 -92
1911 -27
2436 1981
-828 -3561
-404 -2473
1779 875
-450 3511
1602 3092
3634 -2664
-3154 -1936
1856 865
-1095 -4745
-168 711
2334 1531
2247 1099
1019 143
-189 3048
807 -32
83 708
633 -840
-3336 1331
2522 2002
2246 -964
-1471 746
292 314
-1711 1047
-1261 126
2277 -3019
1458 -651
2195 2496
-3602 -3506
2033 -645
1318 1853
2684 1602
1975 1720
-4236 -1704
-2777 489
1079 -217
3392 3947
826 914
1202 3901
-1425 -3337
-948 -2896
195 -2628
610 -1915
-3466 -2816
-2014 1205
-2643 -627
1133 9
-284 -3055
1092 3415
3345 3644
3495 431
124 -41
-2662 -2241
3001 -2462
-1422 -1046
-1332 -3828
-1806 2130
-4314 -3887
-3684 -3786
-3170 -2203
2496 -2404
-1923 -2490
-2499 -582
-4197 -2145
-2808 -66
-1946 -2584
-346 -218
3273 -2791
-2287 1586
2735 -2
-596 1526
-1497 -2421
513 1576
-591 -1266
615 -1226
-1246 2973
-4507 572
-4014 -4718
1588 1521
-2917 -3125
-5555 2071
-3953 1787
592 -1780
1693 3562
-3849 1414
-4341 -284
-3503 -315
1719 -293
-1385 -1250
-3039 -3278
-1267 -3099
1187 -1091
1760 109
-380 411
-2962 -1876
-3809 -2436
-1639 -1694
183 -764
678 4447
3083 4247
-2009 -2045
419 3172
153 4302
4127 1985
1477 598
1606 3707
2111 1291
-3576 -1491
3334 -1742
-592 3992
-444 1230
2573 -4447
1956 2926
-68 2777
2469 1093
1932 876
-944 -1931
-1707 2368
1483 673
-3920 1499
-69 2811
-2006 -292
-4331 2668
-2547 -1802
-3158 2404
3510 1238
3228 -2146
2004 -1143
-154 760
3723 989
1811 621
1314 -2225
709 -4315
-3150 -863
-3423 264
-1162 1565
-1002 -2678
-1213 -932
-4375 888
-3319 -362
1076 -4117
-378 -4189
853 3174
-4322 -3691
1770 -1138
1241 277
-29 -3073
-1320 -67
3459 1655
-1477 -1216
3408 -615
3021 -1573
3604 -3197
-1587 10
3311 -938
-1732 -778
1183 236
-243 -1891
-1696 -1118
2643 -1497
-1490 2745
3167 799
1214 3706
-2635 1984
-1072 -470
4055 -267
1393 2469
168 3020
-852 -2286
-186 -543
2500 -356
51 1925
-4118 -1402
-3172 -3431
1435 -2194
2270 -1091
457 1538
-941 -4578
3765 -582
-2064 572
-1036 1474
-4353 -3550
2971 -34
-651 949
612 574
-3516 -2239
-4285 -2740
3112 233
20 -2202
200 -100
3183 543
-952 3546
-1867 -2959
-1842 -120
-892 -3633
-2425 1985
309 -4369
-559 2620
-5118 -128
2453 862
-1418 -565
-2163 -3862
-2472 60
-2755 -2078
-3242 264
-351 -1051
3549 3264
-471 -1004
-3159 -3721
-132 2932
-2233 3830
3366 -1914
-2638 -1660
1494 3602
-25 -3303
3211 2981
1321 162
2184 3144
1218 -3079
2333 -3467
1640 3621
-2386 -3527
-2529 -2892
3873 2273
-3228 -432
-1991 2920
-2606 74
3971 673
-3133 2605
-2825 -1089
2176 -523
-157 -1684
-2992 209
-4228 2252
826 -4307
566 -2577
-2654 -1089
2446 -2412
2262 -4659
1438 2101
1778 1699
2806 -1520
3650 -728
897 -1556
-1171 -3986
2517 -4074
-129 -1691
-931 -1415
2758 -8
2499 -3792
-2598 -3814
-1738 1369
-631 1537
-904 -1066
-3709 -3699
3329 832
-1321 628
-3254 317
-1607 -1241
1468 1591
1317 -2625
-721 -658
-2870 -4031
3005 2976
1240 3389
3801 581
2308 -1575
699 -623
2905 2201
2166 -273
-713 -250
-3691 656
-4081 188
1596 -1311
-918 -198
2638 3319
267 357
-737 3616
1711 1590
2282 479
-25 794
-2306 1059
4211 -1825
-1008 2249
891 -22
-3603 -330
656 1939
2721 0
1423 2997
-2216 871
-4325 2177
-444 2655
-1073 -1047
2534 1895
623 675
3467 812
-3754 333
2225 314
-1780 -1025
3636 2454
339 -3259
2593 -3827
-1322 -1731
2949 727
-271 -3116
3241 -3279
-727 -1149
-3804 -2980
2217 -1552
-831 110
-4277 -1797
1456 -2475
2058 1663
-2590 -4115
-4172 1951
-1812 902
-2202 1567
-3052 3617
-1493 1686
-3091 3606
-2939 3609
132 -2657
-3832 -2523
-1649 -708
-3212 2836
-685 2139
785 -2888
-1633 -2416
-1961 -1195
2343 -2283
-1988 2548
2613 2151
1361 2093
1107 -2939
1617 -208
3270 -2192
-2024 -53
-28 -2025
1237 3578
1730 689
1316 -887
1146 -3425
-1045 3020
634 -1018
3867 -695
4034 -429
-2131 -1215
-1842 412
-420 2673
-51 -8
-3379 -19
-3957 2483
-1241 1670
-2378 -4270
1407 -3530
-3278 -4079
3015 -4436
-432 -2979
-1207 -3447
597 1154
25 -3851
-1065 -3642
679 -1276
-321 -2016
337 -2748
-2415 3722
941 -769
-734 -201
1924 1392
-768 -3652
3526 -1594
-3215 3165
2530 -2503
2791 -764
-2654 -1665
-2079 2852
-42 -1012
1427 -4098
-1666 -4147
2485 -3367
3994 -1888
-497 -208
3120 -2811
2956 -464
2080 -3144
1562 3779
-1028 -176
-231 532
3050 -3610
3491 -2684
-3262 -1544
1990 -1069
338 850
677 -1045
-1824 -1232
-1248 1498
-2533 -4180
-2272 1748
-2289 -3550
3934 -1404
-3201 3465
-1911 -1794
-1254 -1277
4229 -1452
-1915 3845
-2464 2103
-712 3373
2936 -2074
698 359
2122 535
-3089 2551
-802 -3000
-3954 -1065
-12 742
1956 -891
3147 -126
2325 3008
-3919 1035
1684 1858
-3474 -3850
2632 2130
-2937 327
-3376 2259
-3486 -216
1551 3390
1003 1608
-2887 -1993
308 -1060
2003 1843
3272 -3392
-1980 -71
3443 -495
-1028 2462
-4139 3663
-675 -1063
3574 -3751
1817 1198
328 -2449
2196 3240
-2221 602
-1484 -3886
3697 -3551
-2234 -1580
-475 902
1786 -64
1716 1370
-352 985
-2821 -1437
-1181 2277
-2622 1060
-339 -3059
2269 102
2604 -1544
-427 126
-2537 -3238
1029 -2569
793 -3416
-766 1956
-1439 -3439
980 -3874
234 -1301
3405 -2263
3423 982
192 3347
139 1442
-3045 -115
-2837 1328
3391 -3180
-2749 3251
815 1743
2522 2895
-2582 3313
-595 2313
594 -3800
-2234 -1367
3544 -3586
-3500 -3670
2720 3600
-4179 3653
-3741 -963
-2278 2464
2684 -3489
-804 3493
2478 -2169
-3603 -349
-999 3673
2189 -1298
2834 2858
-3721 -698
-3222 -2905
2343 -1253
2682 1785
3143 -3116
2055 -1804
-3080 -3640
357 -2465
-2851 -1796
3983 1766
-3711 -1863
1766 2419
1600 -1539
929 492
419 2269
-572 2260
830 1165
4069 -954
-2935 59
-1005 -1490
2471 -1030
-610 1479
-1875 -3081
522 3129
-2861 -1498
3337 -735
-2008 -378
137 1613
-88 -1662
2081 -4075
1776 -2095
-2517 -4060
-2203 -1457
500 2139
4190 -1281
-131 1961
1502 -3224
-2897 600
-1349 881
-931 572
-1822 213
726 -1907
-3968 3557
-1059 -587
-3130 -2684
3170 732
2510 1668
-449 -692
2030 3038
2522 -2031
3452 -2447
2937 -1559
-3440 -2490
-832 262
-3297 2062
1960 3677
-3000 306
424 872
-2934 3420
-3454 -2825
861 1042
2100 21
-2287 3149
-1843 -2150
3836 667
-4168 -470
1495 169
-2901 2484
-3616 3526
2116 -496
4372 3780
-438 3694
2543 -3949
2388 -3188
829 2416
1403 1412
-125 2042
-2578 3592
-3741 -2337
2263 -2730
2710 1308
3289 -2157
-2337 -3635
571 770
1265 3813
579 -2089
-2274 3701
3911 1041
1349 -3259
-3354 3871
-900 3371
2100 -3077
1867 2099
-342 3344
-2913 317
-4067 -144
-3902 -279
2715 1822
-2857 3414
-2077 -3192
1058 161
-3202 840
2946 -2953
-623 3695
1161 2674
-1551 3969
3600 -3617
-1687 -3708
1526 -2524
404 694
-1063 3098
3327 -2406
1348 -325
853 -3670
1979 1598
-2430 -101
3418 4070
-2104 -1147
-525 -236
2673 -271
-4108 2367
692 909
3587 -1658
-3340 3738
-2840 -1638
388 3729
-4111 -2466
3321 -1045
4250 1671
854 2780
2475 -3320
2236 1865
3656 2385
129 -3525
3436 2392
970 2749
-3340 462
1763 2178
61 -662
2305 -572
-1306 1059
175 1510
-23 -3071
-1376 -1986
2845 3469
-2960 -3154
-725 -2262
3849 -1101
-2617 -3758
-1597 -841
-1594 -2559
-779 -3530
1600 976
-2226 -2734
-1521 -2002
2969 -2458
2232 -2447
1333 1037
-403 3972
-1390 -3918
629 1887
-1358 2028
305 -3096
-3192 -3170
-110 1351
3715 -1419
711 2597
372 -551
-1434 34
1046 2812
-2297 -3285
136 2177
-1882 -2793
1928 3146
-1975 -945
-3961 -3933
629 -2835
1617 3906
240 1562
1379 -1768
-827 -2303
-3780 -1072
-3168 -261
-3796 1181
2804 -3027
2759 2263
2451 -68
3170 2192
1003 -3036
942 1436
2357 2502
-851 -888
-2481 -981
3320 -1210
-1032 3595
4315 -1923
-506 2805
-3641 -2281
-2944 877
-2543 696
2737 942
-2133 -2325
-3839 3368
1862 963
-766 -596
1359 -261
-3196 2238
2622 2067
-2566 -2270
2747 3164
-506 -3428
3260 -3072
3541 -2764
2941 -2062
2715 3861
-1459 2586
-563 -2450
-3881 2157
-450 1449
-3526 1487
-1554 644
-530 157
-1827 2242
-1830 1266
-2592 -2815
695 3966
1830 -128
-1133 1339
337 -2852
2974 -3092
808 710
-1670 958
708 1217
1988 -1422
1537 -2066
-1280 166
3855 3582
3525 2657
-1783 2306
3769 -3366
1731 1437
-3222 3351
3422 -493
1286 -3630
2356 3994
918 162
-3492 -1732
-3635 1158
1469 2332
-1064 31
-3412 -94
-1268 -1922
2517 82
-2302 1451
-2562 2034
-656 -417
2943 2899
1231 2722
1996 2087
-3206 2556
3400 -3289
1789 3125
2045 3611
303 -1482
3633 1592
1063 -2158
-1558 -4277
-1056 333
2225 -502
4019 2600
3347 1656
-2765 -2221
-1803 3653
-3001 3036
-1470 1415
1293 -2539
-3788 -1201
3530 -3303
3136 2423
-2975 -3038
2743 -790
-3844 1228
-4235 3898
1939 -4152
1401 -4147
-1452 -3725
-1146 2854
-1964 -1245
852 2186
75 -1462
2033 3710
-3552 2199
806 -1855
-2039 -2498
2479 895
666 4
2840 -848
875 -2962
1619 -3924
139 -471
-599 -1620
-2704 2762
-1332 -3890
3759 -1367
3844 -1120
-3433 -775
659 3836
-1773 -1448
-610 925
-1400 -1686
1720 1843
-1945 -3138
52 810
1204 3394
3063 795
3161 -96
3907 -2111
-3659 -3075
249 3473
-1109 -277
-3674 719
-2541 1557
4249 -398
626 943
-73 -3770
1180 3255
3582 2411
-1502 -3440
-3679 2137
228 2232
123 3157
363 3438
-2171 2705
-753 2390
-199 1276
-1075 -720
-407 1703
2964 2027
3275 -334
2492 28
314 -3281
1141 1721
1783 3673
-641 1081
1756 -882
3140 2169
3852 445
-1965 3712
-805 -781
852 -1014
-2427 2385
-3955 2802
-3566 1474
2117 1721
3397 -2338
-3448 932
-3686 -3320
3891 -2463
2165 1087
-3472 -1796
407 2238
-3724 -815
27 -254
-3121 1908
1705 3599
3597 2121
-1074 2158
2946 1360
-713 -86
3520 2999
3279 -1714
393 -1267
-1651 1928
1222 -4241
236 2433
-2518 1851
-2647 -1910
1462 -2723
2020 1815
-2738 3674
1174 -4286
-1897 -3255
-2853 -369
-565 862
3517 1797
-1788 1103
-2651 -375
-3514 -983
-1047 2575
999 -2620
2337 -814
361 -2937
-2998 -2615
-3231 208
-3522 -2472
-3134 -3271
-3265 1113
-2295 -4063
-3425 467
1176 -2564
-1506 -633
-3553 899
1842 -1350
-2131 3931
-3625 -3555
-2776 2922
-1034 -3783
-526 1100
3204 -3244
2073 3780
-193 530
-3258 1083
-1067 -2932
2856 -4078
-669 2659
-1689 -2529
4041 536
-998 -1111
-3369 -3720
-2318 -1376
-3480 -1266
-759 -3548
2364 -3669
-318 -3783
-628 3680
962 1098
145 -2536
584 504
-1071 1423
302 1189
1830 2919
2150 -1950
-2882 3065
-1994 -201
2784 -915
87 1264
-1514 -3939
854 -3015
-3843 -1648
-1821 -3910
-725 561
-2864 3647
-3372 -918
-1062 -3433
824 1118
-1177 1002
-54 -2843
4013 863
-2119 1092
-796 698
-4033 1269
15 2036
3749 -1406
-2090 -1492
-4332 -3224
-123 1736
1887 4016
1152 1631
1030 1636
1711 -2494
-3516 1372
-135 -3166
-2579 1255
1051 -1461
-1328 3185
3657 1343
-337 -989
-653 -1207
937 -322
1721 3053
4021 1969
1791 202
2948 -70
-2014 1706
-990 450
-668 -2267
-130 -2357
1656 -4182
3729 2485
455 -1970
-3684 -2418
-1912 -2104
-1526 -2290
730 -3359
-1134 -2649
-2428 3547
325 783
-3387 -1110
-3006 985
4051 -2993
-470 1469
596 -3527
3490 3338
-3362 -96
3375 2054
-325 -4133
3999 -3352
-210 1576
3529 -2031
-1723 -1216
3155 -2905
4279 348
-652 2911
211 -4320
-858 -3527
-2374 -2126
3343 -2076
-2193 -510
-997 -2434
2658 1080
-2281 -4071
-1265 -3207
-866 -1391
-1530 -4075
2406 -4123
-3540 -1517
-3171 -1657
2941 3575
220 1149
-4020 3181
-3434 -3566
3431 2341
3087 1777
1981 -1656
785 1015
-2829 -3108
1868 2238
-2982 -2940
3440 3227
-2018 -1079
-1069 3448
3517 3836
189 4034
3267 -2398
-78 3966
-2831 -1916
3117 -2751
4025 -3551
-1990 -2736
3904 -3871
-3561 -2431
2912 -2447
-2479 -3364
-3828 480
-1520 1289
2069 3736
463 214
1630 1483
4026 -4189
-923 -3539
-1840 -3428
-1802 828
-3058 -3824
-301 1045
786 1787
-3769 -948
2711 2440
-2233 -2475
2746 -1289
-1989 815
2289 446
-655 -1394
3731 -2349
-2538 -797
-1688 3432
-724 1223
-1375 3223
3541 -1251
73 391
3136 3099
1967 -936
1204 -2508
568 3135
1065 2816
-294 91
-1758 -364
-1165 -3533
3158 -3139
-4270 2421
-3897 -3276
-1172 666
3995 -3128
-584 -3086
-2290 -3096
-941 -1022
-680 -2065
3177 4003
-400 948
-1887 3265
-1280 1313
-260 122
-497 1193
-2851 3426
-316 3372
1789 1924
-164 973
1702 -1396
1474 -41
3045 -2922
-1848 169
2130 3863
-2879 -2749
-461 3020
2844 -2911
-499 3366
3727 1783
1336 -3357
1295 -3975
-1799 -2186
-2302 2832
255 166
3980 -3984
-3814 -4238
1911 -3658
989 3524
-3167 112
-232 -3076
937 2935
-1338 -2291
-609 1536
484 -2734
2239 -391
-1409 -4045
396 -149
-3104 2333
825 -2681
333 2695
-1843 1355
2563 616
-662 2118
-3793 -2787
-3803 1374
3806 3654
-2850 -2017
3693 1773
-122 3465
-2693 -2488
-4109 922
2858 2320
-1986 -215
534 963
477 1973
-3540 1809
-3901 -2052
-1319 -1140
1746 696
-1775 -3983
-1671 -552
647 4040
-3122 -3498
-1984 3391
2812 -2626
147 -1027
4195 3934
-2585 -1400
-3779 -4036
-2860 3489
2273 202
3479 -1947
-1873 65
-2911 2890
-2093 767
-1989 -1243
-302 334
690 -2465
-2857 3887
602 3248
1395 2454
4026 388
-2260 -1494
-3569 -85
3307 -2985
-3722 1483
1602 -1046
3514 -1553
-3220 2813
-3859 3481
991 -1677
-1680 -3171
2686 2397
-1318 962
3791 2027
-2015 -358
3972 -875
1425 -2998
-67 1749
2843 3987
-563 2677
-4 2779
2953 130
-4313 3288
-2002 3830
-1571 3820
1019 -1365
631 2182
1983 2216
-2961 623
-4051 -1773
-1921 1003
-4048 1501
-3 -640
1136 3929
-2673 -2040
2997 3922
1472 1245
-129 3516
1304 1805
3042 -4020
3400 509
2940 1427
-1236 905
-445 3523
2818 2712
3411 -615
3385 3795
-1299 -1123
-1740 -3787
-1341 3076
3382 863
-1719 1140
2308 -2732
-2190 -2176
3196 -1578
-3400 -2346
-3387 -3201
225 -3864
-3813 3487
-1896 1173
-2379 -59
1199 -3080
-314 -317
-2708 872
-2602 3556
-3688 1278
1604 -3648
-3162 3766
-2524 1670
832 -3925
4303 -3135
1440 -805
-1683 -2478
801 2592
1923 -4104
-2555 3080
-1182 -3595
3923 -2572
3885 -1254
-918 -2229
-320 -1158
-506 433
-595 -1202
2935 791
3710 -1062
2059 2045
522 -1802
-3832 23
2625 -4132
2841 3095
3411 -1163
3186 1029
-2450 937
3767 -3898
-3693 -2220
49 858
364 3927
-106 -129
2076 -1540
518 -1819
-1299 -3689
766 605
-2068 3387
-524 -3081
-3817 1961
684 3246
3346 -1764
1848 -4180
2220 940
-333 -3803
3231 1357
-1431 1607
-1673 3385
-355 -709
-1781 3054
-462 -3422
207 -1522
349 -1834
-1719 -3943
2520 -2292
1479 1789
-2262 -1691
-1817 3219
964 1250
-159 1686
3391 1976
-2569 -4039
654 3763
2741 653
-3635 460
-3890 -4438
-472 -909
-3365 209
1131 2654
1944 -3158
-177 -817
1591 -1104
-2316 -2846
-2132 -3538
798 -2926
1572 2571
3235 3557
-3468 3813
2074 -862
-3458 2709
-3362 1022
-580 -3781
1648 3103
-3894 78
-1918 -1004
-3215 -2344
1317 1553
-2257 2621
2103 -3173
1096 -3981
-2292 1614
-887 2123
-352 2750
3508 2607
1482 -1948
-3877 -346
593 911
-113 1750
-3765 -2953
231 -4170
-69 3547
-3819 221
-533 2468
1862 -722
1021 2937
107 1752
-1965 1292
2223 -1130
1056 -1608
1002 -3046
3825 -1538
3218 -2877
-2278 -4025
2345 -2688
851 -2874
-3867 -370
-1556 3207
1643 -1968
11 1014
-2974 -265
-3547 3170
3048 -3616
-1781 -632
-3808 -1361
586 521
2200 -4172
4287 -1254
2245 2984
3593 -3005
-4289 1477
-3571 492
2764 543
-119 -2281
-892 2132
3364 985
3812 3081
3979 1975
3022 -369
-748 3991
2104 -1741
2968 -292
-2791 3151
-209 -1174
-2783 2841
-69 -3750
312 1473
-1150 3307
4084 891
-767 -182
-4136 2315
2958 -428
-2928 -1678
-1911 1991
-3191 -608
-2105 -2114
-493 768
-882 1812
-2303 3460
-1063 3406
3987 -409
3626 -2548
-707 3448
1712 -2326
-109 -3836
1028 -2281
2606 1801
3533 2036
-2476 -4105
739 2864
2964 1452
1711 -767
2724 -4321
-2525 3297
1567 -3229
2677 -1593
-990 2942
3996 776
2871 3479
-2271 -2004
3785 -1496
1620 866
67 -3700
811 -317
3216 -2436
1039 -615
-3392 1877
-1304 -2524
-3508 -3731
1356 -1082
2987 772
-4189 1440
-3916 -2837
680 -1025
2591 1978
-3522 1546
2404 -3403
-825 -2832
-1661 -2807
-1687 -2330
2591 -3411
-3035 3932
-1475 -2549
3032 -3145
-3606 2761
28 -684
-2294 969
3713 -2543
962 -3883
-3467 -1037
-3825 -1117
1255 -1791
3396 3200
457 -2305
1965 2370
2863 -3341
270 -1530
-1683 2183
205 -1651
3993 2787
2328 2631
-1472 -926
3124 928
-2265 764
1354 74
-4043 -1096
3071 3631
2616 -2606
1153 2204
-3909 -502
2436 -2112
-1273 -3898
2852 -3967
-1835 -3578
3454 -3052
1207 -726
-1509 2303
2175 -2937
-2757 -4187
-689 2641
2535 -2237
3568 -1164
-3065 -1099
3829 -1621
1888 2016
3292 -2271
-2958 -735
2276 3958
-1988 -15
-3186 -754
870 3853
3232 2759
-274 -3434
-1407 -80
311 1918
-114 2874
688 -425
3867 2561
882 1440
-591 -1701
2015 3486
-297 -3286
-2033 3827
-2291 2780
-3790 3079
-2685 4026
2308 -425
363 2561
1454 1058
-28 -1996
-4021 3000
-1694 2854
1738 -3789
-3427 -3826
-2133 -2785
3422 712
-1342 2522
-3476 71
-738 -3416
3087 871
-1190 -3499
-2469 -951
2106 -663
-2036 -3916
3102 691
-1912 2369
-2880 -4140
-2905 -3569
4307 -3431
-2034 788
1420 -2530
-2063 -406
4175 3727
-883 -1127
3301 173
-2690 -3076
-759 -2000
884 -4196
397 588
3626 -3390
3592 1476
252 -1828
-160 -922
467 2940
2056 -2914
1555 -2730
-1086 -3941
-1291 1605
1398 -2674
-4192 3551
-3797 3568
3725 -730
764 -2218
3335 1494
-642 3061
3407 1505
212 -1405
-3687 -234
571 2610
-3843 -3798
-2689 -1344
3397 -2190
1957 2322
570 2672
169 -4009
-1094 -3446
-2268 3714
-2378 2760
-2923 3353
1983 893
-35 2941
1953 -2022
1718 3102
1298 698
1789 -3254
3453 1683
3107 3464
-3213 -3289
1287 -1312
-1435 -3418
3376 1303
4062 -4185
2545 -640
-2904 225
2646 1079
-1732 2780
-2181 -2144
-1188 -1226
-2021 3164
-2077 -1954
-3444 -608
2826 1668
-3242 -4088
3993 -505
-2198 -3397
-2422 -2788
-1624 1922
-1315 3564
-631 1839
-2759 683
-2472 -3671
-912 2578
-2157 2830
1199 -3225
2231 -2522
-2180 -3490
475 1670
-2146 861
-2955 498
3414 1752
1786 3593
-2691 -1643
-3030 2828
-4102 -3079
12 -2684
-239 -1402
1742 -3379
-3319 -957
-964 1399
-3512 346
1204 -2051
-3394 -1789
-3016 2961
3414 2327
-576 2185
-1621 -2716
-2517 2220
171 823
-1241 -2449
-1531 2016
-817 -3670
-3294 -1585
-3036 -3957
-1163 -2108
3091 -1898
3811 -2804
2648 -1512
1130 1665
3487 -1033
-560 -112
1075 -368
-1280 3711
-2037 -3118
500 303
1336 -3070
2891 -2242
1746 -276
-2228 1467
-3873 -954
-674 3807
693 -1621
-2238 -2200
-884 1074
-1291 -581
4152 -2018
4330 -4286
838 -379
1227 1397
1027 3092
3134 -3223
2834 -3158
-2952 -1465
-1820 -1721
-1090 -2820
-1742 3894
-1446 -3812
1718 -945
-1016 1224
2944 -674
-2907 989
-3780 4043
-3595 3786
-2318 1996
2456 -560
1157 -799
1467 -4019
188 -4118
2777 -3523
1318 3683
3783 -519
3596 -1067
706 -2841
92 -138
3059 -2130
-596 1155
-2146 1614
-1848 3433
3587 354
3778 -3654
2783 3698
1893 3727
1187 -471
-3812 -955
1435 996
-3827 2067
556 -2990
-3716 -2336
3500 -2684
809 1231
2553 3676
-2584 1817
3447 3757
1545 -575
-68 -3129
-399 -1201
155 -3105
641 420
1987 3428
-642 3236
2786 -2545
2150 -3330
-1580 2004
73 -475
-691 685
-2668 333
-342 -3412
-2360 3337
-1838 -2890
-1664 -774
-3386 559
-322 -2924
360 -2309
344 3014
0 0
0 0
0 0
0 0
0 0
0 0
0 0
0 0
0 0
0 0
0 0
0 0
0 0
0 0
0 0
0 0
0 0
0 0
0 0
0 0
0 0
0 0
0 0
0 0
0 0
0 0
0 0
0 0
0 0
0 0
0 0
0 0
0 0
0 0
0 0
0 0
0 0
0 0
0 0
0 0
0 0
0 0
0 0
0 0
0 0
0 0
0 0
0 0
0 0
0 0
0 0
0 0
0 0
0 0
0 0
0 0
0 0
0 0
0 0
0 0
0 0
0 0
0 0
0 0
0 0
0 0
0 0
0 0
0 0
0 0
0 0
0 0
0 0
0 0
0 0
0 0
0 0
0 0
0 0
0 0
0 0
0 0
0 0
0 0
0 0
0 0
0 0
0 0
0 0
0 0
0 0
0 0
0 0
0 0
0 0
0 0
0 0
0 0
0 0
0 0
0 0
0 0
0 0
0 0
0 0
0 0
0 0
0 0
0 0
0 0
0 0
0 0
0 0
0 0
0 0
0 0
0 0
0 0
0 0
0 0
0 0
0 0
0 0
0 0
0 0
0 0
0 0
0 0
0 0
0 0
0 0
0 0
0 0
0 0
0 0
0 0
0 0
0 0
0 0
0 0
0 0
0 0
0 0
0 0
0 0
0 0
0 0
0 0
0 0
0 0
0 0
0 0
0 0
0 0
0 0
0 0
0 0
0 0
0 0
0 0
0 0
0 0
0 0
0 0
0 0
0 0
0 0
0 0
0 0
0 0
0 0
0 0
0 0
0 0
0 0
0 0
0 0
0 0
0 0
0 0
0 0
0 0
0 0
0 0
0 0
0 0
0 0
0 0
0 0
0 0
0 0
0 0
0 0
0 0
0 0
0 0
0 0
0 0
0 0
0 0
0 0
0 0
0 0
0 0
0 0
0 0
0 0
0 0
0 0
0 0
0 0
0 0
0 0
0 0
0 0
0 0
0 0
0 0
0 0
0 0
0 0
0 0
0 0
0 0
0 0
0 0
0 0
0 0
0 0
0 0
0 0
0 0
0 0
0 0
0 0
0 0
0 0
0 0
0 0
0 0
0 0
0 0
0 0
0 0
0 0
0 0
0 0
0 0
0 0
0 0
0 0
0 0
0 0
0 0
0 0
0 0
0 0
0 0
0 0
0 0
0 0
0 0
0 0
0 0
0 0
0 0
0 0
0 0
0 0
0 0
0 0
0 0
0 0
0 0
0 0
0 0
0 0
0 0
0 0
0 0
0 0
0 0
0 0
0 0
0 0
0 0
0 0
0 0
0 0
0 0
0 0
0 0
0 0
0 0
0 0
0 0
0 0
0 0
0 0
0 0
0 0
0 0
0 0
0 0
0 0
0 0
0 0
0 0
0 0
0 0
0 0
0 0
0 0
0 0
0 0
0 0
0 0
0 0
0 0
0 0
0 0
0 0
0 0
0 0
0 0
0 0
0 0
0 0
0 0
0 0
0 0
0 0
0 0
0 0
0 0
0 0
0 0
0 0
0 0
0 0
0 0
0 0
0 0
0 0
0 0
0 0
0 0
0 0
0 0
0 0
0 0
0 0
0 0
0 0
0 0
0 0
0 0
0 0
0 0
0 0
0 0
0 0
0 0
0 0
0 0
0 0
0 0
0 0
0 0
0 0
0 0
0 0
0 0
0 0
0 0
0 0
0 0
0 0
0 0
0 0
0 0
0 0
0 0
0 0
0 0
0 0
0 0
0 0
0 0
0 0
0 0
0 0
0 0
0 0
0 0
0 0
0 0
0 0
0 0
0 0
0 0
0 0
0 0
0 0
0 0
0 0
0 0
0 0
0 0
0 0
0 0
0 0
0 0
0 0
0 0
0 0
0 0
0 0
0 0
0 0
0 0
0 0
0 0
0 0
0 0
0 0
0 0
0 0
0 0
0 0
0 0
0 0
0 0
0 0
0 0
0 0
0 0
0 0
0 0
0 0
0 0
0 0
0 0
0 0
0 0
0 0
0 0
0 0
0 0
0 0
0 0
0 0
0 0
0 0
0 0
0 0
0 0
0 0
0 0
0 0
0 0
0 0
0 0
0 0
0 0
0 0
0 0
0 0
0 0
0 0
0 0
0 0
0 0
0 0
0 0
0 0
0 0
0 0
0 0
0 0
0 0
0 0
0 0
0 0
0 0
0 0
0 0
0 0
0 0
0 0
0 0
0 0
0 0
0 0
0 0
0 0
0 0
0 0
0 0
0 0
0 0
0 0
0 0
0 0
0 0
0 0
0 0
0 0
0 0
0 0
0 0
0 0
0 0
0 0
0 0
0 0
0 0
0 0
0 0
0 0
0 0
0 0
0 0
0 0
0 0
0 0
0 0
0 0
0 0
0 0
0 0
0 0
0 0
0 0
0 0
0 0
0 0
0 0
0 0
0 0
0 0
0 0
0 0
0 0
0 0
0 0
0 0
0 0
0 0
0 0
0 0
0 0
0 0
0 0
0 0
0 0
0 0
0 0
0 0
0 0
0 0
0 0
0 0
0 0
0 0
0 0
0 0
0 0
0 0
0 0
0 0
0 0
0 0
0 0
0 0
0 0
0 0
0 0
0 0
0 0
0 0
0 0
0 0
0 0
0 0
0 0
0 0
0 0
0 0
0 0
0 0
0 0
0 0
0 0
0 0
0 0
0 0
0 0
0 0
0 0
0 0
0 0
0 0
0 0
0 0
0 0
0 0
0 0
0 0
0 0
0 0
0 0
0 0
0 0
0 0
