-419 3945
-1252 3408
-1968 -1529
3498 384
2478 435
2922 486
3842 -1954
2480 -3247
-1009 -346
4004 2214
-1350 3621
-170 4128
-2330 1766
1123 -2216
-96 -3033
3778 1307
2384 -1020
-342 2471
-176 1634
821 541
2856 3247
-3806 2863
-672 1535
-3341 -2806
-169 -665
-693 3932
997 1822
180 -1959
217 -139
-3956 -3339
2322 -810
2928 195
-4432 -3513
-860 2817
1065 -4137
-595 -255
-4295 -1229
1537 747
-1761 -3407
-1882 2341
681 2175
-1310 -2981
-1266 -2605
2777 2930
2063 -3281
1128 3942
1986 -2091
-933 514
724 1590
885 -3749
-3468 3557
3911 -3797
-533 227
2694 539
-2996 -3434
-948 -2066
-2113 -3250
-3236 1264
-2818 -1314
2745 -3160
-2021 1044
3906 4172
239 4232
-2322 3253
2925 4013
-2818 2759
2440 2478
-186 607
3949 231
3689 1264
-3919 194
1929 1757
-3348 -1899
171 2056
-3327 2317
991 2778
233 -3305
2440 -3370
2674 3059
-3994 -1707
119 710
3087 3107
2976 3851
3408 3327
-1352 3882
2739 3684
-3136 2274
-4318 -984
352 -1380
-4193 2153
2000 -3020
410 1417
1800 3397
-1860 1587
3027 -2938
-2292 -570
1468 -873
-137 -3026
299 3005
-936 3789
-435 -1498
-3709 -2243
3392 -933
-2467 -3735
779 2192
571 -2831
-944 3451
1226 1264
-2844 2053
-3250 -709
-1367 -3910
3903 634
3885 2823
1324 -257
2159 2824
-919 -4077
1936 287
-286 1404
-2402 1866
560 -2324
-3909 3766
1466 407
-3634 -576
2466 131
1887 -681
-2968 641
739 -1317
2413 -3347
-315 3
-3782 3010
1122 287
-691 1622
-3914 -371
2744 -1916
-3268 490
-2789 -2778
-2010 -77
3857 -1595
1501 3166
-4346 -2730
-3147 906
3481 3474
-1240 1949
707 1860
-3725 -3717
-4349 -1592
-586 -1610
-180 -2311
-2537 2287
-483 -2325
3651 -2532
-2048 1534
-2570 -2250
2985 -1004
-4008 1496
3219 -396
1132 -478
485 -2010
2871 -575
-1240 919
-104 1519
-1513 -2551
3845 1113
3043 3804
-484 -88
-4096 771
3727 -1257
-1762 -2832
2921 2568
-2675 -3553
2971 -1790
2793 1023
-3550 -3470
1708 3292
779 1683
-1846 -904
-4248 2734
2674 -2770
-2035 -1885
-1161 1520
3739 -937
2922 3908
-2971 1729
-3423 4304
-3279 1745
3351 -1973
-2193 -972
-3412 -3238
867 891
-1057 3547
-3696 3511
523 3110
872 -1463
2372 -2328
-3592 -2711
3621 -419
1281 3111
3612 3688
2811 -1610
3180 188
3144 -3007
-3890 -194
-11 3972
-1027 -3141
-1239 -3296
-1583 3747
-762 -4122
-712 2488
-772 3133
2319 -3661
3109 -589
-3821 820
98 -931
-3062 -1859
-251 1043
458 -1110
401 -2606
2322 -3503
3148 -1137
-3326 -2968
-2736 -3713
-3511 -3788
2080 -1280
3351 -376
-4187 -3478
1206 2830
3018 -1214
-1246 2759
579 -1360
-2636 -3065
2959 2878
-1259 1438
2301 -704
1621 -951
-1191 3958
-957 2941
2986 -775
-3255 -1710
1583 -411
2780 -3779
-137 2757
-1327 1991
2847 -3398
113 -453
-1521 1852
-3134 205
-540 -3217
1986 4101
-2553 347
-2722 -2576
-1874 1610
-353 -740
-3123 256
-2697 1325
365 2101
862 -3475
425 -148
1095 -2689
3686 -561
-3750 -1184
-2222 -2753
-1368 2840
-3252 1891
1992 -1975
-3713 -726
-4498 2878
1982 -1308
1244 447
2262 788
3092 -2185
580 -179
-1757 1399
-3059 248
-4273 1611
-1261 3346
1964 140
3741 -3651
2567 3099
632 3409
2290 -1781
318 -3855
-2410 -2966
2099 -175
2418 2711
-2137 -1934
-4276 -3615
-582 -3920
303 -4098
379 3535
-4270 -4026
2381 4003
-1374 -3665
3840 1416
905 498
-2345 -3216
-1223 1559
2172 -3385
-1412 -3512
1862 1955
-1751 1475
-363 -2421
3261 1960
2615 1029
-3831 -1623
-1018 -2988
1437 2887
-403 3732
1916 1747
-4101 1276
-2830 -1088
-489 3455
885 2351
22 -25
842 3255
2419 577
2548 -402
-3199 -1454
-4016 3496
2656 791
-2943 -2731
2969 2361
-3513 -1141
885 -249
-26 3669
-3910 1909
3289 -1509
1135 -397
3362 -4128
1393 2446
1177 3782
-2583 -3293
-2948 -638
-3184 -63
2905 -261
-1006 614
2192 -3008
-1366 1629
-2976 -3223
-1486 2880
1410 3367
2423 -2992
3722 3121
-4027 2741
-2383 -3983
-2284 -1065
-814 -3914
-116 2745
-3679 -2777
1801 1930
2883 -438
1404 -1168
-189 -1796
-481 1020
-1557 1735
-384 2711
-1729 286
1884 2515
-681 -102
-3239 -1870
-3761 1785
-2528 333
-2565 3187
148 -1318
3876 3102
1483 162
353 3842
2025 -3451
285 2516
3080 269
-754 -42
111 -3226
-227 2657
-749 532
-4036 1161
3137 -62
2189 3381
-2602 -758
3541 2673
310 -3233
-419 -3384
1861 -3376
-929 2223
-2181 2732
-1063 -1662
-3773 3737
-1056 -2782
-2887 447
-2016 1671
-2456 -3662
-1343 2295
441 2746
-3538 -3066
3006 -3395
838 -3544
3473 -3724
-4112 -828
-1930 -4087
-3447 -2477
310 2241
-1135 2766
-263 -2865
3665 3301
-981 -812
-3282 -1694
-1624 -2706
-4184 -3816
3425 -978
375 -2747
-3301 3008
3266 -1866
-4042 -1518
1528 -1205
2400 -2199
-2289 -2306
-4064 1824
4138 -1580
1828 25
1930 1328
-2667 -1526
2285 -544
926 3075
-282 -1999
1993 1672
-1052 2714
-3584 374
-891 2625
1976 1372
7 2772
787 19
521 552
3621 2944
1431 -3573
3715 3512
2081 -2744
3409 488
563 -2015
613 1241
515 -2495
183 278
-2520 -182
-122 -401
93 -286
-696 -2595
1673 -2541
1153 -715
508 1413
1595 2434
-45 3672
-3938 462
3244 -2814
57 3564
-3176 -467
-4090 90
2253 -3231
-2893 -3775
-4003 1592
-948 -586
563 3704
2301 2078
2496 3218
-886 -1236
957 196
3278 -753
3931 3052
1647 3448
783 3283
-1624 -4076
3261 -193
2163 -1157
-3739 1489
-2375 -1765
3504 -905
-1095 335
-3185 1919
-2356 448
917 3484
-2674 -990
-1343 -747
1689 -1544
1707 -121
1885 1085
-1877 -3161
-3298 -111
1844 3537
-849 2278
-2355 2021
423 -460
-1930 -3029
2904 4142
-1139 -2544
-2312 3190
-82 147
1100 -3523
-763 -1397
1227 -351
3434 2820
-2777 1106
-2845 3549
3292 -1186
2500 3257
237 -637
467 -3374
-2916 2028
-261 2707
1842 1993
1880 -1887
-735 441
3302 245
-2790 -1015
2858 -3477
1719 455
-4280 -897
-4066 2661
-4309 3648
3423 -1581
1614 663
2826 -103
2966 -3595
-680 1291
2479 452
-3866 -1949
3522 -333
-1958 -2853
2566 -453
987 674
2906 -1625
-962 141
1930 -3693
1909 -3862
-3878 2047
145 2638
-1258 -1016
2095 -239
-2 -3379
-294 -1633
-2632 538
400 341
2917 -3666
3552 -3699
1785 977
-1665 -716
-2061 -2922
3978 -3526
578 2274
-414 -431
1766 1833
3628 3729
-2138 -3309
3493 3759
3599 -767
-1409 1283
-273 3485
871 -656
1735 2142
2167 -2238
1667 3897
-1545 640
-819 -1234
-643 -2040
-4401 2475
-1820 -2849
-3423 -2119
-1364 388
738 -1227
-933 -1643
1358 -2031
-205 3121
2811 -2840
1910 -4199
-1253 -2881
-1320 1017
3524 3254
-4047 2091
-2841 47
3810 2164
-2624 -1924
-3600 340
-733 -2998
2501 687
-387 20
-3951 2313
-2392 -2850
-4053 -51
1221 -1241
-2039 -3031
-4190 2741
-1708 -735
-3076 2516
-720 3134
-4068 -1485
-3790 247
-489 -2098
3455 2973
1627 102
667 -1725
-2742 -3360
-1358 80
2335 235
-3059 1973
-3104 24
1940 2626
397 103
-763 2737
1919 -3666
1451 -492
-3677 -2269
2649 2339
-1061 3303
-3478 879
1276 -2780
-1545 3411
-2832 3394
-1183 2835
-2290 3946
-1210 -3645
-2745 -2379
3021 -1236
78 -574
-3802 1336
-2700 -1916
3401 2131
-2511 -1561
2455 1110
170 -2918
-2483 1960
-1570 2864
1355 749
3616 867
-155 1894
2904 1616
-713 2999
-357 2045
-2202 -2598
-2638 3935
-2047 -4046
1154 -2920
-1992 349
-320 1978
-2248 -3766
2697 1726
-2909 -476
-1511 -197
-2177 3441
-2257 -2018
-3108 -2905
-2116 2005
-1121 3743
-2181 1589
-157 3917
879 -2794
-36 -1432
2110 -3621
-3481 -678
1709 2456
312 -2584
582 -1283
-1617 -1797
4148 -1138
3564 3202
-58 2933
2476 2291
118 -2829
2273 858
-2143 443
2815 3260
-3374 2449
3858 -953
-1570 253
-3262 1966
-2196 -263
-1558 -2421
-2238 -1530
-1970 -2831
-3077 3847
-3249 -3108
-2555 -351
-2214 2263
-3400 2538
1990 -2241
-3462 1715
2757 3849
-4248 -173
3688 -1067
-1373 2455
843 2371
-1679 2974
-806 -4200
2172 -3373
-1356 -2349
-3940 -1384
-3394 -3744
3890 -2395
-366 -1124
-493 2182
957 -164
-1829 1094
-3854 668
1541 -1251
179 2668
-37 -3824
-486 270
-808 3675
-1578 2299
2487 1667
-1715 -2042
3639 -1815
1179 2224
818 3034
-2543 3978
3097 1212
-3746 -441
-592 3333
-2671 1680
-268 -3330
2202 -3335
3192 -679
2393 -256
491 756
3181 4072
-16 -3702
-809 4059
-2547 314
2249 -392
-3014 4126
2946 1110
3944 3792
2138 2832
2258 2513
1731 4080
-1825 1243
-2527 1081
-3581 2917
-3029 3342
2324 378
-4408 2278
-792 3718
-2617 -3902
-2853 2455
-1049 1386
-2528 1927
-1430 -2138
-2998 -1091
1378 -3970
-1984 2446
-36 -592
1349 2461
-2353 488
2201 3944
1888 2756
1545 -413
2140 -1327
872 1415
1981 -4034
-4039 210
2267 -683
1254 434
-3125 476
628 -2697
16 -241
-303 -3715
815 -2715
404 -1449
3216 -378
3729 1760
2159 76
-3460 -1556
21 3007
-128 -3164
2180 -2121
-1207 3463
4163 -1025
-655 -1839
-1488 1920
3669 -3777
-1065 -621
-57 3970
25 286
1552 1167
2425 2957
868 -3537
-1283 4003
490 1753
294 -2361
776 -838
2698 4258
3946 1235
-527 -1889
-3105 -1220
-1431 2095
-950 2538
-1699 3222
-2368 3506
1681 1915
7 906
-825 3301
2690 2650
1767 -2720
-2621 -1821
3026 2950
1504 -1216
3473 -3129
1851 1365
-2472 -629
-3102 500
911 -3341
-3821 2374
-363 3655
-1627 3490
2255 -2487
-3865 -2373
287 -4218
617 -954
459 -1219
2953 3055
2396 -2959
3167 3020
312 2343
-1421 -4203
654 -3456
1444 -1486
-1389 1091
2289 3522
1244 -412
2687 1782
-1418 1389
2585 -2768
-782 -3870
1833 2065
-2125 -1059
1754 -1075
-2244 -410
-3638 -1262
-518 -2130
-1533 1921
-3751 1923
-3512 3041
1679 4020
-3844 -3293
2293 -3535
932 -553
-1278 -879
-3412 -356
1572 3057
-3496 3565
1649 3087
574 2511
474 3414
-4173 2558
1856 3702
3648 -2263
3482 -3170
3464 3613
-3140 244
3551 -745
-4474 289
1778 -2344
2027 -629
-1791 2716
-1629 -344
-969 -704
2030 1550
-140 799
2815 -2030
2573 -763
1444 150
-760 1991
-45 36
-742 3253
180 -1699
-188 -818
-2265 -3365
-1110 2332
3851 815
518 -265
2507 1262
-1020 312
-2027 -2951
134 -1417
-1883 1053
3854 1347
1478 2540
3016 -3852
-3477 -711
-1120 2613
-421 -1973
1776 -3177
-3771 3823
-4012 2503
2193 -1075
-2282 -2036
3089 870
2643 2425
1155 -591
-442 2802
-2040 2654
3309 1575
-30 3948
3714 3003
1064 260
-2300 2024
753 -1771
-4031 4029
410 -1094
483 974
3161 -1004
1378 -1213
-2035 -2467
2709 -3305
3683 830
-341 2035
2593 -3245
1558 -2396
-3111 245
254 3683
-2078 -3965
-3260 3261
-3940 1389
524 1631
-294 1860
3600 -3491
697 -3694
-2308 1517
-2685 -704
3317 3898
-1088 -3072
-1974 -3285
2615 1648
-1444 -103
1056 781
-2506 4033
4008 224
1938 2735
-2533 3612
-127 2763
-764 -4001
3390 -2888
-1643 3022
3524 2095
-3636 177
-1067 -3319
-3293 1648
3304 -68
2899 -1462
-1122 -1627
-1888 -1656
1611 -1982
390 4028
-2742 -1431
3127 -3120
-2114 1786
-868 3878
3679 -1689
-3104 4180
-2807 1788
-2633 -2193
1247 480
-1873 3196
1856 1411
-3527 720
-1996 3227
-408 620
-2189 388
-943 -2497
-3665 -1507
-2623 288
-2301 -3036
-2433 -860
-2424 2652
-988 -841
-2384 1640
3370 -1308
3338 315
-1258 -478
-1467 3244
1545 -3325
3384 2987
2392 -3106
-2321 -1533
-3147 -4100
1269 -2686
-1242 -3125
1021 -632
-1769 -1998
4002 -2912
207 452
1247 3963
1232 -650
-3358 1642
-1848 2418
-890 3839
-455 1586
1625 3418
1097 -734
-2459 -3056
-255 3705
2207 -1459
1917 -1704
-660 -2166
-791 56
1504 -2386
3074 -2958
-3620 3633
-433 -4194
3539 -2495
830 -2615
-2617 -3774
4210 -540
-3333 -2120
2164 2763
-433 2265
-2595 -1599
3009 -2076
473 -3497
3484 2526
-2388 756
-1090 1770
3937 -3194
2267 1005
-4003 -3946
2168 -2179
2865 378
-3030 951
3603 1103
-1729 139
-2814 -3681
2272 -3502
3038 594
-3845 2464
-3740 3329
189 715
-1127 799
-832 -1398
-1317 -707
767 -1834
130 2293
-3076 2672
-3776 -2392
3592 3360
2050 3564
-2980 2570
-946 -329
-3495 431
-169 2872
-3099 -3083
-1813 -3295
1977 2812
-2318 -2434
-1238 551
-3688 -3044
1869 3780
2128 -1614
1704 3293
2326 -3338
-1664 3489
-3451 -1331
2853 -1786
-2973 -244
-2819 2110
-3670 -4119
-250 1585
-1152 -3486
3530 -584
1486 -3379
483 2110
1539 2544
3229 747
-3404 2528
2218 -1823
-3443 1090
-19 3775
3284 1418
4246 1810
-1139 -2873
-2722 3925
-2111 -1289
1675 -3457
4152 -351
541 -2134
2839 2180
-3563 4074
893 2056
-3708 1515
1731 -51
-886 -3865
-665 1986
-2378 141
-2045 -1221
-2716 -2189
-833 1457
3763 3059
-2194 -185
-816 -3517
218 -1131
1598 616
2976 -1451
997 -1942
-3581 -3108
1432 1376
654 2008
248 -3804
-3077 690
-756 -759
445 -2267
-204 -2619
2995 3485
1827 3431
-445 2164
222 3064
3548 3076
-2748 -2948
2810 37
2955 692
-417 -3393
3243 3148
3865 2109
-1302 3985
-1225 3868
-579 3919
3418 -498
1245 -3188
3570 1810
-503 -1881
3664 759
1506 3598
-1841 3714
2819 233
-904 2001
3643 -1344
3788 -3282
830 1109
3526 3037
1939 1847
-94 -2654
-2012 3752
-2338 -847
-2566 3642
892 -325
3388 1986
386 -3828
713 -815
691 2484
-630 31
-605 4090
2512 -47
-2869 -1146
-2167 -2521
-1498 -3775
2499 -592
-2598 1392
-2770 -3585
-1332 3903
989 -730
2857 -1849
-4177 2756
1633 930
-3449 -3805
499 545
2877 3814
-2679 393
1142 -2184
791 2136
-2914 -2749
-1225 -1131
-3817 -3992
2380 -3841
-1947 -328
2548 2524
3347 -2392
3325 162
-2408 -1958
-822 2346
54 -211
1276 464
-425 1952
1478 1764
-2603 952
3109 -3876
-1653 2235
2466 -1050
1684 -2858
-3968 -2569
-2757 3649
-456 -1642
-3324 2426
-1939 2772
-5 -2825
-1750 -535
1582 3462
-278 -2213
1640 -342
-807 -25
15 -2913
-3650 3530
-3058 2310
536 -3606
1555 1325
2108 2008
98 2480
638 2405
-2609 -1855
1547 3710
735 -1345
-3645 1123
-3039 -2824
-1589 -3858
830 1862
3572 -513
-340 -3996
-1051 -717
-565 -1676
-1384 1856
1006 2003
1261 -3197
-2966 3336
3171 727
-2287 -2425
-3099 1105
3368 -3893
-1085 3400
-104 121
3911 75
4117 1493
4161 234
2442 926
618 -3733
3696 -1930
-1753 -2627
396 -896
3098 -2834
2399 -2017
-1917 1548
-1130 1534
3140 2518
2256 -2084
-3996 -3210
-2218 -2146
-510 -1401
454 -3712
-283 1061
-1467 -3820
2781 -1780
-3166 210
-140 3227
-1262 -2219
4130 3526
2993 1673
-1927 2458
3843 1585
1586 -532
1331 -3267
1324 -2792
-3583 -10
706 2656
-1400 -690
-1460 2447
1735 -2018
877 175
-1721 2305
-1245 2051
-1899 3451
-1207 -941
-2076 -3405
3444 2714
-2043 -2695
-2722 1463
365 1564
-187 1395
2596 1854
-532 2769
-2965 1908
2934 -867
3583 -4093
2392 1734
-590 -229
2408 3256
2915 -1070
-2018 3546
-2971 2692
-2041 -2219
-2630 -3491
447 -3085
-2995 -3567
-3824 1950
3604 2133
3046 -2269
-996 3102
-2036 -3097
2070 3528
-469 1368
-1819 2692
-1563 -338
3615 718
-1573 -2112
-3187 -157
-1533 3155
-2689 -1304
267 4041
-672 813
-1006 824
-1350 3614
-2633 215
2617 -2693
-745 155
4121 -2293
-1550 -2251
3827 -2534
2359 -3186
1629 2558
840 16
-3815 662
-756 -1784
3085 -3091
-2922 2617
859 -3928
1788 1132
1193 812
-2772 992
2872 -1618
-1439 777
1508 -3976
4076 3332
695 -2098
93 -2022
-3337 -926
-3580 -614
-2855 -3453
-1465 -1083
-1818 3153
147 1304
-2374 -2223
-573 40
927 1495
2039 744
-789 -133
-2230 -2899
-356 -750
3236 -1442
157 1917
3887 -1279
417 -1295
2252 3797
-444 -2871
3005 -2827
3251 -2288
-2441 -2726
-3787 1283
-902 2676
-1549 600
-3267 -3958
3894 -3999
-3722 231
-2948 1633
1674 2228
-1674 2200
-3080 2270
771 1560
-2245 -899
1763 1777
-3048 -1624
1124 -1725
-304 -2756
-2931 363
-1135 -2648
-1927 -1444
-280 -2658
68 2955
-2267 311
3122 -944
-8 3988
501 3669
4525 677
-618 -3977
3550 -1957
-3029 -2076
-2936 462
1943 3913
-1027 -2953
-373 2410
-1898 3535
1835 3353
2316 -1197
-489 -3583
444 705
1412 -367
2442 -3077
-3572 1576
3131 -2243
4222 -1522
1871 -4133
225 -3313
-431 -2938
1982 -3565
2022 66
4364 -413
4011 3335
-1912 -616
-723 -3844
-126 2921
2899 3281
609 2698
3041 -106
-2875 -3683
-1972 1835
-811 15
-3416 -4088
746 -1383
3547 -1067
3668 -870
-1786 -3909
1895 3624
-1570 957
-2617 -1451
270 3605
769 3236
153 2310
1791 2637
-3491 2119
109 1151
-2462 1566
3754 -3196
-3490 -2544
1200 3964
2727 -2567
-2042 2719
2175 3798
1542 -2356
2197 3440
4366 523
-1252 -71
1740 2853
4254 2227
1016 -1525
97 -1059
137 -2284
-2636 -3508
2674 3623
436 816
-2800 -2671
-3317 1061
4632 -1562
303 -2078
65 -998
-593 3538
683 -3373
-1369 473
412 -259
4559 975
1474 2936
-2400 3385
4275 -3877
-1628 -791
-3460 1091
452 -3677
3941 -2340
3855 1454
4312 -168
1944 -2256
3214 1094
2004 1635
1565 2420
1107 -4105
-613 -505
-4016 -33
-737 779
-2571 2730
-3840 3046
3756 -1451
-3268 -1307
-2930 -113
-1906 -1940
-1280 2939
-1094 -1840
-4163 2173
2195 -1948
2329 4090
2698 -1057
-1443 1445
3840 1762
405 -3706
-2929 2476
-1111 -1878
3742 628
-1043 -3618
-3747 -3987
-779 89
-2425 -2766
-2473 -2597
-471 2457
-1627 3399
1612 496
2707 1774
190 2944
1341 -77
2878 3258
1130 1009
1770 1417
-1524 -3172
4064 2832
3168 1877
3241 3008
-2867 217
723 -1566
2075 744
-1665 1280
4192 925
3238 -462
3449 3262
-1821 785
-1977 -2406
-3407 2903
-1277 2235
1627 534
-2045 2962
-1434 1796
2936 1782
1702 2153
-472 4072
2685 1775
2774 1533
-1817 -2265
-3983 -2203
70 2628
-717 -1583
2009 4012
2933 786
-3817 -1776
3743 1148
-1900 2595
535 -2359
3075 -3291
-629 98
-4091 -2660
2174 -3408
2032 3377
-2023 2277
-161 3619
2717 -720
3639 -419
1916 -4050
-3731 -1056
1677 2215
4303 -563
3717 2976
1677 2514
-2875 692
4423 2798
-1002 -444
2307 3339
-196 -3920
4270 2888
3489 278
-2251 -3361
-983 1030
-2074 1667
724 -3790
-375 2296
-1685 2609
1023 -1151
4654 -1475
-978 -2535
5444 -3466
-2116 -1953
3985 2961
-1771 2442
3638 556
-381 -440
2932 -1184
4561 -2357
1208 -3830
-665 -45
-1078 2728
2113 3813
-1754 1922
1384 2031
-2426 1979
3538 1793
1583 394
1265 -3830
1701 1917
-649 1919
527 -3878
950 2876
-3690 1859
-2468 2324
-3839 -930
3276 -1271
-3802 -4028
-174 -396
783 -2385
-445 -3735
276 -1777
-3597 -3234
-2947 -637
4035 -3802
-147 2861
-1150 -1830
4237 -4057
-3273 -586
430 -4091
-446 -3557
-90 -886
3912 1372
4165 65
4052 -3581
-2127 -1698
206 -2106
-2064 -2440
1123 -2822
3469 -2132
1487 -4128
-2085 -3432
495 3273
1573 -1827
430 3881
-238 -3702
-823 3340
4043 -1976
-1952 -386
5369 -3523
818 -992
1392 -879
40 -4004
4040 287
-2268 2559
1765 -3952
2185 -1685
3433 -2368
-1167 -2758
3422 -2525
2250 -2009
3417 -3516
-3176 -1563
2233 842
3416 267
-2420 3122
2150 4075
26 3397
-3081 -2767
-3897 2942
-71 3276
-2918 2033
-531 1885
402 -1638
1341 3132
234 2417
-302 2999
864 -2231
-2464 412
-1581 159
-1986 -795
1103 -211
1566 2924
14 752
1464 -3159
3173 -883
811 -3230
-3764 -3836
-26 -46
-1714 -2369
-3389 -2184
968 -1575
318 2857
525 -2619
943 -584
-1880 2975
-1110 -2822
1714 2382
2469 -1846
936 1634
4522 -722
3794 -952
-2310 -2528
-1936 -2924
-1773 -402
2201 -3739
-1542 1404
-1106 1326
-458 2576
6185 1993
-458 2828
3501 86
-584 940
-186 2346
-2520 -1085
-2003 1156
-277 -547
-1468 -2524
1289 -87
3488 -666
3961 4277
-2834 3588
-1503 -1683
1298 -2525
3829 -398
1656 123
-256 3297
3590 -1458
3789 3003
-327 2939
-3222 -111
1268 -3405
115 -855
570 -204
3898 -446
-2482 -2118
3977 1929
-340 -556
2252 -2058
-2224 -3187
767 -2537
-1410 -2494
-2729 2606
-3267 4024
-557 -3262
-2294 2962
-2740 808
-1922 3957
4257 -529
-2620 -963
-2564 2606
4502 -1817
1828 2024
1624 -697
-328 204
326 3393
-1338 -2143
4737 -819
-476 3509
4431 1964
4645 614
-906 2621
1247 612
806 545
-1153 -4396
-1831 1091
2595 2500
2767 -1095
1870 3613
1271 -1827
2228 1673
-581 3394
1028 -974
664 -1802
4210 1025
597 2964
-2591 -1503
-2207 -3425
-2164 -186
4106 -2413
-1118 -283
1322 776
4003 -3619
358 -2090
1641 758
2994 -562
-1859 239
-2969 -2620
2967 -955
41 3882
3523 1092
1504 -1615
-3435 -1732
3424 480
1679 696
810 373
-2942 -1375
2150 3296
-705 3546
-1357 2332
3020 1294
3898 1454
2211 -921
-3714 -586
-164 -2833
1530 -3979
249 -1401
1525 1344
2464 -355
4410 -2374
-2913 -2425
-3172 1988
3202 1156
-3417 -3717
4639 2753
351 838
3243 3707
3013 382
2438 1484
-2451 -982
5670 3608
2388 1990
4491 2491
2444 2670
5764 -3648
2728 -2650
2117 -1917
5107 -1209
6038 -3614
2912 -256
4450 -4715
4800 -952
-1406 -4440
-1194 341
-2152 2286
404 962
1789 -2874
3504 3503
3644 -1084
-3664 1854
136 1471
422 -3219
794 3749
3626 -1735
-3257 -151
3699 -315
1316 -659
3186 1158
1908 3105
2456 3044
1834 -261
-1909 -1261
-3755 -3348
989 1153
2482 -503
3754 1123
489 -1574
2539 1839
-3877 3737
2197 -240
-3741 -2149
4223 -2015
-3794 3052
-612 2193
2399 -3926
881 -3395
-3428 -3231
1441 -832
1831 3145
-1986 397
1833 -75
3430 2047
4025 -1065
-967 2158
2151 710
1613 -3765
1107 1526
-1657 -1559
2869 71
619 3432
3246 2128
-39 1203
771 3096
3027 3622
323 -2780
2994 2704
3137 -4224
-1103 -1084
-650 78
886 2923
-1635 -204
4703 -4067
2731 1418
3331 336
3019 121
-1983 2273
828 773
-827 -2371
-3673 -1194
-1358 -3395
-1715 269
2202 -1921
2838 2375
-885 -1866
468 -1577
-19 3866
-1391 4130
-4138 -3615
-814 -1662
-4001 2993
-3593 1725
1235 274
-3664 -3745
127 606
-2400 -1552
-494 4115
1065 -1671
2889 2686
-957 -1456
-3859 3420
-1232 837
-512 -337
-1342 4071
1182 -758
-1072 1378
288 2140
1196 -3031
-438 306
1526 1208
-3530 -4150
731 -2466
-2225 3135
4176 -3115
3508 -803
-581 1892
1674 -4256
2916 1765
2608 -3930
4631 -1927
4013 -808
3076 250
1983 -350
3397 1238
3569 -3638
-1635 -1116
-1211 -1828
-2305 -751
-3183 1558
-1620 1543
-1250 130
-2715 -1930
-2134 -3730
-3407 -948
-3658 -3591
-4012 1462
1918 2407
504 -3912
-604 2525
3008 3622
1298 -3556
-1944 -1769
1880 -3992
-1358 3273
1263 -913
-417 3395
-2874 -1166
657 -3665
4066 3495
-2161 -167
-3340 -685
-3073 1167
521 1783
2282 -1772
-814 -91
3942 1471
1866 -3104
-2898 3434
1869 -806
-529 4114
114 -3258
-3382 308
3410 -495
2768 -3570
3694 2287
299 2249
3895 2205
-1334 3717
-3505 433
1673 -3999
1242 3453
3091 -85
72 1222
-504 -3958
-1384 1926
-1797 1126
756 -2682
-3401 2318
-1357 -983
588 1308
-2045 -919
-3335 -1003
-3432 -736
1327 -3740
1946 745
-2345 -671
-4350 -4486
-2850 1392
2959 1116
-976 1794
-175 -2181
1385 -483
-1673 3202
3559 -2321
920 -2356
-976 566
-3484 -3681
-141 733
-1935 -2015
1942 -3733
-2630 1905
658 1517
-3309 2938
-1076 -2730
-2896 -1849
1971 3324
268 -2766
221 -819
-2574 -706
600 1423
3854 2526
-3377 -3923
2725 1546
974 959
-2821 -3279
3366 1151
558 4039
-2940 937
-3815 2676
-2079 2265
-2743 3332
-3149 -2062
1473 -2824
-3780 2518
548 -1096
2044 -3814
3598 3372
394 3413
-1206 -3472
-2294 -1144
-2387 1696
2838 2454
1064 -817
-501 1275
-1461 2811
144 -336
-2143 3526
-4409 1847
-1159 3483
1088 2438
754 -540
169 2096
-1272 -192
-253 -1020
373 3535
1860 190
1384 434
2215 507
-234 3208
1522 1040
269 936
-4163 -3014
1306 1964
-2903 -3257
2096 -2094
-3282 -3636
1730 1922
1796 -547
-1697 -3310
-2891 1589
23 -1350
3101 2219
-1426 1318
-3420 -2751
114 -45
-2985 -2664
104 -590
-947 -2278
274 55
3193 9
3667 -1153
-1790 983
-3029 -4043
2707 -622
632 -2965
782 -508
2298 -1050
3952 481
496 -1647
3105 -162
3580 3615
-1694 -887
-430 -1666
2548 1515
1873 -3028
-550 -439
1187 -2730
1215 -3342
3263 1854
-2050 2043
2394 -3479
543 -2475
1158 -772
-2549 50
-1186 -2373
-4357 -3122
1955 3111
-3690 -1530
2786 817
-2194 -3571
-1305 -2239
-4408 1801
1218 -1802
-1294 -3222
-2780 -1392
2052 2285
-1035 -3589
-5236 -2484
-3727 1445
-4220 2068
-1961 114
-1411 1716
754 -1496
-649 -2875
-3479 1316
-3694 951
-3979 -3171
2408 -2679
3206 -2457
-951 2466
2765 1693
-4419 1314
2569 146
-3039 -1905
-1250 -2217
-415 -1054
-316 3374
2530 -3452
-2601 2141
-3865 -3819
-2753 1017
-302 -1591
-4060 -3429
1751 -4084
-1548 2791
-3268 3805
379 -1931
-2996 -3560
3083 -3406
3393 -474
2297 -2192
2722 -3103
2137 3633
-2075 -810
-541 -2150
778 416
-1725 2955
2304 -2345
-827 -2507
-3866 4132
2437 1116
-80 -2747
-1767 -1274
-1439 -3398
-3232 1424
-232 3032
2167 3771
-1558 1945
-1639 2180
1150 583
-1985 -1831
1097 88
558 125
-513 -587
-4119 782
-3728 -3305
1866 1651
74 -191
-3623 -2274
-3915 892
-4259 -1302
2649 -4025
930 3271
596 -3941
-1209 -2752
1185 -2834
-1164 -1124
-2434 -2653
1618 -2915
721 55
-1303 -1373
315 1099
-1909 3181
-2683 -3570
-3500 2895
-2774 3431
-3632 -3992
-2976 1548
-3835 -26
-1012 2301
1100 1075
-3785 -2547
-291 2730
-3746 598
-2044 -3969
1933 3533
1740 -1570
-200 -1325
-3500 57
732 710
3456 -1274
2119 3550
-3852 2759
1750 -1645
-550 819
4047 982
-3275 168
1080 -739
172 1506
1921 1032
-1639 -2699
-3031 -2130
3083 -1120
-101 -1470
-576 3333
2154 4053
-4986 1376
1689 520
-2424 -3155
-3268 2745
2838 -2162
421 3683
2184 62
2649 2834
1343 2493
259 -13
508 552
108 -4352
-1772 -4530
2389 -595
-598 -273
1357 2809
2119 3370
-2043 -4534
-422 2581
-1438 3020
3403 2214
-3182 3644
-1632 -2239
2417 -1213
1899 -2516
1017 -3781
3198 3694
-279 -3451
-2947 3690
-2618 48
-3742 2226
149 1433
-2340 -3505
449 -889
762 -1150
-91 -1911
-2986 -4164
191 2474
-792 -930
-70 3821
-1984 -2522
-1131 -2021
1150 3243
-2418 -1281
1508 -3629
132 -2884
-703 454
3798 -2413
-2826 1171
-607 -3043
305 -1695
419 973
3641 -413
2882 -2042
-1810 -3507
-1776 -2688
-3276 1011
-1095 -2389
-2490 -2884
682 1831
-1691 2045
-2489 1706
-4904 -2108
-2360 -2960
-968 -2623
-203 -3349
468 1340
-382 -792
1563 -2450
131 3472
568 -4199
-1504 3518
-1560 1065
-316 -11
-1553 -2724
-310 -3462
3067 2698
-184 469
3300 -3648
497 -1112
-3694 2607
-2821 -2153
1991 1319
2836 1753
-2721 2182
2787 -2131
2391 3745
-1467 126
-1424 -2899
-451 3295
-891 -4014
-390 -1753
3264 -3913
-2408 3628
2010 -3583
-685 -3927
-2193 -2572
-2031 -3556
-2882 1779
1752 -2070
174 -1834
2171 3351
306 1777
-952 2082
-3656 1449
2541 -1596
-126 -1391
-2029 3390
-3772 -1349
-3650 -918
-1178 -3762
-2418 -2963
971 -3091
-3655 -541
-532 3259
1135 -1235
-1374 2780
-3319 -1087
-4240 -118
-106 4077
-4688 -2359
-2870 2952
737 -1644
-1788 -2628
-728 3703
-2557 891
-4495 3263
119 1902
1878 -2408
-622 -1069
-3948 1760
2976 3334
-4445 3076
1317 1749
1782 1151
2548 1255
-647 -127
949 2506
365 -3465
-73 -2387
-1771 2450
-1302 -1076
-1906 -3899
-2678 -2566
-659 -2800
2653 -149
-816 1499
2691 726
3449 -1583
-1160 -1342
-2779 2045
595 -1215
3766 -3978
-3192 -2692
-2182 3901
-3941 1827
2313 -3031
-3368 -2309
-684 3976
-3333 2621
-1575 1163
2964 -3701
392 -2795
3061 2375
3162 -924
-3899 3293
-999 -3333
-2376 2647
2911 2143
-1475 -2709
2003 2264
-669 -2042
2879 3940
3072 4089
460 1346
1468 -1594
-995 -2002
897 181
1139 -2912
-3090 -519
639 -1536
-1861 -718
2725 -1154
1422 -2645
-1751 102
-3660 1913
1957 599
-781 1177
-1180 -3114
-1417 -1539
-2723 -3765
1481 3754
-1079 -826
-1180 -1672
1631 -2858
1677 1017
2992 -4188
-3201 768
1587 -3765
3341 -3784
-1664 1581
513 765
2580 -3646
-532 -3747
1177 641
-1743 3022
2207 3697
217 -3210
-2333 -2103
2214 2073
2929 -2506
2471 52
-1939 3702
2892 -2626
-382 2969
1091 3654
-3676 -485
-3591 2430
3584 1496
-2155 3228
-1523 -776
1969 2519
2196 2078
-301 -1648
-2444 191
-3248 -3179
-256 86
-17 3391
3432 -2389
2876 -2836
1191 -3451
375 1222
-2321 1775
-748 2501
1814 3185
1774 -3302
-3376 3291
34 458
-3838 -3291
-4198 -3159
-4099 -660
-960 2658
-4179 3571
-3812 3495
-2683 -3778
-3502 -3306
-1348 394
-1596 218
1163 -47
-2572 3652
1337 62
1369 -4055
2455 -2260
2874 757
-3815 1849
-3235 3003
2528 -2864
-260 -4134
-1227 -4216
682 -4196
1640 -4204
-4185 -1496
-2265 2142
-2587 -1075
2869 -4212
-386 -2930
2222 -3209
-3312 2055
-440 3705
3585 -3510
-767 2503
921 627
-1262 2553
-2480 2458
-3772 1300
-1604 -3524
-1411 -378
-1693 -1119
3076 1995
-284 4106
1593 3098
-3362 -3648
-3355 -1618
2040 1239
2759 -2126
3108 1300
2737 -885
3876 -54
3817 -3435
3975 3562
-3099 -349
-2108 1077
-3948 -87
2644 3079
3463 2526
755 -201
-3605 -3068
2548 -2344
-3157 -3408
1853 -860
386 1341
1287 2737
1308 -1493
-959 -2621
-1953 -2080
762 -3646
-303 -2860
-1332 1931
1028 2073
-120 -550
-2147 1741
2043 312
-424 -2198
2087 -3055
-4463 2719
-4398 -752
-1335 2556
-3410 2105
-885 -1816
-3312 -2079
3027 1370
-4061 3728
-4274 -3105
-4123 305
-472 2289
-3518 -2643
-788 -3063
-4050 1310
-1503 -4125
-3370 -4018
3802 -1858
3232 -3072
1586 -3111
599 -186
-2423 2196
-3584 1002
3083 81
1763 -417
-3322 -1361
-2342 3375
981 1917
-3205 3700
1607 2996
-3241 2670
316 -2704
1212 1253
-2252 936
2499 3593
-1843 -3830
3534 -527
-1593 971
3021 2456
-670 -1128
1401 -568
-949 -100
1998 2121
-3381 1551
2118 -2656
882 -13
1241 950
3264 -1832
-3515 -2602
2486 -1129
-643 -14
3434 2971
220 1245
-2189 -2476
-3399 -1344
-3424 -2528
3188 416
2676 -3869
-23 1604
-1587 -1691
656 -2297
-3561 -2822
-3587 -2299
2812 3501
865 2793
-2974 2576
-2269 3277
857 -2454
3420 2860
1436 -944
-1492 -693
-3148 -2293
2171 2033
-4175 -957
-4175 -3798
2250 413
1255 806
751 -2940
-1667 1992
1558 1014
1291 -2989
-95 -1118
3539 2718
34 -509
1914 -1361
-685 -287
398 -3325
3227 -1389
3310 -1379
3980 3388
302 -3013
-2034 -729
2231 -3902
3312 2665
1674 3474
-711 3848
1575 3783
-2 -2533
299 -984
721 1430
1860 -1585
1789 -3576
-1498 4014
1381 654
-694 -3753
-1195 1934
1842 -2839
-1690 -916
-2100 650
1678 -2582
2118 -3286
-2979 4218
1950 3732
2135 -3952
2323 2405
2215 2396
-631 2284
408 605
-3987 -2477
514 -3022
2705 -933
-4138 -3984
-2768 286
-3514 -1834
3369 -268
1460 -2257
-660 1484
2007 3802
-25 446
-3673 -1150
268 -454
-338 -463
-1879 3076
2425 -1631
1863 2169
2808 1384
566 2236
-3230 1324
1949 -1146
1325 1296
4272 2888
3529 -3338
-1650 2494
3353 -1557
2270 -188
-3788 2902
-2975 3353
-968 -1040
-3254 4177
1579 -2192
-305 -1455
-2024 -636
3154 -3410
-3613 2285
475 -1576
1183 1357
-2006 1367
3878 2662
-3593 -1507
861 -811
378 -1918
-3081 2166
-1112 -3193
-3231 1423
-2667 -2290
3446 -1449
2133 609
3662 1542
3446 -3896
-3169 956
4109 -648
2602 -1382
-2367 -2817
-1167 3012
-2412 2343
-2415 -3706
2820 1982
-1071 -1511
-1343 1240
-2667 -4326
2914 -3685
2101 3596
-4378 -1920
-3345 3128
-3127 -2261
-2912 1663
1319 -2009
-147 3170
-2364 680
-2356 544
1951 2508
2697 3379
-1344 175
-609 -3559
-1212 -2991
-377 -1039
2765 3247
905 2075
3788 -2815
1962 -2182
1007 -91
-1145 3870
3191 -525
-2647 -2722
60 -2792
3582 -835
-2117 -2739
812 194
-386 -3902
1112 -2241
-3479 3189
-3796 -2997
-2355 -2209
3592 -1551
-2766 3136
2881 -483
1879 1758
1876 4365
-3540 3605
-2778 -141
-2699 3505
3773 1692
-1559 -1254
3060 929
-1747 103
2372 3254
3313 -298
-1780 -2930
-601 -281
-644 -1767
-3374 39
-2478 993
-549 3321
1107 2021
1875 3034
1129 -1116
-376 -4302
283 -3291
1054 -1980
-1106 1764
-3352 -4057
2507 -2761
-3444 2549
-1553 3055
2973 -428
1957 166
-1224 -2866
-2920 3001
-3619 -1003
231 817
2210 706
3675 1809
-1261 2987
3297 3308
2600 1178
-3946 -2374
1087 -1777
-2304 -1685
3316 678
2542 -1011
-1703 3799
-1276 -785
3898 644
-64 -3398
-2913 -2659
-2197 -2222
708 1561
-656 3171
2993 -1545
-2771 1337
3566 2127
-710 3751
913 -3312
-808 -3315
-2105 796
4513 330
-1085 411
4467 -2183
2016 -320
-2050 4104
83 4160
-688 3713
-2 2328
-2482 4155
2791 -1543
1288 2061
2529 2073
991 1756
-449 -1481
-3255 -3350
445 928
1298 -2473
3078 1517
1755 -3684
3742 -1199
-3465 -1256
-243 -3315
3784 -1693
1310 -1586
3232 -4218
-2176 -3591
2856 123
1731 3640
3655 -3570
-1545 663
3487 2541
-2452 -3215
-871 -28
3417 -3772
-390 333
-1219 -1488
-1531 -4192
3566 1336
-3456 -918
56 -2909
3600 1602
4159 -1512
1734 -456
-1088 1022
-3358 2676
-3664 2383
236 -1388
2182 -3793
-1532 -1077
1720 -1766
4068 -2463
-1797 3670
733 2737
489 -363
3216 -2912
2544 1263
-481 3359
-2048 -2694
-2719 3238
3969 -3790
643 2958
3763 -3283
222 -3738
554 -2480
-965 -3124
-3325 1015
-3144 4153
1538 -2597
2584 1646
2190 23
-2801 1258
-164 -202
-3208 -418
-687 -3536
721 3883
-2568 3
2494 -905
-2910 2093
367 -1654
-2438 -208
2792 -2494
308 -1848
170 3125
2946 -3120
2458 -1482
-3859 938
-2747 -1081
2631 2969
-178 404
1394 2268
-3389 751
3178 1147
3301 2880
-1598 -3890
-2405 3076
-4316 2728
-2311 1322
3104 872
552 2248
2815 -646
827 3825
454 -3453
-391 -3236
1474 2311
-2048 896
-852 -2970
-2352 3102
174 117
-2001 -180
1792 -889
-952 514
-3238 136
3871 2704
-3243 2179
4342 1401
-568 506
731 3492
1122 2985
-991 -2886
-3027 4227
2368 4288
2936 -2961
282 -1843
-1792 -1883
-1845 305
1630 591
-539 -2975
3325 2445
-1373 382
-99 -3773
731 -2305
2106 -1135
3213 1554
-2977 -238
-146 -3519
-978 2918
3395 -3990
3921 -522
-2517 17
3532 2177
2077 -1224
-1939 2463
1151 1887
-1313 -31
1025 1858
-4187 1417
-2762 92
-1025 -1416
697 -97
-1315 -713
644 2138
1616 2100
3661 -3431
1267 -1644
-4171 -2073
32 2802
-3616 3238
-1221 -643
-319 -3649
-2499 -2261
-2757 3035
525 -3679
2046 -3666
1963 296
640 -2161
1330 1776
-1877 -3552
793 2254
796 -1089
42 777
-2374 2733
2946 2050
3063 1470
3229 -3554
3721 1811
3619 -1527
3870 -578
-1372 -1842
1816 -2825
-210 -3094
123 192
-1320 448
-1161 2005
2865 2164
-496 -2612
3893 1373
-2707 4230
-72 3987
2283 -214
-3619 -1225
-1628 -3905
-1851 4064
1412 3427
1899 -1293
-401 -3646
-3772 2178
3419 1404
-2495 681
-198 -2989
2452 -4075
-1356 2398
1753 2635
2789 -1945
-2185 -1756
-3465 -2499
-3702 236
2171 -566
-1406 -1708
3179 -2671
-1762 -878
3914 -3209
865 -1423
-3486 -962
3468 3073
-1719 -3517
-708 -3055
216 1548
338 2295
4285 593
-1759 1248
-582 1517
-1508 3481
-3747 -346
-1355 1469
-1284 -822
897 910
2885 -2609
1443 3507
-3405 -762
3413 1190
-3160 2296
-2952 -1369
2329 474
1573 1808
4283 94
-1203 -2508
-2682 -2875
-3334 -1801
4270 2823
4252 3599
-545 1308
3057 -1258
-490 1443
-565 1614
-169 -1116
-1628 2858
2146 567
-3441 2035
-167 3130
-2561 3653
-603 2127
1522 2007
221 2164
-1012 3247
-3084 -1415
-4096 3473
494 -818
3612 1737
70 1772
-4101 -2181
-310 1467
-589 354
-1592 -3052
2898 -1411
521 3056
-308 3142
1892 3289
-1500 1348
-3311 -2319
2136 2187
-353 627
-473 515
2493 3429
966 -1368
2191 -803
-4164 -185
1511 4183
-1530 -1858
-2201 2300
4285 2538
1098 -2688
1017 -1295
1393 2919
1936 3572
3567 -409
3553 -3649
-3727 2562
4310 3023
2978 1045
-3254 2837
-693 128
28 -2903
2586 1652
789 -1060
2342 -3106
-2068 4328
1223 -3508
-3253 -872
1836 1768
2527 892
-898 1935
4031 -3455
1591 -3315
462 -432
-469 1993
2782 1177
2893 273
-3134 2485
3731 2775
-3109 -452
320 -3052
1772 75
-639 -1209
2070 -3732
3429 1122
-2035 731
-1921 3295
-2184 -975
-2489 2532
-193 -1300
604 3800
2128 -4005
2800 -3097
3037 -922
2455 -836
63 2628
1675 2893
751 1268
-1209 -1162
-2870 3892
-2533 -3037
-526 2923
-1681 -2159
-4070 3350
-3141 -156
308 -2403
2043 3315
3930 582
533 2796
568 -3397
-2834 -1662
-3119 -1633
4365 1667
4346 -3057
-2715 -370
-2659 -843
-3181 1819
-2156 1756
2018 -1747
885 -997
1386 914
447 3421
-761 -3457
3278 820
3484 3992
3625 -148
1570 3182
1640 3803
3523 -461
-411 -3154
2039 -1108
-2695 933
-141 -394
3660 -3831
1421 -2081
1290 1885
934 -3938
-587 -465
1821 -1720
387 -1742
1631 -3201
-284 3814
-2091 1663
-219 3737
-1541 -615
-948 -3553
3852 -3406
2379 -706
-2568 1072
-2550 -650
3497 -1802
-4230 478
3034 -1088
981 689
1636 -1884
-3607 -1146
2221 -3507
-1547 -94
-2607 -4006
3900 -3129
-2484 1777
397 -3699
2294 2401
2155 -4296
2835 -3634
1726 -3124
-989 -1784
2880 -3488
3309 -2204
-972 -3296
125 3560
1973 -1978
-94 -1215
-1097 1800
-1058 376
-712 3059
1583 34
-468 3616
-924 -2619
726 332
-2103 1540
2177 525
-1515 -1726
-1895 1873
2556 1897
-756 -577
940 171
479 2454
2997 -1996
-2452 3491
4480 -567
78 1207
-505 2183
-824 945
-2725 -255
-2781 1118
3074 -2169
1896 -1734
-1613 -2577
4179 1651
-3599 -1658
1456 3727
1714 -1074
-634 -1390
2663 2318
172 -867
2087 3193
2210 899
-1174 2863
-1561 -1707
-1751 -2689
2030 -346
-1306 -2173
-3234 -3480
3732 2787
-1943 3866
-2469 1908
3864 2460
3763 -115
-3764 781
-1300 1510
-1616 3112
-2654 2694
-1176 3077
-1008 -3079
-3713 1235
-1251 -3629
-2069 506
58 -3661
-3271 -2254
221 2682
1997 1036
4022 -2574
531 1526
4098 -3804
1845 3168
-2984 -2258
2062 -1230
-1760 -1818
-3365 -1787
-1823 -2700
1977 1824
-1435 3373
-1626 -1239
119 -1517
4567 2147
792 -2308
-337 -963
76 -1151
4299 3402
2590 3225
-599 3319
-1152 -1330
1437 1807
-70 1464
3119 -3047
-2310 4101
3715 -1872
2224 -3055
-335 1181
-534 3118
2235 2095
-2980 2850
-61 1771
3221 42
-325 2364
1693 -645
-3432 3033
314 627
-1359 3403
-440 -3858
2145 -1808
234 -2597
1506 2881
-2965 3340
785 311
-1027 -4056
-3835 -3451
-828 -894
-2323 -2911
-1315 3577
2558 2728
4064 -2274
1838 -3487
1471 552
4417 3846
-857 -3194
-2443 1292
1624 3191
111 -767
-3623 -209
3818 375
-3203 -1053
2067 3529
3234 3582
-462 2004
3107 3674
2223 -297
-1244 970
2652 2661
-559 -341
-959 -557
2406 1366
31 -1513
3311 568
1540 3512
101 -2369
-986 2048
2041 -3900
-302 -2406
3342 -2324
-2770 -1648
2739 3568
-2934 -3349
3029 -1463
-1224 -3895
-651 -393
-2087 2396
1402 2578
701 568
-2394 1949
1305 3439
-4148 3031
-4056 2990
-673 -2434
-2807 2083
-2539 2381
1122 -2829
-3769 3526
-2136 954
3968 2903
3385 2616
-1187 -3148
-2399 -4184
2883 -3032
547 3067
-2574 -522
-915 1321
734 -3878
-890 -2960
661 881
-943 -2144
3728 -532
397 2987
3072 -2718
-762 -3365
990 1149
1725 -364
1844 -2230
-3109 -3283
-443 -1293
1348 -2787
1645 1485
-667 -3834
1272 2462
-2361 -974
-1048 -3548
2544 -46
1738 1253
92 1324
-1847 -3061
-110 2526
-2500 913
2967 2294
1064 2107
-338 -1296
-2151 3207
2802 2459
1842 -678
544 -3876
2749 3507
1445 -2910
2133 -532
-3304 -1706
710 -3152
674 3916
-1550 2061
-3304 -2008
1789 -2178
-3360 1027
-3158 2215
-829 1016
3782 2864
-170 1636
-3288 3917
-3465 3032
-838 -2365
1963 1195
2065 -1914
3718 1237
2947 1228
-701 1728
1076 2766
2076 -3295
721 256
2936 2227
1887 2899
3892 -2294
2706 1890
1651 2849
3295 -2194
-641 2074
1204 -1884
258 3054
3869 -3405
3109 -2527
-2470 2263
70 2185
2993 348
302 2206
2015 69
-647 3293
-958 1213
-1631 2224
2695 1862
-3597 -396
-3080 4208
138 -811
3229 4140
-2135 -3856
-3578 4200
-733 1749
3763 3231
-3382 -2482
2499 -2435
-2219 -2448
2317 3799
-2685 -3424
374 1796
4257 2419
2585 -410
-2098 4242
1652 1774
4451 -2621
-885 -2858
2203 1720
-615 4023
-884 3608
-2102 -3087
1156 2420
1116 -684
-1594 -1053
1597 2618
2828 -211
2917 -720
3378 3043
-456 -2296
1673 2358
-2746 177
-3955 -2652
-2838 653
-1987 -3800
3256 3406
3923 1571
-2956 -938
-3972 -1821
-937 3817
-4211 -4051
-788 -9
0 0
0 0
0 0
0 0
0 0
0 0
0 0
0 0
0 0
0 0
0 0
0 0
0 0
0 0
0 0
0 0
0 0
0 0
0 0
0 0
0 0
0 0
0 0
0 0
0 0
0 0
0 0
0 0
0 0
0 0
0 0
0 0
0 0
0 0
0 0
0 0
0 0
0 0
0 0
0 0
0 0
0 0
0 0
0 0
0 0
0 0
0 0
0 0
0 0
0 0
0 0
0 0
0 0
0 0
0 0
0 0
0 0
0 0
0 0
0 0
0 0
0 0
0 0
0 0
0 0
0 0
0 0
0 0
0 0
0 0
0 0
0 0
0 0
0 0
0 0
0 0
0 0
0 0
0 0
0 0
0 0
0 0
0 0
0 0
0 0
0 0
0 0
0 0
0 0
0 0
0 0
0 0
0 0
0 0
0 0
0 0
0 0
0 0
0 0
0 0
0 0
0 0
0 0
0 0
0 0
0 0
0 0
0 0
0 0
0 0
0 0
0 0
0 0
0 0
0 0
0 0
0 0
0 0
0 0
0 0
0 0
0 0
0 0
0 0
0 0
0 0
0 0
0 0
0 0
0 0
0 0
0 0
0 0
0 0
0 0
0 0
0 0
0 0
0 0
0 0
0 0
0 0
0 0
0 0
0 0
0 0
0 0
0 0
0 0
0 0
0 0
0 0
0 0
0 0
0 0
0 0
0 0
0 0
0 0
0 0
0 0
0 0
0 0
0 0
0 0
0 0
0 0
0 0
0 0
0 0
0 0
0 0
0 0
0 0
0 0
0 0
0 0
0 0
0 0
0 0
0 0
0 0
0 0
0 0
0 0
0 0
0 0
0 0
0 0
0 0
0 0
0 0
0 0
0 0
0 0
0 0
0 0
0 0
0 0
0 0
0 0
0 0
0 0
0 0
0 0
0 0
0 0
0 0
0 0
0 0
0 0
0 0
0 0
0 0
0 0
0 0
0 0
0 0
0 0
0 0
0 0
0 0
0 0
0 0
0 0
0 0
0 0
0 0
0 0
0 0
0 0
0 0
0 0
0 0
0 0
0 0
0 0
0 0
0 0
0 0
0 0
0 0
0 0
0 0
0 0
0 0
0 0
0 0
0 0
0 0
0 0
0 0
0 0
0 0
0 0
0 0
0 0
0 0
0 0
0 0
0 0
0 0
0 0
0 0
0 0
0 0
0 0
0 0
0 0
0 0
0 0
0 0
0 0
0 0
0 0
0 0
0 0
0 0
0 0
0 0
0 0
0 0
0 0
0 0
0 0
0 0
0 0
0 0
0 0
0 0
0 0
0 0
0 0
0 0
0 0
0 0
0 0
0 0
0 0
0 0
0 0
0 0
0 0
0 0
0 0
0 0
0 0
0 0
0 0
0 0
0 0
0 0
0 0
0 0
0 0
0 0
0 0
0 0
0 0
0 0
0 0
0 0
0 0
0 0
0 0
0 0
0 0
0 0
0 0
0 0
0 0
0 0
0 0
0 0
0 0
0 0
0 0
0 0
0 0
0 0
0 0
0 0
0 0
0 0
0 0
0 0
0 0
0 0
0 0
0 0
0 0
0 0
0 0
0 0
0 0
0 0
0 0
0 0
0 0
0 0
0 0
0 0
0 0
0 0
0 0
0 0
0 0
0 0
0 0
0 0
0 0
0 0
0 0
0 0
0 0
0 0
0 0
0 0
0 0
0 0
0 0
0 0
0 0
0 0
0 0
0 0
0 0
0 0
0 0
0 0
0 0
0 0
0 0
0 0
0 0
0 0
0 0
0 0
0 0
0 0
0 0
0 0
0 0
0 0
0 0
0 0
0 0
0 0
0 0
0 0
0 0
0 0
0 0
0 0
0 0
0 0
0 0
0 0
0 0
0 0
0 0
0 0
0 0
0 0
0 0
0 0
0 0
0 0
0 0
0 0
0 0
0 0
0 0
0 0
0 0
0 0
0 0
0 0
0 0
0 0
0 0
0 0
0 0
0 0
0 0
0 0
0 0
0 0
0 0
0 0
0 0
0 0
0 0
0 0
0 0
0 0
0 0
0 0
0 0
0 0
0 0
0 0
0 0
0 0
0 0
0 0
0 0
0 0
0 0
0 0
0 0
0 0
0 0
0 0
0 0
0 0
0 0
0 0
0 0
0 0
0 0
0 0
0 0
0 0
0 0
0 0
0 0
0 0
0 0
0 0
0 0
0 0
0 0
0 0
0 0
0 0
0 0
0 0
0 0
0 0
0 0
0 0
0 0
0 0
0 0
0 0
0 0
0 0
0 0
0 0
0 0
0 0
0 0
0 0
0 0
0 0
0 0
0 0
0 0
0 0
0 0
0 0
0 0
0 0
0 0
0 0
0 0
0 0
0 0
0 0
0 0
0 0
0 0
0 0
0 0
0 0
0 0
0 0
0 0
0 0
0 0
0 0
0 0
0 0
0 0
0 0
0 0
0 0
0 0
0 0
0 0
0 0
0 0
0 0
0 0
0 0
0 0
0 0
0 0
0 0
0 0
0 0
0 0
0 0
0 0
0 0
0 0
0 0
0 0
0 0
0 0
0 0
0 0
0 0
0 0
0 0
0 0
0 0
0 0
0 0
0 0
0 0
0 0
0 0
0 0
0 0
0 0
0 0
0 0
0 0
0 0
0 0
0 0
0 0
0 0
0 0
0 0
0 0
0 0
0 0
0 0
0 0
0 0
0 0
0 0
0 0
0 0
0 0
0 0
0 0
0 0
0 0
0 0
0 0
0 0
