34 -30 -15 -38
24 20 1 -38
24 -29 36 -31
22 12 31 40
-42 -18 -37 -5
8 -19 -38 2
-32 4 21 33
15 4 -24 25
17 -36 36 14
1 -2 18 36
-38 17 12 -24
4 -11 -3 41
35 6 -19 -23
30 0 0 25
6 -21 -19 -9
-22 4 31 -36
-2 32 -30 -16
-13 -20 35 -38
33 29 -26 -18
37 9 31 12
27 29 4 -25
-7 37 -41 -29
-12 21 -24 18
2 37 21 -7
32 33 36 9
39 14 -14 -6
0 -11 13 -20
-23 41 22 3
19 -6 -4 -41
-1 8 36 -5
16 1 27 -41
0 25 -24 10
21 21 16 17
5 25 0 -8
-30 -9 18 -23
31 -35 36 4
-31 -11 -9 -34
25 4 0 -30
21 10 -37 23
-28 -23 -12 -8
-11 -35 -21 -37
-12 0 -17 33
-18 -16 -22 -21
-14 -38 6 -15
38 5 15 9
8 -33 -9 -1
-20 -16 24 10
9 -19 28 -7
-16 37 -10 34
-10 11 -1 -12
-13 24 -30 -4
17 -10 20 -19
-18 11 -36 3
17 22 30 34
-34 -33 5 -23
-7 27 -12 -18
37 37 24 21
-26 3 -18 7
34 -21 -14 24
-1 -18 11 -33
11 6 -26 1
-12 -31 -24 -4
4 17 0 11
28 -28 -27 -33
35 -4 -19 41
-7 13 17 -31
-34 -16 9 -1
-25 5 20 41
23 41 19 -39
-28 40 -32 0
22 5 21 -1
17 32 -23 10
-6 -31 -5 -13
2 -33 22 -38
-37 14 8 -17
28 -22 29 -24
-21 -16 17 0
-23 -14 9 -39
34 -3 30 -39
-27 -16 -26 37
18 -4 -20 7
-32 -33 -30 38
38 1 -41 -16
26 38 3 34
34 20 28 11
27 21 -13 -3
15 -3 -9 2
-12 -3 6 19
-31 13 -25 0
32 39 -39 -39
20 -36 -32 -7
-17 -33 -39 2
43 38 -25 33
-23 -8 -20 35
9 -14 18 -5
23 -9 12 37
15 -20 -11 0
15 -2 24 3
39 -26 -25 -10
19 20 30 27
-21 15 20 -6
44 38 33 -12
22 28 20 -29
3 20 -21 -42
23 -24 -37 -11
-13 -13 -34 22
-24 15 25 22
-10 30 26 11
29 -32 -29 -27
39 0 21 0
-5 -32 -31 -38
9 -9 5 -34
16 -35 -21 -13
44 -35 6 -30
0 -31 6 14
13 10 -5 -36
16 -13 -36 15
-25 -31 2 -2
19 18 -27 24
-36 13 9 15
24 -9 7 19
-35 18 36 39
29 -23 -30 -38
18 22 -19 -27
-3 -24 36 8
-16 13 -19 16
-32 -36 24 1
-22 33 -5 4
6 29 13 19
4 30 -29 -32
0 20 20 31
-28 11 8 25
-7 -25 -14 9
-24 11 36 4
38 9 -17 -2
13 -2 32 -4
4 5 -20 -14
-14 -12 -12 -2
-9 30 -15 -11
-27 -16 39 -35
-30 3 9 -10
25 8 2 -33
-8 29 -34 37
-3 19 -24 18
-35 -10 16 -12
23 16 -12 -4
29 32 27 23
-33 10 -18 24
35 -22 4 19
35 0 -35 -6
-5 2 7 -41
22 -31 -39 -39
-5 0 35 10
27 22 6 26
42 -23 19 -13
6 -3 38 -28
3 -11 31 4
-25 -21 -30 38
-23 -36 -37 -40
-29 -21 -36 33
-13 20 23 -7
-29 4 -34 14
-30 -7 -19 -9
2 21 9 -22
26 24 -14 38
26 3 38 -33
-30 -36 35 31
33 15 -33 27
19 0 -41 -35
30 15 -6 27
37 17 32 28
39 7 24 -21
10 -36 28 20
6 10 39 15
-16 5 -30 -35
14 -38 19 18
15 40 -14 31
-41 -10 10 -9
-22 -6 15 14
-39 -23 9 -9
-39 34 24 8
28 -21 9 -11
32 -6 -39 41
-28 -2 -35 42
-33 -17 41 37
-25 37 7 0
37 -32 -13 7
14 -36 -32 38
10 28 24 -5
37 25 0 -38
-10 19 -6 -24
30 -24 -5 0
-14 12 17 37
29 3 0 -26
31 1 5 -2
-34 -34 -37 -23
36 -25 -9 -32
-5 32 24 30
29 13 34 29
-40 -10 -3 21
-21 15 11 -1
-35 1 -33 20
7 0 5 -12
12 4 37 -6
-29 27 -25 -9
-18 39 34 -6
10 -4 -25 38
30 -19 13 16
20 -17 24 8
-33 40 -31 7
-16 0 -24 32
-19 40 31 11
15 33 -31 36
26 4 24 -39
-31 12 -6 30
-3 16 -29 12
14 -25 27 -15
-24 -7 0 34
25 -14 -27 -11
-18 11 10 -16
20 -13 30 -22
6 -24 36 0
-12 -27 -7 -19
18 1 -27 -30
40 -38 -2 37
-23 16 24 -27
6 -4 2 35
-24 35 -14 -29
-31 -3 29 22
-36 -30 -39 2
0 -17 -21 -32
9 -32 -29 32
-1 16 -22 -42
-17 0 -12 15
10 14 -16 -35
41 10 7 -37
-26 -2 -25 -20
31 -7 31 -15
-2 -24 -37 28
-41 17 3 -19
29 -21 -32 -27
6 -18 26 -16
-3 30 -8 17
-37 1 -7 -27
-3 -13 37 -29
-19 11 -2 24
-33 -26 -17 33
-11 -9 18 -26
-15 42 19 23
0 1 32 -35
4 41 -29 10
6 -30 14 16
-35 30 -22 -11
5 35 -29 37
5 30 29 3
-40 44 2 -16
11 -38 8 26
35 21 -39 -1
36 0 6 18
38 29 16 -2
-15 -9 -40 12
-5 -14 -26 -21
3 -18 10 -26
22 12 -7 8
-23 27 -16 -39
22 3 -19 37
-32 36 24 25
-14 14 -16 26
35 -10 30 -39
-29 -17 -29 30
10 -32 -3 13
35 1 5 -32
-1 37 -37 13
-13 0 -9 4
21 39 -39 -33
33 23 -17 3
-17 38 -18 -17
6 2 -39 -20
18 -31 8 -33
24 -31 -31 15
-33 -18 37 -20
-6 -25 3 34
-25 13 -40 21
21 -31 -25 9
-13 41 -5 -24
36 -10 -12 12
15 -31 -30 -16
11 36 -12 -13
40 -36 13 11
25 26 11 -2
31 8 28 -2
5 7 22 24
-17 -15 31 -42
23 31 -25 8
43 -7 -28 -24
-13 27 30 -11
-10 -20 7 -35
-9 3 39 8
-6 2 21 2
-10 8 -36 -18
32 16 1 29
38 -24 -2 22
29 -9 14 -35
10 41 40 -33
28 -13 -26 -12
32 -27 -8 -12
-7 6 37 41
-18 -17 14 -14
-17 26 -18 -9
13 -6 36 -37
29 14 34 29
23 -27 -33 -16
22 -22 -13 -25
18 35 -22 6
25 -3 -29 30
-37 17 8 36
37 -18 -12 27
19 5 -35 -12
6 5 -4 -17
-11 -15 14 10
9 -27 2 27
-14 27 5 33
-16 0 -36 16
1 -13 35 -18
41 -3 34 2
36 -4 33 -15
6 25 -33 -34
-32 -37 32 31
-19 -5 -36 31
23 -10 1 -13
12 42 8 0
40 25 -23 20
-27 13 -20 -31
-12 -7 -3 6
40 31 0 -34
39 -13 -32 22
-34 -19 -16 -30
20 -28 -11 7
28 -9 13 -42
21 27 30 36
1 14 15 32
0 7 -14 0
-12 28 -15 -30
-9 -38 12 38
13 -13 20 24
34 19 24 -9
7 -28 -23 -19
0 26 3 19
-3 -27 -18 14
33 -29 16 -11
29 -17 -35 3
34 -40 14 0
17 15 35 31
-18 32 -30 -21
20 12 13 28
32 -33 -28 -34
-23 19 -11 -19
-42 -25 26 16
-37 -4 33 -31
-12 0 11 25
28 17 -17 13
-36 -3 31 -39
-11 33 27 -38
-11 24 -7 8
-27 -18 -15 34
23 -16 5 27
23 -30 -35 40
14 41 4 20
-26 -4 18 -19
-27 -2 24 38
10 -14 -15 0
-23 31 -39 -31
25 30 -32 11
26 -21 4 40
20 -28 -12 -29
8 31 40 -20
-9 -12 -5 8
30 1 22 10
-9 16 5 -33
1 20 -13 -34
-23 22 -1 19
-39 3 -1 16
-11 -8 -30 35
-6 -22 -23 -27
38 -34 17 -24
43 -25 26 32
-25 39 -2 36
-16 -17 11 -42
-4 -7 -36 -29
-37 9 -35 4
-7 28 -13 37
0 25 4 -35
5 9 -15 26
41 -22 20 10
-10 14 31 1
-33 -32 -43 -20
43 27 -16 28
24 -6 -20 -9
-27 -26 8 11
6 -30 -17 8
-32 12 -38 -6
21 -17 -3 1
-2 4 -24 2
19 -30 22 3
-30 -10 25 -6
9 0 10 -5
38 -2 1 -30
-27 4 19 22
42 -35 -10 -27
-18 5 -29 -5
-28 27 -33 32
41 25 3 -7
-19 -16 10 -20
-41 30 6 -14
15 -22 -10 36
-13 -10 26 -30
-15 -14 -18 -38
-3 0 0 21
-25 -36 -19 -21
-42 9 3 23
21 16 8 16
31 14 -28 -5
-25 1 26 8
-2 41 39 37
-22 -1 -24 13
2 -16 -9 37
-41 0 40 24
-5 24 32 -35
-7 -11 9 15
36 20 -7 34
9 37 -36 -27
-13 6 5 10
39 -18 -20 7
-41 27 -27 -17
17 16 4 26
39 -12 24 12
30 10 -22 -30
6 -27 26 -40
-37 -1 17 37
13 -18 16 -11
41 -11 -6 16
4 24 -12 38
7 -3 -16 -27
-12 40 35 9
-19 4 32 -21
-6 -23 -31 -30
44 -5 3 6
-21 -28 -6 -32
29 41 22 23
7 15 15 36
-1 15 9 33
41 -18 30 13
9 -1 18 17
-24 -12 -28 27
-9 1 -19 -38
-25 -3 37 1
13 -1 -5 -30
-2 18 -29 34
-5 27 2 -10
26 -4 -33 35
40 -21 -26 31
-29 -10 -29 23
-22 -19 -20 8
41 -28 -10 0
-36 -17 9 2
-4 41 4 -11
-37 22 -16 -41
21 13 35 -28
43 37 4 -15
-14 -40 17 -34
35 -27 -15 -23
27 29 38 -42
-27 1 -8 32
-18 13 -34 -16
-7 -30 -21 -26
1 -4 -6 -25
29 -19 41 5
-32 -24 9 6
-24 -31 -24 -12
-13 21 34 42
0 -30 2 39
18 -9 -9 -17
-32 -16 19 9
-23 -1 11 2
-28 -30 13 23
-19 -10 5 3
-14 -25 -17 -13
0 5 28 -22
-22 -36 42 28
13 41 -16 -2
-22 13 22 -18
-7 -3 -23 30
-38 9 -21 -12
31 14 35 7
-26 -30 15 -23
4 -14 7 24
12 -33 1 0
12 -21 -28 5
19 -7 13 -16
-14 24 9 -32
2 5 -5 -8
25 -3 -3 0
36 -28 24 -14
31 -33 20 34
1 -10 26 -30
28 20 -10 39
1 -34 -39 -25
-6 40 10 -23
-32 16 31 24
-4 26 0 -21
16 -37 -12 -43
38 -24 -27 30
4 39 0 38
-2 1 -2 16
-20 -4 37 -25
-22 3 6 -13
21 -8 33 4
-2 35 31 26
-10 -1 -40 -32
35 -24 21 -11
27 8 35 13
9 23 -36 -6
11 27 -40 -36
-1 40 -1 -14
-1 26 25 -39
26 -37 -29 29
33 0 -36 30
25 -36 0 -40
38 -11 -28 5
-34 19 25 15
-13 -5 -15 -20
16 38 38 -26
-24 42 6 21
-4 -11 36 22
16 -26 29 -19
1 -34 5 -14
-13 19 -33 -18
5 -17 20 -4
14 38 33 30
22 41 31 31
-20 5 -35 13
13 15 -13 -24
34 8 -8 -21
-42 10 4 3
-34 28 -40 25
-8 -19 -19 -17
-21 -35 12 26
8 -13 -16 0
-30 33 -39 7
22 -31 33 -23
13 -10 -6 31
-23 -18 -15 -12
-2 -22 -37 13
33 -7 -19 20
-39 -8 -29 20
16 -3 -8 -37
-29 -16 -13 -6
11 29 21 -2
33 -1 16 -13
-4 21 24 -35
33 14 1 25
-28 -15 -9 32
-30 28 18 27
-9 9 -27 -37
35 -14 -25 -35
27 -28 -21 -22
-37 35 -24 -38
-11 20 -21 -14
-3 21 -28 15
0 -33 21 -22
43 -12 -10 -31
24 29 32 34
-31 4 -6 -8
-16 -19 6 6
7 -19 -36 19
-3 24 29 27
-32 -26 17 20
0 -40 27 -3
22 18 -21 -31
-23 40 -6 23
9 -1 -11 20
7 -33 -39 -23
-20 36 -28 0
18 -18 -16 -27
41 -27 -6 -18
30 -33 38 6
12 25 15 -37
-9 1 -30 -30
9 24 -18 37
-20 -1 14 29
-39 -28 -2 42
22 -8 -23 4
-35 26 17 -32
-39 31 35 5
-31 1 1 22
-41 30 35 -32
23 10 -23 -13
9 0 24 36
-23 25 -21 -34
-38 -31 -1 37
20 36 -29 21
-6 -19 -21 -34
18 -25 36 -22
-38 27 -32 28
-29 -24 32 -21
22 22 19 -6
-42 -24 11 -27
-36 -32 -15 -28
9 9 38 -20
-34 -6 12 -35
4 -1 -15 -7
-1 41 -26 -14
-42 40 -8 6
-19 0 27 -15
24 17 -19 -24
-20 -24 -39 37
-30 -6 -22 -1
0 -4 1 -11
6 19 31 -9
19 -28 12 -27
5 -12 38 22
30 -4 -18 -16
33 6 36 2
-31 9 -2 -16
-21 34 -10 16
11 -34 -37 -12
-29 22 32 4
3 28 -26 5
-33 7 -13 0
43 2 3 -20
-21 -35 -7 -29
-7 -17 -42 -18
32 -5 -24 -7
33 -38 1 -13
20 3 -1 -23
7 -31 -15 11
0 -21 -37 -2
-12 0 -40 -22
28 -37 37 -42
36 -18 26 -27
-19 -17 -11 20
1 36 20 -40
0 -19 31 0
-21 -30 -9 -32
33 26 38 -13
-30 -13 -1 -36
-31 21 17 -1
-4 -36 17 -40
4 4 29 21
13 -17 5 22
32 11 -17 38
-8 26 -38 -32
-16 17 1 23
28 30 11 0
-38 21 -15 -23
30 -25 -7 15
3 24 -10 -28
33 19 -28 -19
-20 43 -40 8
20 -7 -18 19
-40 -27 28 21
-10 42 5 -35
-16 13 24 -37
21 -11 35 -20
-12 -7 -11 2
-31 6 -21 -32
-3 37 5 13
-17 34 -23 -12
4 -28 -37 -19
-3 10 27 -18
-2 -9 -27 -7
10 -35 -6 -25
-29 44 -26 -5
13 -15 -13 -38
7 -34 -20 -29
-25 0 23 -31
-32 41 -26 24
34 19 16 33
23 5 -40 -29
-6 0 10 34
18 -30 -40 -41
32 12 27 39
4 12 -16 -9
-27 21 -42 -41
-30 -21 20 -14
5 17 33 -41
34 -37 -20 -38
15 -31 9 28
-29 -26 -4 33
-26 -14 32 -41
5 -37 22 23
23 -20 34 0
8 4 -33 -35
-16 -36 38 6
-3 20 -34 38
-1 10 -6 10
-29 18 31 0
0 -21 33 -39
33 -27 9 8
12 0 -6 10
-16 18 -33 -26
-4 23 -3 13
32 16 24 16
-34 22 37 15
-26 19 -38 -26
-29 -38 10 -21
22 34 -19 9
4 -17 23 29
28 22 8 -25
5 4 40 12
-33 19 -15 3
-21 16 -10 12
-16 40 21 24
-16 2 19 -30
-22 44 12 20
-9 26 -32 -4
-24 0 -2 36
33 16 4 7
24 14 -9 23
-40 -34 27 -3
-41 -14 39 -17
-25 -3 -25 13
37 41 0 19
6 -3 39 3
-7 -32 41 23
4 43 -4 25
8 -32 7 -23
-42 3 -28 4
-11 -24 1 -14
-34 42 1 18
-28 -1 17 38
-39 -12 11 10
-22 -36 -4 24
-26 25 17 -23
18 -14 -19 17
28 -15 31 7
34 -22 -13 -15
13 33 12 -14
13 -31 -4 -15
3 -38 -32 -32
-32 20 0 28
-33 29 25 2
-4 37 6 12
4 -31 -34 -33
35 5 -42 38
34 -30 -18 23
29 28 -34 -8
15 33 19 18
10 -38 4 8
-24 -35 16 30
37 10 4 1
-28 -13 -34 10
3 -23 13 11
7 -12 37 6
-9 -15 -32 -21
21 26 4 -34
19 -20 -11 14
-1 -11 -1 -31
28 -11 -24 -34
-3 12 29 6
42 0 -4 23
23 -14 -20 -32
28 -15 -14 -1
-3 14 2 -9
-20 -39 15 -2
21 -11 -3 -34
17 -34 -32 14
22 -4 -19 27
15 -22 -24 24
-23 -24 20 -29
28 33 29 -4
38 23 38 -27
-8 -32 -31 -31
32 -15 -9 15
-42 14 -11 -13
-30 9 25 1
-35 -33 38 -12
-9 -36 36 -22
-14 13 13 15
-33 42 -27 -5
4 -23 -9 26
24 43 -23 18
29 -12 27 -35
25 3 17 -18
19 -23 26 -23
-1 5 1 25
35 44 25 -31
-21 -37 41 -40
-13 -2 17 0
-14 26 -39 39
32 33 -27 24
37 19 -31 22
8 10 15 15
-14 -2 30 -22
-3 -14 15 -34
16 -13 17 -22
40 20 -18 22
1 -34 19 -24
-28 19 4 26
12 -28 27 -13
-9 35 16 4
-14 38 36 29
-2 23 35 24
29 -6 -7 -10
27 17 8 -16
35 11 25 6
9 -37 -35 15
14 -8 -37 11
33 21 -23 -2
23 -35 -13 -11
38 36 -2 6
-11 -30 0 28
23 18 -30 36
7 39 23 -35
-14 35 -28 10
1 11 9 27
0 -22 -13 7
-29 -6 15 -14
29 31 1 -25
-26 18 20 -23
-22 28 37 -8
-15 -39 11 28
32 37 0 -32
6 -40 36 11
-6 22 -36 -5
-16 -20 -33 0
29 32 25 18
-7 36 -2 -27
38 -17 15 -29
-16 -14 -2 20
4 17 -28 4
5 21 22 -31
-27 2 -2 39
21 8 -25 -24
11 19 33 -34
-29 26 33 42
18 -21 19 1
1 17 11 28
-40 42 -8 19
-32 -26 27 19
-40 18 -19 -16
-36 17 -27 23
38 -5 -27 -31
2 0 -4 29
38 -23 -17 -3
-4 13 -39 -19
-9 44 -38 17
26 -2 37 -38
-13 -16 -26 -19
22 6 -18 39
5 -4 0 13
-17 -29 27 18
-22 12 -29 13
2 24 26 10
21 44 4 -26
10 39 -4 30
19 12 -37 -39
16 -12 0 -2
-34 -23 -13 10
-26 -37 -17 31
-22 -38 25 28
-27 -31 34 -6
-16 14 23 -35
-33 36 18 3
19 -17 -32 -5
36 -32 -8 -9
-30 36 18 -5
-9 -25 -24 -41
20 4 21 -25
44 -36 -25 38
35 -8 8 -3
-8 20 -39 -26
28 12 34 -1
2 20 -37 -16
21 -34 4 23
-36 -32 -15 -12
29 11 4 28
15 11 -3 -1
-12 -32 0 -9
11 -12 -24 12
-15 -13 -9 12
16 2 0 34
-10 17 -30 1
-22 -7 2 1
-35 13 -16 -35
-33 27 -18 12
-40 30 -39 -4
18 21 -36 36
-39 28 -8 28
-32 -3 -22 -35
2 -19 1 -13
19 38 -13 32
35 25 37 13
32 28 1 -31
-28 -14 27 -34
21 -1 3 30
13 -19 -32 -3
-28 -4 29 -12
-36 -24 -17 -31
-33 -12 32 -32
16 -10 9 38
-26 -36 39 -30
-43 7 24 13
29 36 -17 10
-9 29 -29 30
-9 -22 -7 27
14 -26 -24 41
-29 -27 41 -28
30 -8 -1 5
-6 -25 11 37
28 -27 31 -9
-3 18 7 -3
-37 15 -22 -7
-25 -14 -24 5
-8 25 -8 26
-12 -8 -16 22
-36 -35 14 38
-5 -1 20 15
-11 15 5 29
-19 -25 15 13
25 -34 22 -30
-20 4 -6 -6
-30 -1 -30 16
5 -24 -6 10
40 4 20 -26
41 37 -18 20
23 -26 18 20
14 36 0 10
7 35 28 11
-15 1 -5 -36
-26 -6 1 -33
39 4 23 0
8 38 25 -24
8 13 9 26
-28 36 16 -2
-28 -15 -4 8
17 19 -18 -35
-17 2 -35 -35
22 -31 5 3
-11 -35 32 -24
3 -38 -20 -20
4 -29 -24 12
-17 12 -29 -20
-12 16 -8 22
4 39 24 9
1 16 -3 21
-4 -30 9 -4
36 -23 -24 -2
-36 -30 -13 -20
-4 -20 -8 13
38 36 30 -22
-39 0 -4 28
18 32 16 -25
-13 -21 -22 4
-27 -10 39 16
12 -34 -36 -12
29 14 -5 8
-7 -23 -38 -25
12 34 17 -4
24 10 12 29
-43 -1 -18 24
-7 -25 -12 -3
23 -32 31 11
-14 8 20 -24
-16 -18 -35 -9
29 20 23 31
-38 1 -6 19
-16 -31 -11 4
-38 -20 29 -17
20 1 -15 16
-5 30 33 8
15 24 -3 33
-24 30 34 -18
27 -24 -34 0
28 -4 -6 7
-6 9 -15 4
-6 37 26 -40
-22 24 -38 8
7 13 30 -16
-13 27 -18 -32
-8 11 31 32
8 -16 -5 33
38 26 34 37
36 -41 -3 -5
6 33 -34 33
-23 13 -38 -5
-27 -36 15 -4
-30 36 -27 38
0 19 12 -1
10 30 15 -25
11 -6 20 -6
-12 41 -1 27
11 -15 24 15
-27 -12 6 28
-5 -11 -25 -8
6 -3 21 22
33 -5 -38 3
-22 8 12 -4
29 14 -6 12
8 -18 -13 30
-4 7 3 -32
-15 29 7 23
-29 10 8 -32
-30 4 35 22
-31 -29 15 17
-3 -33 11 28
-11 28 1 -35
19 -9 4 35
18 31 11 -35
-23 -25 33 12
-31 34 -9 -18
17 35 -25 7
-41 -26 17 -13
-4 3 37 -36
1 -1 -18 29
-27 20 -9 39
24 30 32 14
10 35 0 -30
9 -29 20 29
27 1 -1 42
2 -35 39 -37
-11 2 -20 -19
20 -22 -39 8
32 26 0 15
-20 -9 -20 21
32 -30 -33 -11
-20 -14 39 35
-17 5 -27 -3
-12 -7 -35 11
-28 17 7 -21
21 -6 32 18
-27 -8 28 -41
-14 12 22 -33
4 -18 31 6
0 36 -19 -13
-24 14 -30 34
26 -13 -32 -14
7 -25 -33 -34
-9 -39 -14 12
44 19 35 37
-25 -7 -30 -29
-8 -18 -31 10
-2 35 1 -26
27 20 -39 29
3 33 2 -5
-34 33 1 22
-37 34 -27 35
23 -20 -19 32
-19 15 28 5
33 -37 28 -21
-33 -17 7 0
30 -29 10 -22
-33 34 22 -29
19 31 -25 -7
-6 2 41 -26
25 -6 8 14
31 -15 42 -39
10 -30 -26 -12
-11 38 -27 -22
-21 10 -19 -13
-32 -6 -2 37
-29 -31 3 25
38 32 -20 -4
23 -4 -23 23
-39 38 -30 0
27 27 -18 -1
-11 -26 -3 -7
-20 3 -27 -11
-42 -10 -38 30
12 3 -36 5
-41 6 4 11
32 -34 -31 -10
-43 18 37 41
-32 12 18 41
-2 -27 40 15
-22 6 -32 -26
-10 25 -12 -31
-23 -9 -1 7
3 39 -19 24
27 31 -31 0
10 -1 7 1
19 36 22 -34
21 -5 36 -14
21 -14 -39 33
-13 20 0 20
-41 -6 41 -14
24 0 33 4
24 3 14 -11
-2 9 -13 -12
-37 -16 -25 7
-21 -3 -13 -10
2 -27 12 14
-40 30 43 -22
24 21 -13 -41
31 -7 -7 -22
0 -22 39 31
-31 -14 -3 -18
-13 -38 -10 37
22 -13 20 -35
8 -3 27 -23
12 26 -4 0
-5 -9 2 -30
-15 -39 39 36
1 20 -40 -20
-3 -12 -36 -27
42 -4 -12 -41
17 12 28 -40
-5 -40 -31 31
11 -35 -9 3
40 -27 -12 -34
-29 -22 -37 -30
16 -29 2 -9
-26 -11 14 24
14 -31 -32 -16
30 21 15 8
18 -35 6 -2
38 -28 -4 10
2 -14 -25 -40
8 -23 -11 -17
-15 19 -12 31
5 8 -33 -5
28 31 12 -37
12 -19 14 30
17 -28 26 21
-7 -21 -10 29
-26 34 -22 28
-5 -12 -36 3
25 -2 -6 -14
35 5 -29 -32
34 35 22 -30
28 -2 20 -35
15 27 4 23
-3 -3 -10 -26
1 -7 35 -5
-31 -23 14 -4
-17 -2 17 -17
10 -33 38 26
-10 15 -2 17
-26 3 -7 -1
-39 -16 18 32
36 4 38 -38
-18 9 -8 30
22 -15 -1 40
-30 -24 -8 -10
-30 -1 19 -10
-11 -4 -1 -33
-33 -7 22 39
-11 11 38 -39
25 18 8 14
-3 22 -19 8
32 -35 -28 1
-22 -1 25 19
11 -28 26 35
10 -12 -17 -38
-8 -34 -31 10
-26 -33 38 -8
-9 -14 -27 -30
9 -29 -30 27
5 35 -3 -36
-7 -23 11 -29
0 -14 34 -8
29 -40 -26 -15
-17 11 -1 37
-15 -19 -12 4
38 28 -19 24
29 0 39 -7
26 -13 -31 24
-33 0 22 -40
-32 14 26 -12
-32 9 18 0
14 -41 21 0
-27 18 -37 36
4 -35 -33 -27
38 -37 0 -42
21 -22 -5 24
-20 14 43 -23
-2 23 -27 -11
-19 39 26 34
5 -15 -18 38
21 -21 -3 33
10 -11 26 19
34 17 -14 -32
-43 -31 -30 -4
-16 27 -3 -18
0 29 8 30
2 37 -5 -6
32 -18 -10 -34
-19 43 -33 6
-11 -11 18 -27
-2 1 -1 -6
14 43 -12 -33
-5 -35 27 0
-18 -10 10 14
0 13 33 24
-34 22 27 30
29 8 11 9
-23 40 -34 17
-29 42 25 -24
25 44 -13 -22
-22 -18 -1 33
-7 11 39 -14
2 6 11 2
15 10 8 -34
-17 -29 -25 27
-43 37 -34 -2
10 0 -1 -28
-43 -16 -5 -21
-14 20 3 12
18 -10 20 -30
-14 -11 38 -2
-3 -10 25 30
30 32 30 27
14 22 -18 20
-30 -6 16 34
-20 -1 -30 -36
12 25 19 -37
-21 16 26 -23
41 18 28 5
-30 -4 21 38
31 -38 -26 15
-9 -14 42 -38
36 35 9 -29
-28 -2 30 15
-36 -32 -4 35
-3 -16 20 15
5 35 41 -40
-16 -15 -16 -6
28 6 -5 8
-38 -20 40 6
-29 -4 38 36
-26 -2 26 -6
41 -30 33 5
-22 39 41 -4
5 2 40 -40
-22 -7 -30 -34
29 -11 -26 25
37 28 -6 -35
-19 -39 -30 3
-31 -27 -22 6
-21 42 -5 14
25 9 -36 37
-37 -6 -25 40
-28 -36 38 11
10 5 -22 33
22 -4 41 -10
19 -9 -18 31
4 27 11 24
9 4 -21 6
-34 37 25 -17
-41 -20 14 -2
-8 18 15 -20
15 33 -29 -26
34 -13 -23 0
-22 -9 -29 21
-14 43 35 21
26 12 21 12
-13 13 -29 -27
-22 -7 -3 29
-9 -29 -39 0
-19 24 -10 -30
14 2 2 -6
1 -34 -36 -30
-21 25 34 -18
-4 2 37 -19
-13 -1 -30 9
25 -15 26 23
-17 -23 -7 20
-9 3 9 -15
7 -4 36 -34
2 2 -12 -38
34 7 0 20
-24 36 -28 -20
-11 -32 3 -7
-8 11 -9 17
21 -21 20 -30
12 17 -16 7
31 -33 -19 34
-30 16 -13 -21
-29 2 40 -8
-18 40 -7 2
5 -23 -18 -20
-31 37 4 -7
18 -39 -34 32
-12 0 3 4
5 24 -2 24
33 17 -29 -36
-21 -39 30 2
-30 3 3 -37
-27 5 -5 -39
-31 -23 16 31
-36 -13 24 36
27 -16 43 -13
-31 23 30 22
-9 36 26 -25
-9 -7 -25 36
-22 1 -20 13
38 30 -11 14
39 -32 42 22
18 -20 -5 43
-41 14 38 39
-35 40 -27 -9
-40 -37 -28 -8
9 2 24 14
-37 -21 -38 -22
22 -39 23 -12
-15 13 -35 -25
26 -28 27 35
2 33 -24 8
2 -7 2 -5
9 17 10 36
-10 34 -28 32
18 31 -3 29
-4 -5 11 -37
-2 26 38 8
1 -6 36 -30
-43 -30 13 10
10 -30 37 37
2 11 24 9
-3 -12 -14 8
-2 27 5 38
-18 -21 30 1
-18 -19 19 -34
-2 -7 0 -36
28 -35 -31 24
-36 -6 -14 0
-27 39 17 10
15 40 -10 6
-13 -10 -18 -27
-39 -31 50 18
-17 11 45 -3
-2 -35 27 -40
-17 38 22 -15
-4 -10 -11 32
-9 -37 48 4
7 32 26 3
12 -36 15 27
16 -31 -9 -10
-7 -1 17 36
10 -8 -17 -22
-15 -18 -32 -3
-32 -4 0 30
15 -21 6 -32
27 24 -1 24
21 -6 -8 22
-14 -20 22 -32
-7 -17 27 -19
-39 8 -15 25
-9 -24 17 -2
28 10 -31 -17
-2 31 29 -22
26 -34 -19 16
-11 -16 -13 -19
-23 23 -7 -19
15 -17 -2 -40
25 13 21 -25
27 -6 -32 24
-20 37 -13 31
-1 -14 -27 -20
27 18 23 -10
-43 -5 39 -28
2 -2 40 -3
10 23 18 15
-11 3 40 -24
-43 29 13 16
21 -2 -22 -17
35 -19 -40 -2
10 38 22 -11
-11 -1 23 -35
-5 31 -12 39
19 -24 -15 -14
26 1 0 36
25 -29 8 0
-29 40 4 -8
8 1 -9 43
17 -4 26 -19
27 -27 23 24
-37 28 22 26
-37 22 -27 -32
28 7 -30 4
6 1 -18 -18
14 4 0 -11
28 14 38 34
27 6 -3 38
0 24 0 23
-23 8 -13 -14
-25 1 -8 -16
-16 8 49 -22
19 42 29 5
30 -22 12 15
-44 41 9 1
-33 -2 59 -9
-2 27 -1 3
-15 0 22 -38
-27 -9 35 -4
-9 -30 7 26
31 13 45 10
-21 31 52 9
13 -41 2 -24
-30 10 0 -28
27 -38 -12 -26
-6 23 27 4
22 -7 23 13
34 23 35 -29
2 -19 -8 16
4 16 -7 22
38 -6 22 36
-31 25 46 29
-35 22 8 9
-28 0 -4 -20
-38 28 3 -26
15 -38 30 22
-34 -2 -17 -1
33 -37 22 2
-38 20 -16 -5
-13 -19 12 -41
-15 -4 20 8
8 -39 32 -11
34 -1 35 -21
-10 -15 -10 27
-22 35 32 -30
23 -36 -30 -33
27 -3 12 -31
13 -35 12 -14
-20 -19 -22 43
1 35 38 38
21 -3 34 13
0 -33 -6 34
20 -9 17 31
-3 -32 36 15
-7 -21 25 31
-18 -37 28 8
-4 -22 -35 38
-8 29 39 16
23 -32 -39 22
-16 -12 -30 -17
16 31 37 -31
15 17 -34 19
11 7 -28 28
3 0 -31 23
23 0 9 -29
27 -37 9 -22
-19 -38 1 25
-31 -10 22 -8
-23 10 -5 44
8 22 9 14
-37 26 -13 31
-39 39 56 17
-15 -37 -4 -23
6 -28 -1 -32
4 12 -9 14
-8 -4 -14 -1
2 -35 59 37
-13 2 57 -21
-43 32 48 15
-12 -30 25 -27
-2 -22 50 -10
-28 -33 13 25
-6 -37 47 22
10 -35 -11 -34
10 40 17 -20
-1 33 37 22
-32 -39 48 15
8 18 48 -26
3 8 26 -14
7 30 22 39
7 21 -7 -19
37 13 -4 -10
-39 23 2 21
3 2 9 17
-22 10 0 -21
23 -30 -15 20
12 32 -4 -24
23 -19 15 15
-16 37 42 -3
21 -17 -8 -13
29 -16 -17 22
-6 -34 -36 -12
-39 9 -39 -3
0 -3 -25 -23
-43 -28 -41 30
-23 -1 -34 30
-33 27 -1 -10
-25 -37 -1 36
-10 -9 -31 0
-43 30 -29 6
-38 -31 -15 22
0 6 -19 -30
-19 -20 14 8
-9 -35 -18 25
15 12 15 22
-31 25 -16 34
25 -16 35 -25
-31 9 18 -8
-37 -20 37 -31
-7 15 32 30
-17 37 5 -21
16 -39 -16 -17
-18 0 35 -15
-38 -31 45 23
-10 -35 18 4
-43 -12 -12 9
7 -32 32 -12
-13 0 20 -37
-27 11 -15 15
30 9 42 17
-12 -27 -3 -18
-12 5 56 5
2 15 64 -29
31 -38 18 27
24 22 38 31
-44 22 58 -27
-46 20 54 9
20 -4 -3 -28
0 -14 11 -4
14 27 19 -15
9 22 -5 9
-6 -33 50 -35
-24 -7 50 -30
20 19 40 21
19 -10 34 39
14 -25 17 25
10 17 -21 13
5 -36 -26 28
36 21 40 -36
12 9 17 21
3 -7 41 19
-22 -17 -23 2
-28 -34 7 -30
0 -1 -20 33
-29 11 25 2
-11 -28 11 7
-13 31 -36 20
-30 7 -4 25
-34 -5 21 21
35 -2 18 -25
33 -12 -3 -9
-23 -9 15 -17
-15 -21 1 4
-2 -12 -34 38
0 -32 -33 -32
-12 -39 -35 41
37 7 -39 -1
-38 -2 9 -4
-39 -38 -41 39
32 29 26 35
30 -17 -41 -4
-32 38 -25 -26
28 -31 -31 -20
-33 35 -36 -15
-3 37 0 21
-38 -16 0 19
26 -30 -1 28
11 3 8 23
-17 -6 -29 -17
-27 -17 -7 30
-4 -32 19 20
-14 24 -5 -28
-21 35 10 20
6 -20 -2 -8
-2 -37 16 -18
14 -32 -18 17
-1 -40 6 -22
14 21 5 -28
25 13 0 15
8 4 55 42
28 24 6 0
16 -19 33 26
4 22 58 -2
-17 7 57 -23
15 22 60 20
32 28 15 -30
13 -10 28 18
-44 1 -3 19
8 -39 -11 39
-19 0 -9 29
8 -33 3 -17
26 -19 -13 -37
7 -28 53 -28
16 -13 -20 30
11 9 35 -31
37 -38 -30 26
36 23 39 23
36 -38 6 -12
-40 -32 -24 -29
11 -1 20 38
-1 41 36 -19
35 -11 2 -4
2 -24 25 -19
19 6 42 -20
6 43 24 -40
-37 33 -25 15
-39 -18 23 22
19 -6 -7 35
33 -24 -29 18
33 -37 0 -28
10 5 0 24
-20 23 3 1
28 -6 6 10
-42 -21 4 -2
4 2 11 43
6 17 9 -9
4 19 5 3
-28 -6 3 -3
-29 39 36 -32
11 -36 31 -25
-21 4 -29 -26
-1 -33 17 5
-12 29 38 12
-10 -33 -38 -5
-8 11 7 32
9 14 -26 -19
17 10 31 -3
-13 -35 11 36
-12 -42 26 32
-14 -12 3 -9
20 8 7 44
-28 28 -14 39
-8 -39 -1 -22
17 -32 31 -12
-3 27 18 16
20 -12 51 35
28 -6 28 33
-4 -39 6 31
-8 -21 56 8
-29 -6 8 -11
-44 -20 2 15
-13 -42 70 -25
-7 1 21 31
-20 -37 -2 27
25 -8 55 37
-44 -1 8 33
-7 24 38 -10
-4 -2 0 -36
-28 19 22 5
-37 -16 -16 24
8 -5 30 18
-20 8 46 22
-12 1 32 -30
-16 14 30 22
-21 -29 21 31
-32 -32 -4 -17
-6 -5 19 -31
-35 -31 -23 25
1 -11 0 14
-7 -30 -32 -33
4 26 1 5
-3 -18 18 -14
19 31 41 27
10 34 19 -36
-22 -15 12 2
21 -2 7 36
20 39 -12 5
20 38 -24 15
32 -32 -38 1
-19 19 9 -31
25 33 -36 16
-17 36 26 -24
-43 -13 -35 -15
-32 36 -29 11
-37 -2 -33 -10
-29 32 10 -33
-6 8 -15 24
11 -20 -14 -7
-14 2 -32 25
-38 -28 -33 22
26 36 21 6
7 -34 40 37
0 24 -23 14
-18 -7 3 13
6 -19 -1 21
23 -18 20 -7
-15 -11 -16 32
-36 -13 6 -11
-41 -38 -28 -30
27 2 13 -26
5 25 12 15
4 26 26 17
-39 -43 44 44
24 -19 27 -4
-40 -40 -22 -33
17 12 60 18
-45 8 5 7
-40 -43 4 -7
-12 -21 5 27
-21 -16 24 -8
-23 36 4 29
-53 38 25 7
4 27 37 38
24 -14 4 -36
1 18 58 -1
25 7 45 27
-15 38 27 -17
25 15 10 9
-6 24 50 -20
32 -25 46 -28
-27 -34 16 6
-13 -21 19 36
22 9 23 -25
-35 -25 5 21
34 10 -25 -8
-32 37 19 15
38 -1 39 -10
-24 -8 35 -6
-30 6 -8 14
32 -23 -36 27
-5 9 -3 27
5 34 44 18
-14 34 36 37
-37 20 -35 39
37 14 -17 -21
36 43 42 -23
30 -42 -28 -19
38 -24 -38 -12
32 -13 14 0
18 -40 -15 34
9 -8 22 40
11 34 12 20
-15 -27 -27 -30
37 11 -16 2
-14 -18 -18 -7
12 -40 8 -18
-14 -14 -24 -25
12 34 -28 44
-4 -20 27 -15
-33 2 -30 -33
-5 -21 34 12
22 -10 32 20
17 -27 -33 -34
6 0 -4 21
34 11 16 10
2 -27 -33 -33
-18 -43 -29 22
-18 15 -30 42
0 19 30 8
36 -20 2 -15
-43 9 -30 -10
25 8 40 0
4 -20 -6 -11
22 -51 53 27
11 30 2 -4
-33 -22 71 -6
-36 30 57 -29
-34 -41 12 8
-4 -12 57 12
-27 -41 34 19
12 -30 11 -1
13 29 15 46
4 16 22 -28
-43 20 20 -13
-30 12 33 -3
13 -22 -5 30
31 12 -5 -20
-38 7 -5 30
14 -26 -23 33
13 22 12 39
-19 0 -15 3
-21 19 38 18
-26 41 6 -23
11 16 -30 26
17 -7 -14 39
9 28 -3 25
31 28 -24 3
-2 39 43 4
27 -4 -7 31
-13 0 -23 -37
27 -8 11 17
26 -10 -30 -7
41 1 -27 -15
-26 -26 -11 25
10 30 -15 0
12 27 -22 -35
4 13 5 23
-21 -4 4 30
-21 6 -3 12
0 28 41 -31
4 -33 -32 28
-35 0 -13 -36
19 0 13 -10
24 19 -1 42
-8 -35 -22 14
-4 -24 -31 25
17 8 14 4
-4 35 -22 -6
16 30 -1 6
36 -26 0 35
-31 -19 11 -13
18 8 -13 10
-10 -47 -28 -22
-1 7 -35 37
23 15 0 24
22 10 6 -24
10 1 27 26
-1 30 31 30
8 0 -13 -3
0 7 40 10
6 -8 20 -19
-33 13 -21 0
25 20 43 -20
22 -9 1 -7
-14 7 26 -31
2 3 24 18
-17 10 60 34
-12 1 62 14
22 -30 71 7
14 -6 14 -28
21 24 19 -34
-36 -35 45 -2
20 -6 52 -21
13 18 29 -1
26 16 45 22
19 17 38 21
-42 -17 28 12
-27 4 0 6
10 -2 46 -12
33 39 48 11
8 9 -22 22
12 39 -10 -31
-14 -33 20 -25
-9 -28 32 40
1 -26 44 -36
6 -19 -13 29
-34 -28 29 -11
-20 12 34 41
-26 -6 3 -32
11 0 11 24
-2 -30 6 1
10 34 -37 -3
33 36 36 31
34 4 37 32
1 0 5 43
-26 -22 -32 -21
30 -24 11 43
-14 -10 -19 -26
-13 -38 -24 41
-18 21 13 -4
-43 -38 36 -17
-36 -37 -8 9
-31 -22 -31 -28
24 -24 -2 40
-19 -24 -10 -21
-24 -5 -25 32
-41 -21 -11 -14
-28 0 -10 -11
-19 -25 20 -27
-3 -2 -41 26
32 -27 -36 24
-22 15 33 20
27 0 24 -25
-5 15 -7 36
-14 -24 27 -12
5 15 30 -23
-5 -12 -33 -9
6 -12 -34 -23
-12 29 -13 34
-45 5 -20 0
-40 -47 14 -3
15 15 44 -22
-29 -31 55 -9
-55 20 -3 28
-39 17 67 34
5 -17 32 45
16 35 37 -10
-38 14 20 5
-43 -2 19 -15
-35 -3 24 30
17 -2 -2 -30
-13 -12 42 -31
-30 -32 51 22
-12 -30 48 1
11 -10 47 41
17 1 12 6
-3 4 -14 36
-29 -18 35 8
-38 -24 -24 23
-16 -16 35 31
1 -7 24 15
6 44 28 -33
30 42 -20 34
-20 -20 10 -23
4 31 2 -28
1 43 10 -11
41 19 -5 -4
14 5 -24 -10
16 37 7 39
21 12 20 2
-35 -14 -34 -30
33 -17 -29 -32
-5 39 -19 -31
-4 12 27 35
25 -44 28 23
19 29 31 17
0 27 -12 -33
24 10 29 -27
19 8 27 -22
-9 -19 -21 -25
-17 23 29 23
14 6 27 13
-39 14 -23 7
0 28 -40 34
-20 -2 -4 37
-43 26 -41 24
-25 -18 26 11
-31 24 35 0
35 12 12 29
32 -21 8 5
20 -11 -38 27
-1 7 21 -20
37 9 -6 7
18 6 -23 9
13 -22 -20 -6
7 -43 -13 35
-31 -8 23 18
-34 2 -13 7
-11 15 -34 30
-10 -26 18 -7
-12 -9 -28 -18
-43 8 38 -11
-33 -3 -9 15
10 -41 20 -9
-3 -41 27 -9
8 31 41 -25
-43 -36 39 -11
17 -11 36 -30
12 2 -11 1
0 -30 -11 -33
-13 0 46 -14
34 16 3 -3
-14 -12 49 44
34 -6 22 18
30 -15 41 -16
36 -31 6 -23
-15 0 -30 28
33 -9 -24 0
-17 -7 -17 -27
11 2 -2 15
-2 -18 37 -2
-16 -11 -3 -19
26 -14 22 10
-14 27 -16 35
31 7 -14 -8
12 37 4 -32
-26 19 27 25
-10 -4 22 32
40 -2 32 17
13 24 -22 1
1 30 32 5
-8 -22 -24 -6
-1 -5 -24 -16
25 -3 -8 -15
0 19 32 25
-41 -14 21 21
-31 -34 0 6
14 -21 -18 3
22 -10 -24 -21
4 15 -15 34
-9 -45 -39 18
37 -5 -13 32
-20 5 12 9
-10 14 -41 46
-43 -35 12 -11
29 0 -39 -13
-6 9 31 17
6 5 7 19
-35 -22 -37 47
-42 -27 5 29
31 2 2 -14
0 -22 -38 28
2 -1 22 -29
31 5 -33 46
-9 35 -42 -6
-18 -29 -2 27
-18 -1 11 42
-8 -36 -18 17
-24 19 -15 -9
3 -43 -22 0
-5 26 -28 -26
-51 -1 13 44
24 8 44 1
-14 -5 43 48
-21 -38 17 -3
-24 0 51 36
-27 -20 45 22
-32 2 47 42
-3 -10 40 -17
35 32 54 -26
-4 -10 26 -37
-31 -37 17 43
-1 29 50 -28
-22 38 -20 4
33 -19 -32 38
-26 -16 17 -5
14 36 41 -35
0 -33 -27 40
32 29 13 -18
13 1 -29 -36
21 31 8 24
12 -30 40 23
23 -34 -5 12
16 36 15 29
-23 -35 25 41
-25 -28 -25 -18
38 22 28 16
-32 -4 -27 -37
-19 29 -18 18
-26 0 21 -37
39 6 -20 -20
-31 26 35 1
-28 -10 -5 18
21 -5 24 11
-1 -16 29 12
-29 2 40 16
-42 22 -29 20
8 -43 15 2
5 -25 20 16
-26 -10 5 27
24 -24 0 26
22 -46 -14 -10
14 21 -7 -5
17 16 -3 25
28 -15 20 36
36 -7 35 18
8 -15 34 23
-11 -39 -5 -32
25 -40 -26 -3
-1 -16 -11 37
-9 -14 -31 47
27 0 -18 8
24 -37 -16 29
-25 -38 -41 13
-17 13 28 17
-6 15 -11 4
-9 -10 -2 -2
-37 -36 7 26
33 8 12 15
-13 6 15 34
-32 3 -9 32
-16 -12 19 33
14 15 -26 29
13 -26 3 -10
-7 -6 24 22
-28 -40 2 -15
30 29 -2 13
12 33 48 -17
38 5 -3 -1
23 -15 42 15
6 -6 21 -24
29 22 27 -4
21 -2 -9 41
-7 -2 28 34
-36 6 -14 36
-40 1 37 -11
15 -13 -3 3
-9 -1 2 34
26 33 35 26
2 3 14 4
-7 36 -18 15
17 15 -27 -18
22 4 -12 -23
0 7 20 23
-23 10 6 22
42 -18 -35 22
-10 22 -37 34
8 0 20 9
-36 -3 41 -30
6 19 8 5
27 0 -10 -20
14 29 -29 43
-22 8 -19 -30
-43 21 -27 21
-4 26 8 -17
-10 -10 -14 34
25 18 -4 -15
6 6 -34 -31
34 8 -38 -9
-37 3 -40 -15
22 3 -5 15
-17 -10 -18 21
36 24 33 29
3 -32 -10 -4
25 -38 -12 31
-13 -17 15 39
29 7 -39 4
-2 -31 24 13
32 -32 0 14
-7 -11 -21 11
-38 -29 -23 -15
22 -15 -5 -31
-8 1 -32 41
-42 -17 -19 -32
14 -24 18 37
20 16 11 28
-25 -41 -30 -3
-41 19 39 -13
-18 9 6 15
-22 15 -35 -18
-30 36 30 19
-14 16 0 35
-30 36 23 -36
-29 36 36 -13
1 -26 -3 -9
-38 -25 0 -36
-16 -7 -20 17
-32 28 40 18
-6 21 38 -33
7 -28 -26 2
-16 -24 24 35
-19 -11 -27 35
23 -22 -15 17
-19 25 2 0
26 21 -34 -1
13 20 -24 -5
11 -29 12 -10
16 -2 -22 -4
32 -21 40 11
-20 0 -30 -26
0 -20 15 -22
12 35 -29 41
17 6 9 -24
13 -8 38 -17
11 -34 23 37
-10 30 -30 -9
6 -10 23 -15
38 -6 -8 12
40 -4 -12 -14
-21 -12 8 -4
-18 4 36 14
-4 26 9 45
0 0 -22 38
-33 0 34 -14
-39 24 22 8
-12 16 17 34
-23 -42 32 0
14 -35 -30 24
-32 -40 28 -18
30 -44 -39 -17
-4 -29 -34 -20
-12 -34 13 -28
5 11 41 35
0 -38 -20 22
-10 -36 40 -7
6 -12 27 -21
-3 -20 23 30
3 -27 -40 -26
-24 37 -34 5
9 -7 26 -21
-7 -2 -37 44
19 13 18 -18
-7 -36 -13 1
35 -15 -39 -32
-32 31 10 35
25 -25 -4 6
27 -7 -16 11
-26 -16 -30 21
-20 28 21 -17
0 -10 14 -17
14 -40 -21 30
-16 -41 1 7
24 -33 24 -22
39 -18 -4 7
-4 -2 20 13
31 -28 21 21
29 -4 -12 -8
20 -31 34 33
15 37 -24 14
-10 -1 26 5
-2 5 31 -26
30 -36 25 2
34 -26 -31 7
-32 -15 -15 -14
19 -10 -34 8
3 8 -25 0
6 -10 -27 -4
-18 -12 15 -27
-12 14 24 5
-25 -41 -2 12
-22 17 -19 29
-22 -35 -24 21
39 -14 -1 -40
-32 34 -6 -2
-19 -17 -4 30
-12 -12 35 5
42 -14 30 -10
-19 38 -29 16
-24 21 -26 10
-7 33 2 -24
29 -20 -12 -10
6 3 -21 12
21 5 -25 -19
-30 25 22 -3
-8 -30 31 -8
-39 -10 -21 17
0 7 -21 10
19 -8 -7 -22
31 -1 38 0
23 30 21 0
-39 10 2 10
16 18 15 22
-34 -38 2 -22
26 21 33 11
-29 3 -16 23
-33 22 1 32
-34 -2 0 15
15 33 -13 -10
10 16 -7 -8
-28 -19 -10 13
3 -10 -33 -6
20 18 -30 38
32 -33 -29 18
-19 0 6 -3
34 -4 -42 -8
-10 24 -1 -19
-41 36 34 35
-6 -10 -24 -1
35 -37 34 -31
18 11 -44 33
3 -24 19 23
21 32 -47 -29
-22 6 -37 1
-14 -38 -34 26
36 -35 0 30
-22 -15 -45 -6
-4 9 -15 24
17 0 6 -6
17 13 -45 30
-3 9 37 5
-28 -14 -34 -8
-11 22 5 -8
-26 10 -11 -10
-3 -30 -17 26
22 1 -5 -11
26 -15 -9 -23
-4 1 -38 23
-25 -32 -15 -29
10 -25 39 24
7 -34 1 15
-7 19 -2 19
-14 -34 20 27
9 -38 -17 -1
2 -13 28 -4
34 -22 37 29
34 9 32 1
1 33 -17 -26
1 14 17 -35
-30 -1 28 4
-28 13 30 -34
33 -31 -14 -15
-27 32 35 15
8 17 13 33
25 28 30 25
-25 33 40 -9
-5 23 -2 -15
5 -38 -23 42
-22 -13 -14 39
35 -35 39 -32
-35 -36 25 12
27 36 -24 -19
-41 36 40 7
-37 -9 -2 13
-22 24 -1 35
26 -34 1 -28
-8 34 30 -34
24 -21 9 -30
-36 -3 -11 -17
-9 36 2 43
21 -12 -21 30
28 28 19 24
-37 -6 -19 39
-32 -29 34 -10
23 -12 27 17
26 17 9 -6
31 -31 5 -33
20 -18 32 -4
-30 -36 27 9
3 -24 -18 -36
-28 -17 -42 -1
39 17 -40 -15
-37 -18 -15 13
17 24 -29 4
16 -15 -10 0
9 4 19 -40
4 22 -16 -36
-5 22 -12 -20
8 11 -32 -12
40 -9 10 -11
-29 0 27 -14
-10 -14 1 26
24 -10 38 7
-6 14 22 -34
-18 -30 -8 -28
5 31 0 12
-28 -14 1 14
33 -7 -37 5
-20 -3 -24 18
1 16 21 0
0 -16 20 -8
20 -40 -14 33
17 -20 38 4
-25 -40 27 0
-22 -14 -29 4
5 21 3 13
41 -12 2 17
-1 19 -36 -25
15 -32 -14 -34
-28 6 -16 5
-13 8 4 -4
-9 5 7 29
-18 2 -30 24
7 -19 32 32
-39 35 -24 -11
-10 -5 28 -24
-31 -26 -17 9
31 7 -15 -31
25 16 -15 12
-4 -6 16 -28
20 30 -39 -19
25 -20 25 25
34 -24 -22 27
29 -15 -29 -34
-34 -24 -23 27
-8 2 -12 -17
-32 20 31 -23
19 36 11 30
-30 3 19 -24
4 8 -37 1
-29 34 -31 -16
-34 -28 -22 -25
8 10 -28 -17
21 0 6 11
-22 31 -5 32
-18 -21 -19 11
38 6 36 -11
-41 -4 5 41
14 1 -44 6
-29 24 -12 -34
-36 35 -33 12
21 -4 0 4
43 37 17 -5
-4 36 -21 2
25 -39 -40 -10
23 -31 -51 13
8 24 11 21
14 14 11 -31
-1 20 -32 1
-25 35 -5 -38
-37 -23 25 -7
22 -27 -27 -4
27 13 -5 -40
32 -21 -22 -8
-23 -36 -6 -16
5 7 36 13
12 38 35 6
5 -20 -32 -16
-22 37 -13 -26
39 10 1 12
13 -32 17 -36
-33 38 34 28
-9 33 -12 -1
21 -30 1 21
18 20 -41 -5
-3 33 5 35
-29 3 16 4
-40 -1 0 2
-39 -2 16 34
27 18 31 -25
-28 34 -14 36
-20 -31 26 29
10 1 -9 22
-32 8 -15 -20
29 -29 5 23
-6 36 14 -4
11 26 40 12
-15 39 0 -30
36 -36 -33 -28
-16 -37 42 21
15 -25 -33 12
4 6 41 -9
-10 30 -16 10
33 -24 22 23
13 -3 -5 -24
8 -36 30 38
19 15 26 -30
-24 -1 7 37
34 40 0 -30
-21 -11 9 -1
-5 -2 -34 15
26 -2 27 -29
-41 23 11 23
6 9 20 24
35 -16 11 -22
-33 37 -38 -1
-28 -16 30 13
3 37 0 17
-41 -24 -28 -29
33 -10 -28 -10
42 16 12 21
8 27 5 16
24 -33 25 -38
22 18 14 -30
36 23 0 18
1 -35 -49 26
34 23 1 6
9 27 9 19
-33 4 -36 -18
17 21 -34 3
0 -6 24 -20
23 -5 31 -28
-13 10 24 -42
1 15 -30 26
0 -30 16 21
-13 -19 29 17
28 34 14 19
-29 -31 -16 -37
-7 -22 21 -7
38 -11 -15 -24
-26 -37 11 -26
-15 -8 -17 17
-15 -25 -32 -3
-7 -35 -26 26
16 9 -28 -11
-22 -27 -1 -5
-15 -20 -35 43
29 -24 16 37
22 -24 2 8
13 10 27 -15
-4 39 -4 28
-13 -39 0 11
6 18 14 -19
-13 20 -37 14
3 -30 3 -14
-31 -31 -25 -4
-1 13 -26 10
37 -14 11 24
7 25 20 -15
3 -5 30 -22
-14 0 -13 21
10 28 -14 -10
-22 -32 -26 15
1 21 37 -36
-18 -27 36 43
19 31 14 13
-19 -9 -15 27
-39 -39 34 16
6 -28 42 -30
16 39 40 -7
2 15 -10 20
13 -17 -26 29
-8 -23 -20 39
-37 -10 20 5
-31 -2 -37 -2
-37 11 14 -8
28 -30 19 10
27 22 16 -20
24 0 10 28
31 21 -40 16
10 -30 24 -22
9 14 27 5
23 25 -53 12
-8 -8 14 -11
-24 -9 -26 -4
33 -12 28 -7
-10 35 -14 32
43 -19 23 -19
-5 28 -6 30
-36 -22 9 -34
-29 8 13 16
-25 6 8 18
27 9 -23 18
-21 -23 5 13
-38 33 -22 -13
18 9 2 8
-7 -5 6 -11
13 -2 -39 2
-31 22 23 -13
26 20 -24 -15
-25 -22 22 13
27 31 13 -26
-5 -34 18 1
32 -30 -9 -1
35 -27 21 -16
29 -20 -20 42
27 38 24 41
-14 25 25 11
-5 -24 -28 -30
-38 21 25 29
-4 14 7 0
-35 14 42 -5
-15 6 30 16
-5 1 40 21
-18 22 15 16
-18 12 28 -6
-25 -28 0 32
6 39 6 -20
18 -1 -27 14
-11 13 -13 35
3 -28 -30 -22
29 -30 25 32
8 7 -13 -16
-16 9 38 31
7 12 0 35
19 -14 38 35
15 -20 39 38
-12 1 -33 33
38 35 28 -37
35 26 -26 -32
-17 23 27 38
37 -33 5 11
17 14 42 14
-32 33 7 -11
34 -4 -11 17
12 -36 -37 -31
23 39 7 -7
9 1 -48 33
-34 -17 -47 -13
-36 11 -47 34
14 23 23 -11
-10 0 -50 -37
-34 0 -18 -14
-12 -19 -40 -18
25 0 -40 6
-23 14 12 -33
-25 20 23 29
-6 -4 -9 -31
29 28 0 -35
12 27 27 16
19 20 -44 -42
-32 25 10 15
34 -32 21 23
17 31 0 -27
20 36 -12 3
3 -14 31 25
36 15 7 -39
10 -21 6 0
-15 -42 -3 8
-10 3 -42 -13
22 -5 3 18
40 26 10 12
33 16 -40 15
-27 -22 31 23
-18 36 -20 -17
-30 30 -9 2
-14 14 5 -2
12 -25 13 -35
-37 -12 17 26
35 -33 -8 -18
31 24 26 32
-29 -30 32 -1
27 -7 -34 10
-38 12 29 -25
-42 38 0 -1
19 -41 44 41
14 -41 -3 34
-14 -37 34 -1
-11 28 -31 2
-19 -12 -28 38
8 21 36 0
0 -14 43 -20
20 37 26 -24
-35 21 -30 32
8 -18 2 -8
-20 -24 -34 -25
24 8 -28 -15
6 0 21 31
28 -8 28 -29
8 -29 27 -20
16 -39 20 -24
1 -4 15 29
-5 -16 15 3
-27 27 9 -26
-13 -38 10 -19
37 -13 19 24
38 -11 27 -38
-34 -7 -26 -42
6 38 11 22
-17 -14 -10 -39
-6 9 -26 37
-14 -16 23 32
17 18 -40 17
-19 -31 -15 -4
0 8 21 17
12 33 -42 34
30 7 33 -44
31 0 26 1
39 -21 3 -8
-36 -30 6 32
2 34 8 -2
-11 -2 -8 -1
-36 7 -20 -15
-25 15 -26 -33
42 -3 -30 -40
6 9 -33 21
0 -37 8 -4
11 32 35 -1
35 24 -5 -43
-15 -34 -28 24
-36 21 -32 19
2 22 6 -43
1 31 2 -29
3 34 -13 3
-21 27 -37 -27
-7 23 -26 -34
-1 12 -5 15
-10 -7 25 -10
-4 17 -27 -25
29 20 3 -25
32 -3 -10 2
24 0 40 -31
3 -32 14 -13
11 17 -32 43
17 36 5 41
-6 10 14 -24
17 -8 40 16
31 21 -22 14
38 4 24 -24
-19 37 -16 -25
-8 -7 38 11
8 -10 -26 33
-24 23 -10 -9
-39 28 -28 -34
-35 14 18 -33
21 17 4 31
33 -23 10 -2
-34 9 6 -11
-36 -33 16 5
38 -24 -29 -33
21 10 -16 15
-34 -17 -15 0
4 22 -11 18
-37 -8 36 8
0 -2 7 0
-31 19 -8 12
17 35 22 19
35 21 28 -33
-10 21 -4 -6
29 13 8 28
-7 0 -4 16
35 29 1 -25
32 -17 7 -26
3 -12 -10 -6
-16 19 -41 5
12 -42 -13 -40
2 24 4 -25
-25 18 -29 3
-26 -19 -24 -40
14 -27 -29 -42
20 18 28 8
-27 36 3 -22
11 -42 -37 -34
-18 -32 -4 0
-28 -3 -1 -29
-5 8 29 -6
35 17 -9 -11
-17 11 -18 -12
-26 -3 -10 3
-35 -9 4 -36
-10 25 -43 6
9 -26 43 -17
23 -8 -20 17
3 -29 28 44
-29 -26 10 5
-32 2 32 17
-35 -24 21 -26
-31 -32 14 16
-32 11 -5 -10
-22 -40 -4 -10
-34 4 -34 9
11 -25 -33 -35
-15 -6 -18 -22
-35 8 -24 20
18 -13 7 -7
-21 39 -16 0
-36 -35 -6 -20
-27 29 10 -14
-10 -37 -6 -35
-5 11 13 42
32 -32 4 -3
20 37 -22 20
-1 5 -16 8
-32 10 15 1
-10 -29 47 39
28 -40 -6 8
-6 26 3 -10
-16 -25 0 15
40 5 -11 -29
-9 -11 1 35
-33 -37 34 39
-23 -13 -30 -34
-34 -12 -34 -13
-7 -35 15 32
23 -36 12 40
-3 -37 -6 -4
-6 36 26 31
9 10 -12 -26
1 -25 15 3
5 5 5 -39
-10 14 -27 -27
3 11 -35 33
18 29 0 -10
21 -19 -42 -43
-28 30 26 9
-19 -2 -8 -27
27 -9 -7 1
0 12 34 -22
-15 -39 -31 26
8 -30 23 -21
-38 -16 13 -33
-18 -39 -38 30
-7 5 1 7
-28 36 -27 11
-33 -9 -13 -2
-10 -34 6 22
8 11 -36 -32
-11 10 -16 -39
0 -28 -20 1
40 8 33 2
-21 10 17 37
-7 6 -28 19
-40 12 37 31
0 20 -14 26
37 -14 -19 42
-20 -14 32 -28
-43 -32 -9 5
-1 17 24 31
18 40 22 -25
11 16 -30 -6
10 16 -13 30
17 -24 27 41
-35 13 0 -6
-1 -31 -16 7
-25 12 29 18
10 -14 40 -33
-13 31 -33 0
36 13 6 -29
-3 -9 12 -30
-6 -12 -4 -18
9 -3 34 25
17 30 31 -7
40 19 6 -20
17 2 12 1
29 0 -32 0
-20 17 32 40
-9 4 -23 38
-6 -22 -32 25
-1 -23 39 -26
16 -41 8 -28
37 24 0 20
4 -19 6 18
-36 -24 -42 -27
-19 -21 -33 -30
-15 -22 -6 31
7 -33 -42 24
-11 -26 21 -2
-24 35 -33 7
3 7 10 -37
-33 -11 -39 -25
-30 9 -37 31
40 -29 14 -3
-4 14 -31 -13
5 -35 -33 -22
34 33 -20 27
-33 0 -31 -27
33 20 -20 -12
-3 -41 14 -37
39 -33 -34 -40
-2 15 32 -37
35 -20 9 0
-17 -12 8 -8
31 -29 21 -36
42 3 -26 -12
-6 29 -16 -10
2 -43 -41 -16
-8 -35 0 0
-23 -21 -38 19
33 -20 25 -21
-21 -5 -28 9
-9 -24 -27 30
26 10 6 -19
-22 -40 14 -9
-12 -32 18 -33
-8 -13 -18 43
-15 -40 8 2
24 -41 40 23
-35 -15 36 -32
-31 -16 28 3
29 35 -32 -8
2 11 13 23
-40 31 20 -37
-34 -35 -19 -23
34 23 32 -17
30 17 0 -25
19 -16 22 -24
7 10 38 -18
-28 -31 -16 0
18 22 -19 -30
-29 -29 38 17
34 32 21 17
-20 -10 -21 22
-10 34 -4 9
35 38 6 22
1 40 -5 -15
32 -23 -10 19
0 39 34 -20
-28 -19 16 -8
31 -27 0 32
40 -35 -35 31
-19 -27 -17 -16
39 -38 -15 -2
-35 -24 -34 20
29 -24 8 35
-24 -33 -35 -7
-38 4 -15 4
-15 12 21 38
20 37 16 19
4 2 -36 3
16 14 10 -24
40 -41 24 35
-9 -35 -30 32
-18 -34 4 31
-18 8 23 0
-30 -38 31 -42
-3 10 17 -33
7 17 -4 24
-37 -9 23 7
27 24 8 27
-22 -24 -27 -42
27 -12 5 -19
-19 8 -15 -43
22 4 0 21
-6 -13 21 -43
37 -23 -37 -31
-25 -7 -33 14
-16 34 -22 -40
-7 12 0 7
-13 32 -35 26
35 -12 30 -4
0 3 22 -23
31 30 36 31
19 -9 27 -15
12 -25 4 -34
5 31 11 11
10 28 -26 12
-2 0 -25 -3
-17 -3 37 25
-11 -35 -12 19
31 -31 -11 32
-42 24 -19 -10
-38 -32 -32 27
-11 6 36 0
39 -31 0 -10
-5 -30 41 10
-22 -30 -27 22
-9 -10 -27 33
-6 -20 -8 -24
31 40 46 -14
-4 9 6 29
-18 32 25 -37
-12 13 30 27
-2 1 -8 14
-4 11 28 -10
-28 34 33 27
-3 33 -14 -16
17 19 14 32
-1 9 -11 -30
17 -13 -5 0
14 0 12 -39
30 -29 0 -17
-18 1 -33 32
21 38 -24 -25
-28 -27 0 -25
-4 30 -39 -29
28 -29 -45 -28
-4 33 5 -39
37 17 5 14
13 -33 -49 -19
12 -39 -27 -38
-17 -21 -25 -5
-23 28 -29 -20
2 1 3 34
39 -39 22 -11
-38 -42 -7 -9
19 -36 2 36
9 35 -21 23
-31 1 30 -25
-2 -30 28 19
9 29 -33 -41
-13 -22 17 -39
-6 15 -10 19
4 -27 -36 -17
22 -3 4 14
-14 -40 25 37
3 -1 -3 10
-31 23 -1 35
8 -26 12 -6
3 26 36 0
-18 13 -16 -23
25 6 28 -17
-6 21 44 -30
-37 -27 4 -3
-38 13 17 41
38 36 -11 20
-28 -20 -15 -17
36 17 -33 22
-1 34 43 0
-26 -24 0 -14
-41 9 -31 27
28 23 -10 39
-19 -2 10 40
5 9 16 -7
4 19 43 -25
-35 18 -6 -25
-39 -20 -15 32
-13 -11 -24 -27
17 6 19 -10
-17 -39 -5 37
-16 -5 -21 42
6 40 41 -22
-31 -34 14 -17
-19 33 33 -19
28 -26 -10 10
1 -10 -3 25
41 39 19 -35
-25 -14 39 -10
-37 -40 -2 4
-28 34 -12 -34
22 2 34 -36
34 -19 29 38
-18 0 18 -17
-29 28 27 38
-20 7 -6 -16
-19 -12 -8 -38
-3 3 -19 13
6 -24 -9 -3
-28 38 -42 -28
6 32 -48 7
13 24 19 -34
40 3 28 -17
-22 -14 -3 -36
-35 0 21 -23
33 -29 -28 -39
-37 14 -5 -42
16 -10 -10 -2
35 -15 -41 -33
-32 28 -16 -9
-38 34 20 30
9 -16 14 16
-16 -31 -8 -11
26 23 12 -3
-13 9 -26 7
37 20 14 13
-20 -3 -25 -18
39 -8 -20 31
14 -29 -19 -37
0 17 -21 -27
28 39 34 39
-5 26 27 -30
0 27 -10 -11
29 1 35 -29
-43 32 38 0
-20 38 10 35
-15 38 24 -22
10 -13 23 40
6 21 9 34
19 22 -18 9
-29 6 16 38
-40 -17 -16 28
-19 10 -34 3
-40 15 -13 -26
0 -6 -20 -33
11 39 -1 36
-26 -20 -25 30
29 39 -15 21
14 12 -22 -13
-1 35 9 24
13 18 -12 28
30 -40 31 -26
34 5 -3 -38
29 14 44 -10
-12 9 -18 -37
-4 35 34 28
28 27 -29 1
34 -6 -7 -32
33 37 7 35
-12 -11 10 -8
-17 -37 29 -14
-13 30 27 0
33 8 4 11
-17 11 29 22
23 -27 -16 22
-21 -21 14 -3
31 -15 -39 34
-34 -23 -14 30
-33 -32 11 -13
2 -38 -27 -12
-38 34 -8 -21
-18 11 -44 -25
-23 0 -35 -36
11 -30 -31 37
-3 -3 -13 -1
-27 8 9 12
-26 35 21 12
-36 12 1 -27
16 -36 -23 8
-31 37 -23 36
-25 16 -23 23
8 -39 -42 -26
43 -31 18 33
14 -8 25 -43
-16 -24 -1 7
8 25 5 26
19 -41 17 2
-25 30 -16 -33
-11 -35 30 21
39 -25 34 20
38 -12 -29 -15
-9 -22 6 18
-3 -11 -8 26
-5 4 10 10
-5 -12 27 -32
29 7 18 32
37 -10 26 29
20 20 17 -22
5 -18 1 -18
-38 0 -32 33
26 -41 15 -16
28 30 35 28
34 -11 29 -15
31 10 21 36
-24 9 24 -9
37 -38 -23 -24
-36 -22 -17 -21
0 8 29 -21
3 39 16 31
-1 -1 44 -28
20 -15 -33 23
5 -18 28 -10
-12 -36 1 -29
7 6 39 -17
-20 33 9 10
-5 -30 25 30
-38 19 20 7
6 32 -11 29
33 -17 -17 -22
18 -41 -30 -40
22 9 2 -37
-3 -38 -24 36
32 13 31 -7
-14 16 -35 9
-16 33 -12 -15
-3 -7 33 -27
-17 30 -17 35
-4 -34 16 -38
2 -15 -14 -5
3 -18 -37 -9
-17 -39 9 26
25 -22 -6 -12
14 17 -20 -31
-22 -16 9 -31
-18 32 -24 7
9 12 24 -12
-1 16 29 -24
33 19 -30 6
-25 -40 -27 22
6 37 -43 -27
27 6 -9 -40
-36 4 1 25
-38 -44 35 -37
-4 -9 -26 2
-33 2 -7 -13
11 26 16 25
19 -31 14 -24
-1 -8 15 23
15 -11 -5 -32
-23 -28 -23 -35
-21 -35 -11 15
7 -29 -19 -7
15 25 -5 24
32 35 -29 5
-34 38 -21 35
20 -8 28 33
-34 27 43 -16
-33 10 -31 -34
-5 -37 2 20
16 31 38 -5
-38 0 -35 31
-19 -10 -24 8
-32 -23 27 -37
13 15 -29 14
-22 26 5 -16
21 -31 32 -15
10 -39 41 -36
-22 16 28 -25
-8 21 -25 -31
-3 27 31 31
35 26 21 -10
14 -19 10 7
-38 -3 -3 -30
5 9 9 16
-1 17 -25 -19
-37 -29 0 -39
2 -41 8 41
0 35 -30 30
-38 2 12 16
-5 24 -25 3
18 -7 -20 -29
10 29 27 -20
1 17 -41 -14
-19 12 19 4
22 -11 -14 -25
10 -16 3 31
10 -30 -25 0
38 -15 -15 25
32 -28 19 10
-22 -40 -18 10
23 -26 33 -9
8 -28 30 -4
-38 -3 -22 16
-15 32 -29 -18
16 -19 1 34
0 10 15 -32
-29 -2 -34 -25
-35 31 6 15
30 -36 -37 -41
-17 -6 -11 -15
-38 -13 6 8
5 5 24 21
22 -41 5 26
42 -12 30 -27
22 29 -29 -6
35 -30 22 0
-42 14 -35 -25
-35 4 -7 4
27 5 -10 -22
-1 -22 -8 -35
-8 21 13 -36
33 9 35 -13
38 30 -24 -1
39 19 -34 23
30 -3 -13 -24
-7 39 0 -2
21 -17 2 12
29 -2 10 -9
-27 31 42 -15
-2 -11 -9 38
-27 28 14 -1
0 -37 15 38
3 14 16 -30
-11 33 -20 -36
40 8 32 -2
-7 -1 -16 36
-41 23 -24 -5
29 -4 1 -1
-29 -16 36 37
-19 19 9 7
-31 -6 -36 8
-21 -21 -28 -18
-4 7 -15 18
-8 18 10 3
-23 34 -37 34
-10 34 27 34
39 -4 -27 -5
36 -25 0 2
-7 34 -9 21
17 -23 -13 0
-1 -38 -9 31
10 -22 -13 15
26 18 -28 11
35 20 -46 32
-24 -41 33 -38
7 28 -13 -16
29 14 19 32
17 -7 -12 7
27 -43 30 -18
-25 32 -17 -29
15 -32 -7 -29
26 -15 5 11
-9 29 -14 24
39 7 1 17
28 34 -17 -27
-22 -20 -1 16
37 -14 7 27
16 8 -26 28
0 -37 31 -8
8 -3 -32 34
32 -24 -30 15
10 -6 0 -3
-33 18 -37 6
-13 -25 17 -19
-35 -37 2 8
13 -10 -31 -32
29 7 13 9
-41 14 -13 10
-39 -28 -36 -27
6 -10 -31 -4
25 19 -14 19
-35 15 16 -19
24 -34 -32 -21
-8 -28 -35 32
-16 -28 -23 32
-16 -23 -20 -22
25 -34 -33 -22
-30 39 3 -9
-14 -25 37 40
30 -31 18 21
-36 27 -19 -20
0 -6 3 30
-22 9 22 29
37 -25 8 22
9 -38 -31 23
-34 -10 19 14
-38 -11 -18 -5
12 -17 29 -36
33 32 38 2
4 -23 32 -22
19 23 27 -36
28 -33 20 -21
2 -15 36 -26
-16 21 29 32
2 -16 -23 -6
39 27 -12 -29
23 26 -1 7
-14 -9 -32 28
31 9 23 8
-22 7 -31 -31
13 0 -37 24
-40 -10 -30 -40
30 36 -43 -16
26 -26 -17 -12
11 22 13 28
-39 -5 27 7
24 -21 34 33
-12 -38 4 13
28 -39 16 -16
-18 -35 -46 31
34 -30 -17 -26
12 -7 -15 -15
-15 23 6 -35
21 -29 -44 -40
-27 -41 14 10
-6 26 18 -17
25 -22 31 31
35 -11 -10 34
-30 -10 20 30
38 -16 -22 27
18 20 -33 -24
32 -22 28 -22
-29 -7 27 22
22 39 -28 41
-19 0 40 43
-31 -7 -11 -29
8 38 29 -32
32 27 9 10
-2 -34 -24 33
-14 0 1 -26
3 19 -5 32
-1 28 -1 2
6 -4 27 -31
38 25 33 38
8 14 30 -6
-5 -17 5 26
20 34 31 7
-2 -32 4 12
-20 38 -16 2
-22 27 -18 -10
-37 30 -36 -16
-26 40 32 9
23 -4 -20 19
3 25 0 6
14 10 31 29
0 -19 29 17
-40 30 -20 -34
-16 28 5 -17
17 -37 -35 -16
-34 -38 9 30
-21 -27 7 -30
34 7 -4 33
-13 25 -39 -26
-34 0 10 41
-7 -34 32 -4
30 8 -21 -38
-11 -34 -32 -16
-24 -9 37 -24
21 -6 20 -17
-20 -39 -13 14
31 6 -35 31
-19 23 -7 13
-28 -41 -20 -11
-29 -35 -45 -8
43 -34 -19 -9
-20 7 -19 -17
14 -25 -7 -29
-20 -4 -10 -7
41 37 2 36
-8 -11 15 -6
33 1 -13 -23
-26 -30 -21 -20
-7 -20 2 -27
8 -41 -16 -24
3 5 -40 -30
36 -33 -14 15
35 14 -35 -3
2 -18 29 28
-1 -9 17 -32
4 29 35 -12
20 -29 -24 36
15 -27 0 -23
-10 -39 19 39
-12 16 14 -20
13 -26 30 22
-41 35 -20 -32
-37 35 10 15
37 -7 39 27
7 -22 30 -28
33 14 -11 -26
-6 30 36 -20
34 15 29 33
2 -14 9 19
-36 -2 -30 11
5 26 -35 0
-38 -37 5 -7
-26 -13 0 30
33 -21 -25 -23
19 23 10 24
5 26 -4 7
1 -40 14 1
-10 -34 -5 -7
-22 37 -22 25
-23 27 27 -21
-29 33 22 21
19 8 -8 -8
0 29 -13 -16
19 -20 44 9
17 31 39 20
12 6 -14 -9
17 -32 -20 -39
34 16 -3 -26
31 34 14 34
-32 -32 -38 -9
12 -13 21 6
-14 -34 0 -31
33 13 7 39
40 -41 15 5
25 -6 22 18
-29 2 -20 -1
26 10 -17 2
-17 27 -35 -2
-21 -21 -20 -19
-11 -12 6 29
-20 31 -32 31
-20 -19 35 3
-34 -6 -23 25
28 16 -22 -41
-32 -40 -18 -32
39 -5 -21 -25
-21 -33 -29 10
-24 -27 -8 28
-16 19 -28 -16
-13 35 -35 24
-6 18 -6 11
-27 6 -31 -37
-24 -36 -9 4
-9 25 36 -37
-21 28 31 21
11 -32 20 11
22 -25 0 -9
-21 -34 -6 25
4 16 6 -17
-21 8 -13 33
-29 4 -10 6
34 17 -15 -30
17 35 22 40
-26 -16 3 9
-30 28 -24 -37
-41 -30 -31 -24
0 -26 6 18
-2 -14 13 23
17 -33 9 -9
-33 -9 -19 21
-9 13 26 4
-35 3 12 -24
12 -20 12 17
-33 -17 -20 18
-30 29 -26 3
34 23 5 11
-5 21 44 27
-16 -27 -1 -30
-25 22 3 12
1 8 21 21
-12 -24 32 25
-15 20 -10 -1
-8 -36 32 39
-32 -15 33 -25
-30 -39 -12 -3
-11 -21 29 3
30 -18 35 -10
38 -28 -14 26
26 -15 -29 -24
11 16 28 -10
34 -10 4 -5
-5 -1 -30 6
10 -3 -18 -20
-12 37 -23 18
-20 -31 35 38
5 3 -14 0
13 -30 -20 -34
28 -22 27 27
17 -2 10 -12
-22 14 -19 37
-38 -9 22 -19
-6 38 -35 21
6 -16 29 23
-22 -22 20 -35
-8 10 -36 -6
-12 -5 -41 3
41 -20 0 -18
43 -42 -23 3
8 -3 17 4
12 13 -9 38
10 30 -26 1
31 -32 -44 -42
28 -31 30 15
-29 -14 1 27
-18 -17 -40 -31
-10 -28 31 29
-17 38 -34 39
-14 -38 13 40
17 -9 28 20
-10 12 -5 4
29 -6 -14 8
-29 9 39 -1
-37 40 22 -21
-35 37 35 43
-23 19 -12 20
24 -5 22 13
11 -7 -31 33
14 -40 41 -9
1 -41 31 -2
27 -35 -12 -4
13 36 -31 23
37 -5 -23 0
35 -10 -25 20
7 -28 -19 33
0 -1 10 -7
30 -21 -21 -28
-5 11 27 -19
-21 16 -34 -1
-18 34 -33 -24
35 3 0 -39
37 -36 -12 -24
27 36 -16 10
18 37 -18 21
11 -4 -1 5
-38 -9 28 16
14 9 15 -29
-38 20 -31 36
5 -29 13 -29
-37 -23 -1 18
35 -26 14 -9
8 12 28 -30
25 36 16 0
-25 18 -23 35
34 37 -10 29
15 -5 -42 0
0 -31 -26 -33
-3 -12 6 5
1 -31 24 30
6 4 -1 36
19 34 -12 -17
-6 32 33 -30
27 -25 -21 -14
21 -33 6 -27
-15 20 -28 15
0 -4 -31 -7
-6 6 -38 -41
-26 3 -24 14
-3 -34 -42 -28
-23 33 20 -23
-18 -28 23 28
-16 -7 -31 37
-33 5 -10 36
-3 -29 -9 11
3 -23 0 -13
3 30 -3 31
0 0 0 0
0 0 0 0
0 0 0 0
0 0 0 0
0 0 0 0
0 0 0 0
0 0 0 0
0 0 0 0
0 0 0 0
0 0 0 0
0 0 0 0
0 0 0 0
0 0 0 0
0 0 0 0
0 0 0 0
0 0 0 0
0 0 0 0
0 0 0 0
0 0 0 0
0 0 0 0
0 0 0 0
0 0 0 0
0 0 0 0
0 0 0 0
0 0 0 0
0 0 0 0
0 0 0 0
0 0 0 0
0 0 0 0
0 0 0 0
0 0 0 0
0 0 0 0
0 0 0 0
0 0 0 0
0 0 0 0
0 0 0 0
0 0 0 0
0 0 0 0
0 0 0 0
0 0 0 0
0 0 0 0
0 0 0 0
0 0 0 0
0 0 0 0
0 0 0 0
0 0 0 0
0 0 0 0
0 0 0 0
0 0 0 0
0 0 0 0
0 0 0 0
0 0 0 0
0 0 0 0
0 0 0 0
0 0 0 0
0 0 0 0
0 0 0 0
0 0 0 0
0 0 0 0
0 0 0 0
0 0 0 0
0 0 0 0
0 0 0 0
0 0 0 0
0 0 0 0
0 0 0 0
0 0 0 0
0 0 0 0
0 0 0 0
0 0 0 0
0 0 0 0
0 0 0 0
0 0 0 0
0 0 0 0
0 0 0 0
0 0 0 0
0 0 0 0
0 0 0 0
0 0 0 0
0 0 0 0
0 0 0 0
0 0 0 0
0 0 0 0
0 0 0 0
0 0 0 0
0 0 0 0
0 0 0 0
0 0 0 0
0 0 0 0
0 0 0 0
0 0 0 0
0 0 0 0
0 0 0 0
0 0 0 0
0 0 0 0
0 0 0 0
0 0 0 0
0 0 0 0
0 0 0 0
0 0 0 0
0 0 0 0
0 0 0 0
0 0 0 0
0 0 0 0
0 0 0 0
0 0 0 0
0 0 0 0
0 0 0 0
0 0 0 0
0 0 0 0
0 0 0 0
0 0 0 0
0 0 0 0
0 0 0 0
0 0 0 0
0 0 0 0
0 0 0 0
0 0 0 0
0 0 0 0
0 0 0 0
0 0 0 0
0 0 0 0
0 0 0 0
0 0 0 0
0 0 0 0
0 0 0 0
0 0 0 0
0 0 0 0
0 0 0 0
0 0 0 0
0 0 0 0
0 0 0 0
0 0 0 0
0 0 0 0
0 0 0 0
0 0 0 0
0 0 0 0
0 0 0 0
0 0 0 0
0 0 0 0
0 0 0 0
0 0 0 0
0 0 0 0
0 0 0 0
0 0 0 0
0 0 0 0
0 0 0 0
0 0 0 0
0 0 0 0
0 0 0 0
0 0 0 0
0 0 0 0
0 0 0 0
0 0 0 0
0 0 0 0
0 0 0 0
0 0 0 0
0 0 0 0
0 0 0 0
0 0 0 0
0 0 0 0
0 0 0 0
0 0 0 0
0 0 0 0
0 0 0 0
0 0 0 0
0 0 0 0
0 0 0 0
0 0 0 0
0 0 0 0
0 0 0 0
0 0 0 0
0 0 0 0
0 0 0 0
0 0 0 0
0 0 0 0
0 0 0 0
0 0 0 0
0 0 0 0
0 0 0 0
0 0 0 0
0 0 0 0
0 0 0 0
0 0 0 0
0 0 0 0
0 0 0 0
0 0 0 0
0 0 0 0
0 0 0 0
0 0 0 0
0 0 0 0
0 0 0 0
0 0 0 0
0 0 0 0
0 0 0 0
0 0 0 0
0 0 0 0
0 0 0 0
0 0 0 0
0 0 0 0
0 0 0 0
0 0 0 0
0 0 0 0
0 0 0 0
0 0 0 0
0 0 0 0
0 0 0 0
0 0 0 0
0 0 0 0
0 0 0 0
0 0 0 0
0 0 0 0
0 0 0 0
0 0 0 0
0 0 0 0
0 0 0 0
0 0 0 0
0 0 0 0
0 0 0 0
0 0 0 0
0 0 0 0
0 0 0 0
0 0 0 0
0 0 0 0
0 0 0 0
0 0 0 0
0 0 0 0
0 0 0 0
0 0 0 0
0 0 0 0
0 0 0 0
0 0 0 0
0 0 0 0
0 0 0 0
0 0 0 0
0 0 0 0
0 0 0 0
0 0 0 0
0 0 0 0
0 0 0 0
0 0 0 0
0 0 0 0
0 0 0 0
0 0 0 0
0 0 0 0
0 0 0 0
0 0 0 0
0 0 0 0
0 0 0 0
0 0 0 0
0 0 0 0
0 0 0 0
0 0 0 0
0 0 0 0
0 0 0 0
0 0 0 0
0 0 0 0
0 0 0 0
0 0 0 0
0 0 0 0
0 0 0 0
0 0 0 0
0 0 0 0
0 0 0 0
0 0 0 0
0 0 0 0
0 0 0 0
0 0 0 0
0 0 0 0
0 0 0 0
0 0 0 0
0 0 0 0
0 0 0 0
0 0 0 0
0 0 0 0
0 0 0 0
0 0 0 0
0 0 0 0
0 0 0 0
0 0 0 0
0 0 0 0
0 0 0 0
0 0 0 0
0 0 0 0
0 0 0 0
0 0 0 0
0 0 0 0
0 0 0 0
0 0 0 0
0 0 0 0
0 0 0 0
0 0 0 0
0 0 0 0
0 0 0 0
0 0 0 0
0 0 0 0
0 0 0 0
0 0 0 0
0 0 0 0
0 0 0 0
0 0 0 0
0 0 0 0
0 0 0 0
0 0 0 0
0 0 0 0
0 0 0 0
0 0 0 0
0 0 0 0
0 0 0 0
0 0 0 0
0 0 0 0
0 0 0 0
0 0 0 0
0 0 0 0
0 0 0 0
0 0 0 0
0 0 0 0
0 0 0 0
0 0 0 0
0 0 0 0
0 0 0 0
0 0 0 0
0 0 0 0
0 0 0 0
0 0 0 0
0 0 0 0
0 0 0 0
0 0 0 0
0 0 0 0
0 0 0 0
0 0 0 0
0 0 0 0
0 0 0 0
0 0 0 0
0 0 0 0
0 0 0 0
0 0 0 0
0 0 0 0
0 0 0 0
0 0 0 0
0 0 0 0
0 0 0 0
0 0 0 0
0 0 0 0
0 0 0 0
0 0 0 0
0 0 0 0
0 0 0 0
0 0 0 0
0 0 0 0
0 0 0 0
0 0 0 0
0 0 0 0
0 0 0 0
0 0 0 0
0 0 0 0
0 0 0 0
0 0 0 0
0 0 0 0
0 0 0 0
0 0 0 0
0 0 0 0
0 0 0 0
0 0 0 0
0 0 0 0
0 0 0 0
0 0 0 0
0 0 0 0
0 0 0 0
0 0 0 0
0 0 0 0
0 0 0 0
0 0 0 0
0 0 0 0
0 0 0 0
0 0 0 0
0 0 0 0
0 0 0 0
0 0 0 0
0 0 0 0
0 0 0 0
0 0 0 0
0 0 0 0
0 0 0 0
0 0 0 0
0 0 0 0
0 0 0 0
0 0 0 0
0 0 0 0
0 0 0 0
0 0 0 0
0 0 0 0
0 0 0 0
0 0 0 0
0 0 0 0
0 0 0 0
0 0 0 0
0 0 0 0
0 0 0 0
0 0 0 0
0 0 0 0
0 0 0 0
0 0 0 0
0 0 0 0
0 0 0 0
0 0 0 0
0 0 0 0
0 0 0 0
0 0 0 0
0 0 0 0
0 0 0 0
0 0 0 0
0 0 0 0
0 0 0 0
0 0 0 0
0 0 0 0
0 0 0 0
0 0 0 0
0 0 0 0
0 0 0 0
0 0 0 0
0 0 0 0
0 0 0 0
0 0 0 0
0 0 0 0
0 0 0 0
0 0 0 0
0 0 0 0
0 0 0 0
0 0 0 0
0 0 0 0
0 0 0 0
0 0 0 0
0 0 0 0
0 0 0 0
0 0 0 0
0 0 0 0
0 0 0 0
0 0 0 0
0 0 0 0
0 0 0 0
0 0 0 0
0 0 0 0
0 0 0 0
0 0 0 0
0 0 0 0
0 0 0 0
0 0 0 0
0 0 0 0
0 0 0 0
0 0 0 0
0 0 0 0
0 0 0 0
0 0 0 0
0 0 0 0
0 0 0 0
0 0 0 0
0 0 0 0
0 0 0 0
0 0 0 0
0 0 0 0
0 0 0 0
0 0 0 0
0 0 0 0
0 0 0 0
0 0 0 0
0 0 0 0
0 0 0 0
0 0 0 0
0 0 0 0
0 0 0 0
0 0 0 0
0 0 0 0
0 0 0 0
0 0 0 0
0 0 0 0
0 0 0 0
0 0 0 0
0 0 0 0
0 0 0 0
0 0 0 0
0 0 0 0
0 0 0 0
0 0 0 0
0 0 0 0
0 0 0 0
0 0 0 0
0 0 0 0
0 0 0 0
0 0 0 0
0 0 0 0
0 0 0 0
0 0 0 0
0 0 0 0
0 0 0 0
0 0 0 0
0 0 0 0
0 0 0 0
0 0 0 0
0 0 0 0
0 0 0 0
0 0 0 0
0 0 0 0
0 0 0 0
0 0 0 0
0 0 0 0
0 0 0 0
0 0 0 0
0 0 0 0
0 0 0 0
0 0 0 0
0 0 0 0
0 0 0 0
0 0 0 0
0 0 0 0
0 0 0 0
0 0 0 0
0 0 0 0
0 0 0 0
0 0 0 0
0 0 0 0
0 0 0 0
0 0 0 0
0 0 0 0
0 0 0 0
0 0 0 0
0 0 0 0
0 0 0 0
0 0 0 0
0 0 0 0
0 0 0 0
0 0 0 0
0 0 0 0
0 0 0 0
0 0 0 0
0 0 0 0
0 0 0 0
0 0 0 0
0 0 0 0
0 0 0 0
0 0 0 0
0 0 0 0
0 0 0 0
0 0 0 0
0 0 0 0
0 0 0 0
0 0 0 0
0 0 0 0
0 0 0 0
0 0 0 0
0 0 0 0
0 0 0 0
0 0 0 0
0 0 0 0
0 0 0 0
0 0 0 0
0 0 0 0
0 0 0 0
0 0 0 0
0 0 0 0
0 0 0 0
0 0 0 0
0 0 0 0
0 0 0 0
0 0 0 0
0 0 0 0
0 0 0 0
0 0 0 0
0 0 0 0
0 0 0 0
0 0 0 0
0 0 0 0
0 0 0 0
0 0 0 0
0 0 0 0
0 0 0 0
0 0 0 0
0 0 0 0
0 0 0 0
0 0 0 0
0 0 0 0
0 0 0 0
0 0 0 0
0 0 0 0
0 0 0 0
0 0 0 0
0 0 0 0
0 0 0 0
0 0 0 0
0 0 0 0
0 0 0 0
0 0 0 0
0 0 0 0
0 0 0 0
0 0 0 0
0 0 0 0
0 0 0 0
0 0 0 0
0 0 0 0
0 0 0 0
0 0 0 0
0 0 0 0
0 0 0 0
0 0 0 0
0 0 0 0
0 0 0 0
0 0 0 0
0 0 0 0
0 0 0 0
0 0 0 0
0 0 0 0
0 0 0 0
0 0 0 0
0 0 0 0
0 0 0 0
