10 -12 17 2
1 20 38 -38
-32 -32 17 -38
16 -20 -4 5
35 6 29 2
10 42 16 21
1 -3 19 -36
36 0 5 -27
42 -8 22 7
-11 -36 10 -20
31 43 14 34
39 30 -26 -2
35 -22 26 -25
43 31 -6 17
32 31 34 2
29 29 38 22
45 -14 19 -3
3 -24 36 -37
8 -10 40 0
15 7 22 -1
-29 -7 20 -7
6 -7 -31 -24
-19 -15 29 -4
14 37 -32 11
-36 -9 12 6
6 25 13 13
-31 3 31 9
40 6 28 14
40 -10 40 -32
32 -13 20 38
-28 42 -28 -30
24 -7 12 3
-22 30 33 -20
-39 36 27 0
-5 -6 -3 -14
0 -12 11 20
0 -33 -24 -30
26 20 -15 -6
28 -9 -28 19
-19 40 -37 18
-21 -25 37 39
-42 -27 11 -24
-2 43 -37 -1
35 -25 0 12
-8 -21 12 -18
-12 11 9 -17
-22 43 28 -21
12 14 -7 4
-31 -38 -24 -23
26 21 -29 -2
-2 -33 -16 -15
32 35 -25 -22
-2 18 38 -23
0 9 21 -13
26 43 -38 -13
14 -16 20 -15
15 28 -15 -1
-36 -11 27 40
-39 8 -3 0
16 2 29 -15
11 -28 40 1
36 33 -28 -20
-3 21 -32 3
9 -28 25 -30
-26 11 23 31
-23 -7 37 -38
-28 20 18 -30
5 -29 -15 32
-7 19 -21 -15
47 -11 27 -11
-21 -27 -22 34
11 -17 -9 -17
47 35 -35 29
38 -20 -18 -4
-29 -3 -4 -17
-2 25 2 20
-9 14 -9 -27
34 8 34 -18
20 -37 5 -40
15 -17 6 -15
-32 2 -22 3
11 28 -30 16
-25 -30 27 0
-13 3 -1 8
26 0 4 21
-29 -23 1 -24
2 -15 20 18
-30 11 25 -4
-33 -22 36 -16
-36 27 -16 -15
-34 30 -19 25
16 0 33 5
32 -13 28 -38
11 28 -38 39
11 5 -13 -40
-15 -3 14 2
13 0 -4 23
-2 -32 7 -34
-14 25 4 35
7 19 -22 -32
3 -34 -18 37
-3 27 0 -10
36 11 -10 18
-14 -16 30 26
-45 -24 -25 0
17 -24 32 31
-8 -2 -30 20
36 15 -13 15
-17 -6 -37 11
36 25 13 16
-22 30 34 29
0 42 -17 -8
-28 30 8 40
-22 -9 -38 0
-4 -28 -5 23
-40 25 -4 16
-4 -16 11 -35
5 -19 -11 40
7 33 10 28
33 29 -14 -39
23 12 35 -33
-3 14 -1 6
-3 37 29 -29
18 -30 -4 -18
-6 -4 14 -9
30 42 -26 -31
9 14 -40 0
35 -12 0 35
29 43 29 -26
4 -17 35 33
17 -11 19 24
6 -25 25 -31
42 -3 26 -26
32 -6 -20 -18
0 35 36 35
0 -1 -6 30
21 5 34 -8
-30 31 6 -35
17 -18 4 -21
-23 -33 -8 -26
19 3 -7 -31
23 7 1 38
-19 5 22 25
28 -17 -3 31
-33 40 -10 -32
7 3 38 13
-28 15 -21 28
40 -12 14 24
-3 14 24 6
-25 -6 6 -26
-6 26 38 21
19 8 -13 -28
-27 -23 31 -34
31 1 -33 -19
29 -35 20 38
-4 21 -36 34
11 17 8 -5
-26 -24 29 36
0 35 -17 5
-7 32 14 34
24 0 28 29
16 35 -14 -9
27 20 7 -2
-2 38 24 -3
36 33 -32 24
-36 -16 3 -8
32 -1 38 -23
-20 8 11 2
-31 -11 -39 -35
14 29 9 20
-12 15 -8 23
5 23 18 -12
11 -19 0 -28
8 -4 36 4
-5 -6 3 17
-24 -34 -37 32
1 -24 9 -40
43 2 33 -13
-27 39 35 -14
-3 -19 -3 0
-32 12 -7 4
-33 23 -12 -7
0 -37 -15 -17
-16 -19 -35 -6
25 10 -6 37
-31 -11 33 34
32 39 -33 -23
27 33 33 -7
31 23 -22 -22
24 -35 -2 13
43 35 20 -14
-29 1 -8 1
32 4 18 30
-6 -4 17 19
2 -24 12 29
25 -23 -16 20
0 -32 23 18
37 -26 16 0
-14 5 -23 -12
10 -32 -39 39
38 -16 -18 5
-16 17 -34 26
-31 31 -21 31
28 -22 -22 1
-12 -26 35 -2
22 -33 -24 39
36 -34 12 31
-22 23 -16 11
2 13 -11 -7
31 13 -35 9
-34 22 17 -22
19 13 17 25
29 11 -32 -37
-29 5 -29 -7
-37 17 0 0
-26 9 35 -6
15 40 17 -35
27 37 3 -24
-44 -15 31 -27
26 11 -1 -31
-28 -27 -33 -24
-38 -16 -7 32
-6 11 14 -37
23 9 21 -36
-36 -21 -1 26
-20 29 36 4
8 38 -17 7
16 -25 22 -16
-9 -38 -14 38
30 7 11 -14
-18 8 -27 10
28 -8 -14 -6
-38 16 -36 5
23 18 -41 19
-30 -6 2 -13
30 18 21 28
-19 3 -15 -12
-1 -23 -36 2
20 -27 33 16
32 43 34 -30
7 36 40 -22
41 25 -13 21
-6 3 0 12
19 9 7 -31
30 21 40 0
10 -26 -10 5
-9 -28 -4 -17
-26 11 -40 -8
5 -10 39 13
2 -30 -1 -31
9 32 -15 -13
6 -16 23 16
-20 -30 15 -9
-34 -36 -6 -31
32 13 -31 26
42 21 1 -27
25 24 14 -31
4 29 7 13
39 -33 -2 40
29 -30 -16 -36
7 20 -23 9
-6 -3 13 3
-16 -34 -15 -36
0 42 16 22
-1 37 -32 -29
22 -14 -34 15
-23 -30 12 -10
-18 -4 28 39
33 30 -37 -29
-24 -33 25 11
-12 -7 -2 16
-17 -31 28 20
-15 -26 -39 15
-29 0 -39 2
-41 0 -8 -24
8 28 -13 -30
-32 19 -7 14
-14 -26 20 19
-23 41 5 -15
-12 34 -1 -19
-28 -30 -2 -15
17 -24 -21 37
26 0 13 -33
14 -2 -22 13
22 8 -19 -32
25 0 -24 14
9 7 12 -21
-8 12 31 -36
-20 39 31 -13
-1 -28 23 -16
-27 3 -17 0
-30 -5 -10 14
-16 -17 27 11
-29 30 3 31
-42 -37 28 33
-30 42 15 13
34 -10 28 -2
-12 37 -33 -9
8 7 5 21
27 -25 -16 -34
-11 12 3 20
-28 -28 22 -8
-3 17 29 -9
11 34 -30 -40
34 29 -20 37
24 -31 17 36
-17 22 -26 -40
31 41 20 -20
-33 0 9 -28
33 9 23 22
18 -32 36 12
2 39 9 -21
-22 18 4 0
42 31 -24 29
47 44 6 1
9 35 -35 10
21 -22 -6 -21
-5 17 12 10
-29 38 33 -6
11 7 9 -25
13 -8 -12 -25
10 -26 33 -37
-15 41 -18 14
-13 31 -16 19
-4 41 13 36
33 -11 23 -26
15 39 28 37
-14 7 -4 35
26 10 34 -17
18 16 5 -32
-42 37 3 -11
23 -20 10 -23
7 27 -29 14
-22 4 -15 -36
-34 39 8 9
-9 15 9 37
-30 -24 -23 -40
17 -1 30 1
16 21 15 36
1 11 -10 11
-6 25 31 38
-44 -13 39 23
28 -9 -30 36
26 29 37 -31
15 -34 29 20
-29 35 -19 32
12 0 24 14
17 29 35 10
-45 -21 11 -25
-35 36 29 37
-38 -19 -25 -8
19 -6 14 -33
-26 39 32 -30
16 27 -42 -9
-23 -37 -17 5
-13 -15 -11 -9
24 43 6 -20
7 22 -12 21
-18 2 30 24
28 -12 5 12
11 7 41 28
-1 16 -14 38
-27 20 -30 -9
-30 -30 24 -5
33 19 -34 5
1 20 -18 -8
-2 -22 29 -34
13 -21 -26 -3
19 -5 20 -20
-10 -19 17 -36
6 -14 -21 -24
46 17 -9 0
-12 34 -11 -13
-33 36 -26 -36
-16 -23 11 -12
43 -3 20 37
37 26 -28 -1
-31 -27 1 -18
1 -26 40 12
0 -37 38 -5
-21 32 -33 -2
-31 -13 -37 -29
10 29 -24 5
19 40 -10 -20
21 41 -23 24
-17 -4 24 -39
32 -28 35 -24
-19 -26 -32 -23
32 -36 39 -16
3 -36 -40 -24
27 -20 -32 29
-43 18 38 -30
-26 41 27 16
12 40 22 10
33 -29 -13 34
-4 23 -38 -38
-26 -26 34 22
-39 27 -40 1
-46 -34 32 -1
-22 -18 38 -15
0 -11 -9 -39
-20 -14 38 3
16 28 -32 9
1 -32 -1 32
-36 37 13 -15
-36 -32 -26 -39
18 1 14 -13
33 12 -7 7
9 -26 -13 0
-27 -32 -40 22
14 28 39 -40
12 -18 -28 36
-7 11 16 30
1 -25 -4 9
3 -4 33 -6
30 -33 11 22
31 -11 4 29
0 17 11 11
-13 -25 29 -30
-29 36 6 12
3 -11 16 -25
34 -5 6 -11
18 -11 -39 20
17 15 30 -22
40 -5 1 -9
27 -28 -12 -9
-21 35 35 -29
-29 -18 -4 -37
40 -6 2 -21
-15 21 28 -10
42 -36 -8 41
-28 -8 34 28
-17 -7 3 -5
15 4 32 6
-20 7 -31 -16
23 24 5 6
12 37 -22 -19
-30 -12 15 19
-2 -21 -39 -9
-16 34 37 -12
-23 29 6 13
-24 31 -13 -5
-35 -28 -8 -8
-36 -21 -7 -11
-4 -18 26 -29
-18 -26 34 -9
-25 43 38 39
-14 -16 -24 14
-8 40 32 -25
-15 20 -12 20
17 15 -14 24
11 -24 7 -26
5 17 14 0
-31 30 -10 -10
1 13 -26 37
0 -12 33 -41
-25 -14 13 25
5 19 -24 -14
27 -11 -21 14
5 11 9 -18
7 25 -27 22
-39 -21 -19 7
17 14 -41 -40
1 -17 33 -38
-22 26 31 28
-45 16 -8 -18
-11 31 -40 -19
-41 11 -33 25
-2 28 40 26
-12 -17 -28 9
-2 23 13 10
26 22 29 18
8 25 -36 -38
5 -25 10 2
37 36 -28 -3
-23 -15 -40 16
47 0 40 33
33 -34 37 -2
21 -19 -29 -40
-3 -23 -1 10
1 -18 19 0
-9 21 26 18
8 33 -29 0
-22 -5 1 13
33 -13 -22 28
13 17 -34 -11
-16 -6 17 -6
-31 15 27 32
2 43 -15 0
0 1 -9 27
44 1 -6 8
-30 32 -23 4
38 -1 23 1
-3 -6 -22 -33
-4 11 39 21
-28 -38 -6 -38
36 -14 5 4
-29 -36 -22 33
6 0 -3 -6
-32 22 27 -15
-25 43 29 -7
13 8 -3 -26
-27 -20 37 14
18 28 -33 -30
30 -9 34 -12
-8 8 -26 18
-13 -15 -3 -29
4 -23 -5 25
20 -19 12 -29
24 21 -34 14
20 43 -6 -4
-29 42 22 -16
14 8 32 24
10 31 -9 3
-3 6 37 -13
6 35 -1 -5
-21 -31 32 -20
20 20 -4 -32
-39 -3 -5 -20
0 -1 8 -9
4 -38 10 -20
-4 -23 6 32
20 15 0 -36
27 -11 -35 22
-31 -22 5 20
9 -38 19 7
12 -5 9 10
-21 -13 -14 -26
22 -28 -12 -35
-4 34 -35 5
-15 2 21 -15
17 9 -37 -1
4 29 5 19
-12 -25 22 14
-22 -27 30 -38
-24 -19 17 -29
38 -37 -18 3
-25 25 -40 -23
-19 -3 -1 33
-30 28 -31 21
-15 40 29 -35
27 25 0 21
31 28 -7 -9
-12 11 -14 -40
-21 43 -16 -15
22 -5 -37 28
-9 23 -31 31
46 -18 41 -29
-31 36 13 30
14 -6 6 -5
17 0 13 26
-8 10 -30 14
26 32 -22 20
7 41 -21 0
44 -7 30 -4
-9 -8 -9 -32
-8 -25 28 40
38 32 -32 5
12 35 17 27
39 12 -32 -19
-10 -1 -18 -29
5 -3 40 -30
-15 -6 25 3
35 1 -19 -31
-11 43 -34 13
-26 39 12 13
23 -20 7 3
19 -34 -14 -38
25 40 -22 -17
-5 33 27 41
25 -27 17 -27
20 22 -39 -14
26 24 -25 -11
2 -14 -6 -9
28 -23 15 -11
-42 -17 -8 32
-38 -14 -27 -32
15 12 -42 -12
-24 -22 -19 -16
-6 34 -41 -22
23 3 -6 -12
4 -23 -34 -37
17 36 0 32
-37 14 38 24
-17 -15 -42 18
-14 -32 17 4
-15 31 6 20
-18 41 -12 -12
-30 -15 -14 21
-15 -16 6 -26
15 32 3 23
43 16 30 -1
-27 -32 25 29
23 11 -19 -9
-26 -10 -17 4
11 -33 -26 -27
-30 -21 -14 0
34 22 -10 -24
7 -13 23 -40
17 -7 7 15
28 14 31 5
-3 27 -22 1
43 34 -14 5
-12 -3 -18 34
-3 -26 3 -36
-1 -2 5 -15
-11 32 -17 -30
9 0 30 -9
-20 -9 36 17
35 14 -11 -13
-25 -35 26 -17
25 -18 -11 -21
19 0 7 -1
25 34 -15 -24
12 4 -37 37
-10 -8 -1 -5
6 26 26 -35
-33 0 13 9
38 -32 28 18
-35 33 38 -18
9 -34 34 24
-8 -26 10 -2
-16 4 22 -13
36 1 -10 9
-25 -2 22 -39
-1 8 -3 -22
-11 -20 -4 13
-42 -15 -20 18
-37 -15 3 26
14 25 34 28
-36 -1 4 -16
2 -22 9 16
16 -20 -38 0
-38 42 -5 -1
-39 3 -12 35
-42 -2 17 -39
23 -34 -14 -15
17 -2 2 38
-36 -14 12 -31
18 26 39 15
-26 -34 -27 35
11 -35 25 -35
-11 -1 -41 18
-23 -39 -40 -17
-32 16 -24 38
-39 -7 19 6
2 18 -9 -37
20 -22 17 -16
-16 13 -40 -22
34 -9 -14 1
13 -35 23 -40
41 -11 -27 -27
-28 36 -22 26
47 8 5 13
-24 -29 -15 2
40 -2 -14 28
48 31 -5 13
19 -8 36 38
39 12 -28 -32
40 -31 -1 37
32 33 -7 16
31 -3 1 0
-12 -1 -37 -11
-4 18 17 10
18 8 28 -34
-17 25 18 -13
39 15 7 -36
-3 39 15 18
-14 20 21 40
-16 41 -12 41
-8 14 37 -21
27 37 28 22
35 -35 -38 -9
-25 12 -41 -38
-23 9 -5 -23
13 31 -7 -13
40 0 -37 -27
-9 -19 14 13
28 25 32 8
-10 1 28 -17
9 1 -29 -31
-37 5 -40 28
-35 13 8 23
-10 -3 -12 20
31 0 12 -7
-25 -11 32 -15
20 24 13 -14
18 26 -13 -24
-33 33 -34 -3
-27 -8 10 -29
7 -15 -27 -19
-19 37 -7 16
-39 22 -32 35
-18 13 -30 -39
19 35 3 6
-2 -12 16 29
-9 -20 20 38
-3 -3 18 16
-16 -31 -26 -24
-4 15 27 -11
-34 18 -18 38
25 3 -34 -21
-24 -18 -14 -1
-26 19 -17 17
10 -15 37 38
29 -35 -31 14
-14 -12 -21 -1
-38 25 17 3
2 -15 20 35
-18 0 37 9
36 26 31 0
-17 36 6 -4
36 -7 -38 32
8 -20 -14 36
31 30 -35 -25
-26 -7 36 -32
-3 -16 -4 34
36 30 26 13
-21 22 -31 6
-21 -23 -38 -37
30 -23 -21 28
-7 42 12 6
6 -9 23 17
49 40 -35 6
20 -34 12 -20
-5 1 19 -33
28 42 9 -19
-17 28 -20 13
46 18 12 29
41 7 -5 -24
-4 30 -13 34
22 -12 10 -20
-17 23 -37 -36
-33 -1 18 -35
2 -30 -16 7
-19 16 30 -8
-28 10 27 29
-11 -19 -35 -3
-1 4 -15 33
-7 -27 16 -9
-40 -24 -33 33
24 7 24 -6
-18 7 31 0
-18 19 -25 14
-22 0 6 -24
-23 -18 39 37
20 -4 22 14
6 -20 26 28
17 20 0 -28
-39 12 -37 34
34 15 -41 -10
-12 -20 6 -9
-11 -36 -11 2
-43 27 -25 22
-45 5 36 37
-33 24 29 -17
-5 -18 -12 -23
15 -29 -12 -17
-15 7 32 -3
-43 41 -28 35
-44 -38 23 28
-36 29 25 19
26 35 -40 25
-19 0 -29 -13
30 28 36 18
-6 40 -13 4
4 23 -34 30
-30 -26 1 -17
0 -23 9 10
23 11 3 31
4 -16 -31 19
3 -34 38 -2
6 -20 24 11
28 -25 -32 -6
-17 -17 19 -11
3 14 3 -2
-2 40 25 28
19 -34 38 -25
38 -29 3 -23
7 28 -27 32
-21 -5 -33 23
19 8 17 26
19 6 32 18
9 30 -1 -4
-17 -29 -4 12
-21 24 23 38
2 6 -4 -11
45 14 4 -6
30 31 30 9
47 3 10 6
-23 -17 17 -30
-20 24 33 -27
-31 11 0 4
19 -25 4 21
14 14 3 35
9 -36 -2 -40
-5 10 0 -22
-17 -1 -17 30
-36 -12 -19 -22
-23 23 23 -20
-40 -11 17 -29
-25 25 -3 -2
-26 -5 -6 -37
12 22 33 -20
18 30 35 6
26 19 -31 25
-11 -28 8 18
20 43 15 28
-44 5 -38 26
27 -28 4 0
-26 -28 -14 -20
-45 -20 -39 -1
28 -2 -4 0
-26 -13 29 38
-24 -10 -21 1
-19 26 -7 16
20 8 -9 31
7 -3 28 -37
-15 -20 -34 -31
25 18 1 8
31 28 33 26
-33 -22 -7 -7
-38 3 9 1
-20 -9 -11 3
-23 -12 -41 -40
-43 -11 16 -37
-10 -6 -37 15
46 40 -14 14
-8 -21 -31 -28
-3 -19 -23 -35
39 -16 -37 38
-5 -11 -32 -19
-31 14 40 -18
-26 -34 -11 -13
41 10 -1 -34
15 -36 9 3
42 -18 -11 -32
-18 28 -34 -34
10 38 36 -35
-19 -23 16 16
-26 29 -32 13
-27 -25 -29 32
-25 -32 36 15
-3 -19 9 6
-29 26 2 -23
6 18 19 -20
39 32 5 -8
2 -27 2 39
20 11 22 6
-10 -36 -18 38
-4 13 9 31
7 43 7 -20
30 0 -10 -12
46 19 10 19
0 -2 -40 -14
24 0 -5 5
-5 -10 -33 13
-16 19 -3 -6
-33 17 -40 24
2 -23 -24 -22
-34 -22 26 19
-35 26 29 -19
-11 -3 14 17
20 -9 -15 -37
-10 -7 0 -25
-34 19 -34 5
-21 36 -8 -1
-22 -20 -16 -25
-8 -16 16 4
-32 -23 25 -34
-43 -20 -16 -20
4 -1 22 40
-45 11 32 33
-27 24 17 -33
-37 3 -18 6
-13 -18 12 2
-32 -10 34 17
9 25 -13 -40
1 -18 -8 30
21 -12 -2 10
-27 -23 -38 5
0 36 8 1
29 29 10 -31
-25 -25 30 -36
14 -35 6 16
8 -28 -8 18
31 37 38 -33
-25 41 -33 8
3 8 30 -14
6 -10 24 -23
-19 -9 -30 -22
41 27 -35 12
-20 43 28 16
-6 -37 -4 -35
15 28 10 -35
-8 -18 -2 3
-11 -19 -25 -21
-14 -24 5 -32
4 -15 21 26
17 -22 25 -3
0 -37 -24 -5
-4 8 8 -22
-20 2 -38 6
27 40 -25 21
-3 14 39 5
-30 29 -39 37
42 6 4 -12
19 0 18 0
-7 39 -14 3
35 -28 22 33
4 -15 -13 -24
-31 -24 -16 9
-32 42 31 28
3 1 8 26
-5 11 36 -12
1 23 -22 9
-31 -9 40 38
18 12 27 34
-30 0 -3 -5
-8 -8 14 -10
4 38 1 36
18 -33 -24 -21
-32 21 -40 -26
-47 -3 39 -35
-8 33 -28 -29
-26 14 0 29
21 9 -39 -2
-25 -2 -21 32
-18 -32 -31 28
-22 -17 39 19
16 15 -1 -11
-35 30 4 16
-26 -26 -29 -29
-19 -13 5 15
-5 -14 31 -14
-3 11 27 18
30 10 -13 -9
-22 -29 39 -40
34 16 -11 -15
-29 6 21 36
34 0 1 -2
-4 31 19 1
0 -27 -20 -5
18 6 -2 31
8 -19 17 -16
43 -21 -17 12
-29 -7 32 -29
-2 23 -18 -35
-3 -23 8 -23
-28 -15 -1 10
8 43 19 38
18 -21 4 7
-8 17 26 29
7 -11 6 -31
26 42 2 -14
10 -37 6 6
-3 38 -19 -10
4 -2 -23 -2
37 -9 33 19
3 -4 -8 -16
12 2 0 1
11 -35 -19 3
46 34 -37 -13
-27 36 38 3
17 25 11 -2
-24 30 26 40
-7 -28 -34 34
9 11 15 -6
36 29 41 -13
-9 37 27 -3
32 0 -18 17
-7 -9 -13 28
-30 30 34 8
-26 -27 9 13
-33 -5 11 -15
25 -24 -39 -40
24 18 -34 -20
-6 30 -26 -9
-5 -25 9 27
-5 -2 -9 0
7 -25 16 7
-44 -6 22 34
-48 36 -42 7
-42 15 11 -39
-43 -21 5 27
27 3 30 39
-16 -27 -26 31
-16 -5 -42 -20
-41 2 -40 38
-19 -4 -30 3
15 38 -5 -40
-34 14 39 18
-38 0 -2 20
-16 -21 -7 3
-36 7 -13 -22
-31 -15 2 -24
-7 15 -1 -32
-33 9 25 -15
-4 -28 -31 -21
15 -23 4 2
-1 -6 15 -37
19 -3 28 0
-16 35 -36 8
17 -24 4 -27
9 -16 23 -15
-29 -18 11 35
-31 -14 -27 25
13 -31 21 19
1 -35 19 0
38 17 19 -9
-16 -18 -13 -39
4 -25 -16 36
16 29 -18 -39
0 2 13 15
-27 14 21 8
-28 -6 -26 -40
5 3 27 34
13 -28 -3 -30
49 31 31 4
-26 36 -29 28
5 -29 31 10
0 5 11 -4
7 26 -25 31
-26 8 6 23
-6 19 37 -28
44 17 -7 -11
-13 -26 21 18
-11 -21 4 38
7 7 -30 -26
35 -1 26 7
17 5 -33 24
47 -37 19 17
25 40 28 0
40 -11 -29 -36
-36 24 -31 -18
-19 -11 -17 -41
-38 -34 3 30
-31 -8 10 -8
32 14 -20 22
29 -2 -16 -26
18 -3 6 -39
-16 -24 -27 35
-12 -4 -20 26
-9 -3 1 -15
-28 33 -4 36
-4 0 -29 34
-25 1 -14 -28
-44 -32 -41 0
-18 -16 -6 -8
-1 -31 -27 -21
-34 -32 -19 -12
-26 8 -9 -34
-3 3 24 27
-33 31 7 -34
7 -8 -17 -11
-34 -23 39 -38
-25 30 -17 -10
10 -8 -25 -18
24 -30 36 17
-12 14 -3 11
18 -29 12 26
-10 0 2 -16
19 19 -13 -16
28 18 12 -17
42 -27 -14 21
21 33 -8 -22
13 28 -10 -16
-7 -36 17 14
32 -32 10 0
4 -17 -32 12
22 -33 35 -31
-2 -8 39 -25
-24 21 34 0
-8 33 11 14
26 20 11 -5
32 -7 3 23
-9 25 -15 31
45 -10 28 16
-9 38 16 36
51 36 -23 33
39 -20 28 28
-21 37 -26 34
-2 33 24 5
26 -27 39 -27
12 -24 -7 31
43 -3 -3 39
5 -25 18 23
43 22 -18 -20
23 -16 26 -1
13 -18 29 2
21 -11 -34 16
-11 29 -35 20
5 25 14 31
2 23 40 34
30 -9 0 -35
-8 -8 -22 -24
-19 -36 -20 -24
34 4 29 -33
0 -19 18 28
16 18 1 4
19 -1 -41 36
30 8 -21 -28
-45 35 -17 -13
19 -5 15 13
-47 4 -31 -31
28 40 -42 26
10 23 25 19
10 -3 -8 21
15 -6 32 0
-9 -23 -1 -7
18 12 31 -40
12 37 -10 -1
23 -20 0 23
-38 0 -15 30
-11 16 -33 11
9 12 18 -32
6 -23 15 27
-37 -10 -41 34
-11 2 -18 -10
-26 4 -32 -15
-39 -20 -22 0
41 18 15 -2
2 -19 -27 13
-23 12 31 3
-12 19 40 37
-31 -24 4 -8
-28 1 -17 31
19 17 -28 -30
35 16 20 -34
-10 42 11 -38
-28 -11 38 -17
-3 35 -35 35
-13 -17 5 28
23 -5 -15 12
41 39 32 -30
2 -9 -15 17
-24 -2 -18 11
-26 0 -17 -1
19 -21 38 -15
-25 13 -36 -14
3 -22 -28 -19
-21 6 0 -23
-22 -18 34 -40
29 -20 7 25
33 28 -10 4
45 24 -22 -35
-16 18 -20 -12
-26 39 36 -19
-18 -9 -31 23
20 -35 26 8
48 9 -34 -16
24 -20 32 -28
-25 -27 31 9
-1 -7 31 -31
-26 -2 -34 38
11 -18 10 14
-30 22 30 15
23 12 -4 -9
-46 25 -13 -33
-14 -5 -15 40
22 -17 -7 -26
-44 13 10 -20
-41 16 -12 9
27 10 -6 23
13 -31 -23 34
-12 -24 -18 -42
-32 23 -28 13
31 23 -14 13
-38 -31 6 6
-44 -2 3 -18
4 28 -29 -8
-29 10 -13 9
28 -12 35 7
4 4 17 0
4 -37 18 -8
-12 32 6 2
32 38 6 4
33 -4 27 -9
-1 -32 -22 -14
20 -21 3 -1
20 43 -13 -25
-30 32 -7 2
-5 -11 -19 -20
25 0 -24 36
11 28 12 27
6 -22 20 -5
34 43 -14 33
7 -20 26 40
-19 39 22 -21
40 37 35 -7
19 32 27 16
4 6 -20 17
-29 -21 16 38
41 -30 -29 -25
-4 -23 -10 37
26 13 7 -8
14 -18 -38 -7
-25 -2 22 31
24 -19 -37 36
-16 -20 21 -14
-4 -33 14 23
39 22 -33 -15
-20 -12 28 16
9 -15 22 39
37 2 6 -24
-8 29 28 -13
5 30 15 20
13 4 34 -18
18 -13 36 -29
-29 -27 1 36
-26 1 11 19
-8 32 34 -13
-18 -25 7 36
-28 -36 -5 40
-15 -40 40 0
38 14 -26 4
-36 -27 31 18
0 25 31 8
-12 -16 -14 -18
-15 18 -3 33
11 12 33 24
-26 21 23 27
-5 -22 -31 -34
-25 -40 37 -36
0 -32 -20 -22
9 0 14 -9
-13 32 6 -18
-22 -26 37 20
22 20 -15 -31
-26 -22 -11 -18
-2 9 29 -17
20 -19 5 35
-4 39 16 -16
-39 -18 14 23
16 2 4 -3
-37 -11 15 -32
-27 -32 32 -1
-26 0 -26 22
-16 30 14 -35
-12 -27 -16 -6
24 -11 -10 32
-9 11 -23 -8
-5 11 -26 9
4 39 -34 0
-34 -24 4 -26
-13 24 23 18
26 -28 32 -13
-2 11 31 36
43 -15 17 -28
1 15 7 24
29 -38 15 -20
34 -26 -27 -8
-31 -10 -15 4
9 -1 21 -5
-1 16 2 7
-30 24 20 -17
-6 -38 -38 -15
-13 34 -12 37
14 12 39 0
28 -17 41 0
8 33 4 -8
-17 7 14 7
21 27 7 28
12 34 35 13
20 32 -25 15
7 -2 26 31
4 -38 20 26
49 25 -36 21
23 -16 2 1
31 -31 -32 -3
13 -27 -9 -9
46 -29 -7 17
0 -28 -18 -35
31 0 40 40
-2 11 27 30
-24 27 -33 -15
-10 17 -16 17
7 30 21 -41
0 15 -5 17
-24 22 -29 37
-25 24 15 -39
23 15 -15 -17
-41 -14 -29 30
-17 -6 -3 -22
-25 -12 19 18
-6 6 15 27
-9 -19 27 -40
-10 -6 -26 13
-14 31 -13 36
31 0 0 27
-28 39 -10 -7
2 -36 1 -10
-1 31 -27 23
6 33 -29 -3
-34 -12 38 -23
30 10 -4 -24
-27 -36 -11 -18
-22 -7 -7 -3
-9 14 8 7
-10 36 0 17
30 -15 0 12
16 0 19 24
34 -10 3 -26
20 30 -24 -13
35 -15 -4 38
43 -4 -4 -29
-7 6 -33 -33
13 -1 29 1
17 39 -33 -31
36 -13 -2 -42
0 -15 21 -39
2 -11 -25 1
23 -35 -19 -24
46 9 10 -14
28 -17 7 -26
45 -15 -9 13
11 18 30 30
-14 25 -19 14
51 32 8 -22
34 28 14 22
-25 -12 -6 -18
20 -18 19 4
27 0 -36 -21
-2 -13 38 29
42 -42 -34 -26
11 -8 -33 -37
31 -33 -11 28
-26 -29 39 -2
25 25 -27 -23
26 35 31 18
-2 -22 36 15
-9 -43 -14 -18
11 30 40 25
2 6 16 -34
4 -14 -33 18
-34 -2 30 24
17 -31 36 39
-5 -21 17 14
31 -3 -34 39
13 33 -14 -10
-32 -12 -31 -35
-6 30 -38 -10
19 35 0 21
27 15 5 11
-38 -35 -27 -5
-27 31 -23 5
12 -1 36 -2
21 22 -22 1
28 -29 -5 28
13 -28 5 -40
-17 -1 -26 -2
-39 24 0 15
26 -20 9 12
11 -15 23 -16
-19 17 37 19
14 -21 -1 7
-29 40 31 3
-6 -26 -28 22
-31 6 36 30
38 20 -29 26
-13 -17 -32 -23
-26 -24 -18 -23
-13 -24 0 32
-10 -37 -5 -8
23 -5 16 -31
-28 -21 -14 -8
42 13 5 30
8 24 -37 37
-17 -8 -3 6
7 -18 35 -31
14 -20 -16 17
13 28 -27 -26
-11 -31 21 -41
26 26 18 14
40 -26 -33 18
-31 10 8 -43
20 -29 -36 -3
48 34 -37 -2
-2 15 0 -43
45 -31 9 -9
16 1 15 -43
48 -32 42 -13
38 -12 1 7
15 -9 -8 -38
0 -28 25 -40
32 3 21 -39
32 -2 -20 -39
-13 -24 6 7
53 -34 -25 -13
47 4 -35 -30
-18 -18 13 12
43 9 23 -41
-4 3 5 3
18 -23 31 32
3 -25 27 9
40 -41 40 -36
-23 -15 2 3
-1 38 -21 -20
9 -13 2 3
29 24 -36 -12
-38 -8 19 1
-23 -13 -37 9
-32 -42 -25 -38
-27 -27 6 2
-36 -28 -30 13
-26 -14 -28 23
-31 -40 29 4
-36 -19 -15 -12
-13 5 23 -17
0 -26 -22 -5
-7 -39 40 20
-34 32 18 -24
17 23 -23 14
-7 -29 6 31
-16 -28 21 -13
-9 11 22 34
15 -35 -21 -16
23 43 11 -14
-26 2 23 29
34 31 -22 -3
-33 41 -39 13
44 -31 -25 -39
30 -25 6 35
11 0 0 35
-14 -25 28 -2
-18 -38 -28 -32
-11 -27 -32 -17
8 25 23 -26
30 -38 5 -9
-34 32 11 22
-21 -36 31 26
-33 -17 38 -29
-13 -26 -9 -22
-32 -17 -24 -6
-2 2 -21 -2
-9 -19 -31 35
-30 -25 36 36
-6 -42 -13 31
0 -47 29 -26
-16 19 -2 -29
21 -43 6 32
-26 6 -25 -32
50 27 41 14
-23 0 -36 38
56 -14 -26 30
-9 -29 25 -28
-4 -47 -37 -23
-13 4 -27 -28
33 -21 -5 -23
15 18 32 -31
48 -4 42 -32
18 -17 4 5
44 32 41 -40
-31 -24 32 23
16 26 0 15
-33 -28 17 -39
-4 9 29 34
28 -41 25 5
14 30 37 8
41 -31 -12 -34
-16 38 -27 19
25 -18 -16 19
-11 40 37 31
39 24 13 -11
12 -32 -24 6
-9 20 29 -32
-9 -39 -8 0
-42 8 1 -9
5 -6 36 33
32 17 38 -3
36 -38 26 5
34 -36 33 1
-36 -31 36 -5
-37 30 23 -7
23 -18 38 -17
16 14 -39 -11
-32 15 1 20
-9 -32 -22 -4
7 14 35 -32
34 44 6 18
-17 -26 -28 37
15 22 -6 18
-27 -35 8 16
-16 24 -4 -21
-10 -6 -13 -39
24 -1 -7 -34
4 -30 -12 29
31 25 -37 -26
-17 -39 34 -7
-31 -20 5 -19
8 -30 8 21
-20 24 22 31
-3 23 -3 7
24 -31 -10 -17
31 -48 6 37
17 11 7 33
0 8 -23 20
-16 -10 -7 -9
21 -15 35 -8
-19 12 -28 32
28 -29 -4 26
38 -23 -19 -38
32 -1 -3 18
38 11 29 1
4 -3 20 -14
14 -45 17 33
19 -48 16 -15
45 -49 -26 0
24 -48 28 -25
-18 -40 -21 30
-27 4 -35 32
15 6 -10 -19
24 25 29 -24
4 26 -25 -25
29 18 -37 -12
33 3 0 6
2 -11 40 28
41 19 2 0
17 -1 20 -23
36 16 -2 36
-34 29 -16 -6
0 14 -13 -11
13 6 -22 -1
-27 -36 -39 -2
-38 -34 14 12
-16 -1 24 28
-8 -11 -14 34
14 -8 5 29
-35 -18 17 -33
-4 2 -14 1
-42 4 25 -7
11 -34 32 19
22 22 -25 -37
-20 21 -22 -25
-32 7 -18 -41
5 15 -37 -10
-12 7 -23 -18
-18 -17 8 21
3 0 6 39
-3 -12 -24 28
7 -20 6 36
15 -25 -26 27
-22 33 -14 -14
37 37 -12 -40
29 -8 1 3
-4 -20 -28 -43
-18 -5 35 33
18 -40 -4 35
18 35 20 -35
39 0 -26 8
39 -33 10 -18
-14 -9 24 -15
-14 4 -29 -35
-15 20 6 16
22 -16 28 -43
21 -4 24 -2
-22 16 27 -9
49 5 -24 -46
23 -28 -15 28
-19 -50 14 -43
-11 -48 -14 0
-7 -48 31 -36
29 20 -3 -43
57 -49 -11 6
-9 14 -15 19
1 24 2 -3
61 -4 17 17
32 -2 -3 -27
-2 12 20 -12
0 4 -30 -18
9 -17 -29 -7
44 -11 -32 0
-18 10 34 2
23 -48 -16 -25
-10 -3 -26 30
0 -39 26 13
36 -11 28 -14
36 30 19 -24
-7 -17 1 23
20 13 29 -30
32 30 -11 19
-14 -17 32 -30
-38 15 17 33
5 22 -30 -27
0 0 35 -20
-7 20 34 0
-25 -13 -35 -2
14 -15 -30 -26
-35 37 28 23
-30 18 24 24
-22 21 1 -7
0 31 -6 33
-17 4 -39 -2
20 23 31 33
8 1 -17 -6
-32 10 21 24
5 31 -8 5
26 1 -5 35
44 31 40 18
14 11 -37 -19
32 14 19 26
-10 12 18 -3
-30 -28 0 -24
6 -6 12 14
-19 16 -10 -1
35 -18 -20 13
34 -38 28 -21
-33 -30 1 -9
35 32 10 -11
26 -23 25 14
20 22 -8 1
39 -31 -9 -12
31 -47 -16 -9
-27 -47 14 31
17 -34 21 -12
-25 -10 24 7
18 -32 9 -28
36 -5 0 16
6 0 -20 -25
-8 -25 3 10
-22 17 -8 21
11 19 32 7
36 -58 10 7
26 -18 -16 13
-4 8 28 11
12 -22 34 -33
48 -19 -20 -33
-4 3 31 3
20 -4 25 -40
21 10 -14 20
42 -46 -24 -43
14 2 -10 -43
44 -5 -14 -34
3 -2 9 -40
29 -6 -31 18
-14 -27 0 -20
18 -6 18 7
-4 -14 13 19
-34 -8 6 -25
-36 -3 38 -39
-30 36 17 7
-10 9 10 -12
-21 -36 39 28
12 -38 31 -21
5 40 19 -15
-1 21 2 -27
30 -10 5 0
-29 21 -6 -16
-41 -10 -19 -14
22 -4 11 -32
-32 16 37 25
-21 24 27 20
-26 -21 7 -5
33 3 -16 7
-30 -7 28 -23
-13 0 15 -31
14 -30 31 -28
-3 -34 1 0
36 29 24 -34
11 -32 -18 17
25 -18 -21 4
-37 2 -2 20
-17 28 -35 22
-36 33 -5 -12
36 3 16 32
-28 -19 11 -8
-21 -23 38 21
37 35 -21 -6
22 -1 -21 22
8 -1 7 -41
15 -30 -4 10
-12 10 43 15
36 -40 -8 -17
35 18 -17 -22
-33 11 26 -32
40 -18 -17 0
3 -25 37 -13
35 -39 33 -29
-1 10 37 -48
27 -22 -14 27
47 -14 42 -9
62 -5 3 28
17 -36 40 10
62 -10 43 -39
-12 -12 -1 -46
48 -22 -16 -33
-9 -21 -24 -25
6 -8 34 12
7 15 32 -36
37 -49 8 -22
28 -4 -18 4
-14 -24 -4 29
26 8 -24 -1
32 20 10 1
-23 1 -5 15
22 22 40 35
-16 16 0 10
-11 15 10 7
4 -6 -7 14
0 27 -25 21
-28 -33 -13 -16
-22 -7 24 -17
21 42 12 -31
-15 -7 5 22
16 30 30 -19
-32 12 -31 -39
32 -8 -23 -3
-19 15 32 12
38 -2 37 -8
-19 -33 11 27
5 -9 -34 14
-28 9 15 12
39 -7 38 34
42 -30 5 -11
40 -35 13 35
-33 46 15 -28
18 -19 16 25
21 24 -19 29
-34 -8 -34 34
0 8 30 -40
11 32 -1 -15
5 32 9 -37
-7 -2 23 -30
0 40 15 2
35 -17 13 10
29 -21 -27 -6
4 -29 13 -5
-17 35 22 -39
39 -36 -3 4
-18 -3 -24 3
13 -47 33 -39
-2 -20 39 -2
-4 -2 6 -15
-18 10 44 15
-33 -39 22 -21
18 -7 2 -24
-16 2 37 -17
-28 -45 32 -4
42 -17 -26 -42
35 4 -7 18
46 -7 -22 -24
53 -10 44 -17
58 7 16 -25
10 -59 26 20
7 -1 -22 0
66 -7 -10 -42
15 21 44 -24
-13 11 45 30
41 26 1 20
-8 -14 39 -23
37 -24 -15 17
49 24 -21 -22
-5 -13 0 3
18 24 -13 21
23 -1 -14 31
46 -7 21 -38
-9 2 13 9
-16 17 -22 -29
-18 1 -8 -36
-5 -1 33 20
-32 38 28 -24
21 -32 19 2
33 4 -24 -5
25 -21 -18 0
22 0 44 22
-34 20 11 1
-19 -34 -9 16
-33 29 -12 -33
35 5 29 -15
5 -35 1 -21
0 -12 -14 -17
-30 -1 29 -16
-18 4 -26 -8
-2 25 10 -10
-2 -6 -2 29
-23 3 36 -46
-28 27 12 33
-6 -17 -37 -20
-8 -18 10 -23
4 -24 -34 -9
40 9 0 15
-34 -27 28 16
16 8 39 30
39 -13 25 -47
35 -26 1 -22
40 -3 10 17
6 39 19 -11
-2 -31 19 26
-18 -19 -13 30
34 8 -20 -1
10 -35 -20 -26
-19 -17 -3 -27
-36 -44 -29 -27
-11 -16 -9 -14
-21 -50 22 13
18 12 40 -2
-9 22 -29 29
25 24 33 1
60 -9 2 -26
-6 10 -16 22
22 12 40 30
53 20 -28 28
-1 -52 35 -30
6 -14 50 21
9 -33 6 -4
0 15 26 23
49 -40 -14 -27
4 20 15 7
-10 -3 -1 18
-1 -41 50 -27
-6 -14 -22 26
-21 36 9 12
25 5 0 -12
42 0 -7 1
0 22 -3 31
-5 0 -20 36
36 41 34 -43
18 1 -5 2
-31 -35 9 -7
22 -8 18 3
-32 27 -26 21
33 23 22 -35
19 46 -16 29
16 -21 9 -10
23 29 -3 21
-20 27 39 -32
11 7 -37 9
26 40 -3 -32
-38 -17 4 -35
-36 -4 41 -27
0 39 22 10
-4 19 -1 -6
-24 -8 12 -12
33 4 -11 -3
5 44 -12 -11
-11 31 32 -13
-5 30 -30 -25
3 -8 -38 -21
23 -20 29 -40
30 34 -19 -24
-14 -18 15 -39
26 51 36 -28
34 -27 6 -11
-39 -8 -26 13
-29 32 14 32
-33 15 -2 17
11 -20 12 -6
5 -7 0 20
8 10 -16 -19
-9 -21 35 -30
-26 -17 26 9
-33 -22 12 -12
39 -1 -16 5
14 -1 35 -49
-17 -2 33 3
44 33 -20 -31
8 0 37 -15
19 12 0 -9
36 -32 21 -25
-1 -15 -6 -21
0 13 37 -13
66 10 34 13
34 -14 -29 -48
71 -21 -21 3
-7 11 -20 0
8 27 -16 -45
3 -43 30 0
24 20 30 -7
42 36 -13 -44
44 30 -25 0
17 -33 -3 -13
29 -37 31 -32
-9 -23 -15 23
24 -9 12 -8
34 -33 -16 -6
36 -22 -16 38
21 44 -27 14
-26 -21 -17 20
4 -1 -21 -34
27 40 22 26
-22 -28 29 -27
8 -27 -2 -29
-3 2 30 -24
-1 -6 8 24
-5 -18 27 9
33 -30 29 33
4 -28 7 -12
-6 2 -13 -11
-20 31 8 -1
41 30 -23 -16
-38 16 -37 19
38 46 40 -29
33 -29 34 -10
2 32 -35 12
4 0 2 22
20 29 -5 36
16 23 -28 30
-7 7 -7 -19
-15 -25 -36 16
5 -3 39 -38
13 -23 20 -18
-26 27 -3 1
16 11 23 -16
19 51 15 -2
-41 19 10 -37
-35 -22 22 2
-29 33 -4 9
-21 50 21 18
23 43 7 14
21 0 8 -1
14 -14 26 0
-12 17 14 -6
-7 40 17 -16
33 36 19 -8
2 35 -31 15
-31 -13 36 -12
-15 49 22 -23
8 40 0 -44
52 0 -37 -26
38 -2 -32 -41
48 -6 5 1
29 -10 -9 -28
72 -23 -22 33
69 12 -37 -9
20 5 -31 -9
32 0 -3 -40
30 40 -3 -40
-25 17 39 -13
53 -18 -20 4
37 42 10 -33
17 24 -17 -18
16 14 -32 -17
-34 -12 -13 7
-32 -11 -9 -18
12 27 -19 7
41 34 41 4
-30 27 9 -24
14 -5 -15 -27
-27 7 25 1
-10 -28 11 -37
-16 24 0 -36
-10 40 20 7
18 -8 -3 7
-41 4 3 -25
29 2 6 24
-14 -32 28 -19
28 11 36 6
-21 -4 32 -19
-16 -34 -17 20
31 25 -16 -33
22 -1 23 15
-33 21 4 8
-26 28 22 21
-7 35 0 26
-12 48 33 -39
-30 10 30 -27
15 47 -11 17
6 -15 -12 -15
-34 11 27 30
-20 41 -24 -19
37 58 -10 -42
6 6 3 -32
-23 13 -16 -2
-29 0 36 35
-46 68 -21 13
32 71 28 24
-39 -1 30 -37
-16 -1 -28 34
31 28 -21 -20
-25 77 35 -13
24 0 -40 34
-7 79 -9 -13
-32 52 -41 -25
33 6 34 26
26 78 19 -40
33 31 -3 -16
43 16 29 -39
2 2 -34 12
32 4 -24 -40
11 10 -23 9
1 20 39 22
36 1 -37 -9
39 23 -6 22
12 -12 -20 25
58 30 -35 35
1 -14 -21 31
-15 -15 -37 -28
-5 27 -15 19
44 23 16 -18
23 33 -4 -23
32 3 -23 26
43 -34 -2 -26
9 2 36 7
32 9 8 -38
-32 -15 39 16
16 -34 -20 20
-38 -35 -20 34
33 8 -25 -38
-13 28 23 3
-8 37 27 -37
-34 26 23 18
36 36 1 -16
24 25 -12 -4
31 -31 28 -13
36 34 11 37
-4 0 28 34
17 45 14 -21
-26 11 25 -33
-39 -6 -37 -27
27 -30 0 10
-11 -16 14 -14
-19 28 -4 33
6 35 -11 11
-2 5 26 -35
-17 9 -12 -11
26 32 27 -19
4 36 -30 -10
31 14 25 23
-26 19 -21 -28
-42 16 -10 -32
-19 33 -39 11
22 34 26 -40
18 64 2 -37
-41 46 -18 18
-19 65 -10 36
24 55 -23 -5
1 66 28 35
-25 37 4 -34
26 51 -42 9
15 15 -34 -6
-19 19 -27 -37
10 30 -4 38
13 87 28 -34
35 56 -36 -20
16 22 -24 1
2 7 7 -38
47 20 -27 -7
-11 58 6 33
26 24 -43 38
64 19 -2 19
-2 -1 17 -42
-17 -18 -11 35
-4 -26 -16 -4
14 44 13 11
20 4 36 -4
8 -29 7 -32
-33 -33 -24 0
-25 -19 -26 17
36 -14 32 9
17 12 14 -32
6 43 15 -38
-9 20 -21 -28
6 -19 -10 28
40 1 -11 6
31 -32 23 38
-20 -23 6 -1
-5 -26 -32 -37
7 -24 -37 28
21 -27 20 2
-16 2 -16 -7
-11 -31 1 25
39 12 0 -34
-2 23 -24 7
-3 -18 4 25
-42 -28 32 -27
41 34 19 -20
0 35 -19 -30
-36 38 -26 -34
0 31 -1 40
-39 -6 -22 37
-34 -9 -38 14
-22 -23 -41 6
28 14 0 -22
-7 34 -41 6
-34 19 -7 20
-6 16 39 -22
-2 -12 -18 18
30 32 -15 -7
-15 13 14 -18
11 44 -16 16
25 47 21 38
21 -6 33 -34
0 38 4 0
-40 18 26 15
12 44 11 11
-17 77 -26 5
-48 37 -22 -33
2 43 -38 -28
-49 47 34 -10
11 81 32 2
-30 47 -44 -34
-24 75 23 -14
5 31 -20 -30
-6 43 -41 -22
25 44 5 -20
27 68 34 14
22 36 -36 -2
-4 -11 -38 13
-2 0 2 7
4 26 -28 36
-19 37 -32 23
50 -11 -17 26
18 -3 -17 21
-21 40 -9 0
26 11 -3 29
-35 40 0 -2
26 36 -33 -4
-30 -35 21 -4
7 5 -16 19
42 -31 -7 15
39 -28 19 22
-7 15 -22 23
4 -22 37 14
-15 -23 -15 33
-11 -18 -33 -10
21 -4 -16 -30
-14 -8 32 22
28 -20 32 22
2 -22 38 18
28 15 -9 -15
4 23 -23 -37
-17 -21 0 8
-4 25 -29 -37
-6 -25 33 -28
10 -16 1 1
32 -21 0 -13
-3 -7 -19 -13
28 11 25 35
-13 1 -29 14
-37 -3 9 -36
36 -15 4 26
-19 -24 16 37
16 5 -9 15
-24 20 -3 34
4 -26 -20 -8
-32 -11 0 -37
-18 -18 -22 -16
-21 50 0 -29
-8 33 32 42
-13 43 -2 -32
-16 35 35 -3
-31 23 -45 37
-15 32 -7 -15
-40 -3 8 22
-14 69 31 25
2 17 30 5
-6 26 -15 -26
0 35 -44 -11
-14 18 -3 28
25 25 -31 -8
-39 18 9 -14
23 25 32 -4
3 17 5 24
-12 23 -40 41
6 38 17 36
-3 22 -23 40
-2 46 -7 -22
-23 -13 -23 29
51 14 4 37
-23 26 -28 -26
-10 9 -17 -29
-25 -4 -3 29
37 -16 1 -25
38 -25 -6 17
7 -10 -4 -2
-15 3 30 6
-25 5 -3 -33
20 40 -7 11
30 35 -11 20
-6 -19 19 22
-17 -29 20 37
26 -6 -27 -22
-26 30 10 9
2 -28 3 -24
9 0 -32 -41
22 -33 14 -7
16 22 32 -41
-5 17 30 35
-33 -17 12 -7
-39 21 1 -7
12 7 2 -29
16 -11 -9 -7
18 26 27 19
18 -34 26 1
-36 41 7 17
18 16 3 33
7 20 0 9
20 -17 -30 3
-25 -21 0 36
3 13 4 -19
-27 22 -19 -11
-12 34 -8 5
-38 3 -26 -28
-15 -9 -10 -13
12 -21 26 -10
20 -27 -10 9
-13 -9 23 0
-13 -17 36 -18
34 27 -6 24
0 58 16 -3
-13 36 -2 1
30 31 32 28
-10 65 -24 -34
-42 55 -29 43
-38 65 12 32
-28 17 -37 43
11 64 14 16
-26 33 -23 -8
-19 67 -16 15
9 56 15 -1
26 17 21 -7
-2 -1 -14 -2
-36 7 20 37
11 41 -40 9
-25 -10 -15 7
-26 16 21 20
-28 54 -27 28
34 12 -40 -26
-24 52 12 0
18 27 20 18
0 26 8 -22
41 25 35 35
-7 24 8 27
23 47 -22 14
-3 10 -31 -10
-41 -21 -26 -39
18 8 -33 36
13 6 -27 -29
-38 31 -6 21
39 41 2 -4
23 -21 -16 -29
33 41 -17 -23
-31 1 35 0
14 7 12 -11
-39 40 -8 26
-39 29 16 12
-11 1 3 -27
20 -8 -24 11
-17 27 -22 29
-3 13 -9 27
-8 6 -36 22
-32 -24 -13 -36
-11 -1 28 -34
4 -23 -38 -1
10 25 0 -28
-37 31 -6 6
-9 28 -22 -18
-21 32 11 26
-8 21 17 24
35 -22 -12 -9
-32 -29 13 -25
12 -18 31 4
17 50 -14 35
5 -12 10 31
0 40 8 -25
-34 40 -25 -9
25 -17 38 -16
28 53 -17 -3
-33 43 -31 25
-4 22 -15 -30
-18 -1 -41 -33
-19 16 16 39
7 63 -14 25
29 56 25 -28
-21 8 -2 10
-27 -1 21 40
-29 14 5 -10
-38 40 -4 -17
-10 6 17 -11
-36 13 -31 41
-14 24 32 -17
0 53 -21 -28
-36 17 35 -37
24 -5 31 13
35 6 20 -34
0 21 27 37
13 45 -37 14
32 31 -10 13
-17 6 -35 4
-15 3 -16 17
0 -13 -28 17
-11 38 39 33
26 -1 22 13
-2 -32 7 28
6 7 11 24
-18 22 26 20
0 6 -29 32
-26 -21 -7 -13
-17 11 -19 -20
-14 8 -26 -34
-33 -19 -18 11
-31 -31 -29 -9
15 -39 28 39
-20 0 31 0
31 34 38 -35
-9 -22 41 3
-42 -22 35 28
16 13 -21 -23
-3 -14 30 12
-21 19 -20 -23
33 23 10 27
41 -11 -1 16
-24 -19 29 -5
-11 45 13 29
-18 -28 -11 35
-6 17 -11 12
0 2 27 24
-18 44 -35 -14
-14 27 21 36
-31 15 23 15
5 28 -26 21
-35 -22 24 27
-29 47 31 -13
10 45 0 0
-9 -15 31 -35
-2 -25 -10 -17
-5 17 -1 0
-17 15 31 16
-36 -3 35 -20
-42 22 7 42
-29 -10 -36 32
11 56 13 -31
-11 49 9 39
11 -19 -23 21
-6 -8 -27 39
1 -9 33 30
12 -10 32 2
-34 14 12 -20
-21 56 2 -7
17 -12 0 28
43 46 36 -34
3 -21 10 7
38 15 -33 7
39 2 -27 0
-18 29 8 -38
0 25 -8 23
18 40 6 -39
1 6 -20 37
32 12 37 -20
-31 -4 -26 1
26 6 -18 16
6 9 34 -43
-2 0 -15 -40
-25 38 -26 -37
6 -22 -37 9
-27 4 7 -6
29 4 28 -8
-16 -7 11 19
0 -4 -22 -24
-8 18 25 0
-29 -27 -30 -2
-19 13 -9 -20
-21 16 -1 4
-21 21 20 -33
36 -16 3 -14
-38 28 29 16
-13 4 2 34
28 -18 41 -3
-17 -12 14 -24
-28 19 -23 -15
-26 -30 -12 -7
26 -4 -38 -6
34 -36 23 33
39 -12 -13 7
-8 -8 16 26
-19 33 18 35
-34 -33 16 12
-36 7 -3 6
-22 1 -39 28
14 32 -16 -7
30 18 13 -35
-3 -7 34 37
-40 17 33 34
13 -31 23 39
20 42 -23 -2
8 6 34 -21
4 8 0 11
-26 0 -20 32
-13 53 -42 33
33 37 19 9
34 31 0 -11
-30 -18 22 5
-26 -19 26 -15
19 -21 -27 18
-33 6 18 -18
21 28 23 -13
-4 14 -17 -17
36 -25 32 16
-28 -22 30 33
12 3 11 -15
-24 34 6 38
-35 8 20 -4
1 8 -7 -1
17 -27 -7 -4
-36 6 -13 27
20 -28 11 -6
-41 -11 38 -6
24 -23 -37 -1
32 22 -19 -7
-14 -13 -23 26
-40 45 22 2
29 16 -4 -16
7 -36 -2 -16
-40 32 -18 7
25 15 -9 22
5 -22 15 -12
-29 -13 -23 14
-14 -23 -29 12
-24 12 -20 -7
11 4 -32 15
8 33 -1 17
7 13 15 25
-37 36 5 13
-40 -3 -33 0
33 -18 22 28
9 -10 -3 -43
-29 3 12 6
10 -9 21 -28
14 26 -36 -7
-36 -13 -4 35
10 -22 8 1
10 -2 -38 -27
14 39 -32 24
22 -19 7 -1
-2 42 -7 -5
9 -36 5 11
-28 -21 -5 -32
-4 38 10 35
-31 15 -14 8
34 35 34 22
-28 18 16 5
4 44 -41 -38
-24 -27 37 -16
11 -17 -14 38
-16 22 22 -31
-29 -8 22 28
-11 1 -3 0
-39 -6 -24 28
7 -24 -37 -15
-16 27 -18 29
-34 -16 -4 -2
-31 -27 -13 43
-15 25 23 10
-36 -4 18 7
36 -9 12 13
-19 23 -18 21
10 -2 -18 34
-1 9 -2 36
35 16 36 42
40 -12 35 15
-24 -9 -29 -5
-25 -24 1 -13
-6 -34 -11 -13
14 -32 -39 7
27 12 22 -15
-4 41 -39 37
-24 25 7 -18
-17 24 5 -7
20 38 -33 -21
-8 5 -35 -24
2 19 0 34
-44 34 -7 -6
-34 -7 0 -34
-37 21 -24 -31
32 29 15 -3
27 30 27 -21
-45 -28 35 20
-30 23 29 17
0 -15 -25 -30
-10 25 30 -3
-22 -1 5 -8
24 -34 17 33
-42 29 24 -34
31 25 35 32
25 -21 5 0
10 -21 -38 21
23 -27 16 -13
32 -31 -26 26
-16 13 -22 -6
-34 -32 39 37
0 -15 39 -32
16 6 19 -27
4 44 -19 -35
38 -18 5 35
7 -6 19 -16
-25 -31 12 -13
21 -2 -17 -1
-31 18 -22 30
18 -6 9 -34
0 1 -6 -8
40 -18 -40 27
-20 -29 -36 9
-35 34 37 -17
-37 -2 2 -3
-36 20 -25 20
38 -15 -22 -30
-11 22 -8 0
-20 -21 -42 8
-9 -25 -1 -36
-20 35 -6 -32
40 34 26 9
40 10 32 16
7 22 -17 2
-35 -1 1 -18
-29 28 -34 -10
21 -38 12 41
-31 14 -34 -16
-9 -11 -35 -9
24 -11 -5 -20
-1 -25 -6 4
-37 15 2 36
-32 -12 36 9
-4 -29 13 -16
31 -25 -34 -29
11 -10 25 35
9 34 -15 17
25 41 -37 12
-24 -2 -36 26
-20 25 20 6
1 -26 32 -34
-25 37 -31 33
-17 1 1 6
-15 9 15 4
-39 -33 -27 -2
-10 13 -26 -36
-33 37 -19 -25
9 22 36 30
-10 21 3 17
36 -9 6 14
15 26 7 3
-29 -21 -17 6
16 17 -20 -7
-30 20 -21 8
-44 -9 13 36
-19 -10 -25 28
-15 5 -33 -6
-38 20 12 0
31 5 -21 -33
31 42 12 33
-35 -26 -18 42
-33 -34 25 40
-36 10 39 -14
22 -17 24 24
4 -10 -18 -38
22 14 13 25
-36 5 8 -26
-23 36 21 8
27 40 27 -37
10 23 27 -13
-19 -6 -1 -10
-6 11 15 -15
29 -32 -19 -9
33 -35 -31 16
-35 -11 3 0
41 39 -5 -3
-3 -5 -31 -3
25 -7 1 1
10 12 -7 2
6 22 19 -4
-23 -32 23 26
-4 -38 -41 -2
-32 5 -2 -11
-34 -20 32 18
8 38 2 -3
-36 27 -8 17
-36 16 40 -24
45 6 20 -36
-12 -14 19 -4
-12 19 -4 -30
43 -23 21 -2
-24 -16 -41 38
-32 -35 9 -36
25 29 -10 17
11 34 -1 39
14 -21 30 10
-2 0 -5 31
-37 -25 22 21
32 -14 31 30
-44 4 1 -20
29 22 -39 30
-29 -27 -15 -21
-21 -7 17 5
-40 20 33 22
-42 3 -17 -2
4 -17 16 -12
27 35 0 -21
-2 17 15 -27
22 -39 15 30
0 0 29 -1
3 -9 -18 -40
-34 -17 29 -37
-4 -38 5 -29
21 5 -4 -34
33 -18 5 4
-5 -21 8 18
-27 -5 -7 -37
0 10 -31 -37
27 16 -24 10
35 -34 -6 18
29 33 -31 38
36 -5 24 31
-21 3 39 -37
16 -3 -38 -37
21 -33 -20 11
28 -24 -14 6
23 1 21 23
-2 4 8 -28
-21 -34 -27 23
8 39 -28 23
27 26 31 9
-8 5 38 -15
-21 37 -26 20
-7 3 36 -22
39 20 -37 42
-27 15 -3 2
20 9 -38 -12
-1 -40 3 -31
32 24 -13 -2
29 -31 32 27
31 9 19 0
43 -38 -23 -3
25 -30 39 39
38 -32 -33 -27
37 1 -29 30
43 31 39 -22
-20 -21 19 -17
16 -32 -2 -28
-3 32 26 -28
0 -35 -38 38
14 8 28 -5
-11 -23 -21 12
-42 35 -19 -28
-21 -39 -10 41
33 -27 32 23
27 35 32 -21
25 12 -2 11
33 -28 0 31
18 11 12 -31
-20 -16 38 -26
22 -6 23 -13
0 -8 -17 -28
-22 38 0 30
-7 -21 -32 5
-9 34 10 -15
17 -18 20 -9
27 36 29 -42
18 -9 19 -21
-22 -21 8 36
19 -24 -29 -31
-30 27 34 -21
-15 23 23 33
-8 -34 -32 -10
-38 28 27 -11
-5 20 -17 -35
-34 33 5 -2
5 -20 -34 2
-8 39 1 29
-13 0 5 -17
39 32 -24 -20
-34 -18 -19 -28
-24 -14 -9 14
-26 -15 -9 -33
-13 8 -7 16
1 23 -24 17
22 -14 -16 15
-31 8 33 9
38 1 28 4
-11 27 -3 36
-20 -22 8 -25
26 29 -26 -39
-1 16 14 13
-7 -17 24 31
42 -41 40 -2
-21 25 -7 16
-5 5 0 6
15 -6 -39 -25
-9 27 40 6
25 -9 -35 15
31 33 -7 13
41 -44 16 -38
26 -44 32 -39
38 1 10 25
-31 -18 -8 -20
2 33 7 -28
5 36 -24 -11
-35 -16 2 -5
-4 -16 -32 36
-12 3 -36 35
25 -9 -25 -18
-2 0 -4 -33
33 -38 9 19
35 12 -2 36
-34 -4 35 -22
13 -3 25 25
-11 22 -13 3
12 -36 18 19
-29 26 11 -24
-37 14 40 7
-24 15 10 -25
-41 -33 6 -28
-23 -39 -40 14
-19 0 11 36
-14 20 9 -9
-11 23 -6 -18
-37 -2 34 -35
22 20 35 16
28 -27 -4 34
21 15 6 -25
29 38 34 16
-5 -35 -16 15
4 18 -13 -4
-34 -14 -30 -28
34 -9 -25 20
3 -41 -34 -40
-6 13 -30 -27
16 -27 -31 9
-38 24 32 39
-24 -3 16 25
16 10 -3 19
29 35 24 0
-17 17 9 -20
37 12 0 8
26 -20 -2 12
3 13 -29 34
3 -21 -14 -10
-32 19 -15 -32
-28 -16 -16 31
-29 31 -35 30
-4 -6 27 31
-3 5 -6 -14
-33 -40 -16 33
44 -22 6 42
-31 31 -11 6
2 14 -31 25
36 -38 -7 40
-25 -24 17 1
-32 -30 8 19
42 24 6 -19
16 -4 19 25
9 28 27 37
-18 -11 3 37
34 18 1 -37
31 -32 -13 31
16 -8 31 39
43 28 0 15
35 -45 -39 3
24 -23 9 21
27 -36 -11 -9
39 -2 -32 2
13 9 -30 27
2 6 -6 -21
8 -37 -4 27
21 35 4 -6
-41 15 28 -38
10 -18 -26 -2
18 7 -2 31
-26 -19 -32 -16
29 -21 12 -36
32 9 -26 32
31 0 -32 -10
33 17 18 8
-20 -21 -20 20
18 -11 -36 -37
14 32 -27 25
-1 -18 -4 -22
26 19 8 2
-10 2 -31 27
16 39 38 38
34 -19 -29 30
-4 0 -16 3
-3 8 -3 21
34 -42 28 0
13 -18 -37 -33
-17 -31 -10 29
-1 -27 32 26
19 -34 -14 22
-3 41 39 26
-30 29 4 34
-26 4 1 -1
25 38 -35 30
33 28 -28 -25
-19 -8 4 -24
13 40 -37 11
3 11 -2 12
-9 32 -13 32
-24 -34 18 7
20 -13 15 3
36 19 -33 6
-1 2 34 -23
6 24 10 -5
-14 4 11 0
-4 27 -14 31
-25 13 -16 15
6 -3 23 -1
-14 29 26 9
31 8 -32 -22
-13 -28 -28 25
29 20 1 10
-18 20 11 -32
14 0 -37 32
40 12 9 -17
2 1 6 35
-8 -27 -6 -10
31 -33 -21 -1
32 -15 12 -2
12 3 -22 -40
-14 -31 11 26
-22 -7 -21 21
-1 -10 -10 -6
-4 -6 7 -13
-13 0 -29 -38
-10 -31 38 -23
-21 34 39 15
33 -23 -20 0
29 -30 25 9
0 22 10 25
5 -33 -27 0
-38 9 14 27
-28 -14 -17 -34
-15 4 -29 14
9 -3 -34 -36
-44 -3 37 -30
27 -18 11 -13
12 31 -7 -27
-41 -41 -30 -14
-43 21 3 38
-19 33 10 -26
17 -31 28 -42
-12 -41 41 22
-19 12 -37 -39
33 -3 0 8
-20 -38 -25 0
-33 -11 -12 4
25 31 18 -27
-12 9 -12 -25
-27 -8 9 1
-27 -16 27 0
-34 -39 38 -29
12 -11 3 11
20 26 -25 7
0 7 -10 -4
-20 -31 -10 1
-16 21 34 -13
2 -23 -12 -1
39 -12 31 -20
-2 -31 39 20
24 -4 -31 -3
10 31 24 -32
-37 -32 -7 -9
-33 35 -10 -17
36 4 12 -2
-6 -20 7 -13
31 10 40 -22
23 -23 2 35
-32 28 40 -17
-20 -27 -16 3
9 33 17 35
37 32 -31 28
38 12 -14 -28
-11 -1 -15 39
23 11 5 32
-8 -1 -16 -9
5 -34 -26 6
31 -17 14 -32
41 4 -33 -16
-39 15 37 0
11 -34 17 -21
30 32 -25 9
-19 23 -40 36
-37 15 -37 1
20 6 6 -22
-13 -31 -3 23
-24 11 20 -6
-5 20 -1 -32
20 -38 -9 -5
7 26 37 -29
22 23 -38 2
-22 30 31 1
33 1 -17 20
10 31 -17 -29
16 21 -26 -2
-35 -23 -9 4
1 10 26 -33
-44 30 -2 12
-5 38 1 28
16 37 -40 33
0 12 -39 -17
26 23 0 36
-30 7 -13 -7
-44 -39 -18 6
20 -17 -25 31
-18 39 -27 4
39 -15 0 0
-2 33 -33 -15
-31 35 -18 30
19 -23 39 -24
11 -34 -31 -27
-8 27 -16 -26
-9 1 35 -8
33 -1 32 6
-15 20 -38 9
-34 -10 1 -9
39 6 36 -37
22 -3 5 -38
-34 3 1 34
-27 -13 -18 -28
-3 -29 -22 24
-25 -39 -37 17
-14 17 12 -22
41 -19 -17 18
20 -20 0 3
-32 -34 -18 1
28 -4 -35 8
-2 -23 -35 -7
-10 10 -17 9
0 2 11 -8
11 -42 -3 0
-27 30 7 -24
-33 34 6 12
37 -27 34 -24
-31 -38 22 23
3 26 25 -20
16 -26 -15 -40
10 -42 -22 -39
42 20 -6 22
-25 4 25 15
-28 32 34 -17
0 -38 32 -14
3 32 15 -11
-16 7 -20 4
22 36 -21 34
-39 -23 -17 33
35 -5 24 11
31 35 21 -39
-26 16 22 -31
16 -1 6 26
-20 23 -6 -35
14 -36 -26 -5
29 -37 -16 -15
-34 -3 -9 -39
-16 -24 -8 3
18 8 -38 -36
10 -17 3 -8
-35 -15 -38 32
-39 -3 -17 13
16 -17 13 -9
-39 0 18 -29
6 29 6 -15
-17 21 -9 -11
1 7 -7 8
13 20 -30 -14
29 -12 29 -5
-33 1 -11 -3
-15 -29 5 28
24 -36 8 -27
-6 25 14 26
1 -7 31 -8
10 16 -33 38
41 29 0 -8
35 10 -31 15
29 -26 -10 -1
7 34 35 -23
12 28 38 -31
38 -15 36 -37
-10 -18 -28 -7
-30 16 5 41
-14 -42 -20 -13
23 34 -20 -16
-26 3 11 -26
-22 -28 11 18
-15 9 -2 42
-3 12 -28 40
39 -4 -24 -39
-11 -19 -25 -25
10 12 -29 38
40 18 5 8
27 -32 14 -5
39 34 -9 24
41 -1 -15 33
22 30 -29 -26
5 12 40 -20
24 -35 30 19
30 -33 -39 0
30 -26 29 -20
-39 35 -35 0
27 8 20 16
-37 20 -39 -33
-18 37 -32 36
37 25 -34 27
-36 28 28 18
32 9 27 -31
-15 37 0 31
31 -17 -9 35
-7 25 -15 34
-18 31 -19 35
-16 -37 -32 2
1 6 -18 -25
-10 16 -30 -3
-30 0 29 -28
18 -4 -30 -15
-43 -9 -31 38
-25 -27 -3 12
-10 -41 17 1
18 37 40 -7
-40 33 -26 6
-25 0 -22 -9
17 -30 40 7
15 -17 18 -26
17 13 2 6
-17 0 -14 36
10 0 -16 18
-35 -14 -23 2
32 11 -9 -19
34 -11 2 -18
-18 -28 22 8
-3 39 -31 18
20 28 13 -23
8 23 40 10
-11 -15 40 1
39 0 20 -12
0 -20 27 -2
4 -7 -11 8
-3 -29 31 -10
22 35 14 10
17 -39 39 19
-36 -8 -12 0
-10 5 1 25
-37 19 -19 14
-31 37 -17 35
-30 -20 39 -32
2 22 -25 21
1 -11 -40 -34
26 27 -7 -26
31 13 -26 -11
41 -8 -16 -26
17 8 23 3
20 -24 11 -2
17 2 14 34
-13 -41 39 -27
27 -45 5 -24
14 13 17 19
41 24 -26 -38
-37 16 35 -25
14 -7 -11 39
-19 0 3 32
18 17 -39 -12
-8 -15 26 -27
-24 14 -14 34
16 2 -4 39
-23 14 23 25
-8 -13 -31 13
-8 -6 -30 -26
-12 -39 -19 -17
-36 13 -28 -25
35 -5 1 40
2 -28 -7 5
-33 -34 -25 -36
-5 -23 -20 15
-2 -43 -7 -14
-20 30 0 39
-9 -16 13 -28
-24 35 -16 15
28 -29 35 -27
-4 -21 31 -12
-28 -16 -7 -32
-31 5 18 -4
10 -9 35 -28
-44 16 3 1
11 30 16 31
-18 12 3 -6
10 24 25 40
18 39 35 -10
-22 -6 33 -8
-4 -14 -28 19
-23 -20 40 -20
4 15 0 5
-36 23 14 -2
-21 7 -13 -2
-10 18 3 -37
27 34 -10 -13
-17 -19 -38 34
-20 11 -30 1
11 -23 -21 15
-28 0 15 -4
33 11 -17 1
-34 21 35 -5
-30 -33 -32 -25
9 36 11 21
15 -43 14 -2
30 11 -6 41
34 -15 35 -34
-5 6 -29 38
4 -39 9 24
-10 -32 12 33
8 -39 -16 22
-31 20 32 27
0 26 -10 -12
-14 -19 21 -32
0 -40 -28 39
28 4 -35 32
-5 -7 -5 19
11 -2 13 -26
-33 15 25 -3
1 -2 -22 -5
3 12 -25 -33
12 -29 -2 23
-6 -27 28 -11
-19 -22 26 -33
-14 16 10 -32
9 -28 -23 10
33 -1 -1 5
4 -35 -33 -36
4 -5 0 -40
12 -6 37 -14
17 -12 -13 8
-24 -3 -11 17
-2 -7 33 -32
-42 -7 20 -30
-43 -9 16 -2
12 -31 -6 -27
9 -2 -36 -20
1 6 -7 37
18 26 21 27
-25 8 32 -28
-18 -17 30 -33
-23 15 -37 31
-22 -8 -1 26
8 36 13 30
-22 -17 -13 20
-36 28 -15 33
-38 -14 -16 29
28 -21 11 10
-3 -15 28 -11
43 -28 -8 10
10 19 -21 -18
-1 -12 -21 5
-35 -36 39 42
42 -34 -7 23
6 20 2 31
13 -29 7 18
7 22 -1 42
-20 -43 13 -28
-10 -10 -16 -28
38 -34 -35 -12
5 -29 -16 -31
0 36 38 33
10 -16 12 16
-30 -43 12 29
-7 9 12 -17
19 14 14 -36
-13 -34 27 19
37 -22 33 -26
29 18 18 9
10 -25 38 -11
23 -30 6 31
-37 0 36 33
10 35 37 -27
-23 -28 0 -13
-26 -41 11 -37
-9 11 -32 11
17 -27 -15 -16
-21 -18 38 -24
-35 1 -26 14
17 -13 -37 2
-26 5 -2 40
25 35 -18 -17
24 31 -2 33
35 2 0 -7
8 -2 -34 14
2 -13 23 -33
-35 -42 9 7
12 28 20 -13
15 -27 8 27
-45 -32 12 -27
29 0 5 39
-26 -34 -38 11
33 -6 36 40
22 -12 6 -12
30 -4 3 12
-15 -25 13 24
-30 -36 -28 -24
36 6 -11 -8
-32 25 -1 -10
-6 -13 22 -4
11 -16 -35 31
30 -24 -11 10
-5 24 24 -39
-37 5 -1 10
10 37 36 20
-6 -33 -16 12
-23 25 -36 -18
-3 -12 0 27
34 -42 6 32
12 2 -16 4
34 16 1 -24
5 26 16 18
6 -4 19 -2
-25 -3 -39 39
34 -4 37 -32
30 9 7 33
-31 -18 22 -26
-21 10 -7 -20
38 -28 0 -11
37 -43 -18 40
-37 -37 21 -26
-34 -10 0 39
-8 -19 -35 21
-23 -42 11 -13
28 15 10 -26
5 26 -18 27
7 22 17 -4
5 -12 36 -17
16 35 -37 -6
-6 23 -17 10
2 24 -34 41
22 -2 31 38
11 -17 -1 16
40 -34 -25 -27
30 16 24 17
29 -11 -1 19
4 -39 -4 -1
2 -27 -18 7
-16 -13 5 -11
30 29 -17 -15
-12 3 -27 35
31 3 -31 -16
37 1 -21 -21
-38 -32 0 -22
23 -29 16 -22
-44 -9 17 -40
34 -37 17 11
2 -42 4 -11
-39 -21 -19 -32
22 28 33 -20
-1 27 -2 17
-16 -5 14 -23
-27 -35 -33 -37
-22 9 -24 -26
17 -2 35 0
-14 -40 -16 -36
-41 34 6 -40
3 25 38 30
31 6 -2 17
4 -24 8 14
22 -17 -38 25
26 -14 20 38
-6 -7 -16 17
-14 -11 18 -14
-29 -2 23 -30
32 31 36 39
-29 8 39 0
-31 -1 0 40
0 15 -20 -33
43 27 -2 3
27 -14 -24 22
-1 0 29 10
10 34 -11 19
30 -32 -20 34
-16 18 -2 -31
18 1 -34 0
1 27 -22 -24
-14 -19 40 4
-23 15 12 39
0 19 27 -33
-1 -41 -37 -38
30 6 -21 2
40 24 29 5
23 19 8 21
4 -1 -25 -30
34 -4 -30 28
-33 4 -39 5
25 -8 25 -23
3 26 41 37
-8 -32 24 20
-38 -1 35 1
-25 -41 -39 -25
-37 -30 8 37
-23 0 -37 35
-30 -27 2 10
0 -1 -21 34
16 -8 15 -1
22 7 29 -32
22 -38 -24 -7
-28 10 -21 -33
-40 -35 -16 25
2 -6 2 -24
-3 -21 -35 37
18 -17 -24 22
21 -17 28 -6
-18 -6 -11 16
-39 17 39 8
-13 -4 41 -26
-10 37 -7 2
-43 -1 -19 27
-32 -36 7 -15
8 -43 24 -34
-25 -30 31 -26
29 -19 12 -8
10 17 14 -36
-5 -21 -13 8
-27 6 14 -22
9 -41 29 27
0 15 -31 -39
-14 -6 -28 -2
0 -8 -32 -26
17 -37 7 8
-20 -32 -41 -36
-31 31 -16 -1
-26 8 30 -10
-29 3 40 26
-4 -17 -23 -25
36 35 33 5
23 -9 10 -4
4 -43 -14 -29
38 -41 36 23
-34 1 -19 8
-36 -9 -1 34
30 33 -31 7
40 15 22 15
-16 -25 -10 -32
26 -3 0 7
43 3 -14 10
21 -34 14 0
31 7 -15 0
3 -18 -18 6
-32 12 -20 26
-29 24 -6 -6
18 -40 -28 22
4 7 -5 33
-20 26 34 -35
-24 -42 22 23
25 -39 24 -35
16 10 36 9
-31 -14 37 30
22 -12 -12 -6
-29 23 16 -22
14 -14 14 -22
23 -38 11 25
19 -32 -12 1
-21 -17 -23 -14
-3 -42 5 -14
-37 5 -1 12
23 -21 30 20
-43 25 15 38
-19 -32 16 -38
37 15 -32 9
-41 29 -1 8
-31 -7 -16 39
-28 16 -33 0
3 36 -34 -13
-26 3 4 -18
23 35 41 -39
20 -34 -1 9
-42 -12 -7 -22
-8 -42 -16 -7
12 -21 40 -25
-28 -42 -17 -24
-14 16 -9 0
-38 -16 2 -26
-35 -25 -37 8
17 -31 9 3
31 -11 -15 2
31 -42 -13 -9
41 -32 11 33
-35 -20 20 2
-23 -15 -26 18
-15 23 33 -37
15 31 -27 -11
-28 -25 -39 20
14 -43 -30 1
17 6 26 -31
24 -11 -9 32
-22 25 40 2
23 -29 21 -30
17 -5 -24 1
43 -33 -12 -2
18 -6 -23 -6
3 -23 -33 -4
27 20 -1 -13
-18 -30 18 25
-28 -35 9 -5
-30 21 -26 16
-29 35 35 -18
17 -26 -8 0
16 -17 28 -36
-30 -3 8 -8
13 -12 -1 30
40 27 21 6
-7 19 31 6
-12 -35 40 -38
40 23 -3 -26
20 -21 -13 41
33 20 14 -20
36 -36 41 -15
-6 26 41 16
-19 36 -21 32
7 3 9 -35
9 35 5 -27
12 -27 -17 -11
-36 -4 12 23
-38 25 1 21
-18 -42 27 -40
-33 24 -32 -4
22 11 -24 -32
-40 -35 -31 -4
-25 -1 -9 -30
-17 23 23 -40
23 2 12 9
13 -5 -5 -19
33 -28 1 -31
-18 -3 16 34
1 33 -37 -18
-21 20 23 -29
20 -43 22 18
30 -30 40 -2
32 -28 1 -4
-23 -20 -14 -16
-5 8 20 27
-34 28 -1 -17
-37 9 30 28
6 14 -13 28
-36 6 -24 -37
-27 -1 30 -6
-13 15 11 13
36 31 -8 4
-21 -11 14 -8
41 37 -2 7
7 -22 26 -12
-33 -4 -29 5
-12 -3 -29 -29
4 -26 -37 16
-21 -17 36 -28
-16 -1 -39 -8
-32 -24 18 -37
7 -28 -15 3
12 19 4 -25
-37 22 -32 -25
-15 14 34 33
30 6 -31 -39
31 6 -39 16
-36 18 37 -17
-19 -38 -24 19
-6 -32 -6 -13
43 -41 -19 -8
29 14 -25 -38
42 -31 -31 11
4 28 19 -3
31 -5 -38 -4
-9 4 -24 23
-4 -26 0 3
-19 0 27 13
-12 -42 8 14
13 13 21 4
-37 18 -34 -21
11 -42 -34 -11
-25 -44 36 40
39 25 6 15
-1 29 25 21
-16 -27 -18 7
-26 -24 0 -41
-6 -37 29 40
31 4 0 -5
9 -13 22 -1
-4 37 0 -6
-15 -9 -25 -32
-7 21 2 -23
10 -22 34 -9
33 -44 -12 -9
-40 -39 38 -19
-12 -39 -16 23
-13 19 36 -1
-1 -14 11 -19
17 -29 33 -25
-43 -29 23 2
-27 27 24 -19
19 27 13 -18
8 -24 17 -21
30 -27 24 0
-6 34 -16 -38
9 -7 3 -3
6 -5 -30 8
0 0 0 0
0 0 0 0
0 0 0 0
0 0 0 0
0 0 0 0
0 0 0 0
0 0 0 0
0 0 0 0
0 0 0 0
0 0 0 0
0 0 0 0
0 0 0 0
0 0 0 0
0 0 0 0
0 0 0 0
0 0 0 0
0 0 0 0
0 0 0 0
0 0 0 0
0 0 0 0
0 0 0 0
0 0 0 0
0 0 0 0
0 0 0 0
0 0 0 0
0 0 0 0
0 0 0 0
0 0 0 0
0 0 0 0
0 0 0 0
0 0 0 0
0 0 0 0
0 0 0 0
0 0 0 0
0 0 0 0
0 0 0 0
0 0 0 0
0 0 0 0
0 0 0 0
0 0 0 0
0 0 0 0
0 0 0 0
0 0 0 0
0 0 0 0
0 0 0 0
0 0 0 0
0 0 0 0
0 0 0 0
0 0 0 0
0 0 0 0
0 0 0 0
0 0 0 0
0 0 0 0
0 0 0 0
0 0 0 0
0 0 0 0
0 0 0 0
0 0 0 0
0 0 0 0
0 0 0 0
0 0 0 0
0 0 0 0
0 0 0 0
0 0 0 0
0 0 0 0
0 0 0 0
0 0 0 0
0 0 0 0
0 0 0 0
0 0 0 0
0 0 0 0
0 0 0 0
0 0 0 0
0 0 0 0
0 0 0 0
0 0 0 0
0 0 0 0
0 0 0 0
0 0 0 0
0 0 0 0
0 0 0 0
0 0 0 0
0 0 0 0
0 0 0 0
0 0 0 0
0 0 0 0
0 0 0 0
0 0 0 0
0 0 0 0
0 0 0 0
0 0 0 0
0 0 0 0
0 0 0 0
0 0 0 0
0 0 0 0
0 0 0 0
0 0 0 0
0 0 0 0
0 0 0 0
0 0 0 0
0 0 0 0
0 0 0 0
0 0 0 0
0 0 0 0
0 0 0 0
0 0 0 0
0 0 0 0
0 0 0 0
0 0 0 0
0 0 0 0
0 0 0 0
0 0 0 0
0 0 0 0
0 0 0 0
0 0 0 0
0 0 0 0
0 0 0 0
0 0 0 0
0 0 0 0
0 0 0 0
0 0 0 0
0 0 0 0
0 0 0 0
0 0 0 0
0 0 0 0
0 0 0 0
0 0 0 0
0 0 0 0
0 0 0 0
0 0 0 0
0 0 0 0
0 0 0 0
0 0 0 0
0 0 0 0
0 0 0 0
0 0 0 0
0 0 0 0
0 0 0 0
0 0 0 0
0 0 0 0
0 0 0 0
0 0 0 0
0 0 0 0
0 0 0 0
0 0 0 0
0 0 0 0
0 0 0 0
0 0 0 0
0 0 0 0
0 0 0 0
0 0 0 0
0 0 0 0
0 0 0 0
0 0 0 0
0 0 0 0
0 0 0 0
0 0 0 0
0 0 0 0
0 0 0 0
0 0 0 0
0 0 0 0
0 0 0 0
0 0 0 0
0 0 0 0
0 0 0 0
0 0 0 0
0 0 0 0
0 0 0 0
0 0 0 0
0 0 0 0
0 0 0 0
0 0 0 0
0 0 0 0
0 0 0 0
0 0 0 0
0 0 0 0
0 0 0 0
0 0 0 0
0 0 0 0
0 0 0 0
0 0 0 0
0 0 0 0
0 0 0 0
0 0 0 0
0 0 0 0
0 0 0 0
0 0 0 0
0 0 0 0
0 0 0 0
0 0 0 0
0 0 0 0
0 0 0 0
0 0 0 0
0 0 0 0
0 0 0 0
0 0 0 0
0 0 0 0
0 0 0 0
0 0 0 0
0 0 0 0
0 0 0 0
0 0 0 0
0 0 0 0
0 0 0 0
0 0 0 0
0 0 0 0
0 0 0 0
0 0 0 0
0 0 0 0
0 0 0 0
0 0 0 0
0 0 0 0
0 0 0 0
0 0 0 0
0 0 0 0
0 0 0 0
0 0 0 0
0 0 0 0
0 0 0 0
0 0 0 0
0 0 0 0
0 0 0 0
0 0 0 0
0 0 0 0
0 0 0 0
0 0 0 0
0 0 0 0
0 0 0 0
0 0 0 0
0 0 0 0
0 0 0 0
0 0 0 0
0 0 0 0
0 0 0 0
0 0 0 0
0 0 0 0
0 0 0 0
0 0 0 0
0 0 0 0
0 0 0 0
0 0 0 0
0 0 0 0
0 0 0 0
0 0 0 0
0 0 0 0
0 0 0 0
0 0 0 0
0 0 0 0
0 0 0 0
0 0 0 0
0 0 0 0
0 0 0 0
0 0 0 0
0 0 0 0
0 0 0 0
0 0 0 0
0 0 0 0
0 0 0 0
0 0 0 0
0 0 0 0
0 0 0 0
0 0 0 0
0 0 0 0
0 0 0 0
0 0 0 0
0 0 0 0
0 0 0 0
0 0 0 0
0 0 0 0
0 0 0 0
0 0 0 0
0 0 0 0
0 0 0 0
0 0 0 0
0 0 0 0
0 0 0 0
0 0 0 0
0 0 0 0
0 0 0 0
0 0 0 0
0 0 0 0
0 0 0 0
0 0 0 0
0 0 0 0
0 0 0 0
0 0 0 0
0 0 0 0
0 0 0 0
0 0 0 0
0 0 0 0
0 0 0 0
0 0 0 0
0 0 0 0
0 0 0 0
0 0 0 0
0 0 0 0
0 0 0 0
0 0 0 0
0 0 0 0
0 0 0 0
0 0 0 0
0 0 0 0
0 0 0 0
0 0 0 0
0 0 0 0
0 0 0 0
0 0 0 0
0 0 0 0
0 0 0 0
0 0 0 0
0 0 0 0
0 0 0 0
0 0 0 0
0 0 0 0
0 0 0 0
0 0 0 0
0 0 0 0
0 0 0 0
0 0 0 0
0 0 0 0
0 0 0 0
0 0 0 0
0 0 0 0
0 0 0 0
0 0 0 0
0 0 0 0
0 0 0 0
0 0 0 0
0 0 0 0
0 0 0 0
0 0 0 0
0 0 0 0
0 0 0 0
0 0 0 0
0 0 0 0
0 0 0 0
0 0 0 0
0 0 0 0
0 0 0 0
0 0 0 0
0 0 0 0
0 0 0 0
0 0 0 0
0 0 0 0
0 0 0 0
0 0 0 0
0 0 0 0
0 0 0 0
0 0 0 0
0 0 0 0
0 0 0 0
0 0 0 0
0 0 0 0
0 0 0 0
0 0 0 0
0 0 0 0
0 0 0 0
0 0 0 0
0 0 0 0
0 0 0 0
0 0 0 0
0 0 0 0
0 0 0 0
0 0 0 0
0 0 0 0
0 0 0 0
0 0 0 0
0 0 0 0
0 0 0 0
0 0 0 0
0 0 0 0
0 0 0 0
0 0 0 0
0 0 0 0
0 0 0 0
0 0 0 0
0 0 0 0
0 0 0 0
0 0 0 0
0 0 0 0
0 0 0 0
0 0 0 0
0 0 0 0
0 0 0 0
0 0 0 0
0 0 0 0
0 0 0 0
0 0 0 0
0 0 0 0
0 0 0 0
0 0 0 0
0 0 0 0
0 0 0 0
0 0 0 0
0 0 0 0
0 0 0 0
0 0 0 0
0 0 0 0
0 0 0 0
0 0 0 0
0 0 0 0
0 0 0 0
0 0 0 0
0 0 0 0
0 0 0 0
0 0 0 0
0 0 0 0
0 0 0 0
0 0 0 0
0 0 0 0
0 0 0 0
0 0 0 0
0 0 0 0
0 0 0 0
0 0 0 0
0 0 0 0
0 0 0 0
0 0 0 0
0 0 0 0
0 0 0 0
0 0 0 0
0 0 0 0
0 0 0 0
0 0 0 0
0 0 0 0
0 0 0 0
0 0 0 0
0 0 0 0
0 0 0 0
0 0 0 0
0 0 0 0
0 0 0 0
0 0 0 0
0 0 0 0
0 0 0 0
0 0 0 0
0 0 0 0
0 0 0 0
0 0 0 0
0 0 0 0
0 0 0 0
0 0 0 0
0 0 0 0
0 0 0 0
0 0 0 0
0 0 0 0
0 0 0 0
0 0 0 0
0 0 0 0
0 0 0 0
0 0 0 0
0 0 0 0
0 0 0 0
0 0 0 0
0 0 0 0
0 0 0 0
0 0 0 0
0 0 0 0
0 0 0 0
0 0 0 0
0 0 0 0
0 0 0 0
0 0 0 0
0 0 0 0
0 0 0 0
0 0 0 0
0 0 0 0
0 0 0 0
0 0 0 0
0 0 0 0
0 0 0 0
0 0 0 0
0 0 0 0
0 0 0 0
0 0 0 0
0 0 0 0
0 0 0 0
0 0 0 0
0 0 0 0
0 0 0 0
0 0 0 0
0 0 0 0
0 0 0 0
0 0 0 0
0 0 0 0
0 0 0 0
0 0 0 0
0 0 0 0
0 0 0 0
0 0 0 0
0 0 0 0
0 0 0 0
0 0 0 0
0 0 0 0
0 0 0 0
0 0 0 0
0 0 0 0
0 0 0 0
0 0 0 0
0 0 0 0
0 0 0 0
0 0 0 0
0 0 0 0
0 0 0 0
0 0 0 0
0 0 0 0
0 0 0 0
0 0 0 0
0 0 0 0
0 0 0 0
0 0 0 0
0 0 0 0
0 0 0 0
0 0 0 0
0 0 0 0
0 0 0 0
0 0 0 0
0 0 0 0
0 0 0 0
0 0 0 0
0 0 0 0
0 0 0 0
0 0 0 0
0 0 0 0
0 0 0 0
0 0 0 0
0 0 0 0
0 0 0 0
0 0 0 0
0 0 0 0
0 0 0 0
0 0 0 0
0 0 0 0
0 0 0 0
0 0 0 0
0 0 0 0
0 0 0 0
0 0 0 0
0 0 0 0
0 0 0 0
0 0 0 0
0 0 0 0
0 0 0 0
0 0 0 0
0 0 0 0
0 0 0 0
0 0 0 0
0 0 0 0
0 0 0 0
0 0 0 0
0 0 0 0
0 0 0 0
0 0 0 0
0 0 0 0
0 0 0 0
0 0 0 0
0 0 0 0
0 0 0 0
0 0 0 0
0 0 0 0
0 0 0 0
0 0 0 0
0 0 0 0
0 0 0 0
0 0 0 0
0 0 0 0
0 0 0 0
0 0 0 0
0 0 0 0
0 0 0 0
0 0 0 0
0 0 0 0
0 0 0 0
0 0 0 0
0 0 0 0
0 0 0 0
0 0 0 0
0 0 0 0
0 0 0 0
0 0 0 0
0 0 0 0
0 0 0 0
0 0 0 0
0 0 0 0
0 0 0 0
0 0 0 0
0 0 0 0
0 0 0 0
0 0 0 0
0 0 0 0
0 0 0 0
0 0 0 0
0 0 0 0
0 0 0 0
0 0 0 0
0 0 0 0
0 0 0 0
0 0 0 0
0 0 0 0
0 0 0 0
0 0 0 0
0 0 0 0
0 0 0 0
0 0 0 0
0 0 0 0
0 0 0 0
0 0 0 0
0 0 0 0
0 0 0 0
0 0 0 0
0 0 0 0
0 0 0 0
0 0 0 0
0 0 0 0
0 0 0 0
