17 7 -4 -29
-36 34 -17 -31
-13 -37 37 -3
-26 37 33 -10
-39 -8 22 -33
30 -32 10 -36
-15 -23 38 1
-36 -12 9 14
0 -37 -21 -6
33 4 -29 -6
11 9 -7 35
29 0 -17 -12
-22 -17 26 4
-17 38 -5 -3
0 27 16 -25
-26 30 -29 -21
37 -33 -32 -19
-3 -36 -2 -22
7 9 -32 -21
-10 -28 -22 10
-32 9 -13 15
29 3 11 28
8 -25 -2 12
-37 16 -14 -18
2 -23 21 21
6 33 -4 37
31 -27 -1 7
19 16 -10 0
36 -2 25 34
-2 38 -6 13
14 18 -3 8
-22 5 29 34
-16 -16 0 5
-19 -4 20 -24
-42 3 -15 -24
4 -34 6 32
-5 24 2 4
-7 -38 -39 -27
16 10 26 -18
-19 25 8 15
8 -15 -14 4
31 19 22 13
-32 38 32 30
-36 3 24 -32
-34 26 -13 -2
-31 -21 23 17
-38 5 3 -20
-7 -8 25 17
6 2 4 -17
-17 -18 0 14
-17 -14 4 3
24 -14 -14 18
3 0 0 -42
29 -3 -10 0
-32 14 5 -37
-42 21 -2 -15
31 18 -12 11
39 30 4 3
-35 -4 10 -33
35 22 7 -6
17 10 17 35
22 -19 -1 -18
-13 -36 41 -36
34 -17 26 -13
-40 23 -15 -34
30 42 10 -18
8 15 -33 -2
-32 -4 -38 -35
-32 29 40 -20
37 -6 -14 13
32 -6 -14 -16
-28 34 19 -19
-33 7 -28 -38
-19 42 10 -7
26 -24 6 22
-3 10 23 -41
1 36 -38 30
4 28 -39 -34
22 9 20 -16
-20 -6 -5 -12
5 12 -14 -8
-3 14 39 -45
6 -36 40 1
1 -26 7 28
-32 -40 29 -26
-34 -1 -34 -21
-35 14 31 3
-6 -6 11 4
-19 24 2 25
-42 -34 -17 -33
-10 -21 -5 -3
-28 -29 28 -43
-19 10 -22 -37
16 1 -16 14
30 9 39 -42
37 -12 -6 19
-19 7 18 22
-19 7 -39 32
26 14 -12 20
-39 -9 23 29
-7 -20 9 31
-13 15 8 35
32 38 38 30
34 -4 -13 -35
-29 -15 0 -8
14 -10 -38 -33
24 -20 -18 27
31 10 0 14
3 -32 0 6
18 -4 -35 -15
0 -12 -24 14
26 -34 29 2
20 -9 -30 7
-27 29 -29 -23
-29 -34 5 23
-26 -20 -16 -12
34 26 -25 -33
-9 0 13 0
-32 -7 27 27
41 -16 -31 -32
-3 -6 -39 3
-37 3 6 38
42 -8 -28 -24
-27 -13 40 4
-17 29 5 -10
-24 -30 21 33
10 5 13 -41
5 15 -24 23
-30 6 -17 26
-16 4 12 -29
28 -30 -12 27
1 -2 40 -33
-26 8 29 -33
-13 21 15 -37
0 23 42 29
-29 36 15 22
-8 2 -35 17
-8 32 30 21
-1 38 23 -17
8 -10 16 -4
-12 17 -27 -24
-14 -38 -5 -6
23 -2 10 22
3 4 -11 24
22 34 9 -11
-26 -8 -17 -18
0 9 -16 9
24 16 -23 5
-27 -25 -9 8
-15 22 36 10
15 38 -14 14
-15 -3 -40 -25
-36 13 35 37
-13 -27 6 25
-15 -37 12 5
-5 3 -40 20
22 6 5 22
-11 27 3 27
13 -34 9 7
23 -31 -2 38
-38 -27 18 -4
32 32 -40 9
-2 5 -10 24
3 -6 9 -13
2 -30 -6 16
0 13 36 32
3 32 -10 -39
-12 22 -6 37
-35 0 16 21
-13 23 3 -27
-10 -3 35 9
-30 34 37 39
28 -1 9 -34
5 30 -7 -30
0 25 2 -33
-42 16 17 15
-28 -11 -29 -24
-21 -15 13 -34
-31 -26 40 -24
28 40 -6 35
-36 31 9 7
-18 30 -22 -27
-9 -9 31 8
25 12 2 -1
-28 -14 29 -32
-33 -5 -31 3
-1 -9 -1 -34
7 12 36 19
-24 6 -11 -37
39 6 -38 29
7 10 -36 -41
17 -26 23 -41
-1 25 -28 -22
-5 -8 -17 37
39 37 7 23
10 30 -6 -21
37 31 11 31
6 -17 3 9
-2 6 -27 -3
-4 -1 21 4
36 24 -16 -4
39 0 -15 25
-32 22 -39 -2
-39 20 -21 16
-12 -25 -4 31
8 -26 9 25
38 -31 33 -7
-23 17 -15 24
17 -21 -34 -34
-19 -22 -42 -24
-40 -28 -41 27
-29 34 -8 -27
-24 5 14 36
12 -32 -13 -18
-13 11 35 -27
-13 26 15 7
-34 -34 -31 -15
-31 -1 0 13
-3 -38 13 -8
-14 31 0 -7
32 -42 39 -10
-16 -21 -11 -37
-36 -25 7 -19
0 -39 26 19
-29 -17 -10 -17
-36 -40 1 -3
5 14 0 -42
14 27 -4 9
9 -12 27 7
25 25 -19 -6
36 -34 15 0
22 15 -33 38
-19 -36 -1 -22
3 -6 -15 -10
16 14 1 35
-36 36 11 -28
-20 -13 29 23
-19 -32 8 8
37 -28 10 -12
-27 -29 -14 -26
-24 -12 -35 -14
-26 21 -15 -30
0 -13 17 34
29 -28 -4 -19
-20 30 -6 34
4 29 10 -36
17 28 14 10
6 -26 11 -6
-17 -35 -7 -37
-38 -12 -12 -8
19 -12 28 -9
40 -39 13 -8
-11 -9 -33 21
39 -27 13 36
20 11 -28 -31
4 6 35 5
0 -23 -26 -34
-34 3 -19 4
-3 -34 -38 20
15 17 -14 -31
-7 -12 15 -5
4 -34 13 -28
31 19 -31 23
-22 -4 16 -23
-9 7 26 -28
25 18 -18 20
31 -33 -37 -35
-35 -20 1 -40
12 -7 12 2
-5 -29 2 32
19 -25 32 27
-31 -10 35 -37
0 25 24 -5
-37 -24 33 13
25 -33 -4 15
-23 -30 -10 33
-42 8 -21 -29
32 30 36 1
-28 15 9 0
8 -11 -39 -19
-26 36 29 -33
-25 -8 -37 8
30 29 -13 -24
-32 10 -17 2
17 10 -40 -13
-23 -2 -41 2
37 -14 35 38
35 35 -32 26
-36 -39 -28 7
38 -33 31 -16
-19 -23 18 -3
10 4 -12 3
13 12 7 -2
-14 -7 8 0
25 37 -40 33
5 2 -30 -15
-39 1 -33 21
5 2 13 24
5 26 39 24
22 2 27 -22
-4 37 22 17
-1 42 25 -36
28 41 17 -21
-37 8 39 31
17 -23 40 -4
-18 -5 36 8
-19 21 -3 -35
31 -24 40 -28
39 42 27 30
29 17 -3 5
18 -33 -12 -9
39 -9 -20 -37
10 0 -19 -39
-24 42 20 -37
7 25 30 -35
13 -3 9 -40
-10 23 -17 -6
-13 41 34 10
-42 -23 -40 21
-4 14 -2 13
36 25 -9 -40
10 -19 26 25
12 16 38 32
14 -3 31 33
-35 -7 -36 -7
35 0 36 3
-30 -30 -16 -41
27 -6 0 -44
-31 -31 -33 37
11 -22 -17 -21
31 1 6 -16
-16 -32 -26 28
-27 30 -8 -40
-39 -9 -11 19
-36 -22 29 25
-43 4 35 -38
-30 -34 13 -19
24 0 -36 28
15 0 11 -8
-33 15 -17 -18
11 0 13 -31
-26 -23 34 17
-3 18 0 -32
-16 6 -39 -30
-16 36 -11 -8
15 5 2 21
-31 6 -5 -27
-42 27 -1 38
16 29 0 -21
-8 -35 -12 -13
-7 38 -7 6
3 -24 34 23
-41 -29 -29 17
34 -23 25 -24
26 42 26 7
4 32 -6 -33
-14 9 -36 0
31 -19 -4 0
1 -22 24 -4
1 -20 -20 -16
0 36 39 17
28 7 -10 -22
11 35 -3 15
9 0 -14 -25
-35 34 -20 15
-19 38 9 1
11 17 -31 17
-16 1 25 37
-2 32 -19 20
38 13 -7 -11
7 -24 4 28
-6 -15 -22 -39
-15 -24 8 -12
-26 26 -15 38
-41 36 -28 -28
36 -14 28 16
2 28 13 0
25 -31 29 -42
33 -9 -20 -18
-25 -14 -36 -45
5 -24 -25 21
24 -22 0 -25
13 -34 39 19
24 -31 1 -27
-14 -36 -19 20
-15 -16 -9 23
2 1 6 5
34 -1 -17 11
-18 8 -1 9
-35 -37 14 -22
21 3 16 -13
-34 -26 0 -23
-23 9 1 17
0 6 14 -6
-27 -33 -7 -40
-36 -37 -36 -19
-1 -22 -24 7
36 14 -14 -22
14 16 29 27
-38 -3 14 36
-43 -37 1 -12
36 10 -17 22
12 -13 -24 -25
-22 36 0 -23
-2 0 -28 38
38 37 20 31
34 12 3 7
-38 -25 10 -8
8 -25 -42 -13
-40 1 34 -21
25 -33 -26 31
37 33 -27 -17
-21 0 -22 -35
-22 35 -11 40
-1 -15 4 40
-33 -18 -6 2
-27 -9 20 -16
-16 32 35 -32
0 23 1 -24
-28 -30 26 15
0 -6 -38 -25
0 -4 14 32
-9 -38 2 31
31 -38 26 10
-23 41 43 1
-1 1 -29 -6
24 -35 -10 -9
17 0 -26 -10
-6 39 34 12
29 -9 33 27
-7 16 24 23
0 -1 6 -38
8 -19 38 24
-20 15 18 -31
-35 -33 24 16
-40 -17 20 -42
-6 1 21 -14
6 5 -25 30
14 -22 -25 35
-11 -23 0 -36
7 -31 10 11
21 -27 -40 -14
-9 -6 -6 2
11 14 -27 25
24 -6 -16 -11
37 26 -23 -26
-17 -20 28 -34
28 -11 -17 5
8 -25 -13 -9
-24 26 33 23
36 -8 -41 6
-4 20 2 -26
-4 4 7 3
-17 15 -10 17
6 -19 7 -28
-14 4 15 -24
23 38 37 -1
-25 -8 1 -7
-30 39 -25 25
-10 -8 -34 -42
-30 -30 2 -19
34 2 36 19
-37 30 20 17
-16 22 -10 31
-18 6 -17 -28
10 -17 25 12
8 17 24 16
19 2 31 1
-12 -18 -24 33
-24 -27 2 -24
-6 31 3 30
23 4 1 30
-8 6 11 -6
39 24 16 9
27 13 -1 34
40 -8 -20 8
-25 33 -18 -40
39 13 -38 38
27 -38 -28 -26
-3 17 18 -20
-24 -19 -22 19
-17 12 3 -12
20 22 -13 22
-38 -1 16 14
-34 4 24 -17
32 40 4 -29
-37 12 41 -19
-38 1 -35 22
7 38 -15 36
7 -31 25 3
22 26 -13 -23
-28 26 0 -20
-32 11 -4 -35
25 3 11 -9
-14 15 -39 -12
-24 -34 24 26
3 -19 -31 26
-2 -18 -23 -35
-28 -34 -4 4
2 33 9 -37
-17 -25 11 32
21 28 -21 -14
23 -42 -37 20
2 31 -7 12
35 5 -15 19
-21 7 -17 36
-30 13 25 -33
-11 -34 12 -40
-13 -24 -11 -4
3 5 31 15
-1 -36 33 -34
22 24 -33 -11
8 -17 33 -20
-6 25 -41 -33
25 -18 18 -31
-31 21 -33 34
-19 18 25 20
-37 16 -23 19
-10 38 23 29
-35 0 -37 25
33 5 16 32
38 25 -23 -38
37 -31 25 0
-3 18 21 -1
1 -16 34 -7
-37 34 32 -5
-3 30 3 3
10 -35 29 28
33 -18 32 -39
21 27 -23 -15
-31 -15 22 -7
-11 35 32 -34
34 40 -13 16
-3 29 16 -2
37 17 11 -32
-7 -29 -13 -13
-25 -18 13 -6
-29 29 38 14
9 -26 -9 -28
7 -21 11 -36
-27 21 5 21
-10 16 -6 38
26 -31 -27 -27
-9 1 5 23
-5 3 14 -28
9 -18 -21 -10
34 32 34 12
20 -16 -37 -8
5 -16 0 20
25 -16 20 -15
-13 32 16 37
-40 12 -24 3
3 29 -21 5
33 -19 -29 -18
-6 -9 -3 27
35 27 40 -42
-7 -3 -38 -15
34 -21 0 -9
-28 0 31 1
-38 -9 -36 9
-28 -13 0 -31
-13 2 35 16
5 5 -20 -2
16 -25 -32 32
-17 -37 23 18
-24 3 31 8
13 6 12 -23
19 3 38 5
-25 39 -6 0
2 33 -23 -38
-36 -26 19 -23
-42 -7 -30 29
34 15 -14 -17
-25 15 -25 23
12 -10 35 -1
26 1 10 35
15 17 25 -33
35 31 -8 -7
-39 -12 25 -9
23 -9 -27 0
-18 23 -14 -13
32 -13 -6 -22
-42 -42 31 1
-3 34 -29 -35
-7 -12 30 23
0 25 37 -8
-17 -2 10 11
-17 -38 -39 -15
14 26 -34 33
2 -35 -4 6
8 3 2 -31
-10 24 41 23
9 2 4 33
-36 39 14 19
-9 -8 31 10
-10 23 -22 32
19 -23 23 -2
-5 1 33 -8
-21 -29 -35 -20
27 -22 5 18
-39 -13 -11 3
17 -11 25 -38
36 32 28 -35
-21 21 19 23
17 -16 6 34
21 -10 26 -17
26 -32 -21 0
35 28 9 38
11 -7 -5 -24
-31 0 -14 -16
11 32 29 21
23 13 39 -20
19 -18 26 21
31 -5 -38 6
-10 20 6 -12
20 -25 -14 -15
-38 22 -3 23
-25 -1 0 -32
-18 -11 -32 -5
26 -29 3 -41
11 -21 17 -10
32 -41 -1 -16
22 21 17 13
-21 -37 0 -33
6 -18 -27 31
28 -9 -13 32
-9 -29 -38 -33
-29 -22 13 -30
-12 -3 -14 11
37 35 -41 -41
-22 -12 26 -17
24 24 27 11
-27 37 -26 -19
16 -4 -7 17
23 -9 -5 -34
-20 -14 -2 17
27 -30 -22 16
-18 -38 -42 11
26 34 -39 -17
22 22 26 21
5 34 0 -11
26 21 -23 32
6 29 -9 28
-6 -9 -32 -22
36 26 4 -20
13 -30 -32 34
4 28 35 -27
-30 15 -27 -3
38 -2 -8 33
-17 38 3 16
-22 19 17 35
-27 29 22 -23
25 -37 1 30
-15 -4 -7 7
37 9 -11 -20
-32 34 39 -28
19 -28 36 37
-11 -21 -33 30
25 12 41 38
-4 24 23 -20
-3 26 -12 14
-2 -30 -17 39
-20 -20 -7 -15
5 22 -33 -28
-37 -31 29 -22
-35 -5 4 -20
-39 21 7 12
-28 -39 31 18
-11 24 -21 -26
20 9 -17 -31
-15 0 -22 -21
-31 13 -35 -3
13 -36 -6 -42
40 14 0 -22
22 0 21 30
24 33 32 14
21 24 2 -21
-35 23 -39 -31
33 -34 -40 -26
-6 31 32 -24
30 -27 -4 10
-23 -16 30 -41
-10 21 -31 -32
12 -40 25 37
-6 11 9 23
-13 -6 6 0
20 25 18 -40
-1 31 35 -11
-21 0 19 36
-18 34 -42 -38
-30 -10 -40 38
-11 -2 -12 -19
-41 39 37 -28
6 1 -1 -9
-5 39 -4 -32
-11 14 -31 -18
30 13 -21 20
1 39 -21 34
-36 -31 29 9
32 -29 -10 37
5 11 35 -36
-29 -37 -24 39
37 -34 32 -8
-17 -16 -7 33
34 39 8 -32
-6 -18 11 -20
34 4 0 34
36 -19 -36 26
38 -38 28 15
-14 37 11 -38
-16 34 37 0
4 39 27 -2
-2 -31 -9 35
-21 -27 37 40
29 -37 -16 14
-6 24 -28 -25
36 -33 10 -11
0 -7 33 15
27 38 -2 -14
20 10 35 -38
38 28 12 34
-26 8 -24 34
-24 0 24 -24
-7 17 30 -1
-27 21 22 10
-11 0 4 9
-6 21 -15 -25
19 36 -4 -6
-2 36 -17 18
15 -38 -38 -18
-3 14 -28 10
-7 0 14 0
3 -12 39 -1
8 -1 -16 16
-26 -3 -21 4
12 -37 -1 -29
-19 0 20 -21
33 -20 38 24
-21 -33 -20 8
27 -19 10 -11
-4 -24 5 -10
-35 -30 32 -25
-36 24 -22 6
-31 0 -9 -20
34 -4 30 -9
-38 -6 -2 -28
29 2 3 33
8 4 -38 16
-9 -19 10 16
26 17 -26 -11
-42 16 11 27
38 -8 6 -37
-28 -27 28 -34
-25 -40 -29 13
-30 -18 -36 30
-35 -34 38 37
13 39 -39 -4
-11 -10 -7 17
-14 27 -37 -35
1 -34 20 14
23 30 30 -35
-40 12 30 -40
16 29 -5 30
15 -20 26 13
-1 23 31 -41
11 21 -33 5
-35 35 39 21
-6 0 37 8
36 0 22 10
-35 4 28 -18
40 -10 -7 34
37 40 -35 -28
9 -18 41 23
-15 38 21 5
19 -13 -25 31
-1 13 -18 16
18 -14 17 -10
-24 8 3 41
-1 -17 17 34
12 -38 22 39
38 0 -21 -13
-17 3 15 -40
9 -27 -15 -21
3 -11 22 37
-6 -27 10 -10
-10 38 -23 25
6 -16 -32 -8
38 -34 0 -35
-11 24 16 27
30 15 -2 31
35 10 -6 -19
12 32 -7 -15
-23 31 -28 17
-17 -7 -32 0
31 33 -36 36
26 -33 -22 -3
-23 28 15 -22
9 -32 -13 27
-1 -4 -25 -2
28 -7 -35 -42
27 8 4 1
-16 -1 20 -5
16 -3 31 -26
19 -11 -28 1
-15 -23 -36 13
-28 -26 -32 29
33 18 28 29
6 9 38 -38
-31 34 -10 -6
-5 22 22 -21
17 36 21 31
20 -2 29 -11
2 -29 16 -28
-29 -22 -18 21
-23 -36 1 28
-35 27 -15 -23
-28 33 4 7
-14 32 20 15
-35 22 -6 -42
-9 16 14 12
-29 14 6 -37
0 -32 36 1
-17 15 -30 -20
-4 -2 38 37
-41 -32 -39 -12
4 -6 6 0
41 -2 -18 2
0 -28 -28 -19
-25 -13 41 35
-16 -21 14 39
-14 -9 29 -23
-6 7 9 25
-22 -35 -10 -19
41 -8 -10 -22
13 -29 35 -6
35 5 37 -13
-24 -30 10 -14
29 -13 8 -6
0 32 25 -16
35 20 29 -3
-22 -11 31 19
-1 0 34 -32
-29 -28 36 -13
18 27 -15 1
-19 40 -2 -37
-27 -25 4 -9
-25 -6 -29 17
6 -32 -18 29
4 40 -15 36
14 -31 -20 33
-32 2 12 38
26 -4 -7 12
2 9 34 -9
-16 15 30 -24
1 -23 36 -18
-39 -28 -32 -19
23 -34 14 -17
-21 -24 19 8
19 -26 -5 -2
-4 -8 21 -9
25 1 -20 -39
16 13 -16 -4
-11 22 21 35
20 -9 -2 -40
-4 -15 22 -12
-32 -11 20 -20
-27 33 -36 -11
25 -16 -35 -4
-23 -16 -28 9
26 -21 -16 -27
0 11 4 -29
-33 8 -7 -4
-20 10 -31 29
-25 -9 -12 -12
-24 -3 -25 16
22 -24 -20 -2
-37 -36 -18 -22
-31 34 5 35
11 -2 31 19
5 1 29 7
-1 -19 -22 25
4 -39 6 -3
-3 -16 6 35
12 -36 34 -31
35 15 19 3
34 -2 0 -21
-38 3 -9 -21
7 21 22 -28
18 39 -4 9
26 37 -30 -38
42 -21 6 0
-28 11 29 -2
16 3 43 -28
-9 -36 -35 28
-10 -23 -17 25
4 -16 -25 -31
-10 7 -9 0
-36 -9 1 34
17 6 -21 29
-9 18 40 10
-12 17 21 -29
-1 42 -15 25
-1 2 -16 -2
9 -13 -8 -8
-34 31 31 7
22 -36 26 38
6 -37 -6 -5
12 -14 31 31
12 -4 -6 -20
-2 23 41 25
39 3 -19 15
-17 -40 11 1
-35 36 -25 2
-19 28 14 11
-13 -2 37 6
-33 -9 -4 25
22 0 14 16
7 21 -17 33
23 7 28 -42
-34 -42 7 3
21 2 8 1
-12 27 34 32
-27 26 -22 -3
6 0 -15 -23
-36 -4 14 4
17 25 8 15
11 -39 -12 27
33 11 18 -20
-27 -3 11 35
-24 11 17 39
16 2 -12 -6
-36 -28 15 35
18 23 14 -9
-36 -16 3 21
-2 -3 -29 2
-7 -21 34 -26
16 2 12 -7
-6 25 -6 10
-3 -40 10 -27
-29 3 -31 -5
-29 15 13 -14
24 33 36 13
-41 -33 -22 32
17 24 12 -29
-14 23 0 10
3 16 14 -3
-3 -4 35 26
-28 -24 -37 -20
-21 -9 1 -33
-21 30 -37 22
8 26 14 37
19 0 38 4
11 27 -20 -34
27 43 6 23
14 15 -19 -34
-3 -32 -8 37
39 -31 39 -7
-19 31 -29 -28
31 2 9 4
-21 21 -29 29
-22 -28 3 -36
10 38 -19 16
35 37 -17 20
-35 16 27 -36
23 3 -28 -6
-34 -19 -36 15
-16 4 6 30
10 -32 3 26
-30 0 11 -24
-21 -12 26 -18
-6 -31 21 13
35 21 -19 -42
13 33 9 -18
-11 -14 -13 -38
12 6 15 -28
6 -28 21 11
0 30 -32 -20
3 38 -32 32
21 30 38 19
-21 -41 -37 -5
29 37 -14 11
14 -25 -7 34
7 27 -7 24
-39 0 22 -30
-40 8 36 2
5 37 -7 -15
32 10 30 -6
12 -25 18 -24
27 -32 20 2
14 7 -41 -18
20 -34 5 37
-42 10 -37 -33
11 -11 -5 -35
33 -9 23 -10
4 -23 -18 17
-1 10 -10 -12
-25 29 3 -20
17 0 11 -14
31 -32 25 -23
39 -32 -33 -20
-19 -28 1 31
7 35 -16 12
-29 -28 -13 18
-4 -10 -7 -29
39 -37 -6 -20
-32 17 -37 24
36 15 -12 -33
40 -17 20 38
2 -12 42 -33
34 27 14 0
-9 35 5 -5
-35 11 28 -6
-8 -28 -2 25
0 33 -23 30
23 5 17 21
0 -3 -8 0
39 10 36 -40
23 22 -17 22
13 17 -21 -18
-16 -30 23 -7
5 17 -25 -7
0 -3 -9 -34
28 -16 40 -10
-18 -23 6 -16
-36 -25 -19 -12
-5 21 20 23
33 -23 -27 -33
8 -34 -14 -30
-5 -33 -7 -23
16 -36 -1 -38
-6 26 20 18
-4 -37 -33 -22
35 2 -37 -20
3 -4 -7 34
0 22 1 -39
9 15 -21 23
-18 14 39 33
-13 -13 -21 -11
8 10 18 1
12 5 12 27
19 -4 -10 -31
-18 36 19 35
10 -29 -38 37
-15 -26 37 36
12 -13 6 32
-11 -16 -32 -9
10 3 -37 -25
-31 -41 29 0
-21 -23 -5 27
-1 -29 -26 -24
29 20 14 -22
20 19 -11 34
6 -21 -21 8
18 18 -24 -7
34 33 -18 17
-15 21 -28 -15
-35 13 -9 19
-42 -34 17 -21
-24 -23 31 -1
-20 -21 27 -9
4 25 26 1
-38 40 -2 -3
35 39 -30 -17
27 23 9 -25
-12 15 -32 -8
38 22 -4 0
40 -24 -26 -16
29 33 39 -26
-35 -9 27 -24
0 -27 15 30
-27 -35 -25 -6
41 32 -9 -11
2 -27 -24 -18
0 -8 0 2
-29 -3 20 -34
-22 -25 -33 -17
12 -7 -12 32
-32 -36 -18 2
-15 -26 -1 -37
-17 19 -16 -9
-2 -24 -4 -24
-20 10 -37 9
-34 5 3 19
-17 13 -37 35
26 -21 29 -2
-7 32 6 -18
3 0 -35 29
9 13 18 12
-33 -17 35 -39
6 35 28 30
-33 -1 -28 -26
-24 33 18 -25
34 -13 -14 0
-15 -3 40 36
34 2 -29 27
-9 18 -5 9
12 9 -7 -16
-29 -16 35 -31
-7 22 22 -15
-31 25 -8 -33
-23 12 -4 -36
-5 -40 33 -33
11 -33 24 -25
-34 -17 -4 -27
-32 20 -43 -36
-35 9 29 20
14 9 -32 -5
34 25 35 -42
-11 22 -13 -31
-10 37 -17 -32
-13 29 -21 28
-19 34 11 -13
35 0 23 -19
11 35 -19 2
-34 -24 -33 -10
-34 33 -8 -31
-29 14 -14 -38
-6 28 23 5
11 25 -23 -30
27 40 0 21
2 -32 -41 -21
38 24 4 -6
33 36 28 29
37 14 28 -16
-33 0 -30 -30
30 -17 -4 20
26 13 -14 32
-5 -21 -20 4
-34 39 10 38
-21 0 25 6
23 -37 -9 -10
-25 -23 -25 -23
-38 -8 43 -4
17 -17 -32 33
15 11 34 30
0 19 -13 40
-5 -36 20 8
-10 -29 -23 23
-8 -35 11 -10
23 25 -24 27
-39 -9 31 26
-33 3 -20 7
-24 -12 -16 -31
39 27 -21 -15
-8 1 -20 -21
-18 -14 -14 -40
-26 -27 -10 19
-34 10 -25 20
-33 -6 37 -16
5 -21 -13 -32
-5 5 -37 -12
1 27 7 0
-11 -31 -8 15
36 -15 -36 33
36 15 36 26
-12 26 18 38
-10 3 5 2
28 39 -33 -7
7 15 -4 -10
0 0 -21 -33
-35 1 -19 -28
-27 -25 0 0
-12 -12 -9 32
24 -38 -29 -37
29 -32 -3 -7
9 -23 -4 6
34 -20 -40 -21
-40 -30 -19 -20
-36 29 -22 -9
-17 21 -40 3
-29 12 22 -34
27 -13 -31 -35
-15 -14 -16 1
-19 12 -12 12
-12 13 -31 0
39 7 7 -1
-30 35 -2 12
-34 7 24 -35
26 -41 -22 -9
31 -7 6 -18
-4 -11 4 5
-14 -27 -32 39
38 -24 22 -26
-39 -14 -22 38
38 -26 42 -5
-7 -12 2 -6
-32 40 27 -7
-12 40 15 0
26 23 43 29
-38 11 11 -25
26 -8 14 35
23 -30 -4 22
18 4 21 -36
6 -33 5 -37
18 19 -26 -36
-38 10 -4 -8
-17 -9 3 40
28 -34 -20 -40
2 11 -30 -23
33 -32 -32 0
-4 44 -38 11
17 -25 -28 -22
33 42 -18 -5
-36 19 -7 14
42 -15 39 22
20 41 -17 14
-3 -13 -3 38
-38 0 19 -15
0 -20 19 -43
3 -34 -27 0
-22 -35 29 9
32 27 23 -16
-30 20 9 -7
40 -15 23 11
-2 6 -2 22
29 -19 10 -16
-36 37 16 -25
2 -32 -40 0
-19 35 -7 35
18 4 -22 7
31 7 24 -22
2 32 5 -10
25 24 -27 -2
17 3 -35 -5
22 -28 37 -22
19 -37 24 28
23 11 -1 2
-26 -19 -15 -17
16 -27 -30 30
-20 -15 16 31
4 8 30 -6
15 14 -26 -27
-28 9 19 -34
23 -16 10 -39
34 -22 -38 0
32 33 -11 37
-34 -13 -30 37
-34 -28 -2 31
-16 9 7 -10
5 -23 -35 -30
-30 39 15 28
34 -1 39 -1
32 -35 4 -19
-9 7 25 -1
-30 21 -10 -7
-5 18 -4 13
29 -9 -28 23
34 -18 29 22
7 38 29 -29
2 34 36 -1
-7 -10 -15 27
-26 -16 11 17
-37 8 43 39
-8 23 -7 9
12 -31 -10 4
-27 -7 15 0
-19 10 6 26
28 5 -17 40
31 16 11 -35
-33 38 33 22
-30 -33 32 6
-38 -19 3 -25
-5 45 -20 -31
-21 15 -1 -22
16 19 7 4
-30 -8 -27 -2
21 -3 35 9
37 -8 41 21
37 20 31 24
-28 -4 37 -40
1 -27 35 0
-40 -11 0 0
8 3 -33 -3
-37 -38 -33 10
-37 -5 23 -15
26 -30 13 -24
-21 10 -24 -6
1 -29 -26 -21
2 3 -7 24
-3 -32 16 -28
25 -26 -14 -16
32 0 10 -27
-35 -4 -5 -32
38 40 0 -26
24 -32 31 -13
20 -19 -31 9
-25 5 19 8
-28 -17 4 28
4 40 31 1
-19 9 12 38
-18 -12 22 -33
-31 20 24 11
10 11 25 22
7 -38 -1 14
-17 -27 -10 37
-42 23 -20 29
32 -18 -25 36
-40 36 -36 -2
0 18 29 -1
-7 18 -36 37
5 17 35 7
42 33 -36 -33
-21 10 36 8
-8 -5 -33 0
26 -23 31 -38
-33 -19 -14 13
-31 26 29 13
-15 -16 -33 19
28 -20 -16 -10
15 -26 -10 11
-35 37 18 34
-26 34 12 -32
-10 -9 0 25
0 -26 9 -1
-25 -15 37 -21
40 -2 -2 -6
-16 31 35 -37
-18 -28 0 33
-20 36 25 1
-25 -17 -12 -3
-10 -11 -9 1
43 -9 -35 -36
35 18 -33 18
15 38 12 3
32 10 -31 -21
26 -8 -22 9
-13 45 39 -34
-14 -31 41 8
36 -10 -27 21
-38 -27 11 17
33 -14 13 -2
25 25 -40 4
-38 19 -35 -26
37 -21 31 -9
-5 11 32 38
-13 27 -18 37
24 26 -35 -23
38 -39 26 -13
15 -19 32 40
25 -15 -22 0
34 -28 14 -10
28 -36 2 -11
-25 -7 10 -24
-28 0 -10 -21
17 35 29 39
23 19 0 -8
18 35 -36 -38
4 -25 -24 23
-7 33 24 34
-35 36 -24 16
7 1 -25 -24
18 33 32 39
-3 -32 -28 -26
-25 0 -30 14
5 36 25 28
-42 -26 -22 -1
-7 33 -37 13
40 29 -1 -41
-7 -28 5 1
36 1 12 27
17 15 29 32
21 10 21 18
-33 15 27 -19
-13 37 16 0
2 -33 3 -17
14 28 7 34
34 11 -36 14
-27 29 -31 -38
41 33 0 -9
24 11 4 21
42 -10 -28 -18
-18 15 10 7
5 45 -1 20
-10 -10 33 -31
-31 31 43 32
17 34 -35 -12
3 1 -15 -7
23 0 40 29
-27 27 6 -18
-9 25 13 -16
-31 40 36 -34
-17 38 1 18
46 47 33 10
-18 -3 -32 -34
29 -14 22 -11
25 -10 20 -41
23 35 -9 -34
11 -15 -39 -41
26 38 -2 11
30 -5 20 2
9 25 -13 -15
-6 25 -39 6
42 8 -38 25
28 29 30 12
-31 33 -39 -35
16 -5 18 -2
39 -27 26 6
-20 -35 -6 -39
-23 -8 6 -40
-5 34 1 39
4 -27 -3 -32
-9 -22 -19 -41
-24 -31 13 -10
1 -26 37 -7
-13 19 39 8
-9 29 -22 -5
30 -19 12 -18
20 26 0 25
-10 22 36 18
-42 -15 24 -36
-30 16 -17 31
37 18 -21 -20
35 -20 -39 -26
-37 -21 37 1
-19 4 11 27
34 -20 31 -7
9 -21 -23 32
21 15 0 -39
7 -16 0 9
11 7 7 -6
28 16 25 5
-19 -12 -29 -35
-36 -18 -13 -38
19 32 -28 -18
0 -2 16 3
20 -34 8 12
-4 22 -14 -33
-3 8 -9 -20
-7 3 6 18
-15 -10 0 7
7 17 46 -11
11 -26 5 -20
-25 25 -5 -11
-25 -25 -32 25
-10 -31 11 33
7 -3 22 -21
25 5 -24 33
19 41 40 13
10 -29 -28 -41
29 -5 -3 -2
-21 44 46 -14
24 -23 -6 25
48 -7 -19 0
27 26 -22 -12
8 -17 -9 7
0 -7 24 -22
-10 0 -1 24
32 41 9 -13
2 11 -27 32
-23 32 -5 -40
43 7 12 14
-17 39 -2 14
-5 -21 0 -33
-24 35 -18 18
9 -2 7 -20
-26 2 22 -28
-30 -21 -9 -20
19 -2 -11 -7
-14 -6 -22 21
14 -9 -3 14
-41 -30 -35 -34
20 23 6 -11
-36 -8 19 0
-24 15 3 1
-16 -9 -18 0
7 26 41 -7
13 36 -27 37
30 -36 -19 18
-32 -33 34 -21
-9 -19 -32 -8
23 -38 6 -36
-19 -12 -38 -22
-36 27 -32 -37
10 28 -13 -41
-39 4 22 3
43 41 -39 35
15 -5 14 -35
-38 -33 21 29
-24 -6 -7 -7
-1 5 38 23
-25 1 -12 -5
-22 -2 38 -13
-32 -24 -11 4
22 43 -32 25
11 10 11 7
-21 1 -30 36
-7 15 31 -28
-1 -33 28 -28
-23 14 -11 -31
-13 -27 -22 -1
40 -29 -7 24
-22 -29 -2 -14
-26 -23 3 -19
31 44 22 -9
30 -11 29 18
44 -20 42 35
-26 51 0 -24
-6 -4 17 -9
-9 24 25 -18
13 20 -20 -28
-19 53 -22 -29
-10 27 4 16
-1 49 -17 21
0 42 11 17
16 -21 16 -14
39 -25 -19 22
-34 -4 -36 -35
-13 -21 1 -40
19 12 17 -9
42 -2 36 -25
3 37 -39 -13
22 -2 -37 21
-38 1 10 -19
4 -15 -4 3
-11 -16 36 -9
4 2 -42 17
37 7 30 -5
0 27 19 -32
-29 5 -28 -14
39 19 -20 0
12 -1 -23 24
40 -40 0 -37
19 -27 27 20
21 -37 -39 -18
0 17 32 -29
12 28 24 -18
29 -26 -29 32
2 -37 -28 10
-24 31 13 11
19 -10 28 33
2 -25 21 23
-7 33 -18 -32
12 -11 -30 -19
1 2 20 34
20 -22 -11 -34
-13 30 5 36
12 36 -9 -29
-28 43 -39 -7
-21 6 40 33
24 -38 -25 -34
17 6 35 -27
34 1 12 -28
-24 8 39 15
21 30 18 -40
34 10 22 -28
3 -10 23 9
4 -17 19 38
5 -28 25 -30
40 24 -33 -1
-9 41 -4 -18
-6 19 -6 -29
-24 -25 -31 -6
47 19 17 -29
52 11 37 -10
41 9 35 22
26 46 6 37
28 -9 -11 35
17 -17 19 12
4 -23 0 12
-26 -9 49 -9
29 45 34 -15
14 5 28 -4
-15 9 -26 -13
-15 11 8 -8
38 -7 9 -13
-18 -10 -22 20
46 19 -6 12
-15 -9 -35 -5
13 -30 4 -12
20 -37 11 9
27 31 -2 32
-22 23 28 0
-5 -33 -38 -2
-20 -33 -35 38
-12 32 -9 0
26 0 21 -15
4 -9 37 1
10 -15 -21 38
-35 26 -33 -20
-21 3 14 -20
17 -20 39 -9
25 33 -5 -6
-19 -16 12 7
-12 0 -12 0
24 26 20 10
3 9 6 0
-26 -20 28 -16
-3 -38 34 2
1 -18 23 -7
23 -14 -13 16
-18 29 3 -3
32 -19 20 -36
-7 36 39 -22
12 -27 -36 -38
-29 22 -39 -8
5 -10 -7 -36
-3 -31 7 -20
1 -15 -15 -35
-17 32 -31 -36
1 29 18 -15
-4 42 -33 38
-32 -37 -10 -11
-27 23 -23 -34
25 37 -10 6
39 32 -22 31
7 20 5 23
17 -10 -14 0
-30 24 19 -36
45 -6 -28 31
-17 -20 0 22
52 48 3 14
44 4 -22 16
42 15 30 -32
41 34 0 14
-24 -16 14 -4
18 26 -5 0
41 -23 -12 39
-19 2 -1 -11
-11 -22 0 32
20 -14 -7 -6
42 49 10 10
-24 34 46 0
19 41 31 21
35 -2 12 -22
39 0 34 0
-2 24 14 -10
5 28 -40 -32
-11 26 11 36
44 -15 -25 17
-17 -35 -21 -40
-24 20 -6 -26
36 -11 6 -19
34 16 -38 36
-25 -6 28 1
22 20 0 40
38 -4 -29 21
1 39 19 7
-2 -9 -25 -35
-5 -6 8 -10
-33 12 33 -19
9 37 -23 24
3 27 20 -10
-4 16 34 26
-41 -37 42 26
18 -39 -14 -13
-34 -38 43 31
4 15 -28 13
25 5 -20 1
-3 20 37 -28
20 23 36 6
-38 32 -10 -37
22 40 -6 -28
26 -26 -21 -36
21 -36 -30 38
19 -32 37 34
42 6 23 8
10 19 38 -13
42 25 -24 2
7 -12 1 16
3 5 -37 -36
0 -37 -4 -39
-10 7 33 -12
19 0 -25 28
18 -4 42 -32
-17 45 38 -16
12 13 19 -6
4 -4 33 2
-3 21 -3 13
-13 -10 23 9
36 33 -27 11
26 15 45 -28
-21 12 -17 16
-21 9 53 -38
48 -2 -25 20
25 -7 6 -35
24 -9 18 29
39 5 -22 -24
25 47 55 32
12 6 7 25
6 4 9 -26
47 50 -10 -10
-18 43 23 27
35 62 8 -24
34 31 -13 -35
46 16 -30 -20
19 16 6 24
4 29 -31 -32
-32 -23 -36 -37
15 -20 10 39
32 -4 -26 -28
-33 25 27 -38
21 8 10 32
19 23 18 16
-22 -29 6 -27
-34 8 -36 -34
-20 -24 37 -3
3 11 26 31
-23 31 8 10
19 11 39 14
-30 16 14 -4
35 -11 -25 8
-25 -9 -10 27
35 -21 -7 -5
15 30 -14 -6
9 12 -31 25
-32 22 38 0
24 -20 -16 -3
11 -10 22 2
-20 -27 40 16
-16 -32 35 -28
25 41 25 -21
-25 21 -6 28
21 -24 -24 -31
10 29 -16 -26
-33 38 -26 11
3 29 -40 -37
2 24 7 -23
-13 11 2 11
44 26 -13 -38
42 42 -2 14
33 40 22 14
-3 14 -29 -34
41 -29 1 -8
28 -10 -32 -33
0 31 0 -11
-25 41 -6 -26
-19 -6 -2 24
15 28 -4 18
7 42 49 -13
4 42 0 -6
22 40 -18 -21
-11 28 9 -20
27 52 -14 21
-15 26 53 23
20 55 -14 29
58 39 40 24
30 -10 13 -4
-1 41 44 -26
25 8 5 -29
36 -4 -3 -9
29 6 10 -33
6 1 -20 25
4 -13 25 6
-3 8 -22 10
11 -16 8 4
-28 22 22 -7
22 21 -29 -4
-29 -41 -19 -36
-16 -17 -36 -31
-14 35 -21 7
14 22 0 -12
27 -26 -42 -4
-14 -32 37 -28
-17 29 8 25
13 0 -9 18
-7 11 21 17
-6 31 8 32
9 36 -27 -20
-7 28 32 23
14 -36 20 39
-39 11 -26 25
3 -7 -8 27
30 7 37 35
-35 37 -20 1
18 32 11 3
-14 3 -31 -22
-10 40 -6 -12
15 26 -13 -24
32 -15 43 -19
-15 -25 33 -34
-1 20 -7 -28
-37 -32 -8 -19
-7 20 -17 9
33 4 37 18
28 12 -3 -18
20 0 -36 -19
38 -5 22 -31
15 31 35 34
-32 -30 23 38
4 2 21 -37
-30 -7 16 24
-8 41 -32 -7
45 28 -35 10
-3 -14 -4 27
-30 23 -35 21
22 -18 -19 -34
31 34 37 2
-2 7 21 26
34 48 -8 -10
40 8 45 9
0 0 42 4
22 15 -7 35
-9 46 -8 -7
61 24 7 28
30 8 -24 -15
61 32 48 4
37 11 20 22
18 -13 -9 15
8 39 33 0
52 -4 8 -42
1 -10 -9 4
1 52 -20 -11
-18 14 -2 -7
12 -2 1 -22
-8 39 33 -11
-4 -12 18 33
1 -10 -24 -36
-7 14 13 29
39 -32 18 32
-30 -36 27 -32
3 -28 11 -34
36 -15 -14 -23
39 -24 35 7
34 -23 -16 -18
1 -38 31 37
14 -13 23 -35
-21 -6 -3 -36
31 -6 -10 4
-18 24 -21 -22
18 10 16 31
24 -35 -9 1
33 -28 -6 -12
32 -29 42 -13
-32 -21 -27 8
-29 28 30 -20
-38 12 -32 -36
20 -37 9 -37
-19 23 -7 -21
-12 -24 -17 -30
39 -3 14 -8
-2 -2 -35 9
-23 26 -44 41
26 5 7 3
24 19 -24 23
-14 -27 2 30
7 38 26 -28
-35 -10 2 37
-13 -35 0 25
40 -14 34 24
-1 24 8 -4
16 9 -27 -39
-25 22 16 -38
36 -35 25 37
-32 31 22 27
14 2 46 -5
21 -8 -27 15
5 45 34 -14
-17 -21 6 -21
34 -6 -24 33
14 12 0 18
24 5 36 12
-18 -9 29 -18
31 43 17 34
-21 5 0 -40
11 22 -5 37
10 -14 36 -26
-8 6 -21 36
20 -1 -17 -9
58 -7 27 -5
4 22 -2 -35
40 -22 1 -34
38 -5 19 -41
-7 38 -22 -21
8 -21 -14 -30
4 26 33 -25
-13 -12 -8 36
-27 -14 24 5
-12 0 37 -16
23 20 -1 -14
29 0 -28 3
12 -28 -26 4
28 8 -16 -18
1 -1 36 20
-35 -14 -2 -35
38 16 -35 -14
-11 -34 3 -6
-41 -13 -25 -35
18 27 -16 -42
-35 32 -24 -12
21 19 15 -31
36 29 -8 3
-12 27 11 -8
4 40 28 -19
37 -36 24 -16
-25 39 21 4
-3 34 -20 13
8 -23 21 27
-23 18 40 29
42 36 3 7
-31 -5 22 -32
26 -8 -29 -28
-28 30 -29 11
39 -19 -25 22
5 0 24 20
42 -12 16 33
-13 -36 -35 33
10 16 -31 2
12 -35 -28 -2
-11 0 12 -37
24 40 -18 9
-34 -6 1 -24
19 28 -25 1
0 34 2 -28
-9 -30 -7 -8
-6 30 -30 -32
42 -17 19 8
13 6 44 -7
-7 -14 8 30
25 40 18 7
-27 -15 7 -26
-13 -28 0 0
48 12 -17 -27
-3 28 -18 32
39 40 29 31
37 -29 -21 9
-11 9 -32 -4
-22 -19 -8 5
37 43 11 -29
20 -22 -38 -6
-15 -30 -19 -9
33 38 32 -43
-12 -25 23 30
-20 20 -10 11
20 6 -7 -25
-37 21 -43 -15
10 -6 -18 -17
-20 -18 0 33
0 0 -9 -39
17 -15 -5 -3
0 24 -23 10
12 40 34 18
-9 12 8 -37
-29 -29 -28 0
24 0 -30 -27
-29 11 -10 -5
0 23 19 1
-38 24 0 -24
-37 39 41 -30
-8 11 -20 -12
0 15 -5 -19
24 -38 -4 19
17 -32 15 37
13 -29 -4 -8
1 -13 3 -32
-20 -39 24 -9
37 13 -7 -18
-14 -11 6 -1
27 -2 19 -35
-27 7 25 -8
-10 32 0 14
18 -23 1 0
20 -29 -7 -31
-5 -32 -32 -24
23 14 30 8
43 -13 -8 -1
35 -4 38 -40
5 17 -35 -1
-28 -1 -14 22
13 36 30 -8
35 30 13 -7
20 37 17 7
6 -38 31 -32
-24 37 26 -15
-9 -20 -23 -10
0 32 -19 25
-23 7 -14 27
3 -35 23 0
24 14 -11 -38
-34 -17 -6 -32
40 26 26 -17
29 -7 -18 15
-18 25 -4 22
18 -23 0 9
-24 24 -10 17
24 34 35 -28
-31 -34 41 25
12 -17 -8 -22
-28 26 -31 -36
20 0 2 -21
12 -37 20 -23
-23 32 -17 20
32 -18 -45 -17
6 -3 -30 30
-31 11 -5 16
4 -43 -39 -33
38 15 31 -28
-18 33 29 -18
-16 27 41 -38
-41 18 23 20
-5 -22 -35 -13
10 31 -27 -14
7 30 30 25
13 -21 -10 13
19 -24 -32 -3
23 -23 0 15
35 36 -27 24
-24 -21 -34 -5
-19 -27 17 -37
22 30 -24 7
0 -35 23 30
10 -1 -25 -36
-4 17 22 -31
-15 -15 -25 -36
10 6 14 39
-24 0 33 -1
30 23 -5 32
-9 -29 5 6
10 -29 -2 -11
-33 1 4 36
9 -9 -30 37
-26 32 -11 8
-22 37 37 41
-37 9 -41 -28
-27 -3 -40 13
-9 5 8 -1
-33 5 -28 0
-36 -6 -10 -29
20 -24 15 22
9 26 -39 -31
-18 31 -2 -20
-34 -31 -18 1
-19 -25 38 -18
-14 -37 -35 -42
17 5 42 -36
13 -19 15 -41
-18 37 0 -4
8 -9 -8 14
-37 -38 29 -41
-41 -16 18 36
-19 9 -25 -29
19 10 -20 -10
-15 -32 -26 -42
21 5 41 22
0 -3 19 28
-1 -12 22 -22
27 -7 12 6
15 15 27 22
-6 2 -28 19
-29 20 -14 -23
-45 -8 -19 -16
10 30 0 11
36 -36 8 -13
16 -10 -8 25
-38 7 2 27
32 -15 37 2
16 21 -6 -19
3 23 -36 -18
36 27 1 -31
-4 27 -34 32
30 -8 -15 -10
-33 -13 -15 2
-18 -1 -13 15
-14 6 -7 11
0 41 36 -36
10 -16 27 2
-18 35 14 -27
1 0 -10 16
-3 -23 0 6
-18 -14 -16 -21
-2 -37 -22 -3
7 -31 -29 -11
32 24 43 0
-36 42 10 18
6 29 -37 3
17 -21 2 20
42 -31 -36 -7
30 24 5 -32
22 -10 -6 -39
34 -40 29 -21
-30 -28 -7 0
-3 -29 -29 -5
24 31 -10 -29
12 -19 13 -19
6 -15 -30 -13
-13 23 -26 10
-35 -40 -15 1
15 17 19 30
-22 -3 25 -18
29 21 -32 -24
14 11 -22 -33
-18 39 22 -28
21 22 -9 16
-40 37 -36 -38
4 7 -10 15
12 -5 -30 -17
-39 14 -33 38
-37 1 0 -39
-28 -23 26 -12
-21 -33 -20 15
-41 19 20 29
-37 -1 33 18
0 22 -38 14
-41 8 -41 -32
11 5 4 -23
0 -2 -3 -10
-21 -8 -18 7
-33 21 -23 25
22 20 -46 20
8 -19 -30 -32
21 29 -14 -3
25 -7 -30 20
29 3 14 -13
-7 -26 33 -28
34 -15 -1 26
29 -8 -20 -8
6 -27 43 -38
-3 -34 10 -20
2 21 -20 -6
-35 6 9 1
34 -10 41 -34
-34 0 -18 -30
30 9 -3 15
-2 2 -23 11
-36 8 -37 29
-3 -31 16 -16
6 -3 9 -26
-33 34 -1 -16
31 26 -20 33
-9 -18 12 2
13 -35 -14 37
-33 -39 -28 -31
4 27 39 -21
-37 -5 -19 -12
29 -15 32 3
40 -14 12 37
-25 -6 15 -28
4 -35 -20 17
6 9 -39 -30
-1 -16 12 22
-9 -36 34 34
-6 8 -35 0
39 -32 -17 11
-30 8 26 -1
10 -19 -6 -17
2 -9 30 2
-33 23 9 -25
-39 -31 -12 38
-27 -23 7 -16
26 -3 5 7
-40 -15 38 19
-16 -11 20 23
-36 -40 -37 39
9 -21 25 -19
-39 -7 9 17
6 -26 -29 -21
-45 23 -28 -29
-46 13 12 13
-33 -42 -40 13
26 -25 -18 -22
-5 -48 21 8
-45 -2 27 -12
21 -21 4 14
23 -36 -11 -1
-9 -14 -38 -22
6 -41 -43 11
-16 -35 21 0
25 -15 -44 -11
18 -15 0 -44
0 33 -15 14
3 3 28 -36
-43 30 5 -15
-17 29 33 -13
25 -4 40 -26
0 6 -26 -29
-36 -10 -31 -14
-35 28 14 -35
16 31 40 5
-11 -25 34 -17
-16 -5 -19 -37
-24 17 -21 17
-35 11 -2 -22
25 -29 41 27
-36 4 5 37
14 15 35 -18
25 30 -38 -8
-18 -16 42 -42
-13 -7 43 -9
-28 26 39 6
9 41 -6 -22
-25 27 34 0
3 -23 27 -29
10 34 35 -6
34 -9 36 -42
1 -37 -38 19
21 33 35 -6
-12 -21 22 -7
28 -23 22 -36
-26 -37 -6 20
13 -12 26 -31
-20 16 32 10
24 -11 18 -2
13 -6 -16 -36
36 23 -34 -30
32 -16 40 29
18 -16 37 39
-9 -32 -40 -16
11 -28 -34 2
-11 25 -22 1
-22 1 -32 -26
-22 -23 -38 -7
28 -6 -3 16
30 -41 -34 10
-13 -7 7 -10
9 24 -9 3
-25 -25 10 34
-8 -13 18 -34
-15 -30 -39 37
-33 -37 -13 -4
18 -39 -10 0
-28 16 11 22
-17 -30 -24 2
22 -33 -37 4
4 -48 -21 38
31 -47 -21 -26
-12 -43 -32 -12
26 6 33 1
-48 22 -5 -43
-26 -2 -6 26
-30 -12 -28 -14
25 32 -21 -46
0 -21 -13 -16
-8 -30 -9 -5
-31 40 -3 -10
1 -24 16 33
-24 21 -35 22
27 -5 -3 -27
-38 17 -2 -5
7 29 23 -5
2 31 5 -20
35 -23 22 30
32 22 -19 -20
-21 36 -24 26
-35 13 25 -11
0 -33 -38 -40
-20 -20 -38 26
-8 -37 -22 21
-39 -2 -6 21
16 3 27 -11
-28 9 16 25
-39 31 34 -5
36 -13 -31 -5
14 -6 -38 -5
-4 10 12 28
4 -18 32 0
-26 -15 -35 1
6 0 -38 18
25 22 -8 -24
37 -29 7 -25
-20 -1 24 18
-20 -5 35 2
16 -17 18 36
-11 -26 -31 -17
-31 -29 -39 -36
12 -20 3 -10
35 -31 38 -22
34 -15 -5 33
-7 0 23 -26
36 -33 9 16
18 -18 33 -9
-15 -27 -21 25
16 6 38 -9
-25 20 -27 -39
16 -28 -21 12
8 17 28 19
32 20 -42 12
22 27 -43 22
15 -30 6 -10
-16 29 -21 31
0 -29 -30 34
-6 -26 4 -2
-12 -33 10 8
-41 0 7 -33
8 -9 -21 -24
32 -13 -40 -10
-45 30 19 -32
10 -38 7 14
-45 -23 31 17
6 28 -24 -3
33 11 -22 -23
26 20 22 -11
-7 24 11 15
-2 -6 -28 -10
-42 -34 -36 24
24 -3 -6 25
36 33 -23 35
-2 9 -26 34
-12 36 -31 -33
-4 -27 27 -2
-40 -7 15 32
-27 34 -26 -38
24 -36 28 2
-28 1 5 -30
-2 -35 5 0
3 -30 33 13
11 -9 37 28
-17 -9 4 -23
10 -36 34 -39
-4 -22 6 24
-27 -38 -18 22
30 12 26 -9
-34 6 -7 -11
-24 20 -11 -35
-1 25 -6 -10
7 -12 -33 -21
30 -3 -18 -29
12 -31 33 17
28 11 -19 5
-36 0 3 -28
-9 1 -17 -37
-23 -20 31 -25
34 -30 -22 -3
-7 0 -38 -1
-25 -39 15 -34
37 23 2 5
31 -2 7 -38
-12 21 31 9
8 -41 39 -24
-39 -18 -8 40
28 -31 -18 -26
-31 10 5 38
5 24 29 38
-16 25 -7 27
20 -10 -2 -31
25 20 -5 -30
1 -13 31 -37
19 -28 -20 -18
34 33 2 7
-25 -29 -15 11
-5 -30 -18 32
1 13 -2 -30
-31 31 23 -15
24 -35 -41 -38
-29 -5 -9 19
18 26 1 -11
-23 -19 0 36
-7 -23 37 17
11 -1 -40 -27
18 -10 -29 -34
-25 -24 -10 -8
17 -20 31 33
33 -9 32 11
-36 -35 43 30
3 36 -21 33
33 -20 5 33
26 26 31 26
37 -26 0 12
32 -33 32 26
-10 -39 -3 -16
29 14 33 22
0 -16 36 -20
-32 -21 35 29
27 29 8 -4
-20 16 -30 24
0 34 -26 -2
9 -38 -9 -38
8 37 -34 12
25 -21 20 36
-31 -14 -9 -35
4 3 36 -24
-18 31 37 9
4 -13 -9 -29
-28 -36 25 24
-33 -8 29 -3
-12 14 -27 -17
-24 -37 -13 -29
22 -13 28 -27
-11 -7 36 -3
-32 38 30 -38
28 17 -38 -1
2 36 11 -3
0 -31 8 -25
37 9 -7 34
4 -40 2 -1
-32 22 38 8
-37 -37 -40 15
34 19 -41 37
-21 4 -10 -34
23 -17 3 -17
-38 35 -35 33
-41 10 13 38
24 29 4 -28
-1 -22 9 31
-18 -21 24 36
36 -29 19 41
-6 -8 -29 -12
-3 -12 0 -32
-25 4 13 28
24 -19 24 -26
-26 -22 17 -30
-12 24 16 -16
-29 -31 -24 -9
-20 -26 -10 -27
-26 -10 3 -9
-14 -39 -11 25
17 -20 8 2
-32 -15 -8 13
15 -11 -31 26
-37 14 10 -14
4 15 -8 6
27 -30 4 19
37 0 -4 -29
18 -18 -31 -14
-1 27 -1 -13
-23 3 43 -34
1 -13 -26 -1
-31 -39 -17 4
-37 -14 20 20
-21 37 33 -23
16 31 14 -41
0 8 -2 12
-34 33 -39 18
34 -30 -17 2
-7 -9 41 -31
38 4 -23 -43
-33 37 33 8
16 -34 20 -40
35 5 -20 3
39 12 2 -12
4 2 37 26
42 -8 28 -22
0 19 8 42
-26 -15 -15 29
-28 30 24 -30
39 10 30 -7
-6 26 -4 -2
41 35 -18 23
4 -30 -3 -15
-37 -37 -40 -12
-21 0 1 -3
23 38 38 -31
-38 1 26 13
13 -1 -39 14
9 -7 10 28
30 -17 -41 25
25 -29 8 -5
-23 -19 -37 -25
2 34 -39 -18
12 -17 -22 5
-15 23 -9 20
22 30 -30 1
25 25 4 17
-5 13 13 -29
-9 20 -43 16
-9 -45 -27 1
-24 25 -33 -8
6 -42 -24 -23
-4 8 32 12
-15 2 14 -7
19 16 -11 22
-20 17 10 23
-28 26 30 38
-16 -29 14 -22
17 -38 5 -3
25 33 -1 -31
19 -19 6 -3
-15 -16 21 -11
-17 30 -15 -26
-21 -30 -23 15
-42 -26 6 13
15 28 -18 6
14 -13 4 -17
30 31 20 -13
-12 6 13 -29
-35 8 1 -27
14 21 -11 29
29 10 -38 -15
-38 40 -15 -26
-41 8 11 -7
-32 -22 -36 -29
13 30 37 -37
36 -27 -23 13
-10 34 -26 31
28 -22 10 17
32 38 -6 -36
-19 -9 -33 0
-33 -20 2 -3
-6 16 -25 29
-26 10 -29 -29
0 19 -15 -21
10 29 18 3
3 -28 1 -16
-18 -20 -31 38
2 -32 -30 22
41 -35 11 21
-18 18 26 27
-20 -13 -31 -35
25 37 2 -39
28 -21 -40 -24
30 -40 -26 -21
-1 -20 18 -19
37 -2 -33 -25
-37 25 6 -38
17 -13 28 21
0 13 12 43
7 25 -31 -15
-14 16 32 -5
15 -40 29 40
18 -39 -6 3
8 32 -30 15
-42 -33 29 17
-4 4 4 -21
32 -16 26 -17
-37 -29 -3 2
7 -15 -40 -14
-26 -40 -19 30
-35 13 11 18
-32 -10 6 14
12 35 -26 -17
9 -23 -28 -8
20 -8 9 -11
-35 -32 3 10
-32 -40 -37 -5
33 -10 -20 -27
28 16 22 4
-22 -12 29 1
2 -41 32 15
0 -14 -36 -14
-36 8 -10 12
5 -22 -27 11
-21 33 42 -1
-38 5 42 -27
36 10 13 22
0 -28 -26 -10
34 -7 -39 33
19 11 7 36
16 5 25 -10
-42 -14 38 -24
23 -20 3 14
-32 16 23 -16
-29 -13 -37 -2
10 -25 20 0
-11 9 -35 31
33 -5 31 -28
-30 28 -1 -30
-10 35 32 -12
-42 40 22 -31
-9 16 -11 -23
20 35 -29 39
-31 16 -19 -29
-36 9 23 14
-5 25 0 -17
-14 -32 -5 32
-2 -34 4 4
39 31 37 40
29 1 20 39
-26 13 -14 -20
0 12 8 24
8 31 4 -23
7 5 31 -26
0 27 29 -6
-29 27 -25 -30
-33 -19 14 0
25 32 -36 21
-23 0 5 44
-12 18 -22 4
-38 27 15 4
24 -7 15 -25
-40 37 -19 -14
10 39 27 -1
-36 -19 35 34
25 -39 -41 16
24 28 -25 -28
-8 38 10 -20
5 -25 37 0
-19 -16 -13 -24
-37 14 -25 -6
21 -6 -10 15
36 -43 -6 33
-19 0 25 -36
-28 35 -27 -32
-36 16 7 -36
-13 -23 -9 40
11 -29 -29 -25
1 -19 0 -34
0 36 16 -41
-15 -27 38 -7
-5 17 15 2
20 -1 -23 37
15 15 4 -10
14 39 32 -21
30 -36 -14 -42
-20 30 -18 -34
-1 3 0 37
-22 -24 -19 -23
13 11 -1 -1
18 14 25 8
30 37 33 -38
20 8 36 33
28 13 24 -11
-37 32 38 33
-31 15 -18 19
1 -2 -27 22
-14 -39 -27 24
39 -32 -38 -10
-11 -12 -36 14
14 -4 17 -21
14 -9 -22 -16
-6 7 6 -24
-7 -14 -9 -8
27 -22 25 -28
-23 38 -12 -28
8 -3 39 -23
13 -18 -26 2
-22 26 31 -34
-18 39 -9 19
-39 26 5 39
-2 15 -29 1
21 -6 21 -22
3 -7 1 6
28 -10 -14 40
-16 -11 37 26
28 -30 -38 9
15 -23 26 -23
-18 22 -8 -16
11 -20 22 -29
28 25 17 -34
22 -15 -39 -36
20 -29 -37 22
35 -28 0 -3
-33 -18 31 1
-10 23 34 -25
-29 -41 18 32
-30 39 -38 15
-1 14 31 10
-25 19 31 -30
31 1 -6 11
5 -22 6 7
6 -7 -24 8
35 27 18 45
-32 30 19 45
26 30 0 -14
15 -2 -11 20
-4 -4 -4 17
12 -39 30 -29
0 32 2 6
33 3 -18 20
-4 27 12 -19
28 -35 34 -22
-33 14 8 4
25 30 0 14
-29 29 -30 -27
-3 1 30 18
-27 18 -3 10
39 -33 -4 29
3 -22 -2 3
-14 16 31 0
-8 -13 -21 21
-15 35 7 34
14 -28 -7 -40
8 37 21 17
11 12 -16 17
0 16 9 -1
-1 29 -28 -21
-5 -35 -28 5
30 -37 37 -1
8 -5 22 6
23 28 38 -8
-5 2 -20 14
-13 30 14 -38
-38 -20 -12 19
15 -32 14 -17
36 5 18 26
-20 17 -32 19
-31 21 33 -34
-17 2 29 -9
-17 -23 15 -13
22 29 3 29
18 23 36 -32
32 -15 18 -25
31 17 4 -14
35 27 -3 -36
14 -9 2 25
-33 -5 -8 0
8 -27 27 42
4 -6 -32 -10
-32 -38 -6 20
-27 2 21 -1
2 -25 31 -31
5 9 -30 30
-17 25 21 -26
-26 7 -33 32
7 -23 7 3
-9 0 -14 12
-1 -14 -15 26
-25 -26 -23 -31
-35 28 9 -4
-13 38 12 -16
17 -10 -15 12
-4 -24 -19 36
8 5 12 44
35 -12 -10 -28
20 -18 39 0
-9 38 9 -33
-15 -29 -14 -9
-19 -37 35 35
-10 21 -31 -16
-30 21 15 -3
-25 -29 -20 -35
27 37 -24 29
1 -2 39 -33
22 26 18 14
18 -26 28 -33
36 17 17 34
-41 -3 12 4
27 -29 12 -43
26 -36 -26 -6
0 -19 -18 -11
8 -25 -6 -43
-26 -10 28 4
2 18 -35 12
8 -3 8 38
-10 32 -17 16
27 3 21 -10
-19 40 -14 -26
13 13 -9 -31
43 30 32 -34
8 37 -22 42
-1 -3 -10 -30
-27 17 20 -23
-34 38 33 -5
-8 28 -29 2
-31 -34 12 41
14 23 -36 -14
-25 -23 36 -27
33 -39 3 31
20 31 -19 -26
38 -34 18 -30
24 -12 5 -16
-25 14 -18 42
-13 -5 -8 26
-32 -7 0 31
-9 28 21 -13
23 -2 -27 31
-32 -30 -29 20
37 -38 17 36
25 39 -9 -24
-31 -18 -10 -11
14 25 -9 -27
13 11 -4 -36
23 13 20 -25
4 16 19 1
40 -22 3 -29
-26 40 9 0
-26 23 36 28
35 -17 -27 19
-1 -7 -40 5
2 0 -1 -22
17 -25 24 41
16 0 -24 37
-14 4 17 42
-32 -1 7 -15
-13 -2 -31 34
-11 -3 -19 12
-32 19 14 4
32 5 -5 -24
-7 29 15 -13
-2 31 -19 2
-20 -22 -20 -8
-33 -13 -12 -25
-41 -4 40 -25
-8 -1 -26 27
-31 -39 -3 -37
-30 -24 -22 35
-35 -8 9 -17
-41 27 -35 -1
33 4 30 20
38 20 -15 23
18 40 -34 32
-19 -6 -1 17
-11 19 -10 -10
-36 35 10 -31
0 17 -17 18
4 -27 20 36
-34 2 -10 24
16 15 -36 -18
35 -37 -28 -8
-19 10 23 22
35 -22 26 16
26 -18 -6 14
17 -7 29 -4
21 -40 -1 3
-6 -34 4 35
-18 -4 -9 24
-23 -38 -10 -36
12 7 38 -18
-18 8 18 -35
41 -25 -9 19
18 25 -11 0
8 15 3 -22
1 27 -1 -33
-18 -2 30 -14
-35 30 -3 -17
-14 -14 10 18
-23 -22 -3 -31
30 -39 -1 -17
25 33 -40 -14
35 -11 11 22
41 7 26 -36
5 -6 27 43
-31 -29 -32 38
30 -20 -42 29
-7 -21 -12 -8
22 23 -38 20
29 29 23 -28
9 -23 14 34
-31 -8 28 -23
-16 -40 23 4
36 16 -34 18
12 8 -36 2
-9 0 -17 15
-32 0 -12 -31
34 12 9 -25
5 34 12 26
32 5 2 21
10 -22 -3 15
22 -7 -31 -36
0 -22 14 -19
-19 38 -27 -23
-32 -41 -22 -8
-3 7 -38 32
6 9 23 6
-2 22 8 3
-38 29 -25 -26
35 4 -33 -9
35 -29 -13 -17
26 17 37 38
-1 -14 8 -26
-14 35 -35 -32
18 0 34 -39
4 24 26 -11
12 -10 27 -38
-16 -4 26 28
43 6 -38 2
-26 -39 40 12
-8 -3 12 22
-17 0 -10 -33
35 28 6 7
1 23 -33 -24
-30 33 -4 31
8 22 -27 -24
2 -30 11 8
-9 20 8 21
2 -9 28 -33
-32 -5 -31 -37
32 -30 0 -2
5 -14 -6 7
-5 -40 -27 -5
7 35 21 22
-24 -6 -37 16
12 -28 36 30
11 10 -39 -14
1 36 -20 -30
13 -18 -15 13
-10 0 -17 -5
-23 -9 11 34
22 -28 16 -8
-26 29 21 11
24 -2 -6 11
-16 6 -4 -14
13 32 27 -15
29 -26 -9 -29
-3 38 2 7
-11 -33 -42 -23
-35 -33 -23 40
-6 30 -29 42
0 1 -38 10
-14 -41 -38 -26
-21 29 -5 9
-36 -5 -5 6
14 16 21 -2
19 2 -7 0
-13 -1 -40 0
-19 10 13 24
27 1 -7 27
32 37 -23 1
33 36 31 14
26 13 -36 35
-33 31 -10 -36
25 6 -40 16
-16 -25 -7 31
-28 -7 -23 -23
20 8 11 25
6 34 32 27
0 7 39 13
-37 29 34 26
0 12 -33 -30
8 33 -1 -39
12 -14 7 32
-2 -11 -6 -31
-21 -21 -15 -11
1 -8 -24 20
-4 0 14 -19
21 13 -34 2
35 15 -30 -9
-37 -10 -26 -6
3 -10 -25 21
-3 -7 32 -33
0 -7 18 -6
32 -11 -16 0
-36 26 -19 25
5 16 22 25
19 -11 16 -2
-17 6 -29 35
29 18 20 -5
36 33 -34 -28
-33 4 21 -1
20 -2 25 -30
-24 21 -22 21
4 25 11 -17
32 -2 -12 -14
27 -38 -15 2
-24 -10 -32 -10
29 39 26 -1
-7 33 17 12
39 -30 9 -8
15 39 -22 25
27 -30 -22 23
-21 -1 -22 45
31 -9 -30 -11
-35 -19 4 24
-36 9 -21 -9
-2 38 -38 22
28 -16 -17 41
33 22 -9 25
-33 -41 12 34
-8 -33 -31 -17
-14 24 28 17
34 21 -8 -25
-40 29 -26 -11
24 32 -23 -38
-34 -10 0 -29
-5 12 -17 -23
10 -30 -7 17
-21 -28 1 -7
25 -30 -12 -31
-9 31 6 -16
2 24 -29 -37
-39 0 36 2
30 -31 -35 -10
-36 -38 10 -26
-1 27 -34 29
4 33 22 -25
13 -17 -7 -33
-33 -17 31 24
-28 26 -1 7
29 26 -5 -32
11 0 25 15
32 35 30 -42
-2 -21 -6 -5
-22 -12 -39 -1
-4 -2 19 -11
1 -36 33 -20
32 19 -1 -15
18 -6 29 -17
35 23 28 12
-14 -21 20 34
-23 -13 -39 38
16 35 17 -10
-2 3 35 3
42 13 -24 36
0 23 7 44
-14 6 24 8
15 -19 34 -36
26 -8 -31 23
-30 -31 -14 -23
31 -27 -13 -37
32 18 -18 -4
-37 -7 -5 -29
6 -23 -17 7
-13 4 39 -18
8 0 16 -1
-7 -14 -17 27
-19 -32 3 -1
25 32 22 17
-30 27 -17 -36
-38 28 -16 -34
-26 -20 -3 -23
-11 -32 32 12
27 27 -5 -6
32 14 3 28
39 5 5 -14
16 -39 -16 -19
16 28 -7 15
19 22 -5 5
-12 17 -39 34
-6 22 -4 23
-24 1 7 26
6 3 -8 4
-23 0 -1 23
22 -41 -17 -12
7 34 -26 -32
-36 -23 17 31
37 -11 -6 -25
-27 0 15 -23
36 39 -8 -33
27 -2 -26 -27
26 28 -38 -25
-6 5 -21 -25
-1 27 -28 -11
36 11 -18 37
-2 -11 25 15
12 9 3 -23
-10 -5 -4 6
6 23 -6 -32
4 -15 29 -11
-10 1 -14 -10
6 -40 8 38
11 24 -2 7
-16 4 27 0
20 3 -34 -21
25 16 -20 -27
40 5 -17 14
8 -6 34 -37
21 6 -16 27
-3 -17 -31 -9
-31 29 -6 9
32 -36 -27 -27
0 -14 -39 44
-35 -13 -1 36
-10 -29 1 28
-7 30 39 16
9 35 30 35
-10 2 35 38
-14 40 23 18
-3 6 13 -13
-17 20 -30 -7
2 19 -4 -21
-34 -4 -30 27
-8 -17 -39 -20
13 -13 9 19
-38 -6 18 41
0 -9 -16 14
-12 33 22 14
28 -1 -27 -23
26 25 11 16
10 30 4 3
-10 3 -26 15
-36 -4 2 5
-36 -22 12 12
21 -39 22 -27
-19 36 13 9
37 34 30 -19
-6 12 36 -21
0 7 -2 -34
20 -24 -36 -15
-8 15 17 7
-22 1 36 -9
39 -9 19 39
30 22 -26 -17
-21 -16 -19 17
20 9 20 -12
-32 -28 33 -30
-8 -12 41 37
-10 -8 -30 -39
20 -18 -14 -18
22 33 -16 13
-1 -26 -31 -30
0 20 -21 27
4 -35 -37 25
-32 -19 -25 -36
-42 31 38 39
34 -26 25 -26
-3 38 5 -34
12 11 -23 -5
-35 -5 28 -1
22 36 0 19
-41 19 -27 -16
14 -9 15 -7
-28 39 -37 19
-30 25 23 -15
9 30 -37 -12
36 -34 28 28
-16 31 -6 -36
31 9 -13 31
27 11 23 -9
36 14 2 -13
-15 40 3 16
41 38 11 12
-20 20 -21 27
25 -5 10 -10
18 2 22 25
1 19 36 -2
5 2 4 -5
-5 -40 -38 17
42 7 -39 42
33 -10 -25 -16
14 -9 17 1
32 29 -31 40
19 -30 29 -6
37 -28 19 -4
-6 4 -1 -22
27 -24 -21 -18
18 -16 -31 12
-10 40 16 31
1 -6 33 -7
-13 -12 38 -22
-6 -5 0 -18
39 -19 -6 25
10 6 -28 -34
-36 31 9 36
-31 -24 2 -20
14 0 12 8
21 6 -28 6
0 19 -41 -26
-8 4 25 7
-8 -25 -8 -19
11 -33 -40 -17
17 14 0 -10
-11 4 12 -4
-23 14 -10 31
-24 1 -4 0
-16 -10 -40 -36
2 -41 28 33
-27 -14 14 -23
-27 0 33 -37
-1 36 36 27
-33 -32 -27 25
-13 -21 -37 23
5 15 -6 27
-37 -11 -27 21
36 14 17 -41
16 0 -10 -15
11 -19 33 -4
-24 -25 11 -29
7 -27 32 -15
22 -39 -22 -27
21 -29 27 -24
8 -24 9 -17
10 -40 5 21
25 -5 27 -38
24 -34 -31 -5
-10 -3 26 -12
-10 5 10 9
41 2 -11 33
-4 4 22 -4
-34 -35 1 34
-13 -38 -26 4
9 -39 40 -23
-23 3 39 -18
27 23 23 -14
-8 -9 33 -10
-23 -39 40 13
-22 7 0 -27
-27 -4 17 35
-30 26 -12 -4
21 30 -1 -18
5 30 -33 33
42 6 6 26
17 31 -27 32
-35 15 10 10
-27 38 -2 39
-7 -19 2 22
-32 -14 29 32
36 -36 15 -10
-10 -22 -10 28
5 -19 -11 -10
40 -18 -19 41
30 13 21 -12
-10 -8 21 -35
11 15 -2 16
-36 26 6 25
14 27 21 38
8 -28 -15 31
33 -25 -5 -13
35 -26 -16 33
37 11 -19 9
-22 -35 -6 -26
-30 12 -33 -25
27 27 3 29
39 -16 26 -31
21 -2 -8 -1
11 26 -9 11
-7 17 9 13
-15 11 4 11
-11 -41 -32 11
13 -10 36 23
32 14 -20 22
-14 22 -32 5
27 -8 -41 -40
34 31 -39 -3
-38 -27 -5 -25
-17 -37 -27 -21
-3 -14 0 -2
-27 -21 -24 -16
0 24 -4 -16
-1 23 -13 -31
29 -7 -35 12
12 29 -17 6
12 0 -33 -36
-5 -11 -33 28
27 -37 11 0
40 -30 -9 31
34 -15 -17 -14
-4 37 11 15
7 32 20 -20
-1 -15 -4 36
14 40 -4 -30
33 -25 29 -21
-7 -7 -6 -17
-19 0 20 24
0 1 34 -28
-38 -2 -31 39
36 -29 -19 23
-31 27 -28 -33
36 31 -17 16
17 -13 -1 -18
-18 38 -31 43
-26 17 15 12
-17 -30 -8 13
15 -9 -33 -1
-33 28 -29 5
-23 31 -7 -29
22 40 -37 28
13 28 -38 0
42 -38 15 5
-27 7 32 14
20 25 -3 20
7 31 9 -1
23 -32 37 41
-5 4 -41 -26
-37 -11 -19 -15
-28 -1 33 -24
-31 17 34 -6
25 -11 -7 7
8 7 27 -24
-17 -28 -12 37
23 10 -40 7
-26 17 35 -34
16 -41 16 28
21 -33 -20 4
22 -31 25 6
25 0 11 40
-11 13 12 -18
21 36 -36 -4
-23 -26 12 21
12 -11 12 -17
-9 31 -27 9
-1 -12 35 18
-25 -18 -13 -29
25 25 -4 16
20 -37 24 22
-9 24 21 11
-25 -19 -37 -32
-19 -19 -3 -40
36 -21 -19 32
5 19 28 -19
36 -5 17 -26
-37 8 35 -15
-30 32 3 14
-7 -31 -21 -11
-19 -21 -10 24
19 19 -10 -29
-21 -38 -3 -32
33 -28 36 15
-5 1 -38 -1
-17 32 -4 -29
-24 27 33 40
16 -25 22 16
34 25 -26 9
38 15 16 0
24 40 21 30
29 -19 -34 21
-1 -22 -20 -6
22 -39 25 7
-35 -13 38 27
37 -4 -1 28
-5 -24 39 20
8 -21 32 3
5 -34 -22 -20
-21 -18 -39 -29
36 17 -32 -25
1 38 15 -27
1 -7 18 36
32 -8 22 -12
15 -36 -21 -34
-38 -29 15 42
-21 -6 -36 -35
30 -10 -41 3
-27 33 -31 10
32 -1 -10 45
26 3 -12 -28
15 17 4 -11
-7 -39 12 -20
22 7 -28 -12
-20 0 38 -19
24 -12 -21 7
27 -30 -41 -6
-40 29 -14 -23
19 37 17 -4
-33 16 -12 -7
24 -27 -41 -40
-10 35 -10 38
0 -30 28 -28
-25 -33 29 33
15 -20 17 -38
0 -15 -28 3
10 1 8 19
13 2 10 -1
12 -21 37 25
10 4 34 12
-2 12 -33 -18
-33 -36 25 33
25 -34 -21 15
-14 -15 1 21
12 -8 19 -30
11 18 -3 -11
-2 14 27 21
20 -34 17 40
18 25 -11 8
-11 -6 -6 21
3 0 -16 28
33 -2 0 38
32 1 -3 30
41 -30 29 -31
22 -24 3 8
-15 11 27 -10
-14 -8 19 43
-13 -34 -28 9
-20 23 21 19
11 3 36 -14
8 10 -22 -30
-7 10 -15 16
-10 35 -6 18
-19 -21 -33 -19
-12 11 15 -21
16 -32 -40 3
-39 34 15 17
-28 -7 -25 12
-4 -28 -37 -17
-39 5 -34 -16
24 0 -10 25
1 -25 9 -11
27 10 37 22
6 -27 -26 -29
12 26 -39 7
36 36 -42 -28
0 -4 -42 21
40 -35 0 30
-1 -8 -41 7
9 -35 -28 -27
-27 25 9 40
15 -18 37 -21
-13 20 21 32
30 -15 -17 0
27 4 37 -15
-7 33 -27 4
-14 -41 19 -1
-31 22 16 18
-22 -28 35 0
23 15 -33 -33
24 -11 37 -13
-3 -8 -20 30
39 -18 4 -16
9 -16 -38 4
-3 -29 39 7
-21 36 4 -28
35 -8 25 -9
-9 -15 -30 23
35 -32 -26 2
10 30 -32 31
26 3 -14 23
31 -1 12 -34
20 40 16 32
34 0 -28 -36
-9 -39 12 -23
-29 -3 30 15
40 -37 18 16
-18 -26 -15 -30
17 -2 -36 39
4 -1 23 -24
-14 -26 -6 -10
4 15 -16 14
36 18 16 21
25 28 15 -18
-31 -3 14 -29
-27 32 -31 9
24 -1 8 -25
-34 -37 -25 -32
31 -16 -35 -14
-15 -14 10 -33
-11 -39 8 -3
8 40 31 -34
22 29 -9 -36
-5 25 18 -30
-21 -14 18 -36
41 -16 24 18
27 -33 9 -29
-12 34 -17 13
-20 -10 15 33
-10 -35 36 -22
39 10 -23 -15
-29 -33 -8 -21
-21 19 -34 36
-8 10 -19 24
32 31 -17 21
-26 -37 23 -32
-33 4 22 27
-17 24 -40 -15
18 22 -28 40
11 37 19 32
-11 -29 15 30
2 9 -40 12
-32 -26 -39 40
-24 7 -36 9
-23 9 39 -4
19 -18 -15 -23
-28 -33 -29 -24
38 -34 -40 -29
0 5 -5 27
-31 -7 20 -29
27 31 -14 29
8 -32 37 -30
-23 24 3 28
32 19 -38 -32
-39 33 26 29
22 -21 0 -23
-20 -6 28 -36
8 -27 2 -14
10 -19 8 17
0 -21 -23 -32
-10 -28 5 -22
1 -17 36 -29
-13 2 -2 41
18 -30 -31 -25
-9 -17 -10 31
8 -20 -2 12
-22 23 -18 -31
14 -39 -23 -34
-16 20 8 -22
2 -22 -35 8
37 -9 32 40
-17 22 23 -15
-18 28 19 30
-5 -39 9 34
-26 40 -29 36
-30 -39 0 -15
-33 38 30 20
-37 -25 13 9
-22 -19 9 4
-32 36 39 23
-33 12 -11 22
-12 -23 5 37
-29 28 31 -5
3 0 -14 21
14 -7 39 27
-6 8 26 42
-12 26 -30 16
13 17 35 4
37 -35 -36 9
-26 21 -3 33
38 10 19 8
36 37 -8 31
30 39 -33 20
-28 -30 18 31
23 -1 19 4
-11 0 28 -3
14 26 -16 -26
-31 22 6 -14
42 0 -39 17
-12 36 17 19
-36 -34 17 39
11 -35 7 -31
6 19 22 22
2 2 14 30
-14 23 12 12
4 3 33 6
6 -39 30 17
-35 28 25 -23
34 -25 -13 -15
-4 23 -28 0
-39 15 12 -32
-14 14 -15 -33
-41 35 34 -13
6 -19 14 36
-21 40 15 -4
0 -18 -7 15
-40 14 15 18
1 -27 -19 -3
25 23 25 -1
10 -17 29 36
-32 34 3 37
0 0 0 0
0 0 0 0
0 0 0 0
0 0 0 0
0 0 0 0
0 0 0 0
0 0 0 0
0 0 0 0
0 0 0 0
0 0 0 0
0 0 0 0
0 0 0 0
0 0 0 0
0 0 0 0
0 0 0 0
0 0 0 0
0 0 0 0
0 0 0 0
0 0 0 0
0 0 0 0
0 0 0 0
0 0 0 0
0 0 0 0
0 0 0 0
0 0 0 0
0 0 0 0
0 0 0 0
0 0 0 0
0 0 0 0
0 0 0 0
0 0 0 0
0 0 0 0
0 0 0 0
0 0 0 0
0 0 0 0
0 0 0 0
0 0 0 0
0 0 0 0
0 0 0 0
0 0 0 0
0 0 0 0
0 0 0 0
0 0 0 0
0 0 0 0
0 0 0 0
0 0 0 0
0 0 0 0
0 0 0 0
0 0 0 0
0 0 0 0
0 0 0 0
0 0 0 0
0 0 0 0
0 0 0 0
0 0 0 0
0 0 0 0
0 0 0 0
0 0 0 0
0 0 0 0
0 0 0 0
0 0 0 0
0 0 0 0
0 0 0 0
0 0 0 0
0 0 0 0
0 0 0 0
0 0 0 0
0 0 0 0
0 0 0 0
0 0 0 0
0 0 0 0
0 0 0 0
0 0 0 0
0 0 0 0
0 0 0 0
0 0 0 0
0 0 0 0
0 0 0 0
0 0 0 0
0 0 0 0
0 0 0 0
0 0 0 0
0 0 0 0
0 0 0 0
0 0 0 0
0 0 0 0
0 0 0 0
0 0 0 0
0 0 0 0
0 0 0 0
0 0 0 0
0 0 0 0
0 0 0 0
0 0 0 0
0 0 0 0
0 0 0 0
0 0 0 0
0 0 0 0
0 0 0 0
0 0 0 0
0 0 0 0
0 0 0 0
0 0 0 0
0 0 0 0
0 0 0 0
0 0 0 0
0 0 0 0
0 0 0 0
0 0 0 0
0 0 0 0
0 0 0 0
0 0 0 0
0 0 0 0
0 0 0 0
0 0 0 0
0 0 0 0
0 0 0 0
0 0 0 0
0 0 0 0
0 0 0 0
0 0 0 0
0 0 0 0
0 0 0 0
0 0 0 0
0 0 0 0
0 0 0 0
0 0 0 0
0 0 0 0
0 0 0 0
0 0 0 0
0 0 0 0
0 0 0 0
0 0 0 0
0 0 0 0
0 0 0 0
0 0 0 0
0 0 0 0
0 0 0 0
0 0 0 0
0 0 0 0
0 0 0 0
0 0 0 0
0 0 0 0
0 0 0 0
0 0 0 0
0 0 0 0
0 0 0 0
0 0 0 0
0 0 0 0
0 0 0 0
0 0 0 0
0 0 0 0
0 0 0 0
0 0 0 0
0 0 0 0
0 0 0 0
0 0 0 0
0 0 0 0
0 0 0 0
0 0 0 0
0 0 0 0
0 0 0 0
0 0 0 0
0 0 0 0
0 0 0 0
0 0 0 0
0 0 0 0
0 0 0 0
0 0 0 0
0 0 0 0
0 0 0 0
0 0 0 0
0 0 0 0
0 0 0 0
0 0 0 0
0 0 0 0
0 0 0 0
0 0 0 0
0 0 0 0
0 0 0 0
0 0 0 0
0 0 0 0
0 0 0 0
0 0 0 0
0 0 0 0
0 0 0 0
0 0 0 0
0 0 0 0
0 0 0 0
0 0 0 0
0 0 0 0
0 0 0 0
0 0 0 0
0 0 0 0
0 0 0 0
0 0 0 0
0 0 0 0
0 0 0 0
0 0 0 0
0 0 0 0
0 0 0 0
0 0 0 0
0 0 0 0
0 0 0 0
0 0 0 0
0 0 0 0
0 0 0 0
0 0 0 0
0 0 0 0
0 0 0 0
0 0 0 0
0 0 0 0
0 0 0 0
0 0 0 0
0 0 0 0
0 0 0 0
0 0 0 0
0 0 0 0
0 0 0 0
0 0 0 0
0 0 0 0
0 0 0 0
0 0 0 0
0 0 0 0
0 0 0 0
0 0 0 0
0 0 0 0
0 0 0 0
0 0 0 0
0 0 0 0
0 0 0 0
0 0 0 0
0 0 0 0
0 0 0 0
0 0 0 0
0 0 0 0
0 0 0 0
0 0 0 0
0 0 0 0
0 0 0 0
0 0 0 0
0 0 0 0
0 0 0 0
0 0 0 0
0 0 0 0
0 0 0 0
0 0 0 0
0 0 0 0
0 0 0 0
0 0 0 0
0 0 0 0
0 0 0 0
0 0 0 0
0 0 0 0
0 0 0 0
0 0 0 0
0 0 0 0
0 0 0 0
0 0 0 0
0 0 0 0
0 0 0 0
0 0 0 0
0 0 0 0
0 0 0 0
0 0 0 0
0 0 0 0
0 0 0 0
0 0 0 0
0 0 0 0
0 0 0 0
0 0 0 0
0 0 0 0
0 0 0 0
0 0 0 0
0 0 0 0
0 0 0 0
0 0 0 0
0 0 0 0
0 0 0 0
0 0 0 0
0 0 0 0
0 0 0 0
0 0 0 0
0 0 0 0
0 0 0 0
0 0 0 0
0 0 0 0
0 0 0 0
0 0 0 0
0 0 0 0
0 0 0 0
0 0 0 0
0 0 0 0
0 0 0 0
0 0 0 0
0 0 0 0
0 0 0 0
0 0 0 0
0 0 0 0
0 0 0 0
0 0 0 0
0 0 0 0
0 0 0 0
0 0 0 0
0 0 0 0
0 0 0 0
0 0 0 0
0 0 0 0
0 0 0 0
0 0 0 0
0 0 0 0
0 0 0 0
0 0 0 0
0 0 0 0
0 0 0 0
0 0 0 0
0 0 0 0
0 0 0 0
0 0 0 0
0 0 0 0
0 0 0 0
0 0 0 0
0 0 0 0
0 0 0 0
0 0 0 0
0 0 0 0
0 0 0 0
0 0 0 0
0 0 0 0
0 0 0 0
0 0 0 0
0 0 0 0
0 0 0 0
0 0 0 0
0 0 0 0
0 0 0 0
0 0 0 0
0 0 0 0
0 0 0 0
0 0 0 0
0 0 0 0
0 0 0 0
0 0 0 0
0 0 0 0
0 0 0 0
0 0 0 0
0 0 0 0
0 0 0 0
0 0 0 0
0 0 0 0
0 0 0 0
0 0 0 0
0 0 0 0
0 0 0 0
0 0 0 0
0 0 0 0
0 0 0 0
0 0 0 0
0 0 0 0
0 0 0 0
0 0 0 0
0 0 0 0
0 0 0 0
0 0 0 0
0 0 0 0
0 0 0 0
0 0 0 0
0 0 0 0
0 0 0 0
0 0 0 0
0 0 0 0
0 0 0 0
0 0 0 0
0 0 0 0
0 0 0 0
0 0 0 0
0 0 0 0
0 0 0 0
0 0 0 0
0 0 0 0
0 0 0 0
0 0 0 0
0 0 0 0
0 0 0 0
0 0 0 0
0 0 0 0
0 0 0 0
0 0 0 0
0 0 0 0
0 0 0 0
0 0 0 0
0 0 0 0
0 0 0 0
0 0 0 0
0 0 0 0
0 0 0 0
0 0 0 0
0 0 0 0
0 0 0 0
0 0 0 0
0 0 0 0
0 0 0 0
0 0 0 0
0 0 0 0
0 0 0 0
0 0 0 0
0 0 0 0
0 0 0 0
0 0 0 0
0 0 0 0
0 0 0 0
0 0 0 0
0 0 0 0
0 0 0 0
0 0 0 0
0 0 0 0
0 0 0 0
0 0 0 0
0 0 0 0
0 0 0 0
0 0 0 0
0 0 0 0
0 0 0 0
0 0 0 0
0 0 0 0
0 0 0 0
0 0 0 0
0 0 0 0
0 0 0 0
0 0 0 0
0 0 0 0
0 0 0 0
0 0 0 0
0 0 0 0
0 0 0 0
0 0 0 0
0 0 0 0
0 0 0 0
0 0 0 0
0 0 0 0
0 0 0 0
0 0 0 0
0 0 0 0
0 0 0 0
0 0 0 0
0 0 0 0
0 0 0 0
0 0 0 0
0 0 0 0
0 0 0 0
0 0 0 0
0 0 0 0
0 0 0 0
0 0 0 0
0 0 0 0
0 0 0 0
0 0 0 0
0 0 0 0
0 0 0 0
0 0 0 0
0 0 0 0
0 0 0 0
0 0 0 0
0 0 0 0
0 0 0 0
0 0 0 0
0 0 0 0
0 0 0 0
0 0 0 0
0 0 0 0
0 0 0 0
0 0 0 0
0 0 0 0
0 0 0 0
0 0 0 0
0 0 0 0
0 0 0 0
0 0 0 0
0 0 0 0
0 0 0 0
0 0 0 0
0 0 0 0
0 0 0 0
0 0 0 0
0 0 0 0
0 0 0 0
0 0 0 0
0 0 0 0
0 0 0 0
0 0 0 0
0 0 0 0
0 0 0 0
0 0 0 0
0 0 0 0
0 0 0 0
0 0 0 0
0 0 0 0
0 0 0 0
0 0 0 0
0 0 0 0
0 0 0 0
0 0 0 0
0 0 0 0
0 0 0 0
0 0 0 0
0 0 0 0
0 0 0 0
0 0 0 0
0 0 0 0
0 0 0 0
0 0 0 0
0 0 0 0
0 0 0 0
0 0 0 0
0 0 0 0
0 0 0 0
0 0 0 0
0 0 0 0
0 0 0 0
0 0 0 0
0 0 0 0
0 0 0 0
0 0 0 0
0 0 0 0
0 0 0 0
0 0 0 0
0 0 0 0
0 0 0 0
0 0 0 0
0 0 0 0
0 0 0 0
0 0 0 0
0 0 0 0
0 0 0 0
0 0 0 0
0 0 0 0
0 0 0 0
0 0 0 0
0 0 0 0
0 0 0 0
0 0 0 0
0 0 0 0
0 0 0 0
0 0 0 0
0 0 0 0
0 0 0 0
0 0 0 0
0 0 0 0
0 0 0 0
0 0 0 0
0 0 0 0
0 0 0 0
0 0 0 0
0 0 0 0
0 0 0 0
0 0 0 0
0 0 0 0
0 0 0 0
0 0 0 0
0 0 0 0
0 0 0 0
0 0 0 0
0 0 0 0
0 0 0 0
0 0 0 0
0 0 0 0
0 0 0 0
0 0 0 0
0 0 0 0
0 0 0 0
0 0 0 0
0 0 0 0
0 0 0 0
0 0 0 0
0 0 0 0
0 0 0 0
0 0 0 0
0 0 0 0
0 0 0 0
0 0 0 0
0 0 0 0
0 0 0 0
0 0 0 0
0 0 0 0
0 0 0 0
0 0 0 0
0 0 0 0
0 0 0 0
0 0 0 0
0 0 0 0
0 0 0 0
0 0 0 0
0 0 0 0
0 0 0 0
0 0 0 0
0 0 0 0
0 0 0 0
0 0 0 0
0 0 0 0
0 0 0 0
0 0 0 0
0 0 0 0
0 0 0 0
0 0 0 0
0 0 0 0
0 0 0 0
0 0 0 0
0 0 0 0
0 0 0 0
0 0 0 0
0 0 0 0
0 0 0 0
0 0 0 0
0 0 0 0
0 0 0 0
