-20 33 -24 26
-26 0 -34 2
-31 -9 11 -37
1 1 28 38
4 -9 31 -16
-32 -25 -22 14
-12 -27 15 -36
3 -9 -42 3
17 16 -30 -27
9 -14 32 39
23 -8 -10 30
20 -10 -11 23
29 -26 -42 25
22 11 -17 13
38 33 -27 2
-25 -26 28 38
-35 25 -39 2
34 -38 -23 -14
-31 -25 -32 41
23 24 28 -23
25 -21 14 -31
30 -10 -9 -22
-13 16 27 7
28 23 -8 -10
-13 4 19 27
19 15 -22 15
-32 -24 13 13
-29 25 5 22
-30 -12 36 -35
35 38 -38 2
12 -1 -11 -1
-16 18 32 -15
-21 -24 -39 12
-17 -7 -25 -7
-8 32 34 -24
31 33 -1 30
15 34 -27 6
-14 -37 0 -35
-3 30 22 -13
1 0 -39 27
38 -41 -39 -19
-17 1 9 -19
-4 -20 0 -29
-27 -26 -20 31
-30 -25 9 0
-31 -13 1 -36
6 6 -3 -26
0 -38 -8 -31
-17 38 -35 -9
-35 -17 -40 -18
-31 16 -35 -14
17 -5 25 25
17 24 -33 4
-9 -8 17 15
-19 -7 -28 -36
-40 22 -13 -6
6 17 7 -27
-23 -1 28 -14
30 -16 29 -19
16 23 -3 -8
8 27 -34 -27
20 13 -29 37
-13 -12 -25 -19
29 -25 -2 38
20 18 37 19
-31 14 2 -17
10 -23 -11 -37
24 -29 -27 37
-14 1 32 35
29 -23 18 10
-16 -5 -18 -2
22 13 -5 -12
21 30 -11 3
-31 -16 20 38
-27 28 10 -5
18 18 -16 5
35 23 16 -7
-36 -35 -11 16
-21 12 -23 -31
35 -3 -24 -37
-5 20 -25 10
-17 28 2 -1
19 -3 -45 23
-8 36 -21 -16
12 20 -37 7
-10 0 7 -23
23 3 -4 -14
-32 11 -28 27
20 -10 25 17
6 29 14 -3
-37 -42 11 -18
-9 0 31 34
-14 -21 -26 3
0 -38 38 35
23 -9 8 -33
-19 -25 -19 -3
6 35 -31 18
-6 27 -4 -16
-38 8 18 -38
34 -11 -7 13
7 12 30 40
-17 -17 8 -40
41 0 12 -10
1 18 -34 9
-10 -13 15 10
1 30 -13 0
21 -17 -10 3
-39 -1 -38 3
8 34 14 -19
33 24 -29 38
37 -30 -14 20
-38 10 38 8
-23 17 -11 21
-13 -18 3 28
-19 -9 27 27
8 37 5 5
20 -23 1 8
30 -21 -41 37
-29 39 -34 32
-25 -26 -27 -14
-13 -41 32 -26
-20 22 -17 14
-26 18 2 -34
-17 -27 0 25
17 -36 27 16
19 -14 -23 -30
-13 38 11 -33
-36 3 22 2
-8 21 31 13
-21 -11 3 -12
36 0 -31 38
10 36 -7 -8
-4 19 -16 -29
-11 34 11 -13
-27 25 -6 14
28 -10 19 9
40 -17 22 14
-26 -34 14 5
-17 -32 27 17
8 -35 -8 1
30 19 -13 7
40 -18 26 1
-10 -42 -33 30
-26 31 -13 -24
-4 19 28 -6
-17 0 23 -15
0 38 2 28
2 10 -2 26
18 18 -45 -11
17 5 -3 -24
9 37 31 -27
-8 -17 -37 12
29 36 4 -17
37 -38 1 41
34 37 -23 -15
0 -25 -12 21
23 34 -37 -39
-26 20 31 -30
-1 -9 -4 30
-35 -43 27 5
-29 38 -11 18
16 29 3 2
35 -38 -24 -25
-33 30 -11 0
1 -9 -16 39
-18 -32 -31 0
26 1 -29 -5
5 -42 -32 4
-30 -33 4 19
-34 22 6 -16
40 38 9 2
0 13 37 -26
7 -28 -10 0
-33 3 35 -22
15 17 -8 -17
40 -32 9 36
6 -26 30 -14
-7 -40 -32 -27
0 20 -29 14
31 -24 0 34
37 -18 -9 -14
37 -4 17 -13
-19 -13 34 15
-1 -31 29 25
-10 20 -31 -4
8 36 25 17
38 -30 -30 -16
29 12 19 32
-28 40 10 13
10 -20 -22 -15
-28 -28 -43 11
26 11 -35 24
-37 -11 -10 -5
-7 38 30 16
-28 26 36 -24
-29 -25 12 -22
31 -37 26 -32
23 -4 13 -25
-31 -11 16 -31
34 19 -21 -7
15 18 -27 0
25 -21 -34 17
-3 -35 -1 -14
19 -4 33 33
-17 28 4 -5
23 32 29 5
-1 28 -45 11
-1 13 20 15
-12 18 -38 -28
27 28 -29 -20
8 -39 0 28
28 3 -7 9
35 18 -23 4
21 14 -22 8
-24 -39 -17 -39
30 24 8 5
13 35 1 19
-23 -41 -20 19
25 -25 38 22
24 11 -31 -37
-25 1 23 -6
-15 -27 18 18
-34 -24 15 14
31 24 31 -11
-40 11 -5 -18
31 20 -4 9
-39 20 6 -15
-15 -3 -7 -31
19 24 39 18
-32 -32 -39 29
18 -28 2 -25
-22 -24 -34 16
-21 -13 -33 -20
-30 0 14 40
25 3 36 29
-14 -1 26 40
34 4 34 -8
15 0 -7 -34
-14 -22 6 -1
0 17 -16 25
-22 27 27 25
-5 16 34 14
-26 -30 -39 -10
-1 39 34 13
37 28 20 7
-23 36 23 -29
8 -7 35 -34
14 9 1 27
41 -30 34 -27
3 30 -8 29
36 -18 -44 -2
-19 15 17 -35
-22 0 -30 5
1 -24 -44 26
-10 -19 -3 23
13 20 18 -20
30 -8 32 -17
27 16 -24 23
33 21 8 20
-28 2 -38 8
-24 38 -25 42
21 7 -13 -2
-21 6 5 -13
12 0 -25 4
13 21 -26 -14
0 20 25 26
33 27 -18 -27
-2 -13 -3 -36
-21 -10 18 28
-16 1 15 10
-2 -8 7 -12
32 -5 14 28
1 -18 -31 26
-32 1 -16 -26
18 -30 0 38
38 37 34 22
-5 -33 -40 23
-24 31 6 3
1 -41 18 28
25 -2 -27 -2
-37 -11 -12 38
36 12 -9 -25
-7 5 -24 -41
-33 -32 6 36
28 20 28 15
-13 -25 18 -10
21 20 -10 27
-12 -21 23 40
-32 0 38 -38
-28 -34 9 20
-14 -9 -1 -29
-14 -35 33 -36
19 -29 -29 30
-17 25 33 2
33 32 34 25
36 -34 -40 16
17 14 -4 43
32 2 -43 -22
-3 26 -3 3
-9 35 24 22
-20 -27 -3 13
-12 16 4 -36
12 27 -17 -16
-25 8 -29 2
3 29 17 -3
-25 -10 26 -18
-2 5 -31 16
7 -28 8 17
9 17 13 11
40 26 -40 -33
-25 -31 30 27
14 -18 -4 -16
41 -12 33 14
-4 -33 34 -24
-29 -12 20 -29
7 26 32 13
9 -18 31 4
12 -29 23 35
-19 -39 26 4
14 -19 9 29
-4 9 -45 -39
17 25 30 -4
-29 33 15 -2
30 28 14 19
4 24 -19 14
-19 37 9 41
-19 0 0 15
-36 -40 -37 -2
-6 5 15 -14
-26 3 -26 23
0 33 -41 -18
1 23 35 3
19 -15 -9 -34
30 36 7 -4
38 -17 26 11
-3 -5 -27 25
3 32 -16 11
-6 38 -28 7
10 3 -21 -26
-30 10 2 33
26 22 15 34
9 -21 33 31
-9 27 35 7
-21 -27 -29 -25
32 -7 34 -7
-25 17 6 -26
-16 33 -15 14
34 0 -2 -33
-17 -21 -21 35
26 13 -1 -29
29 20 17 4
-1 -6 33 30
0 -40 -23 -24
24 15 -24 7
35 -38 24 -36
-22 21 -28 24
28 32 25 31
-26 -21 33 43
-32 -40 23 25
29 -14 37 36
41 -1 7 -35
7 -31 -30 43
-30 29 2 24
-14 19 -19 40
23 16 -12 -27
-32 18 23 37
21 12 -22 4
16 19 29 40
33 -14 -24 -32
9 3 -31 -6
25 8 17 -18
32 -13 33 33
-12 -6 -38 -1
16 40 -15 -18
-5 26 20 3
5 28 -11 -37
-12 -38 -35 -29
13 13 29 -37
29 39 -40 -29
-26 -12 31 8
-29 7 0 -19
-26 -4 -24 34
34 -40 -20 4
35 19 -21 8
-2 -40 -37 30
7 27 23 35
-34 -16 7 40
27 13 16 12
-30 -20 5 -2
-32 24 31 -2
-31 -40 -4 24
3 -5 15 -30
-29 35 -15 37
41 29 10 12
6 25 -13 0
-8 26 18 27
-24 -16 -15 40
-9 -9 2 0
-19 -31 14 -16
-23 -5 -35 -11
28 -16 -32 -17
-30 -7 -16 8
-18 -15 -34 22
2 4 33 -19
-10 -7 25 -32
-31 7 -1 -25
-14 -16 -16 -7
-35 22 -24 25
33 -25 2 14
-39 -22 33 -2
2 -17 0 22
-27 8 37 -37
-10 8 20 0
10 5 -7 1
40 27 -23 -14
-30 -24 -37 -5
-15 2 -42 -5
31 20 28 24
-16 -26 -10 31
-31 -18 32 -3
0 -1 -41 25
17 -36 -22 -1
7 -26 7 25
41 29 -33 -19
-23 -28 7 -26
4 23 -20 19
-35 -19 -22 -4
9 -24 -4 22
-35 17 -12 5
36 28 -10 34
-17 -4 -4 -25
12 -41 -31 -15
41 28 11 -26
21 38 -41 27
42 5 -45 15
0 3 27 26
24 -2 12 22
-4 29 -35 -33
45 -12 16 -4
28 -30 -6 30
25 0 15 31
-2 -15 23 0
-21 -6 6 37
-18 -31 -19 38
-31 16 26 27
38 35 -39 -40
7 16 -20 41
37 9 31 16
0 -27 -4 -32
-4 -27 -26 -14
14 -42 24 -5
-17 24 39 0
-25 15 -11 21
-16 -34 27 40
7 18 11 30
39 -40 -8 38
-39 22 23 -12
-26 -30 3 11
25 -14 26 36
14 -42 1 -8
36 -14 29 -8
-5 -7 11 37
32 -11 34 38
-22 -13 -25 -11
18 -36 -40 18
28 -1 -32 -35
37 -38 -33 19
-20 16 28 -28
39 19 -12 -1
25 3 18 13
-33 -24 32 -30
-23 18 -39 -9
-24 0 33 -24
-35 -13 23 -36
8 -2 -24 -7
39 10 -24 11
14 37 31 0
-2 -7 0 -22
25 13 -20 -20
-11 28 -4 35
6 13 -19 20
-12 9 -24 1
7 11 -27 18
44 -5 4 -18
8 11 2 -16
38 -5 -16 44
-31 26 14 -7
-19 12 -10 -11
-19 -20 -11 1
39 38 30 -12
25 -36 11 -13
-31 -36 -23 -27
11 31 27 -8
-21 24 33 -5
-3 1 -28 -3
-35 -8 -45 23
-34 14 -10 7
-9 1 -43 25
-29 -31 -41 40
-2 -16 4 25
-26 -11 31 -8
41 33 -22 14
39 24 -2 9
-33 17 -9 23
42 -17 -33 -23
44 22 25 -22
-32 5 -38 -8
-31 20 18 7
32 -34 30 -11
41 5 2 -8
-32 11 -37 -31
34 -2 4 -11
-1 36 -2 -14
-27 -27 35 37
2 21 -15 13
-25 38 29 -17
22 29 8 5
6 -18 40 3
-35 34 12 -10
18 16 -2 -15
32 28 -39 -37
-15 -40 4 -26
27 -35 -9 -24
12 -10 28 -13
2 -42 -20 33
-38 -9 -18 4
-6 -42 -32 38
36 26 -37 -41
-9 30 -26 -14
-35 34 -5 -40
35 -38 10 30
-26 24 -19 -32
23 -8 -15 -2
-6 -18 12 23
-36 35 23 3
-37 26 2 40
0 -12 -8 -30
35 17 -8 37
36 19 -23 39
-19 37 32 -16
12 7 -20 -21
26 -34 -38 -37
7 10 33 42
-11 27 24 -14
-37 18 -34 0
0 26 -7 15
34 6 -40 -17
44 20 -14 -35
21 -7 0 7
-4 26 17 -21
35 10 -36 11
-31 -10 -19 -36
-31 -18 -17 22
11 -23 -43 38
42 29 14 -23
11 -11 12 6
-8 36 -20 -3
-25 -14 -11 -36
5 -12 -42 6
-29 21 0 1
21 18 -17 14
26 -37 19 30
-24 31 -28 -29
37 -29 -14 18
-16 -23 -39 -16
-19 26 -27 -29
-36 -8 39 -35
12 25 -38 24
5 21 -35 -33
18 30 17 16
-14 -19 8 -12
6 26 -35 -20
7 22 22 -26
37 6 4 30
13 18 29 15
-1 13 -7 -25
-28 -37 11 -36
23 30 35 -10
-1 7 -11 -7
37 6 -21 0
-7 30 -1 -38
-31 -20 12 20
39 13 33 33
36 24 41 -23
21 3 -40 4
24 0 15 30
27 -29 -32 -20
17 0 -40 8
9 -4 -4 -14
31 5 24 -8
8 25 10 41
-21 38 -25 -17
39 -5 -14 36
3 22 -38 28
26 2 7 4
-33 -36 -1 26
30 -26 29 3
38 11 18 19
4 22 29 -37
-23 20 -31 28
-22 0 2 36
-24 33 6 33
-34 15 -14 -21
34 5 -15 8
-36 27 30 1
14 39 -30 13
42 -7 36 29
30 32 18 39
17 -33 -42 8
14 6 17 -21
12 15 27 0
6 -22 -36 16
41 -37 19 -32
37 -22 -31 -28
43 -11 -40 29
46 -6 31 -25
15 -21 -27 -7
14 0 -42 30
16 28 9 12
-18 0 -16 20
-6 24 8 24
-1 20 -6 -9
29 -15 16 -14
40 -42 5 39
31 -28 -18 22
23 -9 -34 0
-9 -32 28 10
-28 -25 37 -27
-23 11 38 35
-33 27 2 -40
5 9 15 3
39 26 26 20
29 -2 5 -23
25 18 33 8
39 4 24 14
6 -35 6 13
34 -17 -6 38
-37 -15 19 -20
-11 -15 -9 12
-14 5 6 32
-5 22 -7 6
33 15 25 -34
30 18 -35 2
4 -2 10 18
18 6 12 -39
23 22 -36 -11
-11 22 5 -34
-12 13 23 21
-33 34 20 -11
-23 -37 3 3
-30 9 -8 28
28 -35 -16 -34
15 -10 -23 24
-27 -9 -9 -37
42 -5 -22 24
-9 0 -2 26
15 -19 32 -37
-1 1 23 21
22 5 -38 41
12 -26 -15 -4
5 -17 7 -19
30 -41 -29 -8
27 12 -2 37
-2 33 27 0
44 31 6 43
28 -35 -35 6
42 38 -30 22
-28 -38 17 30
-22 -39 -37 -15
-9 -7 -41 -25
-7 37 30 0
40 0 12 -26
-10 6 -36 0
-34 7 -16 -30
5 -20 -44 12
-21 -40 4 -24
-4 0 10 18
-22 -35 -27 25
24 -30 -23 32
44 23 -45 9
13 -16 -8 39
23 -7 8 -34
-12 5 30 -5
31 15 30 12
-5 -15 -8 0
3 -22 18 17
-12 20 16 -1
9 -16 6 1
12 -18 4 18
5 -11 21 -3
-1 -15 33 -22
6 12 -28 28
25 37 7 -5
-18 -12 -38 5
12 -8 29 -23
10 0 -5 30
19 -26 -9 27
-36 -39 -6 -39
15 1 -35 -12
-4 20 -32 -24
33 -39 -28 11
2 30 -33 38
2 4 -29 29
-41 -33 4 17
10 18 8 -23
23 -37 24 21
39 9 -7 -25
-10 4 -23 -9
42 -13 7 -20
26 23 15 41
-32 0 -7 -16
20 -32 32 41
-25 -4 35 27
23 -14 -36 5
36 -22 36 -6
-36 -21 -38 -34
-17 30 -35 35
-21 3 15 33
34 35 37 2
37 0 35 -3
-7 -5 0 17
36 -23 -32 13
40 12 20 -37
-20 15 14 34
-9 -37 15 -16
-26 11 -24 -26
37 -7 -33 -21
22 -26 15 -31
6 19 -20 13
45 -31 -16 -19
24 -23 21 33
-6 0 -22 5
-30 24 -28 -23
-17 11 -21 -17
-27 -22 -40 -33
0 -16 -26 6
21 36 -17 -6
-10 -15 -34 17
6 11 -39 12
-32 29 20 26
17 7 -32 -10
21 18 -12 27
17 -28 33 -28
31 29 -21 41
-34 -2 3 -34
-8 32 3 -26
-16 -1 -23 16
-18 -9 -1 37
3 -23 4 36
0 1 16 -36
-40 -28 -38 34
-34 -17 35 32
-9 1 -9 -14
10 -34 -26 -35
-7 20 -31 15
14 31 -9 -38
34 -20 31 6
21 -4 27 26
-17 35 -17 -27
-6 5 0 37
-16 34 -12 1
11 32 -24 -18
-1 -12 36 26
8 33 23 -31
-25 -14 -22 -38
-1 -14 18 38
-26 10 -13 20
11 -34 -32 35
-19 -32 22 28
-12 23 26 9
-30 -3 15 8
-33 -7 27 18
16 17 -6 11
43 14 13 10
-37 0 -3 41
8 -28 -38 -33
-6 -25 17 -5
40 30 13 38
8 16 -16 -6
7 38 -5 30
27 -10 31 -17
-13 10 13 5
3 -18 -8 -26
-24 19 -29 -29
-6 -24 -30 -22
33 -23 -39 -34
-6 25 13 6
8 -21 5 5
16 7 -38 44
25 30 25 -6
12 -16 3 -21
-34 -5 -44 20
44 -26 3 -11
17 2 26 17
-13 -6 33 34
-20 -20 -30 26
19 9 33 23
38 34 -34 24
17 -12 21 -29
8 23 -5 -33
37 20 -25 -7
14 0 -32 33
-29 2 -38 4
-17 37 -40 -24
-7 34 19 -30
11 18 22 37
4 -28 42 27
-27 37 12 -13
35 -31 4 -15
3 -4 -35 12
25 6 14 -40
40 23 -3 -32
-34 -33 3 34
31 24 12 -40
-7 -23 7 -30
-37 -13 -4 9
27 6 -37 34
-19 -28 7 -5
1 -20 -13 -37
-23 -25 -23 -19
-20 12 10 -14
33 21 -35 0
22 31 29 -34
-9 -39 23 -25
29 3 7 -34
-28 -34 -30 16
-7 13 -3 -30
42 32 36 -16
17 31 16 -22
-16 -33 38 -9
-11 20 2 12
39 16 6 -23
-33 -25 -32 -18
-28 -41 38 -5
15 14 21 -16
14 -39 -2 44
-32 7 -11 -11
39 32 4 -4
-29 -24 -31 -20
-34 20 15 -24
-27 3 34 33
-3 -5 32 -14
-34 -11 7 21
24 19 4 44
-27 -39 20 38
24 -27 23 9
-22 11 -13 34
24 -20 -12 22
29 -18 33 17
4 -9 -23 -16
-36 17 3 18
-34 3 31 -30
-34 -32 -25 -8
9 -28 0 0
-5 -11 -23 36
-35 -14 35 15
13 -8 -27 -16
11 -7 -15 -27
-28 1 26 -24
35 -27 33 39
7 17 -7 -3
-31 -32 -25 0
-16 31 40 -20
-20 -38 -19 -27
7 38 26 -20
-35 0 36 -7
16 -40 2 24
7 -23 13 15
-20 -7 0 -7
-31 -38 -17 -20
14 -11 22 -19
10 1 -1 7
25 28 9 39
-26 21 -11 -4
16 -36 -37 26
-33 -25 -29 37
19 -13 -3 28
-32 33 -21 -29
15 31 37 -30
6 -20 0 -42
16 -29 14 -5
24 19 28 -14
-26 -27 -37 -28
-20 -12 40 9
19 -34 -33 -15
-17 14 30 26
37 31 -33 -3
39 -3 -37 3
-33 -39 -40 -33
-9 2 -25 -3
-16 1 8 20
19 -14 -8 12
28 26 20 27
-30 2 -19 -18
-16 18 -3 21
-2 -29 3 0
-2 -36 36 4
11 16 -35 42
-28 14 4 -30
-15 39 0 -23
26 28 -38 -30
34 21 32 39
41 20 -6 44
-18 1 -11 42
14 15 -5 15
34 33 14 28
-20 -37 -40 -19
45 6 -44 10
2 23 12 43
44 0 23 1
-25 4 -45 17
-20 10 -2 11
-21 37 20 4
-19 0 26 -19
-29 8 15 -27
-35 21 -39 5
-29 31 -19 -13
3 10 -10 11
-15 -26 2 -11
21 32 -11 24
23 -18 -28 -30
-20 -31 -24 -22
-22 4 -31 -27
-3 18 20 -16
14 24 29 -35
2 -39 -36 -24
-14 36 -29 -25
-12 -26 -37 -11
32 31 19 -1
1 -6 36 36
-22 -36 -6 31
-29 24 -20 -18
2 -22 5 7
-38 -18 -9 -20
-34 -34 -15 -29
10 26 -18 -39
-11 23 42 38
-14 -14 38 -21
11 -38 -12 -4
34 -2 29 15
-41 -2 -10 -12
-17 21 -32 38
27 -37 41 38
-20 -7 22 -7
-24 18 -17 8
-34 24 -18 -34
25 -15 14 39
32 -19 18 40
29 12 -7 19
21 21 3 -27
-28 38 -25 24
-17 26 -43 -6
-12 -41 26 43
-6 -17 -35 -24
11 0 15 16
38 7 -15 -7
-26 -41 36 -7
4 28 -8 -7
34 34 -30 17
-8 34 3 -14
-16 15 11 -37
41 -25 18 3
-10 39 -13 8
5 -25 20 29
-21 12 24 -24
11 6 -2 -7
-13 -12 -30 18
-1 -23 -26 -8
4 19 28 -35
-11 -2 -22 28
39 -19 -11 -1
30 -38 30 31
-12 7 -44 1
-27 21 -35 -8
-27 -8 -30 -10
-29 -34 24 -16
27 17 -11 -18
16 -3 -21 -21
2 24 -24 22
-36 13 -36 -23
35 -31 0 -5
17 -25 30 33
-9 0 20 20
29 24 -4 16
-30 24 -3 -39
-20 20 31 -21
-38 8 -10 -22
25 -19 29 26
35 -8 -1 -8
-12 16 0 31
-32 -26 2 39
19 13 4 17
14 -33 19 33
-23 17 6 40
-29 1 -20 -35
12 39 38 20
9 -13 -34 8
27 -34 -26 -22
38 1 -32 -15
-6 -11 -10 -1
-21 -21 14 0
-24 -12 38 40
25 34 23 -17
-31 0 -25 40
0 6 0 -3
29 -37 0 21
13 -18 -25 39
18 38 -16 -2
-16 34 -42 36
14 36 -5 -14
34 27 24 19
-4 -10 -25 30
-29 -4 12 -34
-2 -21 -4 -18
29 -38 -5 -5
39 -13 36 -5
32 1 -42 -20
-25 -6 6 -16
-24 0 -42 2
4 -16 -15 4
13 12 30 -7
-13 6 -3 -33
3 -8 3 24
35 22 3 1
-35 -42 -3 -16
41 -38 -22 -10
-11 10 -8 28
-23 19 27 15
-11 36 12 36
-22 23 2 -11
31 -1 -15 -25
3 14 -35 39
37 -34 -17 26
1 -33 9 -19
-13 13 -29 4
-25 1 -36 -5
9 6 28 -21
-2 -31 -6 -32
17 -38 8 -40
10 32 -24 -12
-9 -34 -5 17
12 -3 33 -8
-14 28 -4 -35
26 -1 -14 36
-16 -15 -1 33
26 -33 9 -23
0 -39 14 29
-28 -20 -17 -32
-35 21 16 3
-4 -31 8 -25
-38 19 11 -24
20 41 -19 4
37 -10 -5 30
-3 20 -17 18
2 -35 0 27
-7 -40 -4 28
-31 34 2 30
21 12 -35 -31
0 3 19 4
-32 4 7 6
-27 -9 15 26
38 -3 5 -19
-13 -21 4 -35
4 39 6 13
22 3 13 39
17 -36 -36 43
34 -13 33 -17
26 -4 25 1
-26 -11 18 23
21 31 -31 31
4 -24 37 38
-14 12 -35 1
-4 -23 11 38
-35 -29 -13 -10
-3 3 -30 -12
22 11 31 6
22 32 -42 -30
-14 -5 9 -19
-14 36 21 14
-23 -24 8 9
7 -31 -38 -16
4 35 -45 21
-19 26 -30 -19
-36 -12 -23 -20
-25 0 2 17
26 -27 -46 24
30 -25 17 -8
-5 14 -34 40
-20 -39 19 -1
-12 -2 -36 12
38 -34 13 12
-27 -26 4 -4
8 8 0 22
24 -19 6 -13
-19 5 33 -13
32 -22 -27 -5
1 -13 39 9
34 15 13 13
-24 8 -1 -34
0 40 -34 31
-13 -38 -33 -31
-25 1 35 -5
-8 -20 -27 26
4 34 -21 -15
25 -20 -23 14
26 -38 13 -8
11 19 36 -20
-40 19 36 -13
5 -3 8 -21
27 0 34 -14
4 -12 38 -19
-11 7 -4 -41
27 -30 -11 5
-8 0 -9 1
-11 -29 36 0
8 40 -8 -2
-13 -14 6 -34
-25 -7 0 38
-23 -8 31 -23
11 0 15 -8
-9 17 19 22
-12 35 -23 -29
9 4 24 -1
9 28 -2 4
-21 -37 -29 33
3 -32 27 40
19 24 10 -11
10 -41 -25 38
10 31 -41 -35
43 -31 -13 -21
-36 -14 34 17
29 38 29 -30
38 8 29 -8
-28 -20 26 -1
-18 18 20 0
-19 -20 8 -13
-3 -34 22 -9
-9 -7 -41 8
-18 -42 7 -3
17 -14 -7 -21
36 26 12 25
19 -7 -12 6
6 15 18 -32
12 37 23 26
-34 25 -41 19
-27 -21 4 33
-9 5 8 20
-25 3 -29 -24
25 -36 -12 31
24 -29 31 -21
24 32 21 41
22 23 17 40
-18 -11 21 -32
-10 22 -30 -15
1 -33 -20 21
-30 20 42 -29
1 4 0 -3
-21 40 -2 7
-35 38 4 -41
-34 -14 22 -28
20 29 43 5
-29 25 5 0
21 -24 -18 -17
-31 9 -27 23
-42 -24 -23 37
28 -23 13 -10
17 -6 -28 3
-26 -3 -27 -39
37 1 31 -36
-31 -4 10 -12
-28 -7 -29 -18
-30 -21 -35 4
-21 22 42 22
24 3 29 16
21 -23 -11 3
38 -9 1 8
-10 28 -19 28
-28 -8 0 -37
10 -28 27 -21
1 29 -10 10
39 15 23 24
20 -40 36 -36
-4 -3 13 17
19 3 32 -3
42 4 0 -8
3 31 -15 8
-17 5 9 3
5 26 -26 31
-7 -41 -16 41
-7 40 1 -19
37 13 24 -24
32 -20 -5 -28
11 40 -7 -6
-24 37 -11 -14
-27 34 -17 11
29 15 36 -32
8 16 -10 -4
33 -13 35 3
30 29 12 35
15 -23 -3 -26
-17 -25 -21 -13
-15 0 -44 -17
18 -27 -40 -34
31 -1 -36 19
-21 -11 -25 39
31 -31 -19 24
-19 -35 13 19
26 23 22 39
13 9 -35 6
-19 -2 -6 -10
36 -19 -6 0
-8 -24 -3 0
34 32 22 37
-10 28 -26 24
17 26 3 -4
36 -34 -32 -6
0 -16 34 35
2 -23 -25 4
4 -25 -15 18
-12 34 17 -3
33 -10 -17 14
32 2 -11 -37
22 31 -8 39
38 15 -22 12
-1 32 27 24
-35 25 -31 13
38 -2 -10 36
-7 23 17 -29
-9 1 -22 -26
21 -37 37 25
3 14 17 -5
35 -22 3 -13
-21 32 10 -4
5 -8 -2 30
-26 7 5 -12
23 -9 25 -25
23 5 2 -16
-9 -11 -29 -1
34 -35 -3 -30
32 2 28 -33
-36 12 -3 39
-2 -16 0 -19
24 28 6 9
-26 -33 -41 25
-32 -35 4 9
16 -41 -35 31
0 -25 38 15
-29 13 11 10
29 -31 22 -14
-26 -7 26 -24
21 -8 -37 -39
17 22 37 -3
30 2 -27 41
35 -39 39 -24
36 -30 36 26
-25 25 1 -13
-9 2 3 11
18 -14 -4 42
25 9 -27 -30
11 -35 21 28
-10 -13 32 -1
31 8 -3 12
-8 -32 -35 -20
-19 -2 26 14
21 38 34 -24
-34 18 -1 -2
-22 -8 -28 -34
-33 -32 12 41
-30 -10 18 8
-29 -36 0 -30
-12 -11 35 36
18 -29 -38 24
-37 -35 10 26
23 8 -17 -4
17 14 -21 14
-33 -16 28 32
23 11 6 -15
8 -14 45 2
28 0 8 -41
6 36 41 30
-2 0 39 17
8 40 -21 -12
-35 -37 -6 -15
0 -32 -28 -36
-37 11 17 24
-10 0 30 17
-40 22 14 -3
-24 1 -27 -30
-2 -28 26 -33
-18 -36 -28 -34
37 -3 21 25
36 6 20 -2
20 27 15 -34
1 41 40 14
-21 -38 3 0
-23 1 12 27
24 -7 7 -30
-11 -38 32 9
5 5 26 -16
7 8 2 -34
-29 8 39 -5
-38 35 -23 -8
37 -40 37 39
22 -10 -34 20
20 -6 23 -8
-39 -21 -14 40
40 10 -41 -9
-24 1 -24 -14
-28 -14 0 -39
-26 0 -23 23
22 -1 16 0
14 23 24 0
-2 -22 -39 16
24 -16 28 11
-16 39 -2 -11
33 31 -34 -11
-1 24 30 -24
-8 -39 17 38
7 -20 -20 -1
8 12 -2 11
26 -19 28 12
-32 -24 23 8
-27 0 15 -34
31 -30 25 25
-23 -39 -11 0
-2 20 -18 8
23 38 5 -6
-31 10 21 -2
39 7 25 19
-6 -6 40 -15
37 -27 22 37
8 3 6 -14
-9 -13 -28 -15
-20 -15 -21 11
5 39 3 -19
-21 -27 0 -6
22 13 -21 -15
-22 -30 -8 24
-10 -31 -18 -24
6 29 -29 -18
-23 7 -24 -21
-22 -13 -18 34
33 -10 33 -37
-21 -25 -18 -35
-39 -32 22 -1
-30 -5 9 -7
37 0 -8 0
-33 -11 -32 20
-41 5 -29 -2
6 20 -31 -5
-7 -17 -3 32
-3 -19 16 9
18 21 38 29
-36 36 -36 35
35 -25 -11 37
-25 -10 -15 15
3 12 -16 -17
-20 -19 20 -18
1 -20 2 -33
5 -38 -23 10
-1 -33 -4 21
-33 22 -6 -35
32 25 6 33
-33 -37 -25 20
36 -38 30 -33
27 37 10 -21
-17 5 7 32
23 13 13 34
-21 -15 -28 -38
7 -32 7 -24
-15 -4 35 3
42 33 13 10
3 -1 -12 -22
-35 -24 -28 18
34 19 39 36
-18 -8 -16 39
-5 12 38 -13
41 -15 -9 40
-4 5 9 -27
-2 11 25 23
19 10 2 -9
-27 -18 -27 27
-17 37 -37 33
29 -32 -30 -1
23 -39 35 -3
20 -20 0 3
-39 40 40 -16
0 -38 -20 1
-22 10 -37 37
1 -33 34 3
-33 6 10 5
-3 0 35 14
-31 -16 8 -31
-32 9 -32 11
-1 -28 0 15
-6 10 13 33
-23 -24 -26 21
28 19 16 31
-3 21 10 4
21 14 15 -33
-31 -15 -5 18
19 9 0 -38
-3 -10 43 34
21 -20 -33 -10
1 -33 27 1
-8 13 36 38
-24 -29 41 -18
10 -17 3 35
16 41 -19 28
-2 26 13 -9
14 6 -15 28
-18 -17 30 -1
-6 22 -9 -18
19 19 7 37
22 10 -3 -13
-24 -39 -14 -17
-16 -5 0 -34
28 -17 -20 -37
-3 -40 -27 36
-38 17 11 23
-21 28 34 31
0 25 37 -2
14 -4 2 30
32 14 -37 -39
-36 -36 32 4
29 36 -29 19
-24 -29 37 0
-12 -8 -18 8
36 32 -23 -40
-33 -22 21 8
-5 33 -24 -24
-14 32 18 9
29 4 -25 9
-30 20 15 -18
-7 1 6 7
-27 -23 -30 -26
36 -16 35 2
-22 8 -17 31
-25 30 -29 -25
-27 -39 -28 -39
-21 -34 -8 -10
-39 13 -34 -38
35 1 29 0
31 2 -16 7
-35 37 -13 0
-22 17 13 -42
27 -29 -8 15
-30 30 -15 0
-28 41 22 -43
17 -28 12 -22
22 -14 36 -45
28 32 42 28
-21 12 13 -15
-14 23 -33 -33
-33 32 31 30
19 12 28 -2
-2 -11 -21 -22
-8 0 10 -9
3 -11 12 -4
-17 11 -16 -17
-38 39 -7 -30
1 14 -11 35
-31 12 -36 -8
36 9 -20 33
37 27 22 0
32 12 29 20
1 34 -17 17
-39 6 9 -20
-1 -9 -17 -32
4 11 -14 13
30 31 -28 4
-35 -5 -25 8
33 -11 12 19
35 28 40 18
-37 32 -39 -21
-12 24 19 11
-8 8 -15 2
5 9 -20 -36
1 5 -38 34
12 -27 -3 4
16 21 -29 -32
21 14 4 40
-12 -13 -14 25
-5 0 -1 28
-25 24 23 7
-30 37 3 -25
-13 14 30 31
33 -35 2 -6
-27 -32 15 -37
21 -25 -11 1
-14 10 26 36
-20 -4 35 27
-32 20 29 31
-5 16 40 -19
-27 -22 -22 -28
32 16 25 -39
7 10 21 26
39 22 -17 16
-19 35 -25 2
-33 -2 -28 -29
-24 26 -21 -31
-13 -26 -27 22
-19 40 -17 -14
-22 6 -24 -33
-22 -36 35 -2
12 13 -24 17
12 43 -32 10
-26 31 4 -25
-7 16 -13 -19
16 17 22 15
-46 0 -33 17
-43 41 13 -2
-40 13 18 22
18 6 -24 19
11 7 0 -37
5 -3 -25 -33
-39 -33 35 -18
-33 -20 37 38
-7 -2 28 -22
-39 45 16 -16
-36 -30 24 -19
12 29 -36 -22
32 -19 -23 -21
26 -14 -6 -29
-18 -23 2 2
-18 -17 39 -39
-18 -26 -14 -26
-8 -29 38 -20
11 28 11 4
-23 -11 10 -11
-17 13 14 -30
23 11 6 -25
-34 34 -18 -32
17 -1 34 -37
-34 -35 -18 -26
23 7 -28 35
22 32 34 -37
14 -26 -4 -37
20 17 -23 -31
-19 -7 18 31
-12 24 6 13
28 11 -36 11
-24 25 39 36
23 34 33 -37
17 28 -17 19
5 -15 35 16
-33 8 33 28
-41 11 0 6
16 12 -19 -24
23 10 10 -33
28 -23 -29 14
31 -16 16 11
30 -34 40 -29
-19 1 0 29
-8 -32 -23 26
38 13 42 -40
-11 -33 29 6
-37 30 44 9
-30 -17 26 -32
-37 -6 46 17
-36 -14 0 28
34 16 22 -37
-14 16 -10 -44
-29 -3 -32 30
-38 -17 28 -42
28 34 -5 21
-46 27 44 -37
-35 36 46 -10
-22 26 -4 -10
29 26 14 8
-8 -5 -33 0
6 -10 -7 -23
-28 -4 42 13
6 -24 3 -12
-3 21 39 16
2 -21 -14 23
-44 31 21 -24
-5 24 16 -2
-19 -5 1 7
-42 -20 1 8
24 -13 4 8
19 15 -13 -25
-14 -33 9 -3
28 -11 26 -39
-18 -10 18 -21
30 -12 -29 19
-20 -15 27 11
5 -26 -36 39
5 -36 20 15
23 -24 -26 -2
18 1 40 -3
2 -26 -29 -33
-14 -21 30 31
-31 -34 12 16
-8 40 3 -23
18 -8 -23 -10
5 30 -5 -8
1 37 12 -9
-14 16 11 23
-11 -29 36 -1
27 19 -13 7
7 -17 -14 30
-6 30 18 6
26 -20 -34 38
17 -28 16 21
-16 21 -27 -28
-11 -10 28 -6
-17 0 10 37
1 -17 21 -11
6 0 45 32
-28 7 40 -26
11 -22 -6 -27
-24 16 -18 1
-2 14 -11 -20
-25 -36 -12 -21
19 4 13 8
-2 23 4 -23
30 3 42 14
17 -28 32 32
32 28 5 30
-39 3 29 8
-44 -21 49 -16
-9 6 18 25
-7 -11 0 -52
-37 -8 -29 27
-30 -7 18 3
29 -22 -4 18
-8 11 -20 -47
-48 5 38 6
-35 32 29 7
-46 43 23 20
14 46 -17 20
-6 32 21 -16
13 36 4 33
-11 -14 32 17
-29 -27 32 -10
-9 -29 -19 28
26 2 -12 -35
17 -23 13 0
-19 -34 -18 -39
-39 -24 -10 -15
30 -7 -24 -30
-11 -7 36 32
-33 6 35 38
24 -15 -33 -12
-34 28 33 -27
1 -12 -12 36
-41 -34 0 -21
-4 10 28 11
9 -18 35 -3
-9 11 6 -2
0 14 -32 1
-36 -29 -14 -31
5 -41 17 -13
13 -35 -17 24
23 34 13 40
35 -35 22 20
8 -22 29 13
12 25 25 27
7 37 9 6
20 14 35 19
19 -18 -34 7
22 23 37 -14
-10 -11 34 32
-30 -36 -35 -4
7 18 17 -17
-5 38 -19 20
13 -30 36 33
35 24 25 -29
1 -24 0 -21
-35 -3 27 -10
-42 -27 40 19
37 30 11 -46
-27 35 35 30
12 -8 50 -35
-15 16 52 28
25 -30 -7 0
-43 -27 55 -6
2 9 -3 -28
-29 17 39 28
-5 10 -5 11
-24 -31 57 -6
17 22 -22 19
27 11 15 2
23 -13 -5 -35
-30 49 4 -9
3 39 2 -34
0 -27 -14 9
26 53 -18 -1
-38 36 -26 -5
25 -23 -25 -39
-31 -4 -14 -25
-4 28 33 19
-44 12 -5 -42
22 46 -12 32
-35 1 -2 -28
-38 20 -32 -10
-13 -2 10 -31
26 -16 -9 -38
-1 -21 -14 -32
23 -14 -24 12
35 -28 -39 -27
31 43 26 -21
11 -27 -9 12
-11 13 5 -10
32 43 6 2
30 0 23 31
-6 29 -20 29
15 -3 -37 34
0 34 30 24
-28 -3 -41 -4
12 -19 7 0
39 -9 -20 -34
-17 -17 5 11
30 -15 -13 -17
31 -27 -23 5
33 -39 -15 34
26 21 3 24
17 -17 -18 6
0 13 -37 -19
-13 -2 22 -14
28 -22 -2 -38
7 -13 12 17
-10 32 -17 -25
17 29 4 -39
-1 -5 34 -20
-15 -26 33 0
-37 8 36 27
-35 34 3 20
-12 -18 14 -34
-20 -6 12 23
26 22 15 14
-29 -28 -12 -1
27 -31 10 -4
-14 -6 40 -46
-11 -21 17 -32
19 43 32 -13
-4 -1 6 -17
-38 8 53 -12
12 18 51 -15
10 48 47 -48
-46 17 -1 5
-42 -23 48 -16
18 3 21 -52
4 30 -14 0
19 -6 -22 -30
-17 56 3 -20
-4 47 17 -4
21 21 21 -33
-43 17 -35 -30
-8 47 -26 13
-1 -21 -25 24
-27 -16 -10 36
-37 -29 -3 35
23 12 7 11
-16 35 6 -14
26 31 -5 35
-23 10 11 -33
26 28 -38 32
-1 22 8 14
-17 -21 25 31
24 31 -17 -22
-13 37 0 -24
-3 -25 -8 39
20 3 -18 -6
-5 40 5 36
-1 16 -38 -3
-32 36 15 6
19 2 12 33
12 -20 32 -12
38 -22 42 -36
-28 -40 41 25
20 38 11 -23
33 4 -8 -6
-33 9 29 18
-30 38 2 11
-38 -21 6 17
-12 27 3 -35
15 -18 -7 1
16 31 -4 11
-12 28 -36 -35
37 29 -5 -33
0 4 36 -13
-10 -21 42 -28
-16 39 -35 -4
-3 -24 -34 -23
28 32 14 -38
-14 38 11 -2
10 -9 32 25
0 -22 31 11
35 22 44 -36
-22 37 10 4
18 -27 -13 -30
-21 -15 18 18
4 46 50 3
-28 0 23 -8
-46 -13 47 -53
-28 -8 33 -17
7 0 20 -1
0 4 56 -56
-12 -19 35 -23
15 23 31 -58
-40 34 9 -20
-42 -9 -25 18
-45 49 -24 23
-30 2 -6 24
17 45 -38 5
23 10 -38 -25
-26 -8 -29 -26
15 -12 38 -9
30 -21 -8 14
19 12 18 19
-6 -23 34 -42
17 -16 36 -20
-16 42 32 34
8 46 6 -35
-13 -2 33 23
4 -18 -21 37
22 -15 -4 33
3 27 -18 2
7 31 -18 14
36 14 -40 28
35 16 -28 16
-43 32 23 -12
-18 30 -6 -35
26 -21 -29 -40
-36 43 6 -13
35 30 -16 37
12 44 3 39
-9 17 40 28
-9 33 21 -30
36 -17 3 -34
0 -8 1 -7
33 -21 -16 23
15 28 39 10
26 32 39 -27
-36 -21 8 -21
0 -18 -10 -9
7 -30 2 -14
-28 10 -5 0
-11 33 -31 6
25 29 26 -31
21 41 -8 -17
12 16 -26 0
-30 38 -20 4
33 -23 -31 -33
27 -21 -23 30
15 23 40 -40
5 1 -3 3
20 19 33 2
33 20 -21 -39
-33 42 -13 -42
-50 27 4 -49
12 -25 -12 -20
10 -19 4 -27
7 41 -3 -53
-26 50 -10 -46
-31 -11 -17 20
-1 28 10 -15
-51 47 -9 -57
-4 27 26 9
-54 49 -11 -13
23 63 -37 -35
17 10 30 -50
-26 0 24 -22
-36 27 -37 21
32 11 6 16
-9 12 -17 26
10 -3 26 -15
-22 -26 11 -38
-3 0 27 24
1 5 -15 27
-15 -13 -31 -8
-40 -4 -3 28
18 19 -41 11
6 41 -16 -5
-11 15 0 23
1 26 -35 -2
21 -25 -32 -33
-21 -27 -19 15
20 12 30 15
26 43 -36 0
12 38 -4 -19
-26 19 0 -32
16 31 -24 -9
0 36 -28 35
26 -35 20 -7
-23 6 17 -6
-39 -35 29 -15
1 -3 19 25
0 22 -21 -25
32 4 -14 29
-19 22 6 -25
-11 -9 27 -15
-20 -18 -31 24
-15 -13 -10 22
-4 16 3 -28
-7 -35 -18 5
13 28 -9 -34
-39 31 4 23
-1 6 -1 29
-17 10 -13 -41
-27 18 34 21
-2 31 39 -26
17 -19 2 -44
20 14 18 32
30 19 -19 -3
21 24 -20 3
18 -7 20 2
-10 9 -18 30
-4 0 29 24
-43 10 -14 -38
-10 35 -30 -36
-42 34 -12 -22
-46 -15 -15 -36
-40 24 -20 -37
-34 37 25 -40
3 41 -23 -7
-26 33 9 -43
-26 24 -29 3
2 2 30 12
-34 51 26 -3
20 12 -20 -37
1 35 -7 -11
-28 38 18 -30
-34 -1 -1 29
-23 -22 -12 1
4 -26 -5 -2
21 -26 32 -12
25 -33 -36 -35
-37 44 37 -44
20 13 -21 -30
-38 -35 22 -25
-8 -11 -30 -13
22 -14 -6 -21
7 34 29 20
-10 19 -17 31
-21 -19 -21 -3
19 16 -32 -39
-8 41 20 34
-1 -35 10 -32
-5 -9 -34 26
17 15 23 -28
34 39 0 20
27 4 -9 -4
-39 23 15 19
24 -11 0 14
-5 -7 12 -16
16 12 13 -32
-36 40 38 13
0 -3 -15 -18
-34 1 7 -39
33 -5 -36 -17
-6 -16 -33 -9
12 -2 6 18
-30 6 16 -22
33 -18 27 -13
15 -5 3 15
-39 -35 -18 -26
29 32 38 10
27 8 32 32
-18 -2 36 -5
34 26 -4 -43
32 -21 11 -31
-16 35 36 -9
-21 14 -8 7
8 18 -37 2
26 39 34 22
-23 0 12 -14
-6 -4 36 2
-40 34 -11 14
-47 -5 5 -1
-9 8 16 6
-23 20 35 -23
-6 3 -4 13
-3 19 -23 -9
-45 6 -44 21
-19 -14 -43 9
-4 41 15 12
0 42 -8 -13
18 54 -53 -47
25 -20 -42 -27
8 -24 16 -13
-17 34 -27 -17
-1 -7 -5 -44
31 7 29 -9
21 38 8 -21
-6 37 -23 26
10 -1 35 20
0 39 30 4
-2 -12 -21 22
-4 -21 -44 3
-43 6 -37 30
-19 31 30 -18
-10 -31 15 -35
22 -26 36 36
-27 -13 8 3
-28 37 9 -38
-8 -30 25 -13
-8 9 -21 -37
35 3 36 6
-18 -8 22 36
12 30 -28 -15
37 9 -7 -40
-28 -38 25 0
-18 -33 -26 -7
-13 -4 -23 31
9 13 -1 -26
-17 -14 -37 16
11 -7 26 -30
8 -15 -35 39
-31 6 26 -27
-25 33 -6 35
-34 -20 -25 10
-16 -13 -5 -10
29 -34 -21 -17
30 -2 -2 -8
-21 27 -8 12
-7 -26 -31 18
-12 15 26 36
21 -32 39 -40
-7 3 -26 -35
17 10 -33 4
7 -11 11 -35
19 -26 23 -35
-9 -17 -31 -1
-23 15 -14 20
-12 7 -5 -11
-15 15 -35 -41
-2 20 -19 12
-9 40 -13 33
-18 34 -30 -27
32 46 9 14
-3 39 -46 -12
9 48 -31 8
-12 18 -22 -45
-35 40 -57 21
-49 -22 10 -47
7 15 -29 -8
-10 14 -29 -41
-15 24 -11 3
7 -12 -2 -32
-15 -1 16 20
26 -11 -47 -3
-1 4 -24 -25
2 11 -13 26
-39 -17 -40 34
31 -9 -37 -28
-17 4 -30 -1
23 2 -45 27
-24 25 -12 -9
26 -3 20 -29
17 -12 -20 1
-9 24 -13 -43
-21 -33 1 14
38 -31 6 -42
-23 35 -14 -29
-24 -21 -32 -6
-10 18 -6 -10
-13 -22 28 29
-37 36 22 34
3 3 -37 27
33 22 -38 -41
35 -28 3 0
-16 -11 -27 -35
-34 22 -10 -20
0 33 -23 -9
13 -26 -21 -27
19 -5 -13 -35
-3 9 0 -36
3 -18 -3 -5
1 36 0 -21
-14 -31 -5 37
24 13 -14 -31
25 -14 36 -32
34 34 22 6
-31 30 6 15
-26 37 -20 -42
0 -27 -4 -4
-21 -15 28 16
-1 -7 39 14
-23 -34 15 13
21 -26 6 30
29 -1 22 -18
-30 -7 -41 10
28 -16 28 24
6 29 -16 -22
-41 19 -3 9
-29 14 14 1
-30 -2 2 -38
-45 47 -8 -39
30 -28 30 6
-12 -22 -42 7
2 0 -20 20
24 -26 -22 37
-12 -2 21 -12
-26 -16 -9 28
1 44 -15 -29
-38 37 16 0
35 -12 -18 25
-29 3 -57 -23
10 -23 11 -6
13 -14 24 -12
8 34 5 13
-13 32 -32 -38
29 3 -1 -33
-42 -40 -7 -39
-40 37 -16 -10
15 34 21 27
-5 -36 -34 -35
14 -4 14 26
0 39 -20 -29
-32 38 -27 11
21 -24 27 -31
-26 27 16 33
22 17 -37 -21
35 -26 11 14
-7 -16 4 5
35 30 5 15
8 -29 1 -19
31 16 16 -12
22 19 -38 14
-19 25 -39 23
7 19 -29 -17
0 -21 -17 -20
-15 33 -15 0
19 31 -17 6
12 -25 10 -9
-38 9 -16 0
-12 -20 6 24
26 -8 -34 -32
-12 -28 -16 18
-9 36 -19 -19
-37 4 31 -23
-19 -9 32 26
-1 28 -34 -33
-34 -12 -19 -5
32 -10 -36 -14
27 21 28 -26
13 -5 -3 -20
-9 43 14 -31
-23 21 -5 -15
-13 37 20 -30
10 30 -23 -7
34 -16 19 32
22 -16 -31 -6
-23 -17 -24 22
-44 -12 1 -30
-28 -12 -42 4
31 -9 -8 35
34 29 -26 -31
-8 37 28 -1
-40 -24 -51 4
-29 1 -18 -8
25 39 -6 -33
18 26 2 21
28 5 -45 -3
20 31 18 -11
-21 -6 -51 28
-43 7 -28 -34
-39 39 -13 25
37 29 -18 -32
-1 -9 4 3
-38 -38 22 -31
33 31 -47 -10
-30 -25 23 1
0 -24 25 -20
-26 23 7 -2
14 -27 6 -22
33 36 -10 -40
-19 17 -42 35
17 22 0 0
-10 7 19 36
-17 -18 23 -26
2 40 6 37
-35 -13 3 34
-34 31 0 28
26 22 -20 -8
5 18 19 6
6 -13 -3 16
15 -9 32 -11
8 32 -1 -32
22 31 20 -36
2 -38 10 7
16 -11 -36 -16
1 13 -34 -4
-18 -35 -35 6
28 22 15 23
-16 23 13 19
-40 17 20 8
-15 42 29 -33
-32 -4 -30 12
1 4 -20 -28
-23 -30 24 11
-30 -25 -30 -9
29 33 -6 19
31 -16 -11 8
-25 12 -4 8
2 40 -8 5
-28 8 29 -18
9 16 -20 37
10 -34 -35 33
-35 1 25 6
17 4 -46 -12
-13 -2 8 -26
-29 25 16 35
35 -18 -40 36
3 14 -18 5
-29 3 -33 -7
-26 10 -39 36
-19 -11 -38 14
30 -20 -34 -6
-17 -1 -46 -22
-1 15 -43 5
-14 9 22 -25
5 -6 -35 -7
7 47 -35 -4
8 -34 -11 27
29 7 -19 -30
6 -12 15 -22
15 -7 22 -9
20 6 25 -17
-42 30 -9 -4
25 26 -7 -17
-25 7 23 8
33 -34 -20 -20
27 -37 -2 -43
28 -25 3 36
-35 -15 -45 -10
-40 -37 -2 -31
-43 -24 -1 8
-5 -13 3 -3
26 -3 11 -9
-10 14 -20 30
-39 32 -25 0
-19 3 13 -36
3 -37 9 -1
14 -23 2 7
-35 -5 11 -37
-11 9 7 26
4 -35 -22 5
-38 19 15 24
-30 -36 21 19
5 0 -22 -15
20 -22 26 11
38 -19 21 3
-20 33 -1 28
-12 9 43 -34
-22 -29 1 33
8 14 -37 -40
35 37 43 -11
0 38 -2 23
-38 2 -29 -31
-24 -5 -22 37
9 -35 -38 -9
18 -25 -7 29
-20 4 25 -15
-10 -24 36 17
-1 29 11 1
10 26 -38 19
-36 19 30 3
-3 29 0 -16
18 -22 23 1
35 -18 7 -17
-3 45 -1 0
-3 -14 -46 -5
-10 28 22 34
-21 46 -38 -19
11 44 12 6
-39 2 -13 31
12 -5 -38 6
-43 0 -8 7
-13 16 25 -26
-32 1 13 -28
-13 46 -22 13
8 -21 16 -35
7 9 -41 -34
-23 37 -3 34
35 -28 -33 -19
22 -36 -7 -22
-11 29 -30 10
15 32 -36 -38
-29 -22 -35 4
-15 20 10 -42
28 15 23 -2
-29 -35 -44 -32
22 -21 7 37
38 39 -8 6
-24 -7 7 -24
-23 5 15 21
-35 20 -15 -15
24 7 -22 -23
3 -39 16 22
-40 -18 -30 -28
-32 39 -16 -27
-4 -9 30 -2
25 -33 -23 -33
-7 38 34 -12
-10 16 10 33
-29 32 13 -10
-6 -1 18 38
-5 42 -24 -18
-28 40 -1 27
-20 27 33 26
-15 17 40 -16
-16 -31 -22 23
-35 11 -25 -16
19 -34 -32 -18
-40 -27 -16 -14
2 41 11 15
-36 38 -17 -26
-21 33 32 -23
12 0 11 -37
37 -24 10 -25
6 -14 -26 -38
-41 -6 -2 8
-4 4 34 12
-6 -32 -22 24
-25 -16 -25 18
18 15 -28 0
-32 -18 -30 20
-18 27 0 6
-25 45 -23 10
-35 38 -32 -15
-4 0 -22 28
-1 41 29 -5
6 10 -5 -27
-11 26 -6 38
-32 19 -34 1
-17 0 25 -29
7 -12 33 -36
16 -20 -32 -4
-6 35 -46 -41
-2 -25 -4 -17
-10 37 0 20
8 -37 -50 35
12 13 -36 9
-33 10 -38 29
-41 -36 0 -23
0 7 2 -26
23 -28 14 7
14 -35 -25 -10
17 18 -16 -1
-37 24 -14 2
-2 5 -8 37
-8 -33 10 24
-42 1 17 10
-33 -41 21 -29
10 34 -35 -33
-3 -15 -6 -27
-20 17 -10 -37
-14 -24 -40 13
-18 30 -26 34
-6 -1 -10 7
33 -8 29 22
17 1 6 -33
10 34 13 20
27 23 38 25
-14 -32 0 8
-27 -19 25 -43
1 41 -21 22
-40 -14 6 30
-8 -6 12 -32
-28 1 35 -24
0 -35 13 -15
-19 -33 21 26
4 22 -30 -7
30 -21 -28 35
6 10 30 15
6 0 -34 38
-18 -14 -34 13
-15 -23 8 -33
4 5 -17 -15
-25 -10 -16 25
-37 11 -11 -29
33 30 32 -32
30 38 3 27
-19 18 -4 9
15 -9 -30 3
26 22 -14 -25
-37 -27 -34 26
-40 36 -40 7
-38 -22 30 -25
7 23 8 28
-11 43 12 31
12 12 36 -4
-30 -11 -3 41
-38 -5 20 33
8 40 22 6
4 46 28 -36
-38 -9 -1 -6
6 16 2 12
-30 5 -2 -23
32 22 -27 27
34 -11 -24 0
12 9 21 -28
13 9 -37 -37
-19 10 16 -41
-26 -40 10 37
-12 -26 25 21
10 -31 -36 -21
16 4 -44 8
-38 10 -2 -4
13 36 -19 6
-17 6 -42 30
-11 -21 29 -10
26 -42 -37 -22
0 -18 -40 -16
-4 8 20 24
10 -11 -10 -18
-19 39 -31 -41
5 21 20 -10
21 -25 3 16
-40 17 -22 26
-8 -27 -39 -34
-36 -38 30 30
-28 35 25 -15
-18 -30 32 -5
36 -41 -4 4
-5 24 5 -35
-29 -6 30 39
-16 -16 39 -25
23 25 -12 -8
-8 32 -14 -28
15 15 -13 24
18 8 22 11
-8 27 -15 18
-29 18 27 -32
30 -8 9 23
-16 24 17 -25
28 21 13 -14
-22 30 -36 -32
21 9 -6 28
-22 9 -6 8
2 -5 -30 19
23 4 9 31
-19 21 -30 22
-2 -32 -36 -29
-33 42 33 -5
36 -31 0 13
-11 10 29 9
32 14 -17 -29
-18 18 10 -20
33 3 -28 5
26 -22 13 -34
-24 38 -32 10
-23 22 10 12
-30 -14 -1 -30
-40 -11 21 -22
34 26 -41 -8
-26 9 -21 33
11 19 -7 -2
-37 -15 33 33
14 -18 30 -26
-9 20 -46 35
-27 -8 -26 -17
24 32 -34 15
38 31 -32 35
6 -35 16 -36
5 3 -23 -32
-8 0 -21 -40
-27 25 -17 -28
6 23 -19 -24
-26 -4 -11 27
5 35 26 23
-3 5 -21 4
35 26 15 0
6 5 -40 -21
0 -23 2 6
26 6 -9 37
-28 31 5 -6
2 36 -13 -14
-31 11 24 -39
0 31 35 -11
-3 26 -37 -24
-28 29 25 -39
-19 -2 -12 -9
22 -2 3 37
-34 6 14 -13
-18 36 -5 3
-9 -23 -11 40
-13 -35 -13 27
-3 -26 36 5
-27 -9 35 -32
-34 -8 1 6
29 2 39 4
27 0 18 -28
35 44 -1 6
-26 12 -1 17
-31 1 13 -4
7 27 -26 27
31 34 -29 -34
9 -17 29 -18
-39 -14 -37 -16
-32 -33 -29 19
31 1 20 13
-19 -16 0 23
-35 16 -11 30
-32 32 25 -28
7 36 -12 -13
-39 -2 -32 19
-9 -33 -13 -11
-31 25 -37 -11
-38 -24 16 18
-3 46 31 6
-16 7 -19 -18
32 8 -37 0
-33 -16 -3 8
-14 2 36 19
-10 -10 -14 -17
29 -27 16 -18
-40 -13 15 13
2 -9 -18 8
-1 -3 -3 -5
26 12 28 -9
-1 -12 29 25
-9 -24 8 36
26 -34 20 14
24 33 -46 -35
12 -8 1 -5
-27 -35 -38 -27
-38 20 -9 -22
8 -2 24 -34
-17 24 32 12
-13 -23 -16 37
10 -36 9 -40
16 5 17 -17
-36 -26 -41 -29
13 -20 -10 14
-10 -10 19 15
-35 39 -4 32
-22 -4 34 -25
13 9 30 4
-29 -32 -6 22
5 5 -13 28
-17 -24 -19 -4
-31 -16 -10 -10
4 43 -10 -11
35 43 26 12
30 -4 30 39
15 -18 10 -12
-37 -5 43 38
29 14 22 -35
1 -11 -14 33
1 15 8 13
8 8 -37 5
23 -7 -12 22
0 18 34 -29
0 -4 13 32
-3 41 -27 35
-39 11 29 33
19 41 28 6
3 24 -30 -39
39 -5 27 28
-38 28 42 2
0 -14 2 36
11 -14 -27 0
24 -22 29 -14
-22 -27 -21 40
-5 21 -11 1
-38 -12 30 25
21 -7 31 29
0 -28 0 16
24 -32 4 -5
-32 -35 27 31
1 39 1 38
9 1 -38 8
-16 1 -36 35
23 -24 -32 4
27 9 -22 -7
0 9 -2 14
10 -25 -8 26
-29 -31 27 29
-22 -16 17 -16
-42 -36 -17 24
14 -4 -15 -7
-38 -29 32 -40
-5 17 -29 26
16 -44 -9 -2
-20 -13 14 -11
-39 3 -12 -35
-35 -13 5 37
4 9 13 14
5 -40 14 -35
29 -21 -1 1
7 -19 23 -21
3 -21 9 10
34 23 -11 -15
-31 -6 13 12
3 30 -7 11
-35 4 19 -24
-8 30 -19 -29
9 18 22 37
4 33 14 26
-24 -13 3 2
-37 -3 36 -23
38 10 -26 -3
-36 -16 -27 25
8 -19 -31 -21
18 25 7 -10
24 -22 -36 -16
-7 42 40 14
32 -32 5 -19
5 21 -34 -2
30 -25 28 -38
8 -14 -30 -31
-35 40 25 36
-24 33 23 28
19 -25 38 -6
22 29 -13 -34
-12 -13 1 -10
11 2 -16 -21
22 -26 9 -34
21 27 -13 40
13 -19 28 -10
2 17 -11 10
28 6 1 10
24 14 -31 7
1 32 39 4
5 -8 13 -29
-20 -11 -3 -1
11 -8 3 -25
-7 6 -9 14
-20 6 34 -33
18 -13 -24 -22
13 -32 37 1
-4 -38 4 -10
14 -5 19 0
-8 -14 -22 17
-28 -15 -11 15
14 -18 -35 11
28 26 -23 -16
-33 -29 -35 8
-6 34 2 2
-7 4 -21 0
21 34 -22 29
17 -44 -15 -18
38 18 27 33
-19 -33 -38 -16
-7 22 -34 30
-22 26 -47 -31
-9 -2 34 -8
-11 -4 -28 7
29 22 32 -18
-34 14 32 30
7 -10 21 24
-10 12 0 37
24 37 34 -17
22 -20 11 -24
-7 -7 -36 -21
-3 -10 34 -38
-20 -40 -33 10
-28 -13 11 1
-41 -7 33 28
-14 -11 35 -20
-11 31 -21 14
-34 -29 7 -19
-24 15 17 38
-28 0 18 26
19 -20 -10 34
-39 -34 12 -26
-10 42 34 40
-26 36 16 6
38 -17 -16 30
-32 -25 -16 39
-4 8 -1 7
0 -5 41 20
-11 24 -29 -28
-34 -32 26 -19
-3 -7 -34 -14
29 -10 -36 -39
-26 14 3 39
-18 14 16 18
-1 0 8 36
23 7 21 -26
-7 21 0 30
-34 3 28 -28
-4 7 43 -38
19 23 -20 -9
-18 23 -13 -20
14 42 29 -27
-1 36 -19 29
-34 42 32 -29
-29 24 -12 -16
-20 -28 -23 -39
-4 -16 -10 -38
35 -21 10 -12
-31 -2 15 -5
-43 -30 -33 12
9 -19 -2 37
36 -24 25 -35
16 -8 32 27
4 -5 15 5
37 -29 -34 -7
7 -37 -24 11
30 32 -6 28
-37 27 0 0
3 28 -13 26
22 10 -6 -18
-38 12 18 -9
-13 7 11 -21
10 -4 6 -31
35 -18 30 -32
2 -13 -1 -26
-38 25 -35 -33
-21 -25 -36 -33
4 25 36 31
-25 -38 29 -22
19 14 -37 -21
-37 6 18 29
-39 33 -4 18
-17 -11 8 9
31 2 22 36
0 35 -41 34
-32 -30 -36 39
-31 -23 44 -3
-29 23 -35 -31
27 37 20 -36
-13 20 19 18
18 30 2 5
41 -35 19 -29
-17 -33 0 3
-32 -8 -1 -26
-23 -27 33 37
31 18 0 40
-4 24 -26 -12
28 -34 10 13
0 0 -7 -30
6 39 -16 -19
-17 1 17 -27
10 -16 -8 -7
-14 -10 -30 0
-1 18 -14 -29
13 28 -1 7
18 -10 -30 33
41 14 -7 -10
-23 25 44 12
20 -15 9 8
-24 -16 -12 -6
40 -14 15 23
25 -3 -25 29
35 34 10 17
-16 -17 -21 -25
16 42 -32 36
-16 -10 19 -22
17 23 36 -5
1 -9 -38 -5
37 8 0 -31
-8 0 7 32
-29 -27 -22 17
9 22 20 -32
-13 9 -31 23
38 24 32 -3
30 20 30 -36
17 21 2 -20
-14 -26 27 -19
-21 -1 -26 30
17 -4 -20 -21
-1 -34 -34 -7
27 -19 -41 -28
38 35 35 -7
-34 20 -11 19
-31 18 -9 -8
-32 28 -32 8
28 -42 -39 -26
13 0 34 28
-8 -39 1 12
5 -20 -40 -38
-30 -17 -34 26
27 -6 2 3
-9 9 29 -17
-18 7 20 4
35 17 -1 -20
-19 -17 -10 -24
29 -32 0 20
-18 -36 7 -16
29 -26 12 -19
32 13 26 37
-15 44 13 24
6 21 43 6
22 30 -19 -11
-8 -11 -25 -37
-5 35 -11 23
-24 -4 42 -17
-22 22 -29 -38
30 44 15 0
-2 -9 17 36
-19 45 -21 -30
-35 28 -25 -1
22 -22 -17 0
36 -20 23 -1
-16 11 -14 -19
10 33 -29 -2
22 20 47 -4
-16 28 -16 16
-7 15 47 -11
-13 27 -31 7
-11 -26 -7 18
2 -9 7 38
-26 6 -19 28
22 6 15 32
29 31 -5 -5
28 -22 -6 -3
-41 43 0 36
-15 40 -1 -17
13 13 -37 21
4 7 24 -22
-36 -2 7 2
20 -21 -31 11
33 31 24 6
-31 -10 7 22
-32 -18 -11 -29
39 -5 -37 -11
13 -43 1 -42
35 -17 27 8
-41 -12 -38 30
-31 -14 -22 -20
-1 -12 34 17
20 -1 36 -26
-20 22 -22 8
37 -11 32 11
-27 30 -19 -11
17 8 -3 -22
-42 0 3 22
16 -41 12 24
30 33 -36 5
-13 -12 36 20
-12 35 -1 -3
22 -25 22 -25
-6 32 26 -37
-12 -19 4 33
-9 38 -23 14
-2 -20 -5 -14
-5 -14 -2 -19
-8 44 33 31
1 36 -7 -16
37 15 -28 0
-28 1 -19 -32
-4 -28 -20 40
-16 -6 20 35
-10 3 -12 20
4 3 18 -4
-20 -26 32 -28
-15 -33 -25 -5
39 4 38 33
-26 39 23 26
32 15 38 7
-33 5 32 0
-6 11 -31 0
-21 21 28 29
22 -31 -10 -38
26 0 18 -29
36 14 -10 33
39 39 -8 -4
4 41 33 -33
8 36 43 6
-12 -10 24 -3
-26 -21 45 -3
-15 -23 5 -29
18 10 0 9
17 34 20 1
-41 27 8 27
24 31 -11 -12
-25 -31 -7 40
-22 25 21 34
32 -13 -16 8
-38 8 41 -37
24 1 -17 31
27 23 27 -17
-2 22 -27 15
-23 -42 13 -34
30 -11 -33 -40
-12 5 -38 27
-19 -29 -34 -30
2 6 26 4
-16 -26 -1 -17
27 29 14 -29
-1 -17 -30 -15
-13 12 -38 2
-9 -15 23 -14
28 0 -26 -6
26 29 18 -9
17 -8 30 -37
-14 -29 19 -37
-24 -35 2 -37
-12 -42 2 -27
5 -17 35 -37
-23 -37 -11 10
-11 35 -10 26
27 9 32 -34
2 -42 33 12
-12 -28 -4 38
31 27 10 5
-2 7 8 -32
-22 38 13 -27
-13 -13 -10 9
2 43 2 34
31 3 21 -16
10 -30 -6 -24
29 35 -20 -25
21 18 12 -1
28 -27 27 24
21 -8 45 -31
-19 24 -17 27
-18 -36 2 2
36 9 43 -23
-27 13 -22 42
6 -33 19 7
24 -8 -10 41
-3 3 17 -22
-16 -18 -24 -5
-13 0 -18 -26
-25 -6 47 26
34 25 5 -6
-8 -1 -2 37
-35 4 -31 15
-29 19 -26 9
-4 -34 -32 -13
0 -15 2 5
-24 16 31 11
-18 27 -31 2
-31 -17 30 -34
30 -7 11 -23
30 29 -24 5
1 12 7 -28
14 23 38 -10
19 -38 40 -9
-19 10 -5 -16
-24 -1 -33 25
-18 -27 15 -39
-32 -32 0 34
-12 -24 17 11
27 -27 -1 -5
-38 35 1 8
15 22 -3 16
32 -26 28 -12
34 -19 -2 0
-29 -12 -8 29
-12 6 -18 21
7 -29 -11 -20
-9 -6 27 -37
-19 22 -30 -37
-7 -37 4 21
39 -4 31 -37
-1 15 37 -8
-7 33 -15 -2
-9 37 23 26
14 -10 -24 -15
-3 -9 -34 -21
1 -1 33 -21
-35 -23 -8 15
-17 -34 -20 -4
-21 39 -35 -35
25 -22 -30 -29
10 -23 -5 -35
-28 -17 -35 32
-13 -30 44 -13
36 -15 -12 22
-31 11 34 -5
-1 28 -2 -1
14 -34 -19 35
21 0 36 -3
-3 -32 16 -2
-19 39 4 -38
9 -12 31 -21
-8 -19 -29 30
-25 38 6 31
-24 26 -29 29
10 10 -17 26
18 -28 -7 26
39 -36 -8 -23
17 -25 -11 -38
-38 11 46 39
40 21 23 -32
23 15 0 -29
-3 -11 -5 2
-3 -13 43 -2
23 34 -9 29
9 -4 1 -33
-42 18 32 25
30 -28 0 41
-10 37 3 -22
-6 -5 -21 10
6 9 19 -24
17 3 -9 30
18 20 -13 -25
7 16 23 40
27 -19 -22 -26
15 -42 -36 27
7 0 27 37
-5 -16 -42 12
-24 -4 0 15
-7 -41 -23 6
-36 22 8 1
-39 27 -27 -29
-29 -17 12 36
-25 -32 0 -26
-22 6 -9 -19
-13 12 14 1
-41 -23 19 -6
-42 -31 -11 -42
-40 -31 15 8
24 -32 29 -19
-17 22 -15 20
35 39 7 -24
18 -21 -22 26
27 -19 -9 20
28 -8 -11 -17
-33 -19 21 -40
24 -22 -33 -1
23 28 -3 33
-24 37 -5 41
32 -26 29 15
34 33 -35 4
-6 44 9 17
-19 0 -19 -23
37 -6 -35 37
-10 44 -17 -12
-13 21 0 7
36 -9 44 32
-10 -3 -20 32
17 -15 -28 34
-4 20 -23 -5
5 38 5 38
19 22 13 38
-5 -7 -35 14
-22 5 -28 24
-1 -29 20 -37
-7 44 -17 31
40 -32 8 -36
-33 36 12 21
-24 33 4 10
38 1 7 41
37 -22 43 -22
-11 6 -35 19
-13 44 6 37
35 -31 30 32
-27 27 21 -19
29 -12 41 19
-32 -20 -21 -30
-10 21 41 -32
-2 9 34 -35
11 5 -13 33
23 -18 -7 38
-39 32 34 -35
-41 -18 5 14
22 -34 -33 14
13 -28 14 -33
8 27 -26 1
21 -18 10 -22
31 -27 3 -33
21 5 -36 21
36 10 -26 15
2 9 -4 -5
36 16 -42 -26
31 -8 -10 -27
38 37 13 35
16 -11 -3 23
21 -14 6 25
34 -35 -17 9
-24 29 36 16
-25 11 2 -43
37 15 -25 -42
25 24 1 -14
18 -31 0 11
3 -33 12 -31
13 -26 20 18
-35 -23 -15 -29
-36 -11 -4 10
18 -19 10 15
22 18 39 -37
10 19 -23 9
7 16 -16 -39
19 0 -31 24
-23 -19 6 -29
-8 -5 -24 32
-36 5 36 -24
-27 37 -13 -28
1 0 37 -22
-15 29 -9 -32
36 -21 -7 5
16 31 -18 34
8 -4 -23 -27
8 -4 23 0
-4 -13 -6 -26
-6 -8 36 -15
23 7 36 -21
30 -26 7 36
-14 18 -4 0
-17 12 -20 -18
-4 3 28 5
32 36 -18 -10
-10 -7 28 -18
25 43 21 -25
30 -18 11 2
-25 20 -8 11
31 9 3 -28
31 -34 -6 9
21 2 -8 -15
23 22 -16 6
-19 -33 0 -22
4 15 4 -35
24 -4 9 20
-19 -25 -23 -33
-43 11 -21 3
20 11 12 -3
-12 -20 -26 30
38 0 27 -4
-19 -2 5 18
-11 -15 37 31
-3 -32 -28 15
15 -37 -34 -26
34 5 -7 -33
-32 -24 4 -32
-29 -28 37 7
31 24 1 -43
-1 36 3 27
37 0 33 34
-18 -29 26 -15
-35 -16 -28 -10
-42 12 17 25
29 -5 -15 -13
13 2 -12 -40
-17 1 -12 29
-31 -23 -4 -33
9 33 -24 -28
-12 -30 -12 3
6 -25 44 -6
-16 15 18 -7
-7 -34 -20 -6
12 -29 19 -16
23 -18 38 -30
12 42 -20 -35
34 -22 5 16
-5 12 -10 16
-3 -27 -26 31
-12 27 -34 35
-14 22 18 36
13 8 -32 1
-17 7 6 -5
-17 39 -8 31
13 -1 -26 -23
-15 -24 39 -7
-1 -24 -28 0
9 -33 -9 -27
13 27 6 -31
-38 3 -21 16
-34 -30 19 -5
-2 32 19 -22
30 -34 -2 -16
-28 26 -26 -40
-8 -1 34 -6
-18 -14 -27 -39
30 -27 33 0
7 -21 -21 19
-30 37 9 39
-14 -19 -27 14
-9 -33 14 -27
-37 20 -25 -18
-25 -12 -24 -10
32 -7 8 5
-21 18 25 7
0 38 -10 28
-36 24 19 -23
19 -35 -16 25
27 -7 -24 -13
38 14 -7 -37
-20 -17 36 25
26 36 -23 36
-29 -11 23 -7
22 -10 -13 4
30 29 25 7
32 13 -41 -12
8 -38 -9 -30
39 -30 12 7
2 -14 20 2
-37 -34 -14 -29
-17 2 -36 9
-15 -10 25 -31
-9 4 -3 -20
12 19 5 16
-21 -1 23 -10
-3 31 2 -37
-26 17 11 18
4 6 -21 5
3 22 -15 -13
23 4 5 -32
-17 25 -1 -6
-37 -7 14 -6
-21 -31 -5 40
-26 11 -16 -1
23 40 30 -17
18 15 33 -9
38 -34 9 33
26 29 35 -13
27 23 29 29
5 24 27 -10
0 18 40 -19
13 28 -26 32
-16 1 -35 -20
20 17 29 30
32 28 1 -17
6 34 31 -1
39 41 21 17
14 43 41 34
21 -17 11 37
20 25 -14 17
-17 8 18 -12
6 -5 -30 -10
-26 -29 -35 16
-34 38 29 0
-37 28 -21 -2
40 -2 21 2
8 20 40 -37
-17 -32 16 2
36 19 14 21
1 -9 4 31
36 -27 -20 -20
-35 26 31 -35
-5 -24 16 -5
-2 -33 -32 -3
18 5 7 16
34 -25 -31 -6
0 -10 -26 -27
27 -28 -19 34
34 37 -36 14
-29 13 -36 33
15 4 16 -41
15 -7 -33 -16
-38 -29 -4 -37
-12 15 17 -23
25 -18 -19 36
31 -29 4 19
-7 2 15 19
7 34 -15 -43
-32 27 -20 31
-24 30 -31 -18
-39 -12 30 7
35 -37 -17 -3
-3 -31 -36 25
35 -22 23 25
8 8 -16 15
36 -16 33 8
-23 -24 -12 4
32 2 36 33
-22 18 42 15
-29 29 2 -24
11 31 -28 -31
-35 -17 6 -13
-32 30 28 41
-28 25 -32 21
9 -14 26 -32
17 -29 -26 -30
27 40 6 -39
-34 10 -12 18
1 -1 0 -21
3 18 41 22
-6 2 1 -11
-31 35 -25 -24
-7 17 -31 -39
31 3 -28 38
-2 15 8 40
-19 -20 11 21
28 -29 20 -18
11 -37 19 35
33 3 31 -2
-32 29 -11 3
39 15 -12 40
4 39 25 -22
-13 -18 20 12
17 2 15 28
-1 -27 44 1
-3 -28 20 33
-25 33 24 42
38 38 -5 -28
-31 0 3 -19
18 -31 35 -26
-8 -30 -6 24
-34 -14 -16 -12
-40 31 -23 -11
-39 26 28 -19
-2 -16 -14 -23
0 8 18 -5
8 -39 41 20
-12 25 -26 2
11 38 -18 -37
-16 26 35 11
-26 37 -39 28
-26 35 -29 29
22 36 7 8
-36 -39 19 -21
36 15 18 18
-25 -19 -42 -32
-30 24 -11 9
27 -38 -36 -3
28 -29 2 33
29 -33 -30 3
26 -27 2 -20
-6 -6 -4 -27
12 35 29 31
-17 3 36 12
22 -13 -29 -25
-30 37 -12 -30
37 -21 -34 -40
-28 43 45 28
28 24 -21 -22
-19 25 -17 28
22 43 -29 34
26 23 11 40
41 -17 -15 -40
-5 -28 5 20
22 4 29 37
30 29 33 -11
-9 10 28 -23
-14 23 40 29
-22 24 -25 -14
1 -20 15 3
21 20 40 -36
31 21 17 0
29 -3 -23 -33
12 27 -16 -12
-21 -2 5 -16
-40 26 42 -34
-34 14 -3 -22
23 -35 -6 -23
-31 -33 32 -26
27 10 16 -10
-39 19 -24 1
6 -9 10 -30
10 -4 23 -27
38 -20 32 36
39 23 -15 -16
6 7 -13 -34
29 -1 -2 29
39 4 -20 -31
34 31 36 -30
-37 -40 -30 -19
-16 19 30 -35
7 2 6 5
4 0 33 -30
-38 25 -31 4
-18 -20 -5 -6
-14 -23 26 32
-38 -12 5 -21
38 -17 12 -16
11 20 -38 -28
-1 21 -26 29
10 18 -25 -13
1 -19 16 -17
-24 4 22 -9
23 -9 -8 32
16 -41 38 22
-9 -10 23 2
-32 -14 37 9
-6 -15 -38 -2
-20 -21 36 16
-25 -6 2 11
-9 25 -5 0
36 5 27 -17
-17 30 -42 -32
-35 3 4 -41
31 -31 -36 18
2 -5 -19 9
-25 11 -24 38
33 -8 -36 -30
-28 25 -31 -39
-24 -28 33 10
9 -33 43 36
-23 17 7 -35
21 -22 -34 38
36 12 8 27
5 21 24 9
-32 -5 44 4
-18 29 -13 9
15 15 7 4
-11 -1 17 -30
-13 -9 43 15
0 1 21 22
8 22 42 38
34 -35 31 -28
12 -28 46 -7
30 7 -32 40
11 42 -21 37
-29 -17 43 36
32 2 -16 -30
-27 -34 27 13
-29 -1 7 19
32 -32 -27 -17
8 0 19 26
15 -17 -23 -34
14 -18 8 1
-34 5 -3 27
32 -6 -11 -36
-39 -4 -36 -40
-39 -23 7 29
-20 32 -5 -3
-41 19 -28 30
-4 5 29 -22
-20 -10 19 -28
19 18 35 4
-25 2 -34 -25
-34 12 -16 -4
-40 -1 -9 32
16 -22 -21 0
-27 16 -7 -19
-22 2 9 -42
-6 12 12 -20
-37 33 -19 -5
-28 -10 -16 -7
20 -2 15 38
33 -5 11 -15
9 31 -12 -33
-2 -19 16 29
4 29 33 35
-3 8 35 -7
7 -2 30 -21
5 19 33 -14
-37 -24 37 31
5 -1 -15 27
-8 -17 -28 0
38 -5 -17 0
24 26 11 -19
-32 -5 -28 -28
-4 -19 -2 28
-14 19 26 -32
40 40 45 0
24 -33 -12 -14
17 40 -4 -9
-8 -15 8 9
32 -13 30 28
-37 20 8 20
15 0 -33 28
-11 42 -22 4
2 -19 4 40
32 -32 -17 14
20 21 27 -16
-2 -15 38 -39
26 -15 -9 -10
-32 -15 -11 -22
-23 -18 4 37
21 22 16 -25
21 -30 25 27
0 36 -3 -19
-8 -26 30 -29
4 40 -20 31
-11 -10 -32 9
-7 40 14 -24
39 -33 -33 -30
-11 -9 44 -23
6 31 -33 13
-22 -30 21 -31
-26 36 -7 0
-3 -26 -13 -8
-16 19 -11 -21
15 24 31 36
-21 7 -18 15
-10 -38 14 38
30 -31 18 3
2 -16 -24 -26
-37 -12 42 -28
-36 -19 35 17
-26 -10 25 -36
-12 -6 35 -24
22 -9 -22 1
15 0 -5 -38
5 -10 -5 -41
39 -28 -27 -29
-36 -32 -8 6
-20 2 -30 36
-10 27 -10 -2
8 8 11 33
-1 14 -39 8
23 -25 -35 37
-10 -42 13 -35
23 37 29 -2
12 -20 -3 -24
-3 26 -5 13
-39 -25 -39 1
1 -4 -14 -41
22 30 33 -6
24 -26 9 28
0 0 0 0
0 0 0 0
0 0 0 0
0 0 0 0
0 0 0 0
0 0 0 0
0 0 0 0
0 0 0 0
0 0 0 0
0 0 0 0
0 0 0 0
0 0 0 0
0 0 0 0
0 0 0 0
0 0 0 0
0 0 0 0
0 0 0 0
0 0 0 0
0 0 0 0
0 0 0 0
0 0 0 0
0 0 0 0
0 0 0 0
0 0 0 0
0 0 0 0
0 0 0 0
0 0 0 0
0 0 0 0
0 0 0 0
0 0 0 0
0 0 0 0
0 0 0 0
0 0 0 0
0 0 0 0
0 0 0 0
0 0 0 0
0 0 0 0
0 0 0 0
0 0 0 0
0 0 0 0
0 0 0 0
0 0 0 0
0 0 0 0
0 0 0 0
0 0 0 0
0 0 0 0
0 0 0 0
0 0 0 0
0 0 0 0
0 0 0 0
0 0 0 0
0 0 0 0
0 0 0 0
0 0 0 0
0 0 0 0
0 0 0 0
0 0 0 0
0 0 0 0
0 0 0 0
0 0 0 0
0 0 0 0
0 0 0 0
0 0 0 0
0 0 0 0
0 0 0 0
0 0 0 0
0 0 0 0
0 0 0 0
0 0 0 0
0 0 0 0
0 0 0 0
0 0 0 0
0 0 0 0
0 0 0 0
0 0 0 0
0 0 0 0
0 0 0 0
0 0 0 0
0 0 0 0
0 0 0 0
0 0 0 0
0 0 0 0
0 0 0 0
0 0 0 0
0 0 0 0
0 0 0 0
0 0 0 0
0 0 0 0
0 0 0 0
0 0 0 0
0 0 0 0
0 0 0 0
0 0 0 0
0 0 0 0
0 0 0 0
0 0 0 0
0 0 0 0
0 0 0 0
0 0 0 0
0 0 0 0
0 0 0 0
0 0 0 0
0 0 0 0
0 0 0 0
0 0 0 0
0 0 0 0
0 0 0 0
0 0 0 0
0 0 0 0
0 0 0 0
0 0 0 0
0 0 0 0
0 0 0 0
0 0 0 0
0 0 0 0
0 0 0 0
0 0 0 0
0 0 0 0
0 0 0 0
0 0 0 0
0 0 0 0
0 0 0 0
0 0 0 0
0 0 0 0
0 0 0 0
0 0 0 0
0 0 0 0
0 0 0 0
0 0 0 0
0 0 0 0
0 0 0 0
0 0 0 0
0 0 0 0
0 0 0 0
0 0 0 0
0 0 0 0
0 0 0 0
0 0 0 0
0 0 0 0
0 0 0 0
0 0 0 0
0 0 0 0
0 0 0 0
0 0 0 0
0 0 0 0
0 0 0 0
0 0 0 0
0 0 0 0
0 0 0 0
0 0 0 0
0 0 0 0
0 0 0 0
0 0 0 0
0 0 0 0
0 0 0 0
0 0 0 0
0 0 0 0
0 0 0 0
0 0 0 0
0 0 0 0
0 0 0 0
0 0 0 0
0 0 0 0
0 0 0 0
0 0 0 0
0 0 0 0
0 0 0 0
0 0 0 0
0 0 0 0
0 0 0 0
0 0 0 0
0 0 0 0
0 0 0 0
0 0 0 0
0 0 0 0
0 0 0 0
0 0 0 0
0 0 0 0
0 0 0 0
0 0 0 0
0 0 0 0
0 0 0 0
0 0 0 0
0 0 0 0
0 0 0 0
0 0 0 0
0 0 0 0
0 0 0 0
0 0 0 0
0 0 0 0
0 0 0 0
0 0 0 0
0 0 0 0
0 0 0 0
0 0 0 0
0 0 0 0
0 0 0 0
0 0 0 0
0 0 0 0
0 0 0 0
0 0 0 0
0 0 0 0
0 0 0 0
0 0 0 0
0 0 0 0
0 0 0 0
0 0 0 0
0 0 0 0
0 0 0 0
0 0 0 0
0 0 0 0
0 0 0 0
0 0 0 0
0 0 0 0
0 0 0 0
0 0 0 0
0 0 0 0
0 0 0 0
0 0 0 0
0 0 0 0
0 0 0 0
0 0 0 0
0 0 0 0
0 0 0 0
0 0 0 0
0 0 0 0
0 0 0 0
0 0 0 0
0 0 0 0
0 0 0 0
0 0 0 0
0 0 0 0
0 0 0 0
0 0 0 0
0 0 0 0
0 0 0 0
0 0 0 0
0 0 0 0
0 0 0 0
0 0 0 0
0 0 0 0
0 0 0 0
0 0 0 0
0 0 0 0
0 0 0 0
0 0 0 0
0 0 0 0
0 0 0 0
0 0 0 0
0 0 0 0
0 0 0 0
0 0 0 0
0 0 0 0
0 0 0 0
0 0 0 0
0 0 0 0
0 0 0 0
0 0 0 0
0 0 0 0
0 0 0 0
0 0 0 0
0 0 0 0
0 0 0 0
0 0 0 0
0 0 0 0
0 0 0 0
0 0 0 0
0 0 0 0
0 0 0 0
0 0 0 0
0 0 0 0
0 0 0 0
0 0 0 0
0 0 0 0
0 0 0 0
0 0 0 0
0 0 0 0
0 0 0 0
0 0 0 0
0 0 0 0
0 0 0 0
0 0 0 0
0 0 0 0
0 0 0 0
0 0 0 0
0 0 0 0
0 0 0 0
0 0 0 0
0 0 0 0
0 0 0 0
0 0 0 0
0 0 0 0
0 0 0 0
0 0 0 0
0 0 0 0
0 0 0 0
0 0 0 0
0 0 0 0
0 0 0 0
0 0 0 0
0 0 0 0
0 0 0 0
0 0 0 0
0 0 0 0
0 0 0 0
0 0 0 0
0 0 0 0
0 0 0 0
0 0 0 0
0 0 0 0
0 0 0 0
0 0 0 0
0 0 0 0
0 0 0 0
0 0 0 0
0 0 0 0
0 0 0 0
0 0 0 0
0 0 0 0
0 0 0 0
0 0 0 0
0 0 0 0
0 0 0 0
0 0 0 0
0 0 0 0
0 0 0 0
0 0 0 0
0 0 0 0
0 0 0 0
0 0 0 0
0 0 0 0
0 0 0 0
0 0 0 0
0 0 0 0
0 0 0 0
0 0 0 0
0 0 0 0
0 0 0 0
0 0 0 0
0 0 0 0
0 0 0 0
0 0 0 0
0 0 0 0
0 0 0 0
0 0 0 0
0 0 0 0
0 0 0 0
0 0 0 0
0 0 0 0
0 0 0 0
0 0 0 0
0 0 0 0
0 0 0 0
0 0 0 0
0 0 0 0
0 0 0 0
0 0 0 0
0 0 0 0
0 0 0 0
0 0 0 0
0 0 0 0
0 0 0 0
0 0 0 0
0 0 0 0
0 0 0 0
0 0 0 0
0 0 0 0
0 0 0 0
0 0 0 0
0 0 0 0
0 0 0 0
0 0 0 0
0 0 0 0
0 0 0 0
0 0 0 0
0 0 0 0
0 0 0 0
0 0 0 0
0 0 0 0
0 0 0 0
0 0 0 0
0 0 0 0
0 0 0 0
0 0 0 0
0 0 0 0
0 0 0 0
0 0 0 0
0 0 0 0
0 0 0 0
0 0 0 0
0 0 0 0
0 0 0 0
0 0 0 0
0 0 0 0
0 0 0 0
0 0 0 0
0 0 0 0
0 0 0 0
0 0 0 0
0 0 0 0
0 0 0 0
0 0 0 0
0 0 0 0
0 0 0 0
0 0 0 0
0 0 0 0
0 0 0 0
0 0 0 0
0 0 0 0
0 0 0 0
0 0 0 0
0 0 0 0
0 0 0 0
0 0 0 0
0 0 0 0
0 0 0 0
0 0 0 0
0 0 0 0
0 0 0 0
0 0 0 0
0 0 0 0
0 0 0 0
0 0 0 0
0 0 0 0
0 0 0 0
0 0 0 0
0 0 0 0
0 0 0 0
0 0 0 0
0 0 0 0
0 0 0 0
0 0 0 0
0 0 0 0
0 0 0 0
0 0 0 0
0 0 0 0
0 0 0 0
0 0 0 0
0 0 0 0
0 0 0 0
0 0 0 0
0 0 0 0
0 0 0 0
0 0 0 0
0 0 0 0
0 0 0 0
0 0 0 0
0 0 0 0
0 0 0 0
0 0 0 0
0 0 0 0
0 0 0 0
0 0 0 0
0 0 0 0
0 0 0 0
0 0 0 0
0 0 0 0
0 0 0 0
0 0 0 0
0 0 0 0
0 0 0 0
0 0 0 0
0 0 0 0
0 0 0 0
0 0 0 0
0 0 0 0
0 0 0 0
0 0 0 0
0 0 0 0
0 0 0 0
0 0 0 0
0 0 0 0
0 0 0 0
0 0 0 0
0 0 0 0
0 0 0 0
0 0 0 0
0 0 0 0
0 0 0 0
0 0 0 0
0 0 0 0
0 0 0 0
0 0 0 0
0 0 0 0
0 0 0 0
0 0 0 0
0 0 0 0
0 0 0 0
0 0 0 0
0 0 0 0
0 0 0 0
0 0 0 0
0 0 0 0
0 0 0 0
0 0 0 0
0 0 0 0
0 0 0 0
0 0 0 0
0 0 0 0
0 0 0 0
0 0 0 0
0 0 0 0
0 0 0 0
0 0 0 0
0 0 0 0
0 0 0 0
0 0 0 0
0 0 0 0
0 0 0 0
0 0 0 0
0 0 0 0
0 0 0 0
0 0 0 0
0 0 0 0
0 0 0 0
0 0 0 0
0 0 0 0
0 0 0 0
0 0 0 0
0 0 0 0
0 0 0 0
0 0 0 0
0 0 0 0
0 0 0 0
0 0 0 0
0 0 0 0
0 0 0 0
0 0 0 0
0 0 0 0
0 0 0 0
0 0 0 0
0 0 0 0
0 0 0 0
0 0 0 0
0 0 0 0
0 0 0 0
0 0 0 0
0 0 0 0
0 0 0 0
0 0 0 0
0 0 0 0
0 0 0 0
0 0 0 0
0 0 0 0
0 0 0 0
0 0 0 0
0 0 0 0
0 0 0 0
0 0 0 0
0 0 0 0
0 0 0 0
0 0 0 0
0 0 0 0
0 0 0 0
0 0 0 0
0 0 0 0
0 0 0 0
0 0 0 0
0 0 0 0
0 0 0 0
0 0 0 0
0 0 0 0
0 0 0 0
0 0 0 0
0 0 0 0
0 0 0 0
0 0 0 0
0 0 0 0
0 0 0 0
0 0 0 0
0 0 0 0
0 0 0 0
0 0 0 0
0 0 0 0
0 0 0 0
0 0 0 0
0 0 0 0
0 0 0 0
0 0 0 0
0 0 0 0
0 0 0 0
0 0 0 0
0 0 0 0
0 0 0 0
0 0 0 0
0 0 0 0
0 0 0 0
0 0 0 0
0 0 0 0
0 0 0 0
0 0 0 0
0 0 0 0
0 0 0 0
0 0 0 0
0 0 0 0
0 0 0 0
0 0 0 0
0 0 0 0
0 0 0 0
0 0 0 0
0 0 0 0
0 0 0 0
0 0 0 0
0 0 0 0
0 0 0 0
0 0 0 0
0 0 0 0
0 0 0 0
0 0 0 0
0 0 0 0
0 0 0 0
0 0 0 0
0 0 0 0
0 0 0 0
0 0 0 0
