-4 39 14 24
-12 34 -7 -18
-19 -15 -28 26
34 3 -14 -7
24 4 -21 -4
29 4 -28 45
38 -19 8 45
24 -32 16 0
-10 -3 -39 -17
40 22 -23 16
-13 36 -16 -31
-1 41 -31 34
-23 17 -36 -26
11 -22 -33 -13
0 -30 -34 21
37 13 -15 -4
23 -10 20 -27
-3 24 -32 12
-1 16 -7 17
8 5 36 -3
28 32 -6 43
-38 28 26 17
-6 15 26 28
-33 -28 31 12
-1 -6 -19 30
-6 39 27 -31
9 18 -30 4
1 -19 14 -34
2 -1 17 -26
-39 -33 5 -26
23 -8 -4 -10
29 1 -25 37
-44 -35 34 21
-8 28 -27 -22
10 -41 1 -18
-5 -2 -30 -36
-42 -12 1 -35
15 7 12 -24
-17 -34 21 44
-18 23 -12 -14
6 21 8 44
-13 -29 -24 33
-12 -26 -29 -33
27 29 23 -22
20 -32 -4 -21
11 39 30 33
19 -20 20 26
-9 5 0 -24
7 15 -24 -7
8 -37 26 26
-34 35 10 0
39 -37 0 30
-5 2 33 -8
26 5 27 -6
-29 -34 -34 18
-9 -20 10 11
-21 -32 -23 25
-32 12 25 -7
-28 -13 4 28
27 -31 7 -1
-20 10 3 -30
39 41 14 7
2 42 -29 0
-23 32 -21 -3
29 40 -22 -24
-28 27 0 -25
24 24 30 3
-1 6 -11 37
39 2 -18 14
36 12 -8 -8
-39 1 20 18
19 17 16 40
-33 -18 14 41
1 20 38 -25
-33 23 34 27
9 27 -2 22
2 -33 -7 25
24 -33 15 45
26 30 33 -20
-39 -17 15 5
1 7 -10 -18
30 31 -35 -12
29 38 30 4
34 33 -8 38
-13 38 -31 8
27 36 36 -4
-31 22 20 14
-43 -9 -14 -13
3 -13 16 -23
-41 21 -33 34
20 -30 27 31
4 14 32 31
18 33 13 34
-18 15 -16 1
30 -29 -23 -15
-22 -5 25 4
14 -8 29 -1
-1 -30 -40 37
2 30 -19 -22
-9 37 9 0
-4 -14 8 -26
-37 -22 -13 4
33 -9 0 17
-24 -37 -34 4
7 21 -4 45
5 -28 -27 24
-9 34 -21 -26
12 12 -21 -25
-28 20 25 23
-32 -7 8 -7
-13 -39 -15 -29
39 6 26 45
38 28 -12 -23
13 -2 39 22
21 28 32 -8
-9 -40 -28 3
19 2 -17 -3
-2 14 -33 37
-24 18 -40 -12
5 -23 -10 22
-39 37 -9 35
14 4 10 -1
-36 -5 -13 41
24 1 37 -7
18 -6 -14 27
-29 6 34 -11
7 -13 9 -4
24 -33 8 0
-3 0 23 31
-37 30 34 15
11 2 29 -23
-6 16 5 0
-39 -3 -7 13
27 -19 -2 -23
-32 4 38 35
-27 -27 -36 16
-20 0 24 -19
38 -15 -31 38
15 31 -24 32
-43 -27 -4 21
-31 9 -21 -7
34 34 39 32
-12 19 26 15
7 18 -16 20
-37 -37 22 11
-43 -15 -18 1
-5 -16 -39 38
-1 -23 -40 17
-25 22 31 11
-4 -23 23 29
36 -25 -16 25
-20 15 33 -19
-25 -22 -8 7
29 -10 -28 6
-40 14 -9 7
32 -3 -40 -15
11 -4 11 -20
4 -20 -32 40
28 -5 -3 -2
-12 9 -30 -19
-1 15 -18 10
-15 -25 -20 41
38 11 18 -16
30 38 -25 39
-4 0 -8 8
-40 7 -10 7
37 -12 7 20
-17 -28 -34 -1
29 25 23 -35
-26 -35 -12 -4
29 -17 -38 34
27 10 -20 -26
-35 -34 -6 12
17 32 -15 41
7 16 3 31
-18 -9 11 15
-42 27 -12 18
26 -27 -10 -36
-20 -18 -2 -26
-11 15 -23 9
37 -9 12 -22
29 39 -13 -5
-29 17 20 -17
-34 43 30 -23
-32 17 -4 43
33 -19 -26 44
-21 -9 24 -22
-34 -32 7 27
8 8 -9 8
-10 35 -40 -24
-36 35 13 -11
5 31 -21 12
8 -14 30 2
23 -23 2 10
-35 -27 -23 28
36 -4 21 7
12 31 24 8
36 36 -17 4
28 -16 8 -20
31 1 -33 4
31 -30 -1 -7
-38 -1 -3 40
0 39 -32 -12
-10 -31 -25 -6
-12 -32 -21 14
-15 37 6 11
-7 -41 -28 39
-7 24 -7 29
-7 31 7 29
23 -36 26 -24
31 -5 -15 -15
-38 8 25 13
0 -9 -3 33
-30 -18 6 31
-2 10 -29 -23
4 -11 -3 -21
4 -26 4 35
23 -35 28 -27
31 -11 -35 -1
-33 -29 -26 39
-27 -37 9 17
-35 -37 8 3
20 -12 20 -3
33 -3 -14 35
-41 -34 7 -14
12 28 -25 39
30 -12 10 44
-12 27 34 -7
5 -13 28 12
-26 -30 -1 29
29 28 9 -25
-12 14 18 30
23 -7 -8 28
16 -9 -10 -20
-11 39 -16 -26
-9 29 -32 7
29 -7 -40 32
-32 -17 15 11
15 -4 18 34
27 -37 13 25
-1 27 40 38
-13 19 28 -25
28 -33 14 -21
1 -4 -14 -13
-15 18 -30 -23
-31 2 19 -34
-5 -32 0 26
19 41 -10 10
-25 3 37 -28
-27 -25 8 -24
-18 16 -12 41
-3 -7 5 -18
-31 2 21 -33
-26 13 -35 44
3 21 -6 33
8 -34 3 8
4 -1 -2 6
10 -26 -17 -17
36 -5 -8 -23
-37 -11 -6 -14
-22 -27 -40 21
-13 28 11 -33
-32 18 17 3
19 -19 -14 -17
-37 -7 -26 -16
-44 28 0 45
19 -13 -41 -8
12 4 38 31
22 7 27 23
30 -21 -20 34
5 -1 -38 44
-17 13 -38 37
-30 2 18 26
-42 16 25 29
-12 33 32 -32
19 1 -27 -15
37 -36 -17 43
25 30 39 34
6 34 15 -29
22 -17 -28 0
3 -38 0 -3
-24 -29 -32 0
20 -1 -27 -23
24 27 18 -36
-21 -19 -29 -31
-42 -36 -34 -19
-5 -39 24 -22
3 -40 32 8
3 35 14 -26
-42 -40 12 -11
23 40 -42 -35
-13 -36 0 -24
38 14 -11 26
9 4 -27 25
-23 -32 -21 23
-12 15 -15 8
21 -33 -29 -14
-14 -35 8 1
18 19 -13 -4
-17 14 -23 16
-3 -24 -36 23
32 19 -36 -17
26 10 -22 -25
-38 -16 14 24
-10 -29 40 -15
14 28 -16 30
-4 37 -20 -35
19 17 14 -36
-41 12 -38 13
-28 -10 -26 -11
-4 34 -26 -24
8 23 22 -10
0 0 -38 10
8 32 23 20
24 5 -4 -11
25 -4 -4 37
-31 -14 14 12
-40 34 12 -21
26 7 10 -22
-29 -27 28 -13
29 23 34 3
-35 -11 28 -35
8 -2 21 20
0 36 36 5
-39 19 35 11
32 -15 -27 15
11 -3 -5 -11
33 -41 31 -27
13 24 -10 -19
11 37 -19 27
-25 -32 -32 32
-29 -6 6 38
-31 0 -41 43
29 -2 2 18
-10 6 7 -28
21 -30 36 41
-13 16 9 5
-29 -32 -16 32
-14 28 29 28
14 33 36 -16
24 -29 -14 -24
37 31 -2 -19
-40 27 35 -24
-23 -39 -10 -12
-22 -10 -20 -19
-8 -39 8 -13
-1 27 37 -11
-36 -27 15 31
18 19 25 -24
28 -4 12 3
14 -11 -36 -12
-1 -17 9 -36
-4 10 -22 -21
-15 17 -3 30
-3 27 -38 1
-17 2 -24 39
18 25 24 42
-6 -1 -17 -29
-32 -18 40 -9
-37 17 3 -18
-25 3 10 -27
-25 31 -13 44
1 -13 -33 8
38 31 -24 35
14 1 7 -26
3 38 -11 26
20 -34 -27 43
2 25 -22 -4
30 2 -34 18
-7 0 29 25
1 -32 34 -23
-2 26 17 2
-7 5 29 7
-40 11 -15 -33
31 0 16 40
21 33 14 37
-26 -7 -33 27
35 26 16 -5
3 -32 -39 -20
-4 -33 -27 46
18 -33 -6 -30
-9 22 40 -25
-21 27 -40 4
-10 -16 -9 -21
-37 37 -17 -29
-10 -27 30 -17
-28 4 -8 40
-20 16 -22 24
-24 -36 -16 -5
-13 22 35 9
4 27 -21 17
-35 -30 4 -7
30 -33 4 15
8 -35 -21 -7
34 -37 36 18
-41 -8 1 -27
-19 -40 -36 4
-34 -24 5 -18
3 22 -1 0
-11 27 -25 -21
-2 -28 -25 40
36 33 -22 16
-9 -8 -32 -35
-32 -16 26 -18
-16 -27 39 -30
-41 -38 -32 -10
34 -9 -19 -34
3 -27 25 2
-33 30 -36 -3
32 -18 -32 -6
-40 -15 29 -3
15 -12 -27 11
24 -21 27 -28
-22 -23 -19 7
-40 18 -18 -28
41 -15 -9 -18
18 0 16 -13
19 13 -34 -30
-26 -15 29 41
22 -5 1 19
9 30 -23 15
-2 -19 10 -11
19 16 -14 44
-10 27 -11 23
-35 3 -25 -6
-8 26 10 -7
19 13 2 34
0 27 4 -7
7 0 14 20
5 5 17 -21
36 29 8 -33
14 -35 -31 -29
37 35 -36 32
20 -27 26 34
34 4 37 40
5 -20 -40 45
6 12 -4 -25
5 -24 -3 3
1 2 -33 4
-25 -1 14 -7
-1 -4 -12 -12
0 -2 -33 12
-6 -25 0 -1
16 -25 17 -12
11 -7 -30 34
5 14 25 14
15 24 -36 39
0 36 -33 -24
-39 4 6 33
32 -28 -21 37
0 35 19 8
-31 -4 -1 -33
-40 0 1 30
22 -32 -1 -36
-28 -37 12 28
-40 15 -34 36
-9 -5 -27 37
5 37 -32 -28
23 20 -9 11
24 32 -36 1
-8 -12 -10 -28
9 1 21 -14
32 -7 30 -17
39 30 38 40
16 34 -30 37
7 32 16 42
-16 -40 -5 -7
32 -1 -35 11
21 -11 12 21
-37 14 -6 -22
-23 -17 30 -19
35 -9 34 -31
-10 3 -3 40
-31 19 -13 -19
-23 4 -3 -14
9 34 -30 14
-26 -9 -34 -21
-13 -7 2 -33
16 -15 7 17
17 -1 -38 23
18 10 22 23
-18 -31 8 40
-32 -1 -28 45
18 35 -5 3
-8 22 21 -21
-23 20 5 13
4 -4 -19 -18
-19 -30 -1 26
29 41 -18 -17
-11 -25 -21 -3
-23 31 -34 25
0 1 -10 33
11 -35 -21 18
-7 -13 15 24
12 -3 16 25
34 28 -11 -25
-27 11 6 33
-28 35 0 -27
32 -11 26 0
25 32 20 28
2 -6 4 35
4 -33 -22 -29
-29 20 34 19
-2 27 -41 -26
18 19 -39 42
18 -18 -17 -6
-7 4 -12 34
33 2 -35 -34
-27 -10 3 24
28 -34 -30 18
17 4 -29 -30
-42 -8 10 -28
-40 26 -14 -34
-43 36 23 35
34 -15 -6 43
16 6 0 19
28 -1 -35 -13
29 -35 -1 -24
-6 12 32 1
24 4 -13 7
-38 -19 14 18
35 -3 -14 -1
-19 -28 3 -27
25 -4 -10 2
9 6 17 14
29 -16 -16 6
-9 1 -15 -1
19 -36 2 41
19 -38 -30 39
-38 20 -39 38
1 26 -30 -21
-12 -10 -39 8
20 -2 31 10
0 -33 35 -9
-2 -16 37 40
-26 5 -24 -3
4 3 -40 21
29 -36 15 -15
35 -36 -38 -18
17 9 -25 -23
-16 -7 11 31
-20 -29 32 7
39 -35 -34 5
5 22 -14 -17
-4 -4 9 40
17 18 26 -1
36 37 -1 4
-21 -33 9 42
34 37 38 36
35 -7 24 -3
-14 12 25 -10
-2 34 -5 -22
8 -6 -7 38
17 21 -18 -7
21 -22 -18 0
16 38 -32 -19
-15 6 23 11
-8 -12 -22 32
-6 -20 7 -29
-44 24 17 21
-18 -28 -26 14
-34 -21 -6 -5
-13 3 -21 27
7 -12 -2 41
-9 -16 -14 23
13 -20 -17 39
-2 31 -10 26
28 -28 4 19
19 -41 6 4
-12 -28 17 9
-13 10 18 3
35 32 -20 39
-40 20 14 39
-28 0 -32 -4
38 21 20 18
-26 -19 -19 37
-36 3 -16 -36
-7 -29 -40 33
25 6 40 14
-3 0 -31 -14
-39 23 22 16
-23 -28 30 15
-40 0 -33 -13
12 -12 39 -6
-20 -30 8 31
-41 27 2 -20
-17 -7 -34 -12
-30 25 15 18
-7 31 -33 -34
-40 -14 10 39
-37 2 1 -30
-4 -20 -27 5
34 29 28 35
16 1 9 -27
6 -17 -10 27
-27 -33 31 2
-13 0 -16 38
23 2 -6 0
-30 19 -3 -5
-31 0 -17 -30
19 26 15 -20
3 1 -38 -22
-7 27 -36 2
19 -36 33 8
14 -4 -6 3
-36 -22 2 12
26 23 -26 -30
-10 33 27 8
-34 8 1 -23
12 -27 32 23
-15 34 -35 1
-28 33 5 -1
-11 28 12 -9
-22 39 10 34
-12 -36 -12 17
-27 -23 -3 34
30 -12 0 -20
0 -5 0 -15
-38 13 26 39
-27 -19 19 44
34 21 -17 14
-25 -15 0 16
24 11 27 18
1 -29 29 -29
-24 19 1 31
-15 28 -20 2
13 7 -4 27
36 8 -18 18
-1 18 -3 -36
29 16 33 28
-7 29 16 13
-3 20 -30 0
-22 -25 9 42
-26 39 16 15
-20 -40 37 13
11 -29 -15 -22
-19 3 34 -9
-3 19 -29 5
-22 -37 -17 -32
26 17 15 33
-29 -4 -37 -3
-15 -1 -32 14
-21 34 -18 -30
-22 -20 -6 -31
-31 -29 27 -10
-21 20 -7 -12
-11 37 34 8
-21 15 -31 27
-1 39 -9 23
8 -27 36 -26
0 -14 -13 -22
21 -36 40 -15
-34 -6 11 34
17 24 -36 -26
3 -25 -1 33
5 -12 7 -3
-16 -17 -19 13
41 -11 -4 38
35 32 -11 -14
0 29 -7 -19
24 22 4 35
1 -28 5 23
22 8 14 -13
-21 4 23 -36
28 32 35 35
-33 24 34 21
38 -9 -13 4
-15 2 22 23
-32 19 15 1
-21 -2 10 32
-15 -24 -41 37
-22 -15 18 -22
-19 -28 4 -14
-30 38 -27 -29
-32 -31 13 27
-25 -3 -33 11
-22 22 22 -4
-34 25 -37 42
19 -22 -13 -10
-34 17 -14 16
27 38 -26 -33
-42 -1 -32 15
36 -10 3 44
-13 24 -22 -19
8 23 -22 -21
-16 29 -23 -1
-8 -42 24 -12
21 -33 -40 -19
-13 -23 -19 35
-39 -13 -27 -10
-33 -37 -33 -26
38 -23 16 23
-3 -11 17 16
-4 21 -40 22
9 -1 22 -14
-18 10 21 -37
-38 6 36 -20
15 -12 36 0
1 26 -34 40
0 -38 -24 -15
-4 2 -14 37
-8 36 37 26
-15 22 -21 -9
24 16 39 -3
-17 -20 -6 3
36 -18 -40 -25
11 22 -2 -24
8 30 28 21
-25 39 17 39
30 12 10 -31
-37 -4 37 -13
-5 33 -36 16
-26 16 -14 -20
-2 -33 38 0
22 -33 -13 7
31 -6 -40 -20
23 -2 -8 -8
4 7 35 -37
31 40 -16 21
0 -37 -39 25
-8 40 -22 4
-25 3 -24 41
22 -3 27 40
-30 41 -3 10
29 11 27 31
39 37 7 -35
21 28 -29 20
22 25 -4 45
17 40 -29 -14
-18 12 -13 -30
-25 10 -5 15
-35 29 37 13
-30 33 7 34
23 3 -31 -32
-44 22 -17 -27
-7 37 -32 5
-26 -39 -10 10
-28 24 8 -12
-10 13 -11 9
-25 19 35 23
-14 -21 35 25
-29 -10 -4 -21
13 -39 24 14
-19 24 34 -6
0 -5 8 40
13 24 15 -22
-23 4 -3 27
22 39 38 -3
18 27 -22 -30
15 -4 -40 18
21 -13 4 -34
8 14 38 35
19 -40 2 -27
-40 2 36 8
22 -6 9 -11
12 4 -6 24
-31 4 26 2
6 -26 5 20
0 -2 -14 35
-3 -37 -33 32
8 -27 28 33
4 -14 0 31
32 -3 0 12
37 17 38 -34
21 0 31 14
-34 -15 22 42
0 30 -6 -36
-1 -31 -18 18
21 -21 -25 -3
-12 34 26 7
41 -10 31 -1
-6 -18 39 -17
-14 19 14 1
36 -37 0 -34
-10 -6 24 -32
0 39 -8 29
0 2 5 35
15 11 -6 -1
24 29 8 24
8 -35 0 29
-12 40 -18 31
4 17 -37 31
2 -23 30 -17
7 -8 0 -22
26 42 33 -16
39 12 5 8
-5 -18 25 11
-31 -12 -20 25
-14 20 38 -10
-9 25 -29 -29
-16 32 26 0
-23 35 5 41
16 19 -34 -21
0 9 -31 32
-8 33 15 -23
26 26 -16 16
17 -27 -38 26
-26 -18 37 24
30 29 -18 -4
15 -12 -41 29
34 -31 19 -15
18 13 -31 5
-24 -6 1 37
-31 5 -21 -18
9 -33 -32 6
-38 23 -5 -33
-3 36 5 -35
-16 34 39 -35
22 -24 -26 7
-38 -23 -4 3
2 -42 -14 -9
6 -9 -21 42
4 -12 29 -5
29 30 24 28
23 -29 30 -14
31 30 12 -30
3 23 -19 11
-14 -42 20 1
6 -34 -9 18
14 -14 18 -31
-13 10 2 7
22 35 -38 41
12 -4 -29 24
26 17 -17 -6
-14 13 21 1
25 -27 -32 13
-7 -38 -25 -6
18 20 12 42
-21 -10 -4 3
17 -10 -23 3
-22 -4 -14 -12
-36 -12 2 -1
-5 -21 -37 -4
-15 19 33 -21
-37 19 -2 35
-35 30 31 -16
16 40 -16 0
-38 -32 33 -37
22 -35 6 13
9 -5 -12 28
-12 -8 9 -34
-34 -3 0 -12
15 30 10 12
-34 35 -7 -11
16 30 39 37
5 25 14 6
4 34 -15 -30
-41 25 -34 40
18 37 0 27
36 -22 -12 19
34 -31 -40 -18
34 36 25 6
-31 2 -16 -20
35 -7 -5 38
-44 2 19 -2
17 -23 9 1
20 -6 37 -8
-17 27 -19 17
-16 -3 23 45
-9 -7 34 -26
20 15 -8 41
-1 7 -20 2
28 -20 -7 -17
25 -7 0 5
14 1 19 -7
-7 19 26 -25
0 0 -9 -35
-7 32 0 -21
1 -16 -1 -1
-1 -8 -16 -32
-22 -33 6 -5
-11 23 39 -22
38 8 13 26
5 -2 11 17
25 12 -18 19
-10 3 22 40
-20 -29 -21 -2
1 -14 13 4
-18 10 -20 -31
38 13 -29 -7
14 25 27 8
30 -38 -1 30
-34 -7 -19 37
-11 26 30 -10
-4 -19 -9 -37
17 -31 42 -36
-37 38 -34 -4
-40 25 -38 -17
21 -10 -16 40
-22 -20 -34 -19
30 8 28 21
26 24 32 34
11 -5 -16 -27
-4 28 -17 22
-20 26 -24 30
33 15 -36 -27
0 39 27 -8
37 30 16 10
10 2 -33 16
-23 20 -4 44
7 -17 32 32
-40 40 -14 -31
4 -10 12 1
4 9 11 33
31 -10 -9 -32
13 -12 -14 3
-20 -24 -33 34
27 -33 21 26
36 8 -32 15
-3 20 4 -6
25 -32 20 -13
15 -23 -23 -5
-31 2 34 4
2 36 27 30
-20 -39 -13 -6
-32 32 3 -25
-39 13 7 -10
5 16 -7 42
-2 18 3 -17
36 -34 -38 42
6 -36 -15 -35
-23 15 17 -24
-26 -7 -6 -19
33 38 -8 28
-10 -30 -2 1
-19 -32 14 35
26 16 -31 -37
-14 -1 12 -5
10 7 -20 -12
-25 40 26 -1
40 2 -10 -22
19 27 -22 -18
-25 36 -23 30
-1 27 21 -3
-7 -40 7 32
33 -28 40 0
-16 30 29 0
35 20 -39 16
-36 1 -33 -37
-10 -33 0 25
-32 16 15 -11
33 0 27 -1
28 -14 -32 17
-11 -16 -19 28
-18 -16 40 -14
16 -19 24 -18
3 40 23 12
-27 -14 -2 -19
31 -31 -12 14
-21 17 21 -16
-8 38 -2 36
36 -16 2 28
-31 41 4 14
-28 17 3 -17
-26 -21 -34 -15
12 4 -37 1
-18 31 -35 39
18 14 32 -34
-35 7 2 8
-19 32 21 -35
-4 6 -13 -17
-21 3 -26 31
-9 -24 -5 -16
-36 -15 25 9
-26 2 -29 20
-23 -30 -18 -6
-24 -8 -30 39
-24 26 13 0
-9 -8 11 -22
-23 16 4 -33
33 -13 -5 20
33 3 -32 -34
-12 -4 5 6
-14 32 -11 -32
15 -33 -6 2
33 29 10 27
23 -31 9 30
-23 -15 1 -34
-31 -41 15 15
12 -26 -7 30
-12 -31 5 10
10 -6 -37 -26
-17 -19 4 33
40 -29 -31 0
2 4 -2 -17
12 39 35 -24
12 -6 -23 -24
-33 16 -15 -30
-18 24 0 36
-8 38 -13 -21
-4 15 -2 41
16 34 -34 21
10 -7 41 42
-24 -30 -14 21
-2 37 19 -34
22 -14 -20 -26
19 -17 23 0
-6 -21 -40 -13
-7 0 38 -11
15 -23 15 -22
30 -29 22 19
-36 36 39 18
-4 -41 8 -29
35 -24 32 32
8 -26 10 23
-26 -37 0 11
42 -5 -7 0
-33 -21 39 26
21 27 -5 33
-4 22 -29 -3
-25 -15 24 -9
30 -20 -19 -21
4 -34 -14 -26
34 25 -18 -7
-23 7 -16 -36
-10 17 -5 16
39 -31 -28 -16
22 10 26 -3
-40 -39 -32 0
21 -21 -18 -36
28 3 21 34
-30 9 15 -6
36 11 31 22
-17 1 -22 -13
-28 -36 25 -13
22 -35 22 6
30 5 33 -13
-38 24 -19 -20
-37 33 -41 35
1 7 -15 -8
-11 7 2 21
-8 -13 -35 -33
-13 -7 -32 -33
7 -18 7 -17
1 22 -12 -20
-30 26 -14 32
-37 -23 -23 18
35 33 -6 -24
20 35 -24 -35
-29 25 28 25
-9 -3 21 -19
-34 4 36 0
-1 28 -27 -36
-30 -30 -5 -22
-18 -32 15 35
19 28 27 43
-23 -24 0 18
-12 5 40 -14
-36 -30 13 31
18 37 -26 -25
21 -16 1 -17
17 32 32 29
23 -33 -28 27
-16 34 -2 22
-34 -13 -32 -14
28 -17 2 -23
-29 -2 -31 -31
-28 21 8 4
-36 -41 -7 -15
-2 15 19 33
-11 -34 13 -1
35 -5 -10 -37
14 -33 7 -6
4 21 24 -24
15 25 -20 -34
32 7 3 -15
-34 25 -4 27
22 -18 -38 -34
-34 10 -9 9
0 37 -2 34
32 14 0 42
42 18 17 -29
-11 -28 -18 4
-27 39 -1 20
-21 -12 -8 34
16 -34 41 -23
41 -3 8 21
5 -21 26 6
28 21 -36 -21
-35 40 26 -3
8 20 -6 -34
-37 15 31 -23
17 0 9 -14
-8 -38 -1 5
-6 19 -13 -9
-23 1 36 -34
-20 -12 -26 -30
-27 -21 -17 -4
-8 14 5 30
37 30 1 19
-21 -1 35 -18
-8 -35 -36 27
2 -11 -35 -21
15 6 27 9
29 -14 32 24
9 -19 21 -23
-35 -31 -20 -35
14 13 19 -28
6 20 -7 5
2 -38 -23 -17
-30 6 -6 -21
-7 -7 0 28
4 -22 -11 16
-2 -26 41 -31
29 34 18 -33
18 34 21 21
-4 21 1 32
2 30 18 25
35 30 38 10
-27 -29 20 7
28 0 37 43
29 6 11 16
-4 -33 -28 -38
32 31 -2 4
38 21 -41 -30
-13 39 31 30
-12 38 -16 -21
-5 39 24 -29
34 -4 -11 0
12 -31 8 -12
35 18 4 -2
-5 -18 -27 6
36 7 -8 -27
15 35 -17 35
-18 37 13 -17
28 2 -5 -28
-9 20 -38 8
36 -13 -35 -22
37 -32 41 12
8 11 1 29
35 30 24 -33
19 18 23 13
0 -26 18 -10
-20 37 24 9
-23 -8 38 20
-25 36 7 18
8 -3 17 24
33 19 26 27
3 -38 6 -39
7 -8 -11 6
6 24 -32 -26
-6 0 13 -36
-6 40 22 -5
25 0 16 -1
-28 -11 3 28
-21 -25 10 27
-14 -37 14 23
24 -5 -16 -13
-25 13 -8 -1
-27 -35 -37 40
-13 39 -34 28
9 -7 27 -9
28 -18 25 -31
-41 27 -37 27
16 9 -18 0
-34 -38 38 12
4 5 -19 -14
28 38 -19 34
-26 3 -38 -35
11 -21 -4 -30
7 21 -17 35
-29 -27 -10 -21
-12 -11 -20 -24
-38 -39 35 15
23 -38 -6 -36
-19 -3 -25 -9
25 25 9 22
33 -23 16 -34
33 1 25 43
-24 -19 -34 -9
-8 23 30 -5
0 -2 35 2
12 4 -28 12
-4 19 -7 18
14 17 -36 14
-26 9 -38 20
31 -38 8 28
-16 22 15 -32
24 -10 29 28
16 -28 4 -6
-39 -25 29 -26
-27 36 -30 -37
-4 -16 -30 1
-33 24 -34 -32
-19 27 -34 1
0 -28 -3 41
-17 -5 -27 -39
15 34 -14 7
-2 -22 9 -35
16 -3 2 26
-8 0 -16 37
0 -29 16 2
-36 35 4 4
-30 23 34 -36
5 -36 10 -29
15 13 24 -34
21 20 -13 40
0 24 -2 -40
6 24 -5 14
-26 -18 -12 8
15 37 -26 -25
7 -13 -26 -22
-36 11 -37 25
-30 -28 -32 -40
-15 -38 -5 23
8 18 24 29
35 -5 27 2
-3 -39 -18 -29
-10 -7 -28 8
-5 -16 -27 41
-13 18 4 -35
10 20 32 34
12 -31 -36 38
-29 33 -39 2
31 7 -37 38
-22 -24 38 7
-30 11 13 0
33 -38 -31 2
-10 34 -36 -13
-1 1 -6 11
39 0 -29 3
41 14 -31 20
41 2 7 34
24 9 -29 -34
6 -37 -7 -1
36 -19 -11 28
-17 -26 -16 -31
3 -8 41 -19
30 -28 -38 19
23 -20 -2 -17
-19 15 -13 24
-11 15 -27 -16
31 25 -29 -13
22 -20 13 -13
-39 -32 -26 -13
-22 -21 -18 -2
-5 -14 -22 -10
4 -37 -10 -19
-2 10 -11 15
-14 -38 8 6
27 -17 40 31
-31 2 13 24
-1 32 -27 -36
-12 -22 19 26
41 35 -19 -26
29 16 -26 -19
-19 24 -37 32
38 15 -10 17
15 -5 8 35
13 -32 2 -27
13 -27 12 -2
-35 0 0 -37
7 26 38 -24
-14 -6 7 -11
-14 24 38 28
17 -20 -21 -24
8 1 -36 -38
-17 23 11 15
-12 20 -5 -29
-18 34 22 29
-12 -9 -35 -29
-20 -34 29 28
34 27 33 18
-20 -26 9 -18
-27 14 3 -16
3 15 -39 14
-1 13 12 13
25 18 -25 33
-5 27 -38 6
-29 19 26 14
29 -8 24 -2
35 -40 -33 -3
23 17 -26 39
-5 -2 42 -8
24 32 33 -20
29 -10 -18 9
-20 35 18 24
-29 26 -29 8
-20 -22 -12 -21
-26 -34 9 3
4 -30 -8 -2
-29 -35 -29 38
-38 19 -8 1
36 21 0 20
30 -22 34 -16
-9 31 -11 8
-20 -30 -36 -23
20 35 7 -23
-4 13 -27 -26
-18 26 -32 28
-15 -3 -30 31
36 7 -24 -9
-15 -21 2 14
-31 -1 18 -10
-15 31 -26 6
-26 -13 -21 -7
2 40 26 -31
-6 8 -40 39
-10 8 11 -23
-13 36 -11 3
-26 2 -11 -4
26 -26 19 -25
-7 1 21 25
41 -22 20 9
-15 -22 -25 -33
38 -25 35 -34
23 -31 36 -38
16 25 -31 -2
8 0 21 8
-38 6 -16 0
-7 -17 11 -3
30 -30 34 20
-29 26 -31 24
8 -39 -24 35
17 11 -36 27
11 8 25 35
-27 9 -31 24
28 -16 20 -30
-14 7 39 -4
15 -39 16 -14
40 33 -28 29
6 -20 -35 -43
0 -20 33 -42
-33 -9 -7 -12
-35 -6 39 23
-28 -34 -19 0
-14 -10 36 -34
-18 31 15 -41
1 13 5 -40
-23 -22 -25 -8
-5 0 15 27
9 14 0 5
20 7 24 -24
-7 -1 33 0
-22 -28 8 -13
-3 -7 -22 1
32 -14 -3 7
1 19 43 -35
38 -12 39 -21
4 -12 -23 14
22 37 -28 -16
-4 -28 -12 0
30 -28 -35 27
32 -22 -33 -1
-24 -27 -17 -36
-37 12 -4 4
-9 26 -24 -26
-15 6 -28 31
-32 -39 23 6
38 -39 4 41
-37 2 8 -10
-29 16 -13 -14
16 22 30 15
-16 22 31 37
-30 22 -23 -19
7 15 -9 13
-22 -8 29 23
17 17 4 6
-30 -16 24 2
11 -17 31 33
-3 -27 -18 -4
-29 3 -33 -15
-11 -26 -13 21
-19 -14 6 -12
-2 -26 27 1
0 29 40 -33
-22 3 -26 -40
31 -9 -28 39
0 39 7 -23
5 36 -6 8
45 6 27 -2
-6 -39 15 16
35 -19 3 -21
-30 -20 -32 -26
-29 4 -28 -22
19 39 -34 19
-10 -29 19 26
-3 24 -18 0
-18 35 25 25
18 33 10 13
23 -11 -10 23
-4 -35 -4 3
4 7 33 0
14 -3 -27 -12
24 -30 -31 -28
-35 15 0 24
31 -22 38 27
42 -15 -9 -31
18 -41 33 -35
2 -33 -28 -20
-4 -29 25 -47
19 -35 28 -15
20 0 27 -4
43 -4 13 -9
40 33 29 -5
-19 -6 -10 -22
-7 -38 -12 -14
-1 29 -12 21
28 32 -3 -13
6 26 -31 25
30 -1 -19 -1
-28 -36 4 -22
-19 18 2 35
-8 0 -33 25
-34 -40 -22 -9
7 -13 -3 -23
35 -10 -39 -12
36 -8 13 -8
-17 -39 36 3
18 36 1 8
-15 9 33 -32
-26 -14 -29 22
2 36 6 -23
7 32 22 5
1 23 2 21
17 26 24 12
-34 21 25 -16
1 11 -38 11
-24 15 -3 -19
37 -31 41 24
-34 -25 32 -31
12 39 36 23
27 -25 -7 1
-20 27 43 7
21 37 15 -33
15 -23 -6 30
21 34 -26 -5
43 5 -20 -22
-12 0 -30 -18
17 28 34 -42
42 22 -24 -34
10 -15 42 -28
0 -10 -27 5
1 -22 34 -15
-26 -35 7 -49
26 36 40 -46
4 8 19 11
-28 -26 0 15
-33 10 48 20
46 -15 -8 -7
3 -20 45 -22
0 -9 -11 -2
-5 35 -32 19
6 -33 46 -16
-13 4 27 29
4 -2 -17 0
45 9 36 -47
14 29 -13 0
-24 33 -31 -32
42 -38 12 -19
-16 -7 20 -12
-34 10 2 -35
4 -36 -18 -9
39 -23 -27 12
38 14 -6 -4
43 -1 31 -33
19 -22 -35 5
32 10 37 -6
20 16 0 8
15 24 39 0
11 -41 -12 4
-6 -5 14 -19
-40 0 25 28
-7 7 -39 5
-25 27 21 -34
-38 30 16 -9
37 -14 7 -32
-32 -13 -29 -19
-29 -1 32 23
-19 -19 10 -23
-12 29 10 -4
-10 -18 31 -4
-41 21 21 -38
21 -19 37 33
23 40 18 2
26 -10 38 35
-14 14 -9 37
38 17 29 -36
4 -37 15 -28
-29 24 22 -8
-11 -18 -30 -35
37 6 -8 29
-10 -36 -21 24
-37 -39 5 -23
-7 0 24 -25
-24 -27 -33 -42
-24 -25 13 10
-4 24 13 18
-16 33 9 14
16 4 -13 30
27 17 33 17
1 29 -4 4
13 0 -21 17
28 32 47 -43
11 10 6 -51
17 14 -13 -52
-15 -31 14 -50
40 28 19 17
31 18 -7 -5
32 30 8 19
-28 2 24 14
7 -15 -11 5
20 7 -3 0
-16 12 51 -31
41 9 7 -14
32 -4 46 -46
34 32 4 -25
-18 7 -21 -36
-19 -24 13 -29
-34 29 8 -33
-12 22 3 -25
16 5 17 23
-20 29 -25 -34
-14 17 41 21
29 17 6 34
17 21 5 4
-4 40 -21 -15
26 17 16 -7
27 15 24 -37
-18 -22 -15 -18
-39 -22 41 11
0 26 40 -35
-7 -15 -11 -17
20 40 3 -18
29 7 37 16
-38 -17 -15 34
37 11 -16 36
-19 25 31 13
5 -23 -35 42
30 -32 4 -7
-6 0 0 8
-40 -26 34 -31
21 -34 -9 -1
20 33 19 38
-20 22 8 2
-1 36 -11 -8
27 -7 -29 33
36 -4 1 -30
19 -40 13 33
-37 -10 12 -25
16 22 -31 -25
43 -5 15 13
37 29 -30 16
16 25 -1 24
-28 6 -34 0
44 27 44 -13
-10 -4 14 -40
23 33 26 -25
-1 -39 6 32
42 28 41 19
34 2 48 -24
-22 -33 1 -29
-9 10 51 -37
-20 16 8 -25
7 -37 34 11
-3 22 21 -48
-16 26 -17 -31
10 -11 -12 -56
46 -14 13 -34
-9 -25 34 -29
54 -34 -20 -28
-21 -19 13 3
39 29 -7 11
-17 24 37 -49
36 5 1 -27
-3 -4 52 -29
29 -11 30 -9
45 -23 37 -39
12 -38 42 24
-6 0 -18 -8
-10 27 -21 0
21 38 26 -17
-17 19 14 -35
13 20 27 33
-24 19 23 13
35 17 -1 -31
15 3 -10 9
12 -38 -36 35
17 19 2 -24
-6 19 -3 -4
5 -38 30 -7
9 28 9 9
-36 18 29 42
-24 23 3 8
-38 -9 12 -3
32 -12 -19 -7
-38 -40 41 -24
-1 -3 15 6
7 -23 -1 3
-4 -37 -40 -3
2 -17 7 44
-35 -32 -12 0
-29 -6 -1 -22
40 -38 37 -11
-1 28 9 0
-11 -18 30 13
42 -40 23 30
-32 -5 37 35
4 -40 -24 1
-4 -35 3 22
0 -8 2 30
39 13 13 36
41 0 7 -28
40 -35 13 8
-21 -16 44 -41
2 -21 25 -9
-20 -24 25 -33
11 -28 -11 -20
34 -21 -8 -38
14 -41 33 9
-20 -34 16 -57
4 32 -7 -7
15 -18 -24 -8
4 38 53 -4
-2 -37 29 -42
-8 33 14 -2
40 -19 0 -49
-19 -3 16 -43
53 -35 6 -46
8 -9 21 -48
13 -8 1 -63
0 -40 11 -7
40 2 16 -58
-22 25 43 14
17 -39 -16 -28
21 -16 29 4
34 -23 36 -15
-11 -27 -19 -22
34 -25 -10 0
22 -20 -36 -21
34 -35 35 -8
-31 -15 8 -44
22 8 -1 -25
34 2 11 31
-24 31 26 -28
21 40 -14 -33
0 33 28 38
-30 -27 -4 7
-38 29 -26 26
0 32 -11 -12
-29 20 22 -19
-5 18 32 19
4 -16 -6 21
13 31 29 -4
2 24 20 -32
-3 29 -33 -8
8 -22 -25 -6
-24 4 28 5
-15 1 28 18
-19 -7 2 32
11 -2 39 -32
15 29 36 -37
0 7 -17 -35
14 -31 -22 -5
31 -8 -27 -17
8 -32 -18 28
-37 -38 42 -21
0 0 44 19
-17 -23 0 -32
-33 -21 1 35
9 -15 -3 -7
3 28 23 14
5 -26 28 12
9 -5 -12 13
-18 29 0 -19
-11 -28 29 -34
17 23 -18 -9
24 -18 -15 -46
9 16 -4 -37
45 -7 -15 -1
37 -9 16 11
-23 -25 -18 -17
-19 -29 28 3
-17 -4 40 -40
22 -37 -3 -54
-15 14 16 -8
-11 13 -19 6
-4 25 -17 -18
61 19 23 -18
-4 28 51 -35
35 0 17 -50
-5 9 9 -53
-1 23 12 -6
-25 -10 22 -54
-20 11 3 -59
-2 -5 -26 -57
-14 -25 -21 -54
12 0 9 -44
34 -6 38 16
39 42 41 0
-28 35 9 -21
-15 -16 9 -30
12 -25 -37 10
38 -3 -13 -35
16 1 -3 -24
-2 32 -3 -7
35 -14 -8 -19
37 30 -7 -29
-3 29 23 2
-32 -1 40 -14
12 -34 -27 -14
1 -8 41 24
5 -2 -38 -34
38 -4 -34 -4
-24 -21 -23 2
39 19 12 -18
-3 -5 -19 25
22 -20 33 -15
-22 -31 2 2
7 -25 -17 -14
-14 -24 19 30
-27 26 -20 -18
-32 40 -19 -23
-5 -32 42 32
-22 29 -30 42
-27 8 -7 21
-19 39 30 5
42 -5 -1 -23
-26 -9 41 19
-25 26 40 -10
45 -18 45 27
18 20 11 18
16 -6 -1 23
-3 2 5 7
3 33 -4 8
-13 -21 -8 -25
47 -8 31 -20
-4 35 28 -28
44 19 2 -14
46 6 32 -53
-9 26 20 -1
12 6 22 -45
8 5 33 -18
-11 -43 41 -62
-18 10 1 -39
25 25 5 -46
27 -10 50 -15
18 36 62 -20
12 -18 -3 -12
22 16 10 -40
-5 33 44 -48
10 -9 1 -65
6 -18 23 -14
42 10 10 -28
5 29 32 -56
-25 -15 17 16
-22 -34 4 16
-21 -1 -36 2
41 -24 -23 -30
-11 -2 -33 8
13 7 -21 -19
40 -36 7 8
3 -20 3 -24
16 7 17 -13
29 -5 2 31
-18 2 -23 -28
-29 -26 36 40
29 -9 -35 24
0 38 7 -7
35 10 23 -3
15 -16 -34 36
-34 -17 37 0
34 4 12 -33
16 6 -38 -2
8 3 20 -36
-29 -13 7 23
21 32 -35 37
-7 35 14 5
-13 23 0 34
30 12 -15 32
38 14 19 -14
22 -9 32 16
-37 -5 30 -35
-1 -28 37 10
15 -39 43 -4
2 -14 4 37
15 13 -31 -9
24 -3 15 35
44 -23 -10 26
-29 -24 -8 35
-31 19 4 -9
32 11 19 -5
-34 -37 38 -1
46 27 23 2
3 8 -5 3
32 37 1 1
30 3 39 25
24 14 18 6
-24 -9 44 -32
56 36 9 -56
23 19 28 -52
44 24 17 -16
24 26 15 2
57 -36 33 -16
27 -26 11 -20
21 -19 -10 -56
51 -12 4 -63
60 -36 53 -56
29 -2 20 -40
44 -47 -1 -8
48 -9 50 -45
-14 -44 13 -36
-11 3 58 -31
-21 22 4 9
4 9 33 -27
17 -28 35 19
35 35 -31 10
36 -10 40 33
-36 18 -20 11
1 14 -22 37
4 -32 22 28
7 37 13 -6
36 -17 31 -2
-32 -1 -30 9
36 -3 -31 -21
13 -6 0 22
31 11 -5 3
19 31 35 16
24 30 36 -14
18 -2 -31 2
-19 -12 2 4
-37 -33 -34 39
9 11 -4 -2
24 -5 16 -30
37 11 11 4
4 -15 -39 -11
25 18 -15 31
-38 37 4 -4
21 -2 19 -21
-37 -21 8 -30
42 -20 -19 -9
-37 30 -16 32
-6 21 -17 28
23 -39 -34 -1
8 -33 39 -16
-34 -32 40 -22
14 -8 3 30
18 31 -24 40
-19 3 -18 9
18 0 37 20
34 20 -22 -23
40 -10 31 -6
-9 21 -29 -4
21 7 9 -5
16 -37 -7 -18
11 15 6 -25
-16 -15 -6 -32
28 0 15 27
6 34 36 26
32 21 5 17
0 12 43 -18
7 30 31 -27
30 36 44 -6
3 -27 -7 16
29 27 37 31
31 -42 11 -7
-11 -10 10 3
-6 0 19 13
8 29 -13 -9
-16 -2 37 -11
47 -40 2 26
27 14 23 20
33 3 9 -25
30 1 10 -10
-19 22 24 35
8 7 -7 34
-8 -23 28 38
-36 -11 -10 -22
-13 -33 16 -15
-17 2 16 -39
22 -19 2 18
28 23 -32 -23
-8 -18 -13 25
4 -15 -20 36
0 38 -9 2
-13 41 34 18
-41 -36 1 4
-8 -16 22 -15
-40 29 -9 -27
-35 17 -26 12
12 2 7 6
-36 -37 20 -19
1 6 25 -26
-24 -15 -2 -1
-4 41 16 43
10 -16 29 13
28 26 38 -5
-9 -14 -29 -20
-38 34 -33 -37
-12 8 -27 8
-5 -3 16 0
-13 40 44 13
11 -7 16 -12
-10 13 25 -29
2 21 41 -11
11 -30 0 10
-4 3 25 9
15 12 4 10
-35 -41 33 6
7 -24 -1 47
-22 31 46 8
41 -31 35 37
35 -8 38 14
-5 18 23 46
16 -42 20 25
29 17 -29 27
26 -39 52 38
46 -19 -15 -10
40 -8 41 21
30 2 32 40
19 -3 -9 50
33 12 53 -1
35 -36 4 5
-16 -11 -4 32
-12 -18 47 14
-23 -7 -24 -25
-31 15 -26 6
-16 15 6 -23
-12 1 2 -29
-27 -19 33 47
-21 -37 16 0
-34 -9 -12 40
-36 -35 -4 -14
-40 14 -6 -36
19 24 -13 -29
5 -39 -5 4
-6 25 -34 2
30 36 -7 36
12 -35 34 -17
-19 -17 -15 -33
18 -39 -37 27
-13 32 32 32
12 -9 -28 45
-4 33 -2 37
-28 -11 30 41
6 -36 23 -15
40 34 2 32
-21 -1 7 7
-33 -6 -4 5
-30 11 -12 33
5 17 -24 29
22 -17 4 19
-8 0 -17 39
39 14 15 31
18 -31 -3 25
-28 34 -9 -5
18 -8 -42 42
-5 41 -27 -2
1 -32 17 20
-33 3 27 0
34 -4 15 22
27 -35 -20 43
36 22 32 35
2 22 -3 -2
38 22 9 -22
-13 37 20 24
-35 4 23 24
16 -39 -23 -25
12 34 42 28
30 0 -6 42
0 12 26 19
-5 -39 30 1
-13 19 -14 54
-17 11 7 -3
7 -26 -23 0
-34 23 16 49
-13 -9 41 61
5 13 -26 0
-20 -9 21 61
-33 -10 45 6
-34 -7 -1 49
13 -37 13 39
19 7 42 -3
-23 -6 -5 30
-43 -44 6 13
-28 13 -34 7
29 11 11 -8
-9 17 31 -6
-1 -21 -28 22
13 -4 14 -9
-16 32 -21 -3
35 -23 11 -21
9 -23 6 2
-9 5 -35 42
-34 -36 12 -25
-1 7 -19 -16
-19 -20 -19 31
19 -37 -1 34
-26 19 -13 31
6 15 22 -23
-33 29 -5 39
-10 -27 -16 -6
-28 -18 -11 10
19 33 -19 34
2 -27 -24 -17
2 -8 1 -15
-25 -7 -9 27
6 14 18 36
38 25 -8 -18
-33 -39 -1 -25
27 15 -31 -14
9 9 -37 -6
-28 -32 2 23
33 11 23 28
5 40 29 -17
-29 9 31 9
-38 26 43 39
-20 22 6 28
-27 33 -3 7
-31 -20 4 -19
14 -28 -9 2
-37 25 9 23
5 -10 -33 41
20 -38 -17 -15
35 33 4 -4
3 34 -13 43
-12 -34 -5 -29
-22 -11 11 38
-23 16 -16 13
28 24 23 0
10 -8 -39 10
-5 12 -34 55
-14 28 -24 53
1 -3 17 -2
-21 35 18 27
-44 18 38 48
-11 34 -32 19
10 24 -17 40
7 -5 11 41
1 20 -41 79
-12 -1 -43 12
-2 -10 -18 75
3 35 4 68
18 1 26 39
13 4 -30 69
22 5 -36 38
-2 32 26 53
15 10 -18 18
2 9 -20 17
-41 -30 -22 44
13 19 -30 -6
-29 -32 8 39
20 -20 14 41
-32 -36 26 25
17 19 2 -25
17 -5 31 40
-16 -33 -7 -32
-28 15 -6 -36
0 -13 -20 17
31 22 35 -36
-14 13 -16 16
-34 -27 34 -34
1 0 1 -4
-29 -26 -16 21
1 -5 -1 28
-9 -22 21 -31
2 0 -4 -11
31 0 -2 30
36 -11 -26 -2
-17 9 -8 -29
-30 -40 37 22
27 -6 -20 31
6 -29 -20 27
7 -5 6 -6
22 -10 -4 14
39 4 2 24
4 -16 26 -28
31 -1 -37 11
35 36 -26 -16
-16 -8 -24 -22
-4 -16 38 39
25 15 5 -19
18 -30 13 22
-5 -4 -32 1
11 -27 34 2
12 -33 1 38
32 18 -23 10
-20 20 -39 4
23 -34 -25 38
5 -24 12 -6
11 -7 24 1
-25 0 19 19
-11 -23 9 71
-43 -31 -1 52
19 31 9 4
-36 -15 9 48
27 8 -48 20
-21 -35 0 70
-13 -22 14 7
-44 18 7 19
12 -18 -42 70
-12 -32 25 72
-27 -13 23 67
20 22 -14 7
-10 -35 -30 45
-52 -24 6 69
-37 14 -24 20
-42 20 12 56
-19 1 0 -4
-14 17 10 32
7 -14 27 37
-6 -28 -29 43
-34 13 -18 27
-36 9 -6 11
-39 -31 -25 -8
24 -26 13 22
32 -24 -37 37
-9 24 -2 -31
27 16 -3 -1
-44 13 -22 -22
25 1 30 6
-30 -19 2 19
-12 -22 -42 6
-4 -10 31 31
-3 33 25 -38
25 -34 -15 -17
-26 21 -41 -38
-38 -38 7 30
-27 10 -40 35
-3 -15 -17 -6
-40 -34 35 39
17 -40 -43 17
-15 27 20 -5
-32 38 -31 33
3 -19 36 -9
-29 -35 9 2
30 -34 12 21
33 -4 -28 -16
22 -21 -11 17
27 -31 42 -16
21 36 -4 31
-20 -8 -19 29
-5 -21 33 -30
7 4 31 39
-17 29 -3 -10
23 -23 -8 38
-8 -25 10 11
-38 41 19 -22
24 11 -30 19
0 -27 17 35
-17 -12 29 35
-14 -33 10 36
-32 14 20 41
-2 30 31 30
21 37 -38 33
-15 19 24 9
-16 21 -39 70
11 5 -42 32
-19 -18 3 50
10 0 23 8
5 1 -20 2
-5 -5 0 38
-41 7 -32 39
-37 -33 -6 48
18 16 0 54
0 -1 -46 65
-36 -22 -23 1
-39 8 -46 -18
-42 -13 -18 -8
26 -40 -16 -8
9 32 -23 32
5 -39 -29 38
-12 -27 14 -5
11 -28 -27 19
-11 -11 -27 3
-24 -26 0 -14
16 -29 21 32
7 0 -41 15
-13 -13 -24 33
3 10 -16 -16
-19 31 -39 5
-26 -35 -29 38
-35 28 26 35
-27 34 -16 -19
-36 -39 6 -6
-29 15 -43 40
-38 0 17 38
-10 23 -29 -29
11 10 -2 -16
-37 -25 22 17
-2 27 26 18
-37 5 34 -25
-20 -39 -30 -39
19 35 -19 -11
17 -15 -36 15
-2 -13 -8 0
-35 0 7 -24
7 7 25 31
34 -12 19 -4
21 35 -17 32
-38 27 -7 18
17 -16 -15 43
-5 8 0 22
40 9 7 29
-32 1 1 -28
10 -7 -23 -6
1 15 -19 2
19 10 12 48
-16 -26 -31 31
-30 -21 -41 29
30 -11 22 -3
-1 -14 -36 14
-5 33 -20 35
21 40 -40 25
-49 13 -24 65
16 5 2 65
-24 -31 -40 25
-32 27 24 41
28 -21 -24 0
4 36 -13 14
21 0 -27 71
26 28 -34 18
13 24 28 69
2 0 5 43
5 5 -49 49
1 -43 -24 53
-17 -45 4 -6
23 -5 -3 0
-5 -2 33 51
13 28 -10 -19
21 33 -45 25
-20 -45 -21 -8
-4 25 -23 -34
-14 30 5 -19
34 22 20 6
-31 36 6 -17
-16 -22 5 -18
24 -12 29 -11
18 -25 -27 -34
10 -37 1 25
31 36 -13 21
-2 -34 -39 0
-29 36 16 -15
-26 0 -24 32
-37 22 11 38
1 14 36 13
-23 -35 -34 17
4 -8 -21 10
7 -11 23 -40
0 -19 -16 -26
-29 -41 -24 -16
1 24 9 11
-7 -9 0 34
0 38 25 -33
-19 -25 27 4
-11 -20 -25 -22
11 32 0 -10
-24 -12 36 33
15 -36 25 12
1 -28 -7 -19
-7 4 -30 22
37 -24 11 -8
-28 11 -4 31
-6 -30 22 33
3 -16 27 13
4 9 -7 8
36 -4 20 -2
28 -20 10 -9
-18 -35 27 26
-17 -26 2 20
-32 10 13 20
-10 -23 -32 44
-24 -28 6 63
6 18 -43 19
-16 20 -32 59
-24 17 0 2
-49 -21 8 18
-23 -29 16 -11
-9 -26 16 61
-2 -33 12 40
4 13 12 23
-3 -7 -30 59
15 -24 -21 55
1 34 -39 15
5 -41 -28 51
-15 35 0 9
-15 10 -7 -21
-3 0 -35 32
-15 -27 0 0
-3 -34 28 34
30 26 27 -9
-1 4 -40 19
33 -36 -26 26
4 -11 28 8
-36 26 -38 32
-28 -21 0 15
19 13 -8 28
28 17 -36 37
-27 21 -23 36
27 -21 -13 16
23 37 1 -25
-14 1 25 -10
-14 -28 22 -4
-4 32 -11 32
-8 -40 16 22
-3 -17 15 -17
32 -39 -33 7
-24 36 -36 13
20 -35 16 -40
-6 -39 3 -2
-21 -25 -18 -11
-20 -35 7 17
-28 17 19 2
17 -20 5 23
1 -18 0 -8
21 33 -36 28
3 17 3 4
-9 20 -14 19
-36 14 9 17
25 -15 22 18
-1 -13 13 -8
-20 33 -11 -5
-37 -13 -37 -16
-36 -9 12 -14
-11 -37 -21 -12
-24 -29 -2 -18
9 -30 31 0
-36 -5 1 12
-5 32 -10 34
11 -12 -2 18
-13 27 -19 -17
-33 -10 -2 -1
-42 -1 -39 9
-1 40 6 41
-46 -23 -17 34
-28 29 7 29
7 -16 -16 -2
-17 -26 -38 33
-7 37 16 34
-25 8 -10 24
-44 32 -7 3
1 19 4 -10
18 -24 32 -6
-6 -10 28 7
-39 17 -15 26
29 33 -42 -15
-44 30 -14 22
13 17 20 35
17 11 30 -12
25 12 23 10
-6 -1 34 32
9 25 -4 39
3 -34 -17 -16
0 -23 26 -20
-17 24 -1 30
-13 -10 4 -12
-19 -38 -37 26
-26 -25 -15 37
-6 -28 37 -4
26 -1 -1 19
-8 14 29 28
26 7 13 -30
34 -15 3 35
-11 -13 33 -33
-27 20 0 8
5 -12 -41 -26
37 -39 -35 -35
-31 -26 29 14
-21 39 -13 6
-39 18 1 -17
23 -30 35 26
-33 -23 -1 4
-6 39 -12 -30
-33 26 -4 42
-15 11 21 -3
29 -37 13 -34
3 -27 33 30
30 23 -8 10
31 -9 -37 -7
-38 32 6 -33
-9 -33 27 -8
-23 26 22 43
29 21 -37 31
-14 -27 -15 -3
20 22 24 -23
-6 -20 -16 9
28 39 10 36
30 40 -28 12
4 13 -15 -10
14 -15 8 52
-9 -20 -33 0
8 1 24 39
11 -29 -20 9
-30 -5 19 25
6 -15 -35 48
-18 -7 -14 22
27 -11 -23 7
14 -26 20 -4
-17 1 -47 1
-36 19 -17 22
19 5 -20 45
-7 11 19 21
-11 -31 14 -28
-14 -15 -45 41
-27 -37 -6 -25
14 37 -28 7
-10 -8 23 38
-11 -16 -5 -29
16 -28 -38 -32
16 10 25 11
29 -41 -18 -16
-32 7 18 1
15 -37 26 -14
33 -37 -16 0
-16 15 29 -19
5 7 7 -9
25 -36 16 13
-5 -37 28 2
11 6 -18 4
-17 30 14 40
22 36 7 -1
2 -32 -6 -35
-23 -21 27 36
22 20 -42 30
29 -25 -29 -17
24 0 -2 1
-19 37 -16 -14
28 -26 38 1
-3 29 16 7
10 36 10 -27
-36 -4 -8 3
-35 24 37 38
35 14 22 7
-21 32 1 -23
-15 -7 10 26
19 25 -23 8
21 20 -6 39
-3 -16 -24 19
-24 1 -27 -23
-32 -31 -21 43
-2 0 -8 -22
0 33 21 -10
34 -23 0 28
28 -28 36 -13
11 -34 36 45
3 12 13 -11
-23 17 -33 -1
-7 25 3 48
18 31 -7 11
17 -33 25 25
-33 32 31 51
0 4 -35 -1
-38 -32 -10 -7
-41 -31 0 38
-40 -6 28 16
-9 26 4 42
-41 35 -25 11
-38 34 -34 36
-26 -37 -20 -21
-35 -33 34 27
-13 3 -42 -18
-15 2 10 24
11 0 12 -35
-25 36 -45 22
13 0 35 27
13 -40 16 16
24 -22 19 -1
28 7 -31 -34
-38 18 0 -38
-32 30 -6 8
25 -28 31 -15
-2 -41 37 17
-12 -42 35 -34
6 -41 -40 -29
16 -42 -24 29
-41 -14 -18 27
-22 21 -20 -39
-25 -10 -7 -19
28 -42 -4 -4
-3 -29 -29 11
22 -32 19 26
-33 20 -11 3
-4 37 1 15
35 -35 28 -27
-7 25 -41 -41
9 6 -23 29
-12 25 14 27
-24 24 13 -35
-37 13 -7 -7
-16 -35 27 14
-14 -3 41 8
-16 -11 -13 0
30 19 25 1
-2 41 34 -37
15 30 35 2
-33 -36 6 -8
-33 -16 -4 -28
20 12 -36 46
27 -21 -17 25
31 13 0 35
27 -8 17 34
38 0 22 26
38 -34 16 -13
39 35 18 -21
-30 -3 4 -22
-21 10 -31 -5
-39 0 -38 20
26 30 -2 21
34 25 6 36
7 -2 6 10
-36 -30 29 -18
25 -23 -3 -16
-31 -34 -6 -32
18 -8 -23 -15
3 13 32 -21
12 27 15 31
13 -14 28 -28
-9 -26 -6 -2
-19 -20 -16 -2
7 -36 22 37
-3 -28 -24 -30
-13 19 -25 -18
10 20 17 37
-1 -5 -26 -11
-21 17 -5 39
20 3 -20 -26
-4 -21 -7 -1
20 -30 24 -7
-44 27 -12 30
-43 -7 -9 17
-13 25 -10 -8
-34 21 -36 -16
-8 -18 15 23
-33 -20 -6 38
30 13 -7 18
-40 37 2 13
-42 -31 -39 -31
-41 3 0 -38
-4 22 7 35
-35 -26 -39 30
-7 -30 -31 -42
-40 13 -33 9
-15 -41 23 6
-33 -40 -19 -28
38 -18 -7 8
32 -30 8 -42
15 -31 -29 -38
5 -1 -9 26
-24 21 -27 34
-35 10 22 -27
30 0 19 -37
17 -4 -26 1
-33 -13 10 35
-23 33 -2 29
9 19 0 42
-32 37 -2 -20
16 29 30 -13
-32 26 -19 -36
3 -27 21 8
12 12 -11 1
-22 9 -35 44
24 35 14 -4
-18 -38 31 22
35 -5 -3 -12
-15 9 13 36
30 24 -40 7
-6 -11 -14 -5
14 -5 20 26
-9 -1 13 -26
19 21 10 -37
-33 15 -35 -24
21 -26 -21 -28
8 0 5 -38
12 9 38 22
32 -18 -34 -2
-35 -26 -37 -18
24 -11 27 -5
-6 0 17 -16
34 29 -12 9
2 12 -35 -13
-21 -24 -4 39
-33 -13 -17 18
-34 -25 -5 27
31 4 -32 21
26 -38 37 39
0 16 13 -21
-15 -16 -24 32
6 -22 -31 35
-35 -28 17 -7
-35 -22 18 -37
28 35 11 6
8 27 35 -9
-29 25 -35 -37
-22 32 -28 1
8 -24 0 18
34 28 27 8
14 -9 -22 -32
-14 -6 22 0
-31 -22 2 0
21 20 14 -17
-41 -9 0 8
-41 -37 23 -2
22 4 -9 26
12 8 -34 27
7 -29 26 -35
-16 19 -3 23
15 10 -4 20
12 -29 -20 37
0 -11 30 -15
35 27 17 42
0 -5 -27 -2
19 -13 15 -16
-6 -2 42 -10
3 -33 6 13
32 -13 -28 -4
33 -13 18 -26
39 33 10 0
3 -30 -3 3
-20 -7 -30 -26
22 -39 -9 30
33 26 0 41
16 34 22 0
-7 38 -24 -36
15 37 42 9
0 -25 27 -36
2 -9 23 9
7 14 33 6
18 -15 -8 -12
17 -35 -5 -11
-14 40 27 -21
13 6 -38 -14
-6 -37 -7 -7
-11 19 13 -34
18 -28 -20 -41
-16 -9 -35 38
-21 6 19 27
16 -25 -14 25
21 -32 -4 -42
-29 42 6 -11
19 37 0 16
21 -39 -26 8
23 24 -24 22
22 23 -7 18
-6 22 -25 -25
4 6 -35 7
-39 -24 16 -20
5 -30 -14 -9
27 -9 31 -14
-41 -39 7 -9
-27 2 27 -10
-35 -18 -29 -26
33 -2 18 2
14 -22 -1 36
-6 14 -2 32
20 38 30 -34
0 4 -18 38
-36 -11 -3 26
2 -4 16 1
-3 -4 -29 -40
-18 30 -42 10
24 -16 34 2
18 21 29 0
28 13 -6 16
5 22 -32 -36
-32 13 21 -35
19 -11 6 3
13 12 28 -20
42 28 21 -20
35 -33 41 7
-16 24 -1 -35
33 -15 -13 35
22 -1 15 -6
-37 29 7 15
-29 33 19 41
-9 -10 -37 -2
-32 41 3 3
15 -21 22 38
-3 -14 -2 -25
-20 -6 -38 -28
31 -34 -17 -5
-36 22 0 -7
4 -15 -23 6
11 13 -36 -39
-20 13 -37 -17
38 26 -7 -25
-35 -15 -15 -42
8 -8 -1 4
3 -19 15 -27
-30 21 -7 21
-11 -31 16 0
-32 14 33 15
-26 -22 -21 -33
34 -14 -9 35
21 6 7 15
36 15 5 8
34 -38 -15 36
-31 9 27 -36
41 -6 30 -28
26 -13 -11 -38
-23 -28 2 10
-11 30 36 24
-24 23 9 -29
-24 -37 38 -36
28 19 -29 -37
-10 -15 12 -40
-13 12 -4 0
-26 -43 13 -10
29 -36 33 5
21 35 22 3
-43 -19 -27 0
-33 31 0 -1
-31 -22 17 -4
-29 16 -14 25
13 -20 -24 31
-1 31 -43 -30
-23 6 -20 -18
-23 5 0 29
19 25 33 -28
26 33 1 -38
-13 1 0 18
-6 -35 30 -33
-12 -29 -5 -22
-3 -10 -16 -29
27 32 -14 15
9 20 -23 -34
37 -28 34 37
19 -21 -33 31
10 0 -6 40
-11 38 12 10
31 -5 -28 27
-26 -27 13 -17
0 -27 -23 -33
35 -8 13 -32
-21 -27 39 21
8 1 -31 10
-3 -39 35 -33
11 -22 7 -32
-34 31 6 16
-37 -29 -13 -33
-23 -22 -27 -13
35 -15 -18 -21
-27 31 10 -33
28 -4 -2 -35
18 17 22 -10
18 43 -37 20
-35 36 13 -2
-27 -1 35 -31
-26 35 33 1
37 16 -36 -21
-15 -12 17 -33
30 9 5 33
-17 1 35 12
23 32 12 -6
33 -2 8 -17
-17 -29 4 -22
-6 -2 -11 25
-6 -17 6 -15
-33 0 -3 11
-24 9 -14 15
-5 33 31 -40
11 20 37 17
18 30 4 -2
11 -11 18 -21
-3 -43 -16 -35
2 -32 -4 -16
10 -19 8 -22
-11 17 8 4
-33 -40 15 -26
25 -27 24 9
-34 25 8 10
-15 30 -7 13
29 -4 -14 4
19 1 -22 -14
-12 -28 -28 35
-29 30 -21 -36
-36 -10 32 -27
2 8 0 -15
22 7 22 -23
36 18 -23 -30
-12 29 15 22
32 33 31 -3
26 11 28 32
-39 -23 28 -10
10 -17 -28 30
-23 -16 -19 17
33 6 -6 -31
25 -10 -32 -34
-17 37 -25 26
-12 -7 -21 9
38 6 33 20
0 -33 25 7
-29 -26 33 13
-21 -22 -36 -24
7 15 27 -11
-6 31 2 -8
29 -15 23 -33
-27 13 28 -20
35 21 -16 0
-7 37 27 1
9 -33 -8 -34
-8 -33 -8 -10
-21 7 25 0
45 3 24 33
-10 4 20 -40
44 -21 10 29
20 -3 24 -30
-20 41 7 -39
0 41 -19 3
-6 37 23 -33
0 23 -15 -41
-24 41 30 -7
27 -15 15 -8
12 20 26 30
25 20 -25 4
9 17 16 29
-4 -14 13 19
-32 -33 -26 -10
4 9 -17 -25
12 -24 11 2
30 15 33 -26
17 -36 28 36
37 -11 29 27
-34 -12 -9 -27
-2 -33 6 -19
37 -16 -10 13
13 -15 9 -12
32 -42 -17 -3
-21 -35 9 25
28 1 -35 -1
17 36 33 -43
36 -35 9 -13
-15 6 10 15
34 25 -28 -3
-24 -32 33 8
-8 0 -35 19
34 -37 -25 -28
-3 3 -11 -20
-12 -14 33 -30
-15 -41 3 -1
35 13 -5 -16
-34 -9 14 31
0 -29 28 4
36 16 -8 -14
41 -15 -31 24
17 -4 -12 8
-10 10 16 -14
-33 26 -9 -36
-36 23 12 36
2 -13 18 -12
21 -37 1 -28
-15 -10 2 -6
17 -17 -16 8
40 -24 11 21
-17 36 -32 -30
7 27 -29 -20
4 -3 7 15
32 -29 -7 8
25 12 30 27
-4 33 27 0
-20 -26 -29 -41
-27 32 35 -3
39 -37 -17 -13
6 29 1 -37
37 -32 -23 -40
2 -37 24 20
5 -24 -6 1
-9 -31 3 25
-33 10 -1 17
-31 41 -36 -18
15 -25 -32 9
25 16 26 -28
21 0 -11 -30
-28 12 -4 0
-1 -2 2 -16
-32 -4 -22 -32
-6 -35 -37 24
7 38 -16 -31
-25 0 -10 -4
24 -9 0 0
-29 20 31 -42
3 -16 -9 34
-24 -2 26 -10
27 -24 23 32
3 -18 4 -35
1 31 34 -34
29 -31 20 -16
24 -14 3 -30
-38 9 10 0
-27 -10 -39 -11
26 29 -9 -25
-1 4 14 5
13 22 -42 -25
-33 7 -29 -19
31 11 20 5
33 28 -41 22
-15 -38 20 3
-24 30 36 16
-43 27 2 13
-23 13 36 34
31 8 -41 -5
5 22 32 18
28 -6 34 40
8 38 41 -2
4 -34 0 9
-3 -32 22 27
14 23 24 4
-20 8 7 32
-8 -29 -3 27
-23 31 -17 -31
1 1 12 3
-20 -1 -26 32
17 -8 -24 4
-9 5 -6 -35
-32 1 30 21
38 27 -29 -30
-32 21 2 25
43 14 -25 -24
-5 5 -8 37
7 34 37 7
11 29 19 29
-9 -28 20 -4
-30 42 20 -11
23 42 24 -12
29 -29 5 -23
2 -18 36 -26
-17 -18 31 -26
-18 3 27 -44
16 5 17 -17
-5 -29 36 -39
33 24 33 35
-13 3 33 -23
0 -37 -27 21
7 -23 7 12
21 -11 -23 -41
32 15 -31 -8
-29 -2 14 -11
-1 -35 -41 -28
-9 29 18 -40
33 -39 -24 -13
39 -5 -40 -15
-25 0 -4 -41
35 21 16 19
20 -12 0 3
-19 24 -6 -20
11 18 -5 -32
-13 0 37 3
10 18 38 17
-41 14 -8 5
-27 0 28 -18
-10 -14 -20 16
6 0 -28 -12
-13 -7 28 18
6 21 28 -5
16 21 14 0
36 -34 38 -10
12 -16 -11 27
-41 -20 -23 1
0 28 -4 5
-36 32 28 -5
-12 -6 0 -18
-3 -36 31 27
-24 -22 17 15
-27 30 -2 -33
5 -36 28 28
20 -36 37 -23
19 2 -3 -37
6 -21 -26 -11
13 17 3 33
-18 -35 4 -2
7 22 23 35
7 -10 25 -9
0 7 -37 16
-23 27 -18 -31
29 20 -36 0
30 14 23 -40
32 -35 -26 21
37 18 4 38
36 -15 -15 4
38 -5 -12 -18
-13 -18 -10 29
18 -28 0 33
-2 -30 -16 -22
1 1 -31 34
-13 4 -22 3
-11 20 -29 -19
28 21 32 -40
-4 -26 -30 -9
38 13 -8 12
-27 42 37 -35
0 39 7 -36
22 -2 36 -8
-36 -12 -37 31
-16 -39 0 18
-18 40 26 -28
14 34 9 8
18 -12 -22 13
-4 -36 -37 18
-37 21 27 5
34 14 34 -4
-24 6 19 0
-1 -29 -10 -9
24 -40 -18 -40
-13 23 13 -41
17 26 1 5
27 -19 -8 -24
-21 -17 9 -18
-34 -24 -25 -4
-37 2 -1 -4
21 -5 -31 28
-14 -17 -1 5
31 -26 35 -32
-17 -8 26 -10
39 -32 -37 3
8 -14 -16 -2
-34 -9 20 24
34 30 12 -24
-17 -35 28 7
-7 -30 20 -43
2 15 13 -44
3 22 -2 -8
42 5 -32 -19
-17 12 38 13
-5 15 -13 -27
-15 34 -28 31
-37 -3 -8 -37
-13 14 11 9
-12 -8 15 40
8 9 1 -30
28 -26 -1 22
14 35 22 -27
-34 -7 1 31
34 11 21 -24
-31 22 -25 0
-29 -13 -12 35
23 4 20 -5
15 18 4 -36
42 0 33 36
-12 -25 19 30
-26 -28 -30 26
-33 -18 14 -19
42 28 39 -25
42 35 24 -39
-5 13 -2 -5
30 -12 -11 -24
-4 14 -32 25
-5 16 -17 -10
-1 -11 -31 5
-16 28 19 7
21 5 22 -22
-34 20 -36 0
-1 31 -11 -10
-25 36 -23 -24
-6 21 37 30
15 20 -7 -10
2 21 23 -23
-10 32 28 -6
-30 -14 -39 19
-40 34 -28 -23
4 -8 8 21
36 17 -3 -1
0 17 0 29
-41 -21 16 -3
-3 14 -5 -23
-5 3 23 -40
-15 -30 -38 0
28 -14 2 -40
5 30 -25 -1
-3 31 36 26
18 32 19 -43
-15 13 -42 -30
-33 -23 35 -17
21 21 3 -35
-3 6 -26 -16
-4 5 22 -43
24 34 6 7
9 -13 -2 -35
21 -8 14 -22
-41 -1 0 -16
15 41 -22 -28
-15 -18 16 -8
-22 23 5 35
42 25 28 31
10 -26 -12 -26
10 -12 35 5
13 29 30 37
19 35 4 9
35 -4 -3 25
35 -36 0 -30
-37 25 18 -18
43 30 -12 29
29 10 5 -28
-32 28 21 33
-6 1 -23 24
0 -29 27 34
25 16 29 -41
7 -10 -21 -8
23 -31 -29 -41
-20 43 -22 -1
12 -35 4 -6
-32 -8 -23 -34
18 17 -12 -45
25 8 -27 33
-8 19 -18 -33
40 -34 -39 27
15 -33 14 -26
4 -4 14 -7
-4 19 -3 -19
27 11 -36 -43
28 2 12 0
-31 24 25 2
37 27 30 -32
-31 -4 5 32
3 -30 -13 13
17 0 -41 -9
-6 -12 22 -12
20 -37 -4 -33
34 11 -15 -35
-20 7 10 -21
-19 32 -18 13
-21 -9 13 -7
-24 25 4 19
-1 -13 -2 0
6 38 -29 3
21 -40 33 -20
28 -30 19 37
30 -9 -20 -35
24 -8 17 -3
0 26 34 -26
16 28 -9 -18
7 12 -27 12
-12 -11 10 -1
-28 38 11 -11
-25 -30 -24 -4
-5 29 32 -2
-16 -21 -8 27
-40 33 8 18
-31 -1 5 28
3 -24 10 27
20 33 20 31
39 5 6 18
5 27 -28 38
5 -33 -35 -4
-28 -16 -36 -2
-31 -16 15 -12
43 16 32 2
43 -30 -14 -10
-27 -3 -8 -25
-26 -8 -20 -6
-31 18 1 -38
-21 17 -26 -37
20 -17 16 25
8 -9 24 -4
13 9 7 -26
4 34 -10 -1
-7 -34 -3 25
32 8 30 -17
34 39 -15 25
36 -1 32 -3
15 31 32 27
16 38 -34 6
35 -4 -4 -25
-4 -31 -37 11
20 -11 33 -40
-26 9 3 33
-1 -3 38 -27
36 -38 -38 22
14 -20 -15 -18
12 18 -21 -10
9 -39 24 -31
-5 -4 -25 -18
18 -17 39 -14
3 -17 -8 21
16 -32 -13 27
-2 38 30 12
-20 16 -41 20
-2 37 -6 -13
-15 -6 17 -12
-9 -35 3 30
38 -34 12 -44
23 -7 38 -30
-25 10 22 14
-25 -6 -22 25
34 -18 8 -22
-42 4 12 1
30 -10 -22 -12
9 6 5 12
16 -18 -32 36
-36 -11 4 -13
22 -35 -26 -29
-15 0 -29 -13
-26 -40 -4 0
39 -31 -22 -14
-24 17 4 -13
3 -36 38 -30
22 24 -14 -3
21 -42 -8 -16
28 -36 -35 23
17 -31 -37 31
-9 -17 -35 -23
28 -34 -7 20
33 -22 -30 17
-9 -32 4 10
1 35 -4 27
19 -19 -3 26
0 -12 38 14
-10 18 0 -28
-10 3 18 -34
-7 30 8 -18
15 0 40 -8
-4 36 9 30
-9 -26 -15 -15
7 3 -17 -7
-21 15 36 12
21 5 -17 -10
-15 -17 15 -43
-18 18 -25 -26
25 18 30 -18
-7 -5 26 32
9 1 -28 36
4 24 8 4
29 -19 39 -42
-24 34 18 16
44 -5 -14 -21
0 12 41 -22
-5 21 -30 24
-8 9 -19 5
-27 -2 -25 -26
-27 11 26 -11
30 -21 23 17
18 -17 -40 -38
-16 -25 -40 -33
41 16 19 -37
-35 -16 10 -31
14 37 -27 21
17 -10 -27 -15
-6 -13 -4 24
26 23 -32 -28
1 -8 -15 -11
20 31 -7 -30
22 8 -14 -29
-11 28 34 -36
-15 -17 -9 2
-17 -26 27 -6
20 -3 7 -36
-13 -21 5 -15
-32 -34 -36 -38
37 27 11 12
-19 38 -21 -35
-24 19 -38 2
38 24 28 -41
37 -1 7 35
-37 7 -42 -22
-13 15 -19 -27
-16 31 -39 36
-26 26 39 -11
-11 30 29 -38
-10 -30 -18 24
-37 12 3 30
-12 -36 -33 22
-20 5 34 -39
0 -36 -32 0
-32 -22 8 -11
2 26 17 25
19 10 10 26
40 -25 38 29
5 15 27 -13
40 -38 27 1
18 31 -26 -12
-29 -22 30 -13
20 -12 15 -29
-17 -18 30 -22
-33 -17 -16 3
-18 -27 -29 5
19 18 0 -1
-14 33 39 -21
-16 -12 0 14
1 -15 15 15
45 21 14 12
7 -23 -25 -1
-3 -9 -27 -2
0 -11 37 1
42 34 18 -36
25 32 -11 -37
-5 33 -12 -31
-11 -13 -6 -9
14 18 8 -1
0 14 40 9
31 -30 -3 35
-23 41 4 -41
37 -18 -12 31
22 -30 -29 -19
-3 11 30 -46
-5 31 29 -13
22 20 -35 18
-29 28 1 -44
0 17 -41 -46
32 0 4 -4
-3 23 15 25
16 -6 -1 30
-34 30 35 -15
3 6 -21 12
-13 34 1 -7
-4 -38 -9 -45
21 -18 -22 -18
2 -25 6 -17
15 28 24 -7
-29 33 -6 27
7 3 2 23
-10 -40 -31 -33
-38 -34 2 -5
-8 -8 -3 -7
-23 -29 -22 -7
-13 35 36 -29
25 27 14 0
40 -22 2 -38
18 -34 -3 27
14 5 38 22
44 38 43 -20
-8 -31 4 28
-24 12 -25 -36
16 31 -17 6
1 -7 25 17
-36 -2 18 -26
38 3 26 27
-32 -10 -33 30
20 35 -16 -39
32 35 4 -37
-4 20 -14 12
31 36 31 11
22 -2 -16 4
-12 9 24 -6
26 26 -24 -38
-5 -3 -19 -9
-9 -5 13 -23
24 13 -8 -24
0 -15 -7 -17
33 5 -16 21
15 35 -15 -27
1 -23 -3 12
-9 20 -16 -8
20 -39 -23 11
-3 -24 29 30
33 -23 -32 6
-27 -16 5 18
27 35 -31 -44
-29 -33 40 -24
30 -14 7 2
-12 -38 -1 11
-6 -3 18 14
-20 23 -34 -11
14 25 -15 32
7 5 18 -41
-23 19 14 -3
13 34 29 23
-41 30 -3 -34
-40 29 -14 4
-6 -24 -23 -17
-28 20 12 24
-25 23 -10 18
11 -28 2 27
-37 35 -14 16
-21 9 -9 -23
39 29 13 34
33 26 36 13
-11 -31 -26 32
-23 -41 3 -39
28 -30 -33 -11
5 30 21 12
-25 -5 10 -40
-9 13 -17 7
7 -38 8 27
-8 -29 23 -16
6 8 -13 -30
-9 -21 -25 8
37 -5 -35 30
3 29 -14 35
30 -27 -16 29
-7 -33 33 -5
9 11 42 -7
17 -3 23 14
18 -22 -16 -33
-31 -32 -25 33
-4 -12 25 -26
13 -27 0 8
16 14 26 -29
-6 -38 -30 -40
12 24 -19 -4
-23 -9 -35 33
-10 -35 38 -27
25 0 37 -8
17 12 27 -32
0 13 5 27
-18 -30 -20 -44
-1 25 4 -37
-25 9 30 30
29 22 4 24
10 21 -19 -9
-3 -12 -16 0
-21 32 36 12
28 24 41 -9
18 -6 25 -21
5 -38 -20 -13
27 35 32 34
14 -29 -11 26
21 -5 14 -1
-33 -17 -18 -19
7 -31 -35 -16
6 39 -34 30
-15 20 37 -44
-33 -20 -6 -42
17 -21 -2 5
-33 10 28 21
-31 22 -1 15
-8 10 36 -19
37 28 22 -11
-1 16 -27 19
-32 39 31 -12
-34 30 0 -45
-8 -23 23 31
19 11 18 12
20 -19 -17 -3
37 12 15 -26
29 12 -4 -9
-7 17 13 17
10 27 -22 -18
20 -32 -13 -36
7 2 12 31
29 22 -21 -38
18 28 -33 -8
38 -22 -31 2
27 18 14 8
16 28 -17 -27
32 -21 -22 11
-6 20 20 -29
12 -18 -12 -25
2 30 11 10
38 -34 21 -35
31 -25 21 -24
-24 22 7 33
0 21 1 -37
29 3 25 16
3 22 0 31
20 0 38 -14
-6 32 30 -27
-9 12 4 20
-16 22 29 -19
26 18 -25 -37
-35 -3 -19 35
-30 42 19 -19
1 -8 14 22
32 41 10 -13
-21 -38 -11 -38
-35 42 12 -6
-7 17 -23 24
37 32 -9 -25
-33 -24 28 11
24 -24 21 27
-22 -24 -14 30
23 37 -30 -26
-26 -34 4 -31
3 17 30 -21
42 24 -33 29
25 -4 23 32
-20 42 17 33
16 17 35 8
44 -26 11 25
-8 -28 -18 -37
22 17 -5 -18
-6 40 5 -19
-8 36 20 -34
-21 -30 11 -35
11 24 -39 -33
11 -6 -34 -24
-15 -10 -18 15
15 26 36 -44
28 -2 4 -9
29 -7 13 10
33 30 -24 -14
-4 -22 -1 27
16 23 -31 30
-27 1 -6 -22
-39 -26 -36 -32
-28 6 -7 33
-19 -38 33 13
32 34 16 -39
39 15 -38 7
-29 -9 -40 -2
-39 -18 5 12
-9 38 -38 -9
-42 -40 27 32
-7 0 -16 -35
0 0 0 0
0 0 0 0
0 0 0 0
0 0 0 0
0 0 0 0
0 0 0 0
0 0 0 0
0 0 0 0
0 0 0 0
0 0 0 0
0 0 0 0
0 0 0 0
0 0 0 0
0 0 0 0
0 0 0 0
0 0 0 0
0 0 0 0
0 0 0 0
0 0 0 0
0 0 0 0
0 0 0 0
0 0 0 0
0 0 0 0
0 0 0 0
0 0 0 0
0 0 0 0
0 0 0 0
0 0 0 0
0 0 0 0
0 0 0 0
0 0 0 0
0 0 0 0
0 0 0 0
0 0 0 0
0 0 0 0
0 0 0 0
0 0 0 0
0 0 0 0
0 0 0 0
0 0 0 0
0 0 0 0
0 0 0 0
0 0 0 0
0 0 0 0
0 0 0 0
0 0 0 0
0 0 0 0
0 0 0 0
0 0 0 0
0 0 0 0
0 0 0 0
0 0 0 0
0 0 0 0
0 0 0 0
0 0 0 0
0 0 0 0
0 0 0 0
0 0 0 0
0 0 0 0
0 0 0 0
0 0 0 0
0 0 0 0
0 0 0 0
0 0 0 0
0 0 0 0
0 0 0 0
0 0 0 0
0 0 0 0
0 0 0 0
0 0 0 0
0 0 0 0
0 0 0 0
0 0 0 0
0 0 0 0
0 0 0 0
0 0 0 0
0 0 0 0
0 0 0 0
0 0 0 0
0 0 0 0
0 0 0 0
0 0 0 0
0 0 0 0
0 0 0 0
0 0 0 0
0 0 0 0
0 0 0 0
0 0 0 0
0 0 0 0
0 0 0 0
0 0 0 0
0 0 0 0
0 0 0 0
0 0 0 0
0 0 0 0
0 0 0 0
0 0 0 0
0 0 0 0
0 0 0 0
0 0 0 0
0 0 0 0
0 0 0 0
0 0 0 0
0 0 0 0
0 0 0 0
0 0 0 0
0 0 0 0
0 0 0 0
0 0 0 0
0 0 0 0
0 0 0 0
0 0 0 0
0 0 0 0
0 0 0 0
0 0 0 0
0 0 0 0
0 0 0 0
0 0 0 0
0 0 0 0
0 0 0 0
0 0 0 0
0 0 0 0
0 0 0 0
0 0 0 0
0 0 0 0
0 0 0 0
0 0 0 0
0 0 0 0
0 0 0 0
0 0 0 0
0 0 0 0
0 0 0 0
0 0 0 0
0 0 0 0
0 0 0 0
0 0 0 0
0 0 0 0
0 0 0 0
0 0 0 0
0 0 0 0
0 0 0 0
0 0 0 0
0 0 0 0
0 0 0 0
0 0 0 0
0 0 0 0
0 0 0 0
0 0 0 0
0 0 0 0
0 0 0 0
0 0 0 0
0 0 0 0
0 0 0 0
0 0 0 0
0 0 0 0
0 0 0 0
0 0 0 0
0 0 0 0
0 0 0 0
0 0 0 0
0 0 0 0
0 0 0 0
0 0 0 0
0 0 0 0
0 0 0 0
0 0 0 0
0 0 0 0
0 0 0 0
0 0 0 0
0 0 0 0
0 0 0 0
0 0 0 0
0 0 0 0
0 0 0 0
0 0 0 0
0 0 0 0
0 0 0 0
0 0 0 0
0 0 0 0
0 0 0 0
0 0 0 0
0 0 0 0
0 0 0 0
0 0 0 0
0 0 0 0
0 0 0 0
0 0 0 0
0 0 0 0
0 0 0 0
0 0 0 0
0 0 0 0
0 0 0 0
0 0 0 0
0 0 0 0
0 0 0 0
0 0 0 0
0 0 0 0
0 0 0 0
0 0 0 0
0 0 0 0
0 0 0 0
0 0 0 0
0 0 0 0
0 0 0 0
0 0 0 0
0 0 0 0
0 0 0 0
0 0 0 0
0 0 0 0
0 0 0 0
0 0 0 0
0 0 0 0
0 0 0 0
0 0 0 0
0 0 0 0
0 0 0 0
0 0 0 0
0 0 0 0
0 0 0 0
0 0 0 0
0 0 0 0
0 0 0 0
0 0 0 0
0 0 0 0
0 0 0 0
0 0 0 0
0 0 0 0
0 0 0 0
0 0 0 0
0 0 0 0
0 0 0 0
0 0 0 0
0 0 0 0
0 0 0 0
0 0 0 0
0 0 0 0
0 0 0 0
0 0 0 0
0 0 0 0
0 0 0 0
0 0 0 0
0 0 0 0
0 0 0 0
0 0 0 0
0 0 0 0
0 0 0 0
0 0 0 0
0 0 0 0
0 0 0 0
0 0 0 0
0 0 0 0
0 0 0 0
0 0 0 0
0 0 0 0
0 0 0 0
0 0 0 0
0 0 0 0
0 0 0 0
0 0 0 0
0 0 0 0
0 0 0 0
0 0 0 0
0 0 0 0
0 0 0 0
0 0 0 0
0 0 0 0
0 0 0 0
0 0 0 0
0 0 0 0
0 0 0 0
0 0 0 0
0 0 0 0
0 0 0 0
0 0 0 0
0 0 0 0
0 0 0 0
0 0 0 0
0 0 0 0
0 0 0 0
0 0 0 0
0 0 0 0
0 0 0 0
0 0 0 0
0 0 0 0
0 0 0 0
0 0 0 0
0 0 0 0
0 0 0 0
0 0 0 0
0 0 0 0
0 0 0 0
0 0 0 0
0 0 0 0
0 0 0 0
0 0 0 0
0 0 0 0
0 0 0 0
0 0 0 0
0 0 0 0
0 0 0 0
0 0 0 0
0 0 0 0
0 0 0 0
0 0 0 0
0 0 0 0
0 0 0 0
0 0 0 0
0 0 0 0
0 0 0 0
0 0 0 0
0 0 0 0
0 0 0 0
0 0 0 0
0 0 0 0
0 0 0 0
0 0 0 0
0 0 0 0
0 0 0 0
0 0 0 0
0 0 0 0
0 0 0 0
0 0 0 0
0 0 0 0
0 0 0 0
0 0 0 0
0 0 0 0
0 0 0 0
0 0 0 0
0 0 0 0
0 0 0 0
0 0 0 0
0 0 0 0
0 0 0 0
0 0 0 0
0 0 0 0
0 0 0 0
0 0 0 0
0 0 0 0
0 0 0 0
0 0 0 0
0 0 0 0
0 0 0 0
0 0 0 0
0 0 0 0
0 0 0 0
0 0 0 0
0 0 0 0
0 0 0 0
0 0 0 0
0 0 0 0
0 0 0 0
0 0 0 0
0 0 0 0
0 0 0 0
0 0 0 0
0 0 0 0
0 0 0 0
0 0 0 0
0 0 0 0
0 0 0 0
0 0 0 0
0 0 0 0
0 0 0 0
0 0 0 0
0 0 0 0
0 0 0 0
0 0 0 0
0 0 0 0
0 0 0 0
0 0 0 0
0 0 0 0
0 0 0 0
0 0 0 0
0 0 0 0
0 0 0 0
0 0 0 0
0 0 0 0
0 0 0 0
0 0 0 0
0 0 0 0
0 0 0 0
0 0 0 0
0 0 0 0
0 0 0 0
0 0 0 0
0 0 0 0
0 0 0 0
0 0 0 0
0 0 0 0
0 0 0 0
0 0 0 0
0 0 0 0
0 0 0 0
0 0 0 0
0 0 0 0
0 0 0 0
0 0 0 0
0 0 0 0
0 0 0 0
0 0 0 0
0 0 0 0
0 0 0 0
0 0 0 0
0 0 0 0
0 0 0 0
0 0 0 0
0 0 0 0
0 0 0 0
0 0 0 0
0 0 0 0
0 0 0 0
0 0 0 0
0 0 0 0
0 0 0 0
0 0 0 0
0 0 0 0
0 0 0 0
0 0 0 0
0 0 0 0
0 0 0 0
0 0 0 0
0 0 0 0
0 0 0 0
0 0 0 0
0 0 0 0
0 0 0 0
0 0 0 0
0 0 0 0
0 0 0 0
0 0 0 0
0 0 0 0
0 0 0 0
0 0 0 0
0 0 0 0
0 0 0 0
0 0 0 0
0 0 0 0
0 0 0 0
0 0 0 0
0 0 0 0
0 0 0 0
0 0 0 0
0 0 0 0
0 0 0 0
0 0 0 0
0 0 0 0
0 0 0 0
0 0 0 0
0 0 0 0
0 0 0 0
0 0 0 0
0 0 0 0
0 0 0 0
0 0 0 0
0 0 0 0
0 0 0 0
0 0 0 0
0 0 0 0
0 0 0 0
0 0 0 0
0 0 0 0
0 0 0 0
0 0 0 0
0 0 0 0
0 0 0 0
0 0 0 0
0 0 0 0
0 0 0 0
0 0 0 0
0 0 0 0
0 0 0 0
0 0 0 0
0 0 0 0
0 0 0 0
0 0 0 0
0 0 0 0
0 0 0 0
0 0 0 0
0 0 0 0
0 0 0 0
0 0 0 0
0 0 0 0
0 0 0 0
0 0 0 0
0 0 0 0
0 0 0 0
0 0 0 0
0 0 0 0
0 0 0 0
0 0 0 0
0 0 0 0
0 0 0 0
0 0 0 0
0 0 0 0
0 0 0 0
0 0 0 0
0 0 0 0
0 0 0 0
0 0 0 0
0 0 0 0
0 0 0 0
0 0 0 0
0 0 0 0
0 0 0 0
0 0 0 0
0 0 0 0
0 0 0 0
0 0 0 0
0 0 0 0
0 0 0 0
0 0 0 0
0 0 0 0
0 0 0 0
0 0 0 0
0 0 0 0
0 0 0 0
0 0 0 0
0 0 0 0
0 0 0 0
0 0 0 0
0 0 0 0
0 0 0 0
0 0 0 0
0 0 0 0
0 0 0 0
0 0 0 0
0 0 0 0
0 0 0 0
0 0 0 0
0 0 0 0
0 0 0 0
0 0 0 0
0 0 0 0
0 0 0 0
0 0 0 0
0 0 0 0
0 0 0 0
0 0 0 0
0 0 0 0
0 0 0 0
0 0 0 0
0 0 0 0
0 0 0 0
0 0 0 0
0 0 0 0
0 0 0 0
0 0 0 0
0 0 0 0
0 0 0 0
0 0 0 0
0 0 0 0
0 0 0 0
0 0 0 0
0 0 0 0
0 0 0 0
0 0 0 0
0 0 0 0
0 0 0 0
0 0 0 0
0 0 0 0
0 0 0 0
0 0 0 0
0 0 0 0
0 0 0 0
0 0 0 0
0 0 0 0
0 0 0 0
0 0 0 0
0 0 0 0
0 0 0 0
0 0 0 0
0 0 0 0
0 0 0 0
0 0 0 0
0 0 0 0
0 0 0 0
0 0 0 0
0 0 0 0
0 0 0 0
0 0 0 0
0 0 0 0
0 0 0 0
0 0 0 0
0 0 0 0
0 0 0 0
0 0 0 0
0 0 0 0
0 0 0 0
0 0 0 0
0 0 0 0
0 0 0 0
0 0 0 0
0 0 0 0
0 0 0 0
0 0 0 0
0 0 0 0
0 0 0 0
0 0 0 0
0 0 0 0
0 0 0 0
0 0 0 0
0 0 0 0
0 0 0 0
0 0 0 0
0 0 0 0
0 0 0 0
0 0 0 0
0 0 0 0
0 0 0 0
0 0 0 0
0 0 0 0
0 0 0 0
0 0 0 0
0 0 0 0
0 0 0 0
