42 -3 -38 12
15 21 30 -20
-22 -41 18 -7
-6 -36 37 -18
-39 15 -6 -19
-1 25 38 -33
-9 -8 31 -24
-10 -9 1 -1
29 -42 -39 -14
-17 -3 -35 -14
6 38 -18 -35
-11 -30 -25 9
13 24 32 -14
-28 -4 -41 35
-8 -23 0 -18
7 38 -26 -34
-12 16 30 33
36 37 -6 -20
9 -40 -28 -17
-20 14 -16 -25
17 9 -29 -23
-39 -8 -36 -9
14 7 18 -20
17 29 3 -20
3 -18 23 29
14 -23 13 19
-21 -22 27 40
6 -42 20 37
2 35 -33 29
-13 7 -28 -40
32 -4 -10 15
-31 -21 -37 -2
0 5 -9 28
-19 -26 5 -20
-5 16 -34 -38
-17 9 -27 -24
20 14 -12 6
-28 10 -37 -40
-23 -30 3 -26
11 16 -31 9
17 -42 8 -19
-24 27 26 24
19 -41 30 24
-19 -9 26 -38
37 10 40 -11
-22 9 29 13
30 -40 17 -2
22 -14 15 -30
-39 8 -16 5
33 31 10 16
9 -20 -6 -39
-24 28 -40 -8
22 -32 -19 38
-8 -20 31 -18
-38 31 -17 27
21 -6 -3 -32
-4 9 4 -12
-13 26 17 -14
15 -26 17 -13
9 20 -18 8
0 -22 -6 31
-7 -41 16 24
22 15 7 42
-30 -27 -10 28
-13 -40 13 13
-1 -30 -13 10
29 -7 24 -19
-21 18 26 8
36 -25 -5 14
-21 -39 12 29
31 -20 38 14
-4 6 -38 -17
27 -17 19 33
-28 -32 -27 0
-9 33 5 -33
33 -11 26 -18
-20 -14 25 -8
10 -12 32 0
10 -26 9 7
0 -3 -3 -22
-28 30 -1 -18
-31 26 -26 6
-3 0 -14 19
-35 28 -27 -12
-32 -13 -21 -17
13 7 -42 20
26 33 -16 -28
-24 -26 39 33
24 0 -29 -15
-18 -26 26 -34
38 35 -4 -2
-2 -30 6 -27
-13 3 -18 41
-26 -39 28 19
-29 -2 -11 -39
10 -16 26 5
22 -33 -21 5
2 -33 7 30
7 -30 -12 -34
-34 -13 -1 -22
16 6 16 1
38 -27 -35 4
-1 32 28 -20
-40 29 -33 31
-34 -14 -5 -5
-5 -36 -37 7
10 -4 -34 -17
-40 10 -20 -24
-40 8 21 -29
-5 29 2 19
9 26 34 -40
20 31 38 30
-22 -23 -2 -24
-28 19 -21 37
-33 8 13 40
-38 14 37 34
-2 -17 11 -38
24 35 -23 -25
-22 26 18 23
-30 -31 -17 -17
-31 27 36 7
38 14 25 36
2 -37 14 32
19 -32 14 -7
37 -25 -34 40
37 -12 15 28
-36 -13 28 3
30 27 8 4
16 25 -18 -16
12 30 -8 10
12 -27 28 21
35 20 13 11
-9 31 4 -6
-14 -37 29 -29
1 -4 -40 -5
-4 -32 29 -33
0 23 -3 37
17 -42 37 20
-28 30 -2 22
-8 -18 0 2
35 -42 0 15
9 -8 -22 -28
16 -16 -30 34
37 -5 -13 -32
-28 1 -22 18
38 -25 31 12
-20 -3 21 28
-11 -32 38 -14
-3 28 24 9
-23 9 27 24
-28 -8 -10 -38
-31 11 -33 15
-39 29 8 0
-19 -27 11 39
22 7 4 3
25 -34 0 12
17 -33 -28 -3
-29 23 -32 -4
-36 35 7 35
-7 -7 9 19
36 24 -27 -16
13 -18 18 -19
-10 16 0 -28
-10 -25 15 25
-18 25 27 33
-10 -14 37 -39
-25 25 7 5
12 -18 -11 37
-39 -10 37 -39
2 23 -10 28
13 13 -38 12
-41 -4 -36 -14
0 28 -12 -4
-40 -19 -3 -20
12 -10 10 29
0 21 -10 -37
37 -15 -34 29
-19 4 5 -4
-36 -21 20 -18
35 22 5 -27
38 14 9 0
4 40 -41 -6
29 -8 -27 12
12 36 -22 -29
17 3 -4 13
24 19 1 20
26 -4 -33 12
29 -18 -30 14
-2 31 -2 -4
0 3 -21 21
-6 3 35 -36
-15 1 -1 -34
-35 -32 32 -19
42 -20 32 -24
-34 -42 -18 15
-15 -28 19 -3
13 -22 15 16
24 -8 25 7
1 -33 12 6
16 20 -5 -5
-30 -16 28 -9
-23 -20 -42 -39
-16 10 0 0
-24 -40 -40 -26
9 30 14 -39
0 39 35 36
-21 -5 7 -10
-15 18 -11 -3
39 19 -26 -37
39 14 -11 -19
-15 35 -19 9
10 -12 -26 -6
5 -7 -27 9
-16 7 -4 3
-23 13 -40 -26
24 -38 4 -2
4 18 23 34
6 -6 -40 -21
21 14 21 2
31 -33 -8 5
35 -36 -9 5
-27 37 -37 -20
-10 -7 32 2
-1 -13 -14 31
-35 -14 33 -13
-1 -9 -16 32
-20 20 9 -16
-28 5 -32 -19
-33 -41 0 -12
-12 -24 -27 -38
-37 32 -26 25
16 38 38 22
-36 -21 -12 30
28 33 32 9
33 -30 -36 39
6 37 32 -37
0 14 -6 35
-13 16 27 32
34 -33 -14 -14
2 4 -24 28
-8 33 21 -22
42 36 36 35
-20 -4 33 34
1 -18 2 24
-11 -19 -32 34
16 -21 0 -10
36 0 39 26
-37 -41 19 34
2 31 13 -15
0 18 2 -16
-20 35 -42 -14
35 29 17 -12
-6 -17 17 -23
-31 -40 36 -18
9 -9 27 36
38 -10 12 -21
-22 7 -14 -14
-37 -27 -1 15
-3 -29 -7 29
23 23 19 20
31 -39 31 -22
-27 -4 3 16
0 -4 8 10
11 -24 31 -33
22 9 9 12
0 -18 24 -34
35 9 39 18
-29 -42 15 41
0 19 9 23
33 26 -14 -6
2 34 -34 0
36 24 -17 -6
31 -12 -4 3
-21 -20 35 20
25 -21 2 27
5 -1 0 -29
22 -25 4 -2
4 13 24 -26
32 20 -38 22
-23 3 21 -16
-33 11 -6 -14
-21 25 -17 11
35 23 20 0
-33 -25 -24 32
-18 -1 -38 -12
-2 7 11 2
0 34 23 -21
8 -21 38 15
-4 26 -30 -30
-13 36 30 -1
30 -9 -11 29
-37 27 40 -26
-25 20 40 35
-34 -15 8 14
-36 -35 23 -39
29 9 -8 -23
0 -38 -40 -10
18 40 34 31
35 -35 -7 -11
18 13 25 34
12 3 34 38
-36 27 -17 17
33 23 -8 35
-28 18 -38 -9
6 -33 6 8
40 2 18 -29
26 8 -18 12
30 14 12 -34
9 28 24 7
-20 7 -8 0
13 -17 8 -28
35 -3 21 -34
-8 -8 15 -11
24 -21 -23 8
-3 -36 -28 -15
-38 -20 32 19
-40 0 -31 -28
40 -34 1 27
-2 2 -38 34
-3 18 -31 23
-2 37 8 -4
25 0 -18 -25
13 -32 24 19
18 24 6 22
-3 -20 20 10
-13 -12 -30 -35
1 25 40 -14
-29 38 18 4
31 -5 -19 -39
27 8 -26 -8
17 12 27 17
40 30 -25 -27
-12 -40 4 15
20 33 6 25
4 -14 33 31
25 -38 -10 0
-34 -30 -14 16
36 30 -23 39
21 -2 -6 32
-3 0 9 4
29 33 0 13
-35 -1 36 39
6 7 -39 13
16 22 31 -31
19 -13 26 8
0 -28 8 -38
-17 -34 -10 31
-31 7 3 -21
28 28 -16 15
29 12 21 0
23 31 40 -29
-5 -34 -6 -22
2 -35 36 12
25 -19 14 30
-20 -19 -35 -20
-16 -15 0 11
-26 -9 14 23
6 -4 31 10
26 -33 30 18
-18 -35 -29 5
19 -3 -35 5
0 2 24 -1
29 17 12 38
41 11 0 18
-14 -11 0 -7
35 -26 32 16
-12 -39 0 1
-9 -5 26 -31
40 -1 -4 -15
-15 -21 -16 -29
1 -9 -23 -21
-4 14 17 25
-26 36 -23 0
36 -3 15 -23
17 -33 -20 26
-32 4 -31 21
-28 -14 24 -27
-22 6 9 42
28 -27 8 3
-23 11 27 33
3 -40 7 -8
9 21 -18 -11
-13 36 6 37
-20 36 -13 -5
-17 13 6 34
9 -30 10 -11
-8 31 17 31
-9 -32 -20 33
27 -6 -35 -18
-26 -10 -5 6
-36 22 -32 35
34 -32 -26 -36
-28 -13 29 -2
10 31 12 -28
-10 16 26 -13
40 -14 -29 11
14 11 -25 -5
-38 -14 -24 -4
13 -16 -13 -33
21 16 -28 27
0 -14 -15 -37
7 -31 -36 -8
-17 14 31 -29
16 9 -22 -1
-31 40 -28 26
-31 -9 11 31
38 20 37 4
0 -13 -7 -34
-32 35 1 -8
-30 -11 -37 -38
0 35 -9 -23
-36 -31 -4 -13
37 16 -16 -23
-33 -6 -7 39
28 -10 39 -35
-8 -35 27 16
-38 -35 6 -22
-21 25 31 10
-36 -21 29 10
21 -8 -33 -24
-2 -7 -37 19
0 23 20 -33
-3 -12 20 42
41 4 -14 -2
-35 15 -18 39
36 -39 -20 28
42 -15 -23 -15
-5 -19 23 -31
13 11 20 44
-2 27 -23 -4
12 20 -7 -20
20 25 -3 0
-28 18 -33 22
35 -37 -41 -35
-7 19 -35 -10
31 32 -31 -16
-32 13 -2 21
4 35 -12 36
17 28 -28 38
-30 -13 37 -37
-6 39 28 30
37 -40 -30 24
-17 -34 -37 -19
-15 3 -25 25
-30 -1 1 4
-27 -20 22 24
-28 15 33 6
-31 27 -14 1
-21 11 -14 0
27 3 -29 34
5 15 35 26
0 3 18 1
34 6 -18 14
19 39 8 -1
38 23 -39 20
-21 25 0 -18
-40 20 -25 39
20 0 18 39
15 1 -26 -26
-8 39 -28 30
-31 18 16 -9
14 -23 -27 9
-6 33 40 0
-12 -31 -27 12
-27 -25 -40 -8
-24 -35 -33 -19
1 8 12 -2
-29 5 -21 18
-8 1 -38 16
-24 -20 37 24
-25 37 -30 1
14 -23 8 9
-11 -16 -25 43
-34 -6 -16 -15
16 12 12 -8
-22 -34 -12 24
33 -6 7 0
-35 -23 -10 24
-35 -25 -29 -18
6 -14 -38 -12
20 -25 6 36
-25 12 9 -32
35 -34 8 -28
36 4 15 4
7 28 29 16
-15 -35 -3 18
17 -28 3 -12
-27 -9 -31 24
4 25 -23 31
19 -6 -39 9
-36 0 24 44
27 9 5 11
-13 12 1 18
-37 27 -21 -9
1 6 8 -11
-3 -38 -24 41
-5 7 -41 -6
30 -1 -27 31
12 21 -5 -4
15 18 2 -37
14 -19 -11 32
24 30 -34 24
-8 -30 -33 30
24 -27 35 29
7 -17 -2 33
21 -4 19 -12
-10 4 -13 -37
29 35 -33 -28
2 7 -21 22
-37 20 31 -26
16 -24 -38 39
18 -19 -7 -16
-17 13 31 22
-37 -5 -35 -21
22 -8 22 6
-14 -39 17 -37
-26 -23 7 -31
6 3 -10 -23
20 31 18 20
-30 -14 -37 10
-27 -26 -34 18
-7 11 -24 -18
6 9 12 -1
-36 -9 -7 -38
35 -39 -36 -10
39 31 -20 39
29 -5 33 -12
-29 -40 17 -30
-16 -40 14 -17
-14 -24 -2 23
-28 -17 -15 30
30 -6 -18 31
21 -38 8 25
-38 21 -7 6
42 38 24 -1
-13 14 -24 27
15 -2 -1 32
-35 -36 -8 27
-11 -33 24 -22
-36 24 13 40
37 32 26 28
-21 10 -16 17
-32 -40 30 -10
-15 9 -38 -25
-32 4 -2 25
32 33 35 19
21 33 -39 1
32 27 -26 28
-2 18 10 -19
42 -21 -34 20
38 5 37 5
-11 8 -13 34
-36 -6 5 -19
9 -21 -37 -12
-41 23 29 8
-24 31 -25 -29
0 -14 4 3
-33 -5 33 -13
4 -7 16 38
34 18 13 -26
39 -35 35 -28
21 28 -13 -23
8 -4 -26 1
17 -20 -23 34
0 1 -36 3
-29 0 -25 20
18 28 -32 27
-33 -2 -27 33
15 -3 -37 -30
22 19 -13 -24
-17 -4 13 -8
30 -8 5 10
24 -41 -15 4
28 -24 38 21
19 17 41 -39
-41 -5 -32 -35
2 16 18 -22
32 -11 12 -21
-14 -22 26 20
-23 -19 -7 -29
36 -29 -25 0
-21 2 -5 18
-8 -9 -10 31
-35 37 -23 -13
40 -24 10 -14
-18 16 -16 -10
37 18 14 -24
5 13 -10 -40
19 -33 14 -20
-13 -36 -34 -38
27 36 26 7
-10 -27 -4 -31
21 -28 -29 20
35 -7 5 -19
20 39 20 -29
8 1 38 -19
32 4 -1 -4
-30 -35 -19 10
-30 -4 13 -30
22 14 -8 32
6 12 -20 17
26 13 22 43
-23 36 -17 4
22 32 9 -34
42 34 -37 41
8 -4 -11 25
-23 -18 -32 -17
30 -18 13 27
-5 14 -24 -19
-7 13 23 43
-23 22 16 19
21 33 38 22
21 0 -17 -10
19 -24 0 35
19 37 15 -11
-3 30 10 6
-37 1 25 -26
-19 -36 -20 12
0 -5 26 -38
2 -3 8 -5
-15 -37 -19 33
-19 22 -37 28
-24 31 -32 -22
-36 -25 0 -14
39 -6 5 -29
-2 -39 10 -34
33 31 11 27
2 22 27 33
18 -3 -2 -14
10 -22 38 -14
17 36 8 2
38 -16 -29 38
33 -3 -38 -6
-5 3 2 -1
13 17 26 -30
33 22 -26 10
8 8 6 -10
-22 4 -29 -18
-27 38 12 30
-18 19 14 33
-14 31 35 12
-37 -34 10 7
-39 28 25 -21
-7 -39 15 7
14 30 7 -14
11 -6 -35 -33
38 -26 37 -29
35 30 -32 40
3 -1 4 -34
13 -4 -22 -6
-18 -1 -34 2
-12 -28 5 39
-1 -23 -38 13
23 -27 -23 36
40 -23 11 17
-18 26 -19 -16
26 21 27 13
34 -1 5 -20
41 31 -31 -16
12 -13 14 -28
2 -13 2 -2
-6 -31 31 -17
34 -4 28 19
-27 35 24 19
-19 -4 -29 -26
-32 -12 3 -7
13 -23 11 26
23 -38 -35 24
-18 -24 -40 -26
5 22 4 29
-8 -7 35 -21
-28 -33 29 30
31 -20 15 -17
-23 -36 -9 26
25 6 -4 -29
-40 12 13 38
-23 16 -10 -34
38 -5 -33 -38
9 28 34 6
32 -19 41 16
12 -42 11 19
39 -11 10 -37
17 4 31 34
-8 18 5 21
18 34 17 7
-23 -28 -37 3
17 26 -5 38
15 19 22 -19
-32 -2 -29 26
-21 34 -12 -2
-35 1 -32 -33
12 -18 32 -8
-33 -2 -10 -19
24 -37 5 -17
1 29 9 -11
15 -34 -18 37
-40 -29 16 -12
-27 3 -33 -35
-41 18 41 25
-9 -4 28 -40
-24 19 32 -26
-28 33 -30 6
5 -26 24 20
1 -24 32 -19
6 0 -11 9
26 25 35 -4
24 26 1 29
31 -29 -36 -3
13 2 -31 -34
-4 -30 -4 43
-1 27 11 28
12 -32 0 -11
-33 39 -39 31
12 -15 0 -1
25 -2 -10 -6
-14 5 -20 -13
3 31 0 31
-4 11 16 18
14 -12 11 -10
38 29 9 -14
-7 1 17 -19
8 -30 9 -33
13 31 -5 -31
37 -2 -34 44
11 38 1 -2
-37 -39 -17 35
19 -31 -40 34
39 -41 8 1
32 -34 -23 -12
-38 -19 9 -29
-22 -22 29 -24
9 4 -25 8
4 -4 -27 40
8 16 -2 25
32 -31 -32 -18
19 -31 -1 17
21 -5 -26 35
-34 9 10 -20
28 15 -33 9
-31 27 -13 21
-12 9 -40 0
-38 11 7 35
20 36 -6 -5
14 -39 -39 37
-21 -39 15 19
39 -20 -13 -28
11 -39 -28 -18
-16 -34 1 20
-25 -36 37 -7
30 -36 5 -10
17 12 -1 -11
9 27 15 40
33 -20 -9 30
30 22 5 0
15 27 3 -21
-23 29 32 -5
18 -16 -15 -32
32 0 0 -11
26 28 0 -41
1 -1 -25 6
-11 13 -23 -14
38 27 13 -34
-32 -40 -21 -39
4 -20 -8 -21
28 -13 30 21
-28 22 23 -6
-6 26 3 38
31 11 -18 5
16 16 -14 -7
12 1 18 -5
29 4 -21 39
-27 5 30 7
42 -16 19 -11
-36 -38 12 0
27 30 20 -4
31 -30 -30 -15
-29 -39 7 -4
-13 -5 -6 -29
-35 -21 19 23
-24 -18 26 -18
40 -2 -37 -19
34 -4 11 -18
-7 -18 -15 23
29 -37 -7 -27
2 -30 -18 3
-1 -18 33 21
0 18 -18 -22
-29 -10 20 -36
25 31 -22 -35
3 -19 34 26
23 -31 -26 27
-10 22 -42 28
-4 10 18 15
4 2 36 40
-3 -34 4 -22
5 -42 -10 3
-41 13 3 11
31 -30 10 -2
23 30 25 20
-31 6 14 1
-35 -41 -35 24
27 15 24 27
1 5 21 -41
-26 -28 -21 35
8 3 -3 36
34 -13 -25 -34
37 -5 -31 -38
-1 -30 42 -23
39 8 -16 33
-2 27 -23 8
31 -29 30 1
16 16 -18 -32
0 1 24 -32
-17 14 -25 -24
10 13 37 30
24 26 23 12
36 36 -32 -4
-40 10 -39 1
6 2 40 -1
-34 9 -1 -24
-35 20 -9 38
-20 -9 1 -41
-35 1 -38 28
-19 -20 32 4
34 24 23 26
-16 -9 -26 34
-7 20 16 6
-5 -9 -4 -14
-12 23 -35 -36
0 -23 -2 17
36 40 -10 -30
-39 2 0 40
38 -35 -30 0
-17 13 -24 21
-3 37 4 -30
-10 1 27 13
-7 -19 -6 37
25 -38 28 30
6 15 -40 -28
22 24 17 1
7 18 -1 31
-16 -2 27 -17
28 -24 13 -20
37 -23 3 17
-20 20 20 -7
-32 24 -3 20
5 1 27 -10
-26 18 -9 -9
-37 -31 2 -35
5 29 -23 8
-28 -22 -2 21
12 15 15 13
-35 -27 12 17
34 0 36 21
-10 -20 3 -18
39 -1 -31 18
-33 15 18 38
29 -10 -4 10
8 3 36 4
-10 -38 -9 39
0 -8 -24 -1
-37 -36 -38 36
3 3 33 20
-15 19 19 17
28 -31 13 0
-6 -6 -14 30
20 9 -27 -14
40 32 -32 -3
-20 -32 -29 31
-35 -8 -8 -23
-27 -40 25 -24
-27 25 5 24
-9 23 20 33
-33 13 -33 -34
-37 9 29 -16
15 18 10 -11
-33 -32 39 13
-17 22 -13 9
-23 7 39 29
-14 1 9 13
4 -38 -27 19
-12 3 37 -24
-7 19 8 8
-27 38 -32 20
31 8 -12 -40
4 38 23 -20
42 7 -25 -21
-11 -31 -36 39
37 25 32 9
27 37 18 34
4 15 35 40
25 28 31 -13
40 -25 4 5
37 24 11 -2
40 5 19 -34
1 -6 10 -29
-20 14 -28 39
-20 25 20 -18
-4 -26 -36 -35
4 -3 6 30
42 19 34 0
19 25 3 9
-14 11 -28 6
35 27 29 -1
0 -19 -9 -23
-23 -22 -5 5
39 -15 30 -10
2 -36 -9 19
-22 15 31 19
-36 -6 0 -12
-13 -16 -10 42
24 -20 -29 10
0 -25 -12 -39
-41 32 -29 -22
28 -30 -33 -18
8 3 0 -34
-18 -15 -2 3
-33 -29 -23 -41
-25 -42 -25 19
10 19 9 7
38 -27 1 8
0 37 13 -10
10 9 -29 39
29 -27 -21 8
18 -41 23 0
18 -25 28 -10
-21 21 11 -25
37 -8 0 -3
-1 31 -39 -30
28 -39 21 -37
-25 31 26 -6
11 6 40 -21
-12 16 26 39
-6 -15 4 34
-6 25 20 -23
1 9 23 -26
17 10 -18 -4
-16 28 31 19
4 28 41 -40
-13 8 23 41
-1 30 -37 -1
2 23 40 18
14 -3 11 -24
32 2 0 0
34 -12 -33 33
-3 -39 -26 -3
-25 -29 21 -29
-25 23 -13 -27
0 -25 -17 9
35 24 16 -21
-21 23 21 41
-25 -37 8 42
10 2 -41 0
-28 4 27 12
0 37 -25 43
-37 32 22 -37
-6 34 29 17
-14 -4 34 19
8 -13 -13 0
38 -1 19 21
-6 7 10 15
-9 28 -18 -6
0 -4 -7 10
-7 -12 -1 -10
13 -31 -2 18
3 -15 22 34
12 19 37 -32
-21 -7 -39 -24
-32 -18 -13 -29
-34 3 37 33
-34 3 -17 -33
-9 12 -20 -19
-32 9 -25 -10
26 -33 11 -31
-21 0 -18 39
0 -38 27 8
32 -26 16 0
-22 26 -6 24
39 36 -20 15
13 29 8 -28
-7 22 -9 -26
-34 -8 -28 21
6 20 38 16
-15 -11 -17 16
2 25 4 35
-22 13 -21 -17
-15 -39 -8 -33
21 -21 26 39
-23 34 0 -32
-34 -12 0 -15
-14 -37 41 -13
33 -33 11 -2
37 25 28 -40
-10 13 10 -2
9 -15 10 -26
-27 -15 -2 -24
30 1 29 27
32 32 33 29
-3 0 17 15
-29 -1 -10 -24
-10 27 -15 -2
33 10 16 -38
-23 -33 25 35
20 39 28 5
9 41 -42 -2
7 22 -21 -33
42 22 36 12
37 -30 4 39
20 24 -12 -20
19 16 1 27
-24 -40 -7 -31
-14 -15 -33 -26
-13 28 26 -28
-14 40 -19 -22
35 32 4 0
-12 2 23 -14
-38 0 -33 35
13 -26 -44 30
-19 25 23 34
11 -3 -5 4
15 -35 -12 -35
-8 20 -32 0
-3 -16 37 -27
9 -26 14 3
8 17 29 2
30 27 0 0
-27 10 -8 -34
-8 -32 0 3
-11 4 35 -29
21 -11 -3 28
5 13 -11 -13
-31 11 -26 4
11 -31 21 41
-23 -36 28 0
16 -36 -8 -28
-10 2 6 -8
-8 33 -34 -22
-18 -37 -36 -2
16 20 -38 18
29 13 -2 12
-16 -29 33 15
-15 25 5 0
16 -23 -30 32
37 21 19 10
21 -16 -34 28
-27 -8 42 -10
19 -22 40 5
7 14 3 0
39 26 -15 19
38 -41 -3 -25
-13 14 12 0
-4 10 -3 2
-19 -34 -8 -34
-9 18 6 26
24 0 20 -23
-41 -27 4 -14
-21 30 32 40
-1 -1 2 -21
-18 -11 -27 27
-1 12 28 39
-18 -34 -28 -13
29 -20 11 19
7 -37 12 27
0 17 15 42
23 -15 -40 5
-6 12 -8 -15
29 35 -10 -4
42 -21 6 44
-38 -30 20 6
-8 7 -35 -11
16 -34 4 39
-32 24 -17 13
41 38 26 -34
-11 -19 2 28
3 11 -15 -8
41 37 7 38
10 -19 -40 -13
18 36 38 -4
5 38 3 3
12 -41 -19 6
37 36 -7 -27
-18 19 35 -7
-25 36 17 -16
30 15 6 -11
15 8 27 -16
-26 20 20 1
-16 -42 -21 13
25 -40 20 -36
-13 32 -6 -18
-41 33 -43 27
-37 18 -1 -20
-2 38 -29 8
4 -20 -39 15
28 -35 23 -3
39 15 -24 28
21 -5 23 37
2 -8 -28 6
12 -18 -35 -25
-35 0 -18 18
28 20 20 34
32 -34 4 -22
16 -5 -18 -40
-22 -7 14 -18
25 -33 -5 33
-3 29 12 -17
4 -19 -31 35
-24 -9 22 35
28 -38 32 8
-13 27 -19 -8
15 -7 0 -30
-40 -11 11 17
10 -31 -25 0
-40 -38 -32 -27
33 29 -13 -2
-10 12 39 -41
18 19 12 -19
24 28 -27 -6
-2 8 -5 -40
31 21 -33 -23
29 -17 -12 22
5 25 -4 18
-28 -12 -8 38
-21 -17 37 -27
-30 -36 -31 23
-5 -17 28 -3
-12 11 20 8
35 16 35 -15
17 20 25 -31
-5 5 -16 -4
-5 7 15 -32
3 -23 19 25
29 27 -27 -28
-10 13 -36 -19
21 29 -24 -26
-38 -24 -19 12
9 -32 37 6
-17 25 1 41
-26 -36 10 -23
-5 38 -32 20
-36 16 35 -19
12 -14 -3 -5
-27 -29 34 30
-4 0 2 -35
13 -22 26 -20
-14 -11 15 -33
31 26 29 40
21 -14 -38 -21
40 8 -21 -31
-29 -1 8 -8
22 29 13 -18
-12 -34 5 -31
-16 11 -31 -33
-19 0 -9 38
-33 8 -25 -39
-15 17 -1 -33
29 39 -16 -41
20 -35 -28 28
-33 -25 29 34
35 -10 -27 -21
39 -6 -20 12
-8 40 -1 1
36 28 12 19
-33 -29 21 1
35 6 25 -30
22 7 20 -28
30 -9 29 -11
28 22 35 -38
-41 1 18 0
27 7 5 18
29 19 21 -32
25 -34 18 28
-19 5 4 12
24 38 12 -22
34 -27 38 -13
-26 -13 -31 -22
-3 21 -16 32
-26 -40 -37 -23
-38 0 37 -10
25 1 -33 28
-10 -12 33 19
6 25 16 -36
-39 -6 -26 26
1 32 -1 0
2 34 22 37
11 -33 10 -18
-6 40 -43 14
17 42 18 5
23 34 -24 12
7 22 -27 9
-28 2 29 -32
23 16 18 -17
40 36 24 -2
-40 -24 -43 0
9 -39 -22 2
28 14 6 2
25 -29 -4 -20
0 35 10 26
32 33 23 42
7 5 26 -8
-24 -20 -20 -28
-7 -33 37 -17
35 -18 4 25
-12 -35 33 28
15 37 19 33
-25 -1 17 16
-8 29 6 34
37 -32 0 34
22 -28 1 -37
-15 15 14 -19
-38 36 1 -5
-11 14 -35 -11
-26 -18 11 36
16 14 -20 35
29 -24 19 23
-13 11 39 -7
26 -35 -1 16
3 32 3 29
-6 -21 -38 -5
-41 35 0 36
15 -32 -31 -12
0 -21 -28 5
25 35 11 -5
3 6 25 38
5 -37 5 -36
37 -21 23 -40
-19 -15 -16 -8
3 17 25 -4
13 -12 -6 22
-14 33 23 35
-19 -19 28 6
-41 -30 26 -13
-22 8 38 4
-5 8 13 -21
28 34 -10 -11
-5 31 -14 -13
-12 16 -37 -18
-30 16 -34 -6
22 -22 13 17
31 9 38 -28
-24 26 14 41
4 2 -8 8
18 -12 -16 13
-20 14 5 -33
6 40 -6 -9
-24 31 19 -35
-8 -37 4 25
-31 -3 8 -30
-1 19 24 20
-3 -16 -32 -25
-31 -20 35 -14
-12 -18 -29 4
16 -26 33 -4
22 8 21 -27
-9 29 -35 -10
30 7 28 34
-3 -31 -19 42
29 12 -23 5
26 -10 32 19
-1 -11 -9 7
37 17 0 26
29 -15 27 -1
20 -28 10 -32
-16 -38 16 -25
-29 21 10 -35
27 5 -20 -27
-5 -9 -44 -36
34 -17 9 -30
13 26 21 -29
-1 -7 31 -17
-35 -13 -30 -22
-9 -19 -20 -41
1 -12 -27 23
27 -36 1 -5
-9 -37 -37 5
33 -7 22 -14
22 2 33 31
20 -34 -29 -11
-33 -8 -37 5
-25 -24 8 -23
-18 -3 35 6
7 -37 13 6
-2 8 32 -13
39 6 -7 22
33 -34 -21 20
-31 -21 7 -9
16 25 25 8
3 25 17 -13
22 -38 -13 -19
-23 -26 -3 22
-25 -7 -37 26
12 -39 -19 9
-3 -30 32 29
-22 -8 5 35
-10 -32 -39 -38
-1 0 -33 12
-38 0 -29 22
-36 -6 -1 7
11 34 -41 -34
-38 10 13 5
9 -26 16 25
-6 1 1 6
0 -8 -42 1
21 9 -33 31
19 24 -31 -20
-40 -21 30 -23
-10 -1 -43 26
-24 13 3 -34
-38 5 -25 -3
-18 21 -43 -3
-38 -14 35 -28
-15 23 -41 -16
-19 -21 -36 11
-32 12 27 3
16 -32 -14 13
41 13 -44 -9
26 32 22 -24
-15 -10 -41 -37
22 1 10 36
27 -8 -39 -31
-1 33 -36 29
21 -9 6 36
26 -32 -1 22
17 -4 -20 -9
0 26 25 -17
39 -19 -44 40
11 29 36 17
31 19 -23 7
13 -30 -29 -17
-35 19 12 -13
-39 -15 -23 28
22 5 10 -21
0 28 -20 -34
6 -2 -19 -25
-37 -16 -24 -39
35 -1 -21 25
-11 -5 -18 -1
-6 15 -2 32
-9 -30 -34 -11
13 9 25 -36
-5 -23 8 -23
10 -35 -3 -38
-21 3 -30 -42
19 -28 -25 -22
15 -33 35 31
26 -1 -14 38
30 32 32 -37
-20 -22 -24 21
-40 23 38 2
19 -34 26 28
-7 -36 26 -12
10 -24 -7 6
-34 8 20 17
30 -34 13 -15
-8 -22 4 19
0 13 18 15
-14 -14 40 18
32 -23 12 -38
16 1 -31 2
19 -21 -36 -28
32 -4 -17 36
29 35 25 -6
-26 14 -37 22
26 22 36 11
-40 40 27 -9
-29 -11 27 25
-24 2 37 -29
-18 -5 17 -19
10 24 19 -18
0 -37 24 -16
28 -30 12 -30
-29 -29 -14 -7
20 -2 -30 0
-26 -21 28 -26
38 26 15 -20
11 -9 33 -10
-35 -22 19 -31
24 -26 31 13
37 0 -25 15
0 -38 9 -34
34 -14 8 -21
-16 39 28 13
-10 -29 -32 -8
-19 -37 28 -29
-37 23 18 5
-27 -3 29 13
-7 0 -42 20
-3 -20 -33 0
-39 2 8 22
-1 -9 -11 -35
10 -25 -33 -40
20 11 6 -36
-22 -14 29 8
-20 -21 -1 0
16 12 30 -24
-3 8 0 -29
4 33 11 11
-13 -3 32 -5
10 19 16 -11
35 24 36 -12
26 42 34 -27
-26 42 -2 26
20 -25 -14 38
-11 -20 -22 4
20 25 -12 28
-7 21 -40 -6
17 -25 16 -19
10 -10 30 -41
15 2 25 -15
26 9 0 -14
4 -29 33 17
-26 -17 16 -2
-2 40 -29 29
-6 -31 -35 -34
3 -11 12 -33
21 38 28 -4
9 -1 28 2
15 31 -25 -26
23 19 -6 15
12 31 -11 -1
-38 23 31 11
-21 -3 -14 -32
-29 8 34 42
6 5 21 -35
-38 -27 -13 -22
-27 6 3 10
11 -5 -10 34
30 -19 23 -6
17 -24 -13 20
28 -31 -24 16
30 32 8 29
-39 0 -9 -17
1 32 -23 17
-12 10 36 29
13 35 5 0
36 44 -14 29
-27 -3 21 -16
9 -20 -8 -9
16 39 -25 -16
10 -8 27 25
-4 -16 0 25
-17 -23 -38 -33
35 -16 -37 4
21 -25 25 28
-21 -28 23 39
38 -9 -42 13
-38 -4 -18 -23
14 -13 -34 7
-24 14 16 10
-30 -17 -10 -17
12 -17 -19 6
13 42 -2 12
26 -37 0 16
-41 8 2 -20
10 -9 22 8
-38 -1 -26 -12
0 -9 -6 -29
-16 -9 37 -31
19 37 18 -21
17 -2 -16 -31
30 15 -25 -8
8 -8 21 27
-40 -4 39 3
-14 -4 -1 -7
10 -12 -41 -35
37 -31 -3 -4
3 18 -5 -33
-38 -23 0 13
20 5 -23 25
0 41 -10 -9
-25 -28 20 0
-2 -14 -34 37
6 14 31 23
-10 -26 18 16
14 -33 21 6
17 4 -12 -36
3 33 9 -15
-33 14 0 8
6 -21 -8 30
-22 25 -21 -31
-38 0 -31 33
-32 0 -22 30
24 6 -29 20
-30 36 19 -32
21 38 1 15
-7 20 -5 4
-27 -9 -20 -27
-9 0 -24 -32
40 8 -45 3
0 -31 19 -11
-32 20 -36 32
-14 35 -27 14
-22 23 -2 -23
-21 -5 27 -10
1 25 -32 -6
16 9 -14 7
-40 -21 -31 -8
-16 23 -33 -34
-38 35 19 31
-7 15 29 26
10 -14 -39 24
-35 9 -14 -17
3 17 7 -16
24 -34 -17 7
-3 20 -15 30
34 22 -49 10
-10 42 -6 -6
-33 -19 -29 14
-22 0 -18 14
-4 3 -26 -44
-4 -5 16 -11
-7 -27 6 -21
-7 -22 -2 -6
-24 7 34 -30
-41 -20 8 -7
14 13 24 -21
24 33 -5 14
32 2 -6 26
10 -8 -11 33
19 39 -18 -2
-9 2 31 -36
18 36 27 24
-4 -18 -11 2
33 26 -16 4
39 13 -16 38
-40 -11 16 -40
-38 35 -29 8
-27 -21 0 8
11 25 -32 34
29 -26 1 -7
-17 -26 -8 -7
12 4 -33 2
19 6 -5 -18
30 1 2 -13
39 -36 23 35
-33 -32 33 40
8 31 35 39
7 -29 11 -27
11 17 -42 5
-23 25 -29 -38
10 -2 -39 -37
7 9 27 8
-35 21 0 16
10 -10 -17 -25
-20 -26 -28 36
-8 5 -21 -25
34 -24 3 -13
41 -9 21 -4
22 -29 28 22
41 39 34 27
0 17 1 -14
-34 -31 3 33
36 2 -27 -36
-28 7 1 -34
-9 47 -8 -25
-21 16 -15 33
-3 46 -2 21
17 -4 -20 -32
21 17 17 20
-29 31 31 6
-23 -12 -36 32
9 -32 7 -38
-15 -24 -45 -36
-5 41 -25 -9
-3 43 -5 28
-2 38 -28 -16
-34 -29 -1 -44
12 -9 12 -22
-35 11 -28 27
-8 20 -28 2
-33 0 -17 -16
-10 15 -33 25
13 -15 -23 3
-13 22 5 -6
-29 -3 33 11
4 35 9 34
37 8 1 20
-4 20 -22 36
-19 -18 38 3
25 30 -16 27
-5 -26 37 -15
-7 23 -23 15
-28 -11 -13 -17
-38 40 13 4
-32 30 18 14
-34 -8 8 35
40 35 -27 24
-21 -37 -32 34
-10 25 -11 2
40 8 -38 -12
33 -22 10 32
-21 0 -1 16
9 -21 22 38
8 0 12 5
0 38 -23 1
32 7 -36 24
1 43 2 -2
-1 -4 -20 -7
-7 -1 24 27
18 -6 23 -24
-28 22 -23 4
14 -13 31 -27
-32 38 -26 -4
25 12 -29 41
-34 25 20 -27
27 -3 7 20
4 4 -29 -37
32 -10 -4 -33
-38 -12 -10 24
-6 2 8 12
40 -4 14 1
33 -18 13 10
-32 23 -19 2
26 16 -9 19
-2 -21 19 -3
39 21 -10 -7
15 -19 14 -34
13 -14 -38 -7
-15 -21 -41 -11
-11 36 -39 -24
23 47 -23 3
18 27 10 13
19 45 20 -41
-30 32 19 29
16 -1 15 -6
-49 30 -13 -45
16 11 -18 -24
-35 45 14 4
-7 -22 -21 23
-16 -16 -4 -31
19 8 25 -6
33 -4 20 27
-18 -36 5 7
-16 6 -4 -44
13 27 -38 -19
-2 -36 -18 28
32 2 -5 -1
-9 18 -36 35
35 18 -6 21
27 -23 29 -32
-7 10 1 -21
11 -20 23 4
-21 -33 6 -17
28 -38 33 -21
20 14 -3 -29
32 36 -14 7
-34 35 -42 -27
-27 10 -42 -11
-7 5 -2 -11
-27 -3 -35 -10
22 -8 14 22
-12 33 34 -9
29 23 -30 -36
25 -1 -17 -31
-36 0 -30 -8
23 -11 -24 -6
11 -23 34 7
-1 -4 3 27
39 34 -16 0
18 -33 -4 25
-1 24 19 -32
0 12 -29 -38
-33 -17 35 37
2 0 26 9
-21 37 -8 -33
32 18 -24 30
-36 20 -18 -9
-32 4 5 -25
-38 -16 27 5
-12 17 -28 34
-33 40 -35 16
-22 -24 -2 -13
33 -21 25 -34
29 23 -20 28
-28 10 -26 13
26 24 28 27
23 40 -46 -41
37 -13 -22 34
-39 2 -22 -25
-35 20 -51 9
-40 -9 -30 32
-39 2 -20 -30
11 -8 4 18
-29 44 -42 31
-39 22 -34 -39
3 -25 13 11
5 -11 3 10
35 37 -4 4
35 41 -44 12
5 29 -6 -44
-18 38 24 -34
34 -25 -32 13
8 12 3 1
-33 -16 -40 10
9 28 25 3
4 24 -20 -16
-16 -17 9 24
39 -18 7 17
-15 41 21 -5
37 4 -32 -36
26 27 -16 -17
-32 -4 -19 14
-37 -12 -32 22
32 9 -20 -33
16 42 26 -20
28 18 -4 33
-38 43 33 -6
-40 12 39 13
-9 36 36 -38
15 0 -40 -15
-21 22 1 -12
-35 -32 4 -9
-7 -15 -6 -9
-39 4 -32 -20
22 20 21 40
12 -6 34 14
-17 38 -40 -22
-24 41 29 -24
-7 4 -25 -35
14 -32 -42 -28
9 14 -3 0
30 43 33 43
-9 1 -31 -12
41 33 0 -23
-6 40 -27 -13
-18 1 -24 -6
5 -12 16 17
12 -18 2 -14
-26 3 -29 11
-32 54 32 21
22 1 -23 29
-3 44 -11 -19
18 46 11 -30
3 -15 29 -20
-39 -13 -44 -9
8 27 6 -40
-11 20 -49 -41
-13 -11 -48 -41
16 2 15 22
14 -13 -32 -20
26 32 -9 -36
-2 -24 13 27
0 34 -39 -17
-37 34 15 12
-38 -14 -31 14
30 -3 -29 4
8 47 -41 -18
-45 -28 -37 -39
23 48 0 -19
-43 -31 31 11
29 -16 37 -36
18 27 28 0
-32 -12 1 -31
13 27 35 -13
-23 -20 -36 -9
-12 -31 26 35
-13 23 -41 27
-26 -10 28 13
10 32 -24 -30
-6 36 38 4
-7 11 -27 35
27 37 4 30
14 15 15 -37
-25 24 0 -14
-32 -3 15 -28
-41 -20 5 29
37 -37 -23 27
23 -13 12 19
-30 -1 -31 11
30 -10 4 37
-38 -29 -35 19
-14 -2 -24 4
30 1 10 12
-6 28 -41 -20
39 -9 0 20
30 -32 7 21
40 35 23 32
-14 -8 24 -27
22 23 18 -8
-20 -18 -8 25
-23 -19 -14 22
-19 -31 -37 -15
20 -22 -1 -29
26 -21 -28 -23
30 23 3 -22
8 -7 17 -19
39 12 -43 -8
20 -25 25 31
-28 1 -13 -32
-22 -5 24 12
41 20 -48 38
16 36 0 8
-4 50 -6 32
30 56 12 8
18 -6 -25 9
-20 56 -24 34
19 29 -22 -11
-6 28 -23 24
33 20 0 25
34 6 -43 -12
-33 43 -33 11
28 4 -24 14
-32 31 -10 -5
-38 9 -11 36
-28 47 -5 -29
-13 -2 30 10
21 -13 27 -13
-23 24 13 -19
3 -27 -26 23
-40 -28 -26 -34
4 -24 13 -40
30 -13 15 24
-12 12 0 33
-40 39 3 8
38 44 -21 39
10 24 -11 -17
-4 -4 -1 -39
16 43 -8 6
-12 -34 14 22
-17 42 0 -1
-28 41 12 -21
27 -25 17 35
-26 0 -29 -12
-13 -17 9 7
-3 24 -18 28
-38 -17 18 -7
3 22 -39 -21
7 -9 -5 40
27 16 1 1
18 0 -18 -2
10 -36 14 6
30 9 6 -24
-22 -30 -41 7
-2 24 13 -5
31 42 -29 38
40 16 -24 -36
19 29 35 40
3 -23 -5 42
-22 21 -34 5
36 45 25 9
27 16 -38 -32
-30 25 -35 -30
-1 2 -35 12
-9 -11 -27 -8
-16 -24 16 31
-30 28 -27 -11
-13 -9 -34 -18
34 27 -18 -9
14 -23 -10 -4
-29 37 22 -7
1 15 21 2
-4 5 -13 -11
8 -15 -10 33
-19 7 28 39
0 17 -9 26
33 40 -27 1
36 18 -34 -9
5 26 2 3
-36 57 24 10
-2 -16 -6 -20
-27 12 -42 -22
15 -3 10 12
-22 34 28 -24
32 48 -29 -2
8 42 -12 13
33 25 -27 20
-46 27 17 39
30 0 16 12
27 37 -6 39
35 18 -12 16
-4 -4 -15 20
34 -33 26 -24
26 7 14 13
32 -23 0 -18
0 -20 -21 29
-29 27 -12 -28
6 -26 16 27
22 26 -33 -21
16 -7 0 30
10 -17 9 32
40 8 -10 -38
9 -5 34 -5
-6 44 -9 -11
-26 3 -17 21
-26 34 -22 -32
-7 7 -35 -17
-37 -11 7 -13
-29 -33 -24 -32
-38 27 22 37
42 9 -11 1
-6 14 0 31
-30 14 18 -14
3 28 4 -29
35 31 -6 28
24 -26 -13 27
14 -16 -6 7
-4 8 12 -10
37 42 33 -19
-3 -7 -27 -30
28 23 -17 11
8 -6 -7 -4
-37 20 -39 -9
28 28 -15 32
-25 -12 2 -10
-20 20 -39 -33
0 18 29 -33
41 -2 -35 -12
2 38 -17 41
-10 -25 32 39
-35 10 16 13
42 41 -31 35
-10 10 32 -6
22 31 -20 -4
-34 -16 29 39
9 29 -14 0
-24 39 25 -27
33 56 -24 0
16 37 -16 13
11 -24 -21 6
7 -26 -9 10
-16 -22 19 -12
-7 12 -23 32
-8 19 -43 13
-6 8 -31 -1
-45 -33 28 28
-8 0 26 -6
19 22 -4 19
-9 -5 33 -13
34 -28 -27 -33
-3 7 -45 -33
0 40 27 -14
23 -3 -3 31
17 -15 -21 -29
30 -3 -11 -21
-34 -32 8 -12
-2 -4 -12 4
-1 46 -37 33
38 23 -8 -8
-13 4 10 21
11 23 -20 -26
35 -13 0 -2
-29 43 33 43
-10 1 -18 9
32 23 31 24
21 -4 28 -4
-5 -28 13 -24
-21 -32 26 13
17 -18 24 -29
-39 37 -1 35
-10 11 -9 -24
25 -37 -12 0
-17 8 -37 11
-14 32 -14 20
-15 -3 9 12
-38 -7 -2 36
-7 44 32 25
3 32 -31 -23
25 -17 -7 -31
20 12 -26 9
34 5 31 30
-31 -9 5 0
-24 -33 -43 -32
2 44 34 -23
18 -14 10 -21
-13 44 -27 -5
-1 4 -44 -12
-33 -1 8 51
20 1 -25 -13
-17 -1 13 40
-30 -18 24 28
21 -21 33 20
-5 1 15 -20
11 -30 24 20
17 35 -1 54
28 43 11 47
6 -17 12 15
-11 -15 -5 11
-13 -13 -20 0
-28 -12 2 17
-31 12 -29 17
-15 -36 -27 51
34 -7 27 11
-21 12 35 -21
-26 -6 37 34
-6 0 17 4
1 16 -14 7
2 -10 -19 -8
-11 -17 33 46
-1 -36 15 -35
-3 8 2 -5
35 -32 -21 27
13 42 -8 -28
10 20 -1 -10
34 17 -23 32
39 15 17 -18
-23 -16 -9 -1
19 -22 -7 41
31 11 16 -14
28 -33 17 -23
-42 -30 25 39
34 13 -3 25
18 -28 -30 35
-18 37 3 9
-8 43 -35 -34
36 -37 38 -20
-12 -6 -20 0
28 24 22 -22
-20 31 -25 -2
-36 -13 9 13
-34 -17 -33 22
-4 -5 12 -19
19 -18 10 4
5 20 8 15
14 12 -38 -36
-25 9 14 -3
32 18 -41 11
8 21 -17 -28
-25 -26 16 -22
39 -16 32 10
-1 -25 13 31
4 -29 -31 10
30 43 8 -17
0 35 28 -23
7 -5 -38 -22
16 42 -13 18
40 -20 27 39
14 -4 0 0
4 35 10 11
15 -28 33 -6
-13 -5 -34 39
41 -12 9 45
36 23 30 -8
26 -14 37 17
-24 40 38 55
13 40 -29 7
2 -16 -19 -8
27 22 -3 65
26 4 -16 13
31 14 32 50
23 39 19 27
-13 -12 -2 43
-10 33 31 25
-39 23 27 38
18 38 -20 2
28 7 7 -14
-29 17 25 -33
22 36 -26 -24
-14 -9 18 30
-33 -25 28 -7
31 -34 -7 15
20 -33 -1 17
13 -32 -37 -18
0 -29 -25 9
15 -15 -9 24
-24 -33 -17 -33
23 29 17 -18
-9 -14 -20 -37
33 38 12 -1
-29 30 -11 9
-7 13 -4 8
-6 -12 -16 7
24 -26 -17 30
-26 -7 15 -38
-14 9 -12 -17
17 19 21 -32
34 31 -10 20
1 33 -28 -10
33 -3 -26 32
6 40 -15 -33
-34 35 -3 36
-26 14 -18 0
28 -23 28 30
19 38 8 16
34 30 11 11
-26 -12 26 13
37 6 5 -2
-13 -25 15 -25
20 -28 39 28
30 24 12 0
-15 17 26 47
22 -11 22 -18
-23 -10 9 4
33 11 23 -1
18 -31 35 -13
-19 40 7 -9
-36 -39 -9 -10
-24 11 -27 26
21 0 0 -11
0 -10 3 49
-22 28 20 -11
-7 -34 19 -15
-33 -34 -35 50
-26 35 25 40
10 -35 0 3
25 24 -10 -11
-32 -31 -11 -13
-35 -27 23 20
24 -5 -18 -13
-7 4 -11 10
-27 -21 -37 -6
-19 22 0 12
14 32 -37 -9
-20 -35 32 35
-28 -9 -21 -7
-4 -13 -36 -11
-18 10 -12 -1
12 -32 -3 42
-25 40 11 -2
-1 -18 -2 30
-33 18 3 24
-34 17 -27 33
18 17 -22 -5
-9 11 10 40
39 4 -13 -20
28 -34 -12 12
-10 7 12 -31
-5 4 -13 -13
-14 38 -15 -31
36 34 -36 -22
24 7 -25 -1
39 -21 37 -17
-12 -22 30 22
0 -2 6 -14
23 12 12 -2
39 -8 5 12
34 42 -29 -17
4 35 -22 30
27 41 -1 41
-30 8 28 16
1 -15 38 31
-18 10 -32 -2
37 -35 19 2
41 8 -1 -27
-2 25 -26 20
-11 -15 -22 1
34 36 11 18
27 -13 21 15
4 -19 -4 46
-10 40 19 36
-3 -37 -19 -5
14 -18 -38 41
10 -21 -32 7
19 -37 -39 47
-6 41 35 42
-26 -34 28 14
34 37 36 52
38 -5 34 -14
-11 -1 17 -17
7 -1 37 24
10 -12 4 16
-7 -39 40 0
25 -7 44 52
-24 36 -3 -10
-12 -42 -16 22
15 -34 -18 43
27 -4 34 2
20 -23 -23 51
23 23 27 17
19 -27 -36 -19
17 -3 -34 1
-15 -43 10 -28
14 -23 -31 33
22 29 19 33
24 12 7 42
0 -9 -39 -29
-19 -25 0 -13
10 -28 -39 -30
15 8 -15 28
-23 21 14 -24
8 -33 35 -7
6 -3 31 28
-41 -11 -18 -24
24 36 -34 17
-17 1 -36 26
-5 -13 -16 -6
-34 -11 12 9
4 24 17 -21
-24 4 -13 31
-40 1 34 -11
-10 -15 -33 -19
-30 -12 10 33
2 -39 -37 6
-1 -19 -17 4
-30 -34 6 34
7 10 36 -39
-11 16 27 4
-35 40 30 26
-32 16 -28 37
21 36 7 22
-31 -23 -18 -35
21 -4 -13 22
21 -20 31 23
-17 -7 25 36
30 38 -23 -10
30 14 29 32
1 38 -22 10
42 -21 23 7
9 -2 41 18
2 -34 -28 26
14 -25 12 31
43 -5 -3 16
41 -2 38 24
-2 18 -9 23
3 -31 -20 50
-14 19 -30 34
29 -34 -33 5
-32 -30 -14 6
-5 -23 8 21
-2 -21 13 34
-11 -6 42 39
-36 -37 9 16
-14 -1 27 -4
0 14 -18 21
-4 3 -11 27
10 -44 36 -21
6 10 3 -2
-35 -28 -23 10
-4 13 40 50
-32 2 -20 -14
2 -6 -23 11
0 26 19 -16
-6 -28 35 8
-5 8 -31 -5
-4 -35 10 -21
1 29 24 -2
-25 14 26 -8
-30 -25 29 -28
33 0 -2 33
16 25 31 -34
-34 -19 -38 33
31 -22 -12 -21
-15 12 12 10
-32 18 22 -24
-1 -6 21 12
36 18 -35 -21
-2 14 9 3
34 16 -20 35
-38 -7 -5 5
31 21 -42 6
35 -33 -24 -32
-38 0 19 0
-26 -34 -11 -20
-13 -6 7 -17
21 -15 34 32
-32 -30 -29 18
-20 -18 -31 10
13 -12 28 -25
-28 -6 -16 -29
-39 -21 21 0
-35 31 -20 -20
10 3 26 -1
20 -27 -18 28
-10 41 6 -22
-28 -13 -19 -31
-8 26 17 38
1 -15 39 32
30 2 32 18
0 -10 -13 26
-1 -39 35 -32
-33 37 17 24
29 38 -25 -15
-28 18 -4 22
16 14 18 17
-5 -6 -28 27
-38 -16 -19 24
7 10 26 -16
25 0 33 30
17 -18 20 11
0 -13 -12 -4
4 -13 -10 37
-5 -37 -8 -6
1 -16 -9 26
18 -10 -22 20
21 -26 15 54
10 30 -22 14
15 10 -8 -25
34 10 14 21
0 -13 32 -7
5 24 23 38
-10 -27 8 -26
24 30 0 23
-8 -41 -40 47
-10 26 33 -30
-28 34 -47 -20
25 -38 -38 40
5 15 19 14
-31 -31 12 -29
-40 -2 27 24
5 -29 -4 42
27 30 24 38
27 1 32 40
20 10 -22 -34
-9 -28 36 5
0 14 10 -20
-1 0 26 -13
31 41 34 20
-15 -23 -20 26
17 34 -16 -17
33 -6 0 -23
-30 4 -17 0
5 -6 23 3
15 -39 -8 10
4 4 -35 10
23 -21 25 -4
-1 -7 -26 -26
9 -31 -10 0
-14 13 -20 35
-16 -18 0 -21
-26 4 -22 30
24 -34 -31 39
1 31 36 -5
-28 -20 -13 3
-37 10 -14 -31
-19 -4 4 7
22 34 5 7
-27 -27 -18 -14
-21 14 28 32
7 39 -1 -33
23 3 27 -8
-34 -21 -28 -15
30 4 31 -22
31 10 -5 0
31 -15 46 -22
-1 -16 14 44
13 -31 -16 17
14 -39 29 -11
-24 -20 -18 -14
-14 0 29 32
-28 7 24 42
10 -22 2 39
-11 -36 -7 23
6 33 -9 -15
16 -17 7 39
-2 -1 -8 -24
-31 -5 21 -21
15 18 26 -12
32 -43 3 -25
-13 -39 -39 -23
35 -1 9 22
13 17 -22 -27
-21 26 -4 -10
19 -26 -36 -19
28 5 -39 20
31 20 31 -14
-30 5 -35 20
15 -3 11 13
-22 34 14 27
34 30 -9 -27
-13 -28 14 3
-3 -18 -27 -11
-28 11 -40 -14
-9 10 -28 8
-38 34 -17 40
29 37 -34 20
-2 -30 30 35
-36 -35 20 22
-35 -30 -24 -27
9 13 -41 2
15 -3 -16 -6
-11 38 9 -5
30 24 -32 -36
-9 39 33 13
-6 21 -23 12
19 -7 -30 30
-1 -16 -37 -28
-15 -34 -24 17
41 11 -29 -36
39 -28 34 -17
5 -36 -29 18
-34 -8 -10 -9
37 -10 -16 26
-5 -3 2 -12
-1 34 21 -32
-27 7 0 0
-35 -9 0 -28
-27 -24 -12 41
3 23 -34 35
19 29 5 16
-7 -3 40 26
16 -11 -3 33
24 22 -8 -20
36 -5 -18 -3
33 5 -31 0
38 12 8 -28
2 34 10 19
-14 22 20 27
-4 -11 3 6
11 28 -20 6
-11 37 4 -23
-11 11 -15 14
24 32 34 25
-9 -22 28 -18
2 31 13 3
-16 -3 19 -10
0 4 20 -26
-6 10 -10 16
19 16 -9 -12
-19 15 -1 17
-3 -19 -36 -23
-8 0 -4 -25
4 24 28 -30
15 -3 8 -34
-27 35 -12 39
-32 14 29 8
-26 -12 -22 -34
-20 -34 12 18
35 -17 -1 27
2 -19 -2 31
26 38 11 -31
18 31 0 19
-5 23 -36 12
-7 -11 -26 -4
0 -21 -6 -15
0 -20 -26 -9
-24 38 -18 -40
-15 -30 -2 32
2 13 34 -16
38 30 9 -5
-21 -28 -17 -21
15 5 -12 -36
-23 -14 5 -35
0 -14 -15 -27
-28 29 42 8
1 -37 15 -1
-5 21 -3 19
5 -24 -11 -36
3 -11 23 0
34 -24 44 -27
-31 0 -33 -16
-34 5 -3 -4
18 -24 3 6
3 13 34 -4
-28 -23 -20 0
22 -14 26 40
-25 28 45 -32
-2 8 -27 -14
-2 -8 -22 4
4 -20 -5 44
-10 -39 29 14
38 34 29 42
35 9 26 39
20 1 0 10
38 -19 -19 -34
-6 6 -14 -18
7 -13 -4 -20
-8 16 20 18
41 -11 24 21
-33 19 -15 24
-11 28 38 -36
9 5 21 -13
5 0 9 -22
22 -41 -11 13
27 -41 30 38
25 6 7 35
-16 -42 -26 21
9 22 12 20
23 38 -26 -29
17 30 6 18
15 22 30 -19
34 -16 24 -16
19 -37 -33 42
-33 31 -32 15
-41 -9 -41 -23
36 -20 -18 -11
-14 -19 -31 -36
20 -7 -15 -12
-21 30 -31 -24
30 38 -12 0
-38 34 21 19
-2 -1 18 -29
26 -1 19 -21
-10 28 10 11
-18 4 1 37
-1 -15 -40 -24
26 3 32 31
29 39 -40 28
31 -16 15 -19
9 8 10 -29
-32 35 13 9
5 1 10 0
38 -27 2 -26
-22 -24 -13 32
-35 11 1 6
-30 -23 11 0
15 -6 0 28
-22 31 39 -33
-27 -6 16 -30
-9 0 26 6
-27 -26 -8 -29
0 -14 36 -15
-38 7 -13 -38
38 31 -32 -20
-26 26 13 -28
-32 -19 -22 14
-12 -30 15 18
9 8 -8 19
-37 -25 5 5
39 -25 17 41
5 0 34 -35
5 5 40 1
0 30 18 -37
-23 -24 -10 39
-7 4 -20 14
1 -19 -33 -21
38 -15 1 15
-20 22 46 17
-24 15 -27 18
26 -32 -25 -37
-3 36 1 32
5 3 -32 -22
-10 19 -16 -4
16 -13 21 -14
34 26 -33 -39
13 20 37 28
30 -21 19 14
6 -10 -12 8
31 32 21 -35
-9 -33 29 15
34 21 -3 7
-1 -41 21 19
31 -31 31 -17
19 -6 -44 -12
-24 -3 -15 -6
-10 -15 -24 5
-18 31 27 -11
25 8 13 17
0 32 -26 29
0 29 0 -26
-34 -6 21 18
11 19 -31 1
-38 -39 34 -8
20 27 21 37
-20 -29 12 -6
36 -35 6 22
16 15 -20 21
-32 7 -43 35
30 -40 -38 -32
0 1 33 24
-11 25 3 -28
12 0 -13 28
11 -35 -24 34
-37 -9 -31 38
33 -13 -14 -38
-17 4 -10 -11
-38 -26 -29 -5
10 -8 -15 -39
30 -11 -17 31
19 -15 -2 -18
34 38 -23 24
2 2 14 12
-15 -15 -12 15
5 30 -26 25
31 -13 -8 -2
-17 -21 -7 -14
21 -37 14 1
-8 -22 -27 31
-31 21 22 29
-4 -30 25 39
7 36 26 -11
-33 -3 -24 3
2 19 -5 13
13 -17 44 -4
8 -21 46 -10
-22 -8 34 31
-33 -2 -17 -4
-34 33 25 38
9 -33 29 24
40 9 -24 -11
16 13 -3 -19
10 -13 -24 38
34 -12 -25 -34
33 -18 8 13
36 15 -17 -37
6 -21 -36 -12
19 32 -22 0
0 -38 12 -13
22 -3 33 6
-13 -3 -12 39
-2 34 23 -1
10 -5 30 -12
-26 -34 23 -19
40 -8 20 -1
-29 8 -20 39
4 -41 26 13
-6 -5 -44 0
-22 -11 -26 37
1 -10 29 15
-31 21 12 5
-20 20 8 -1
1 -7 -34 28
-9 -8 18 -32
36 -9 -5 26
36 -23 3 0
28 -3 17 -10
-7 -14 -12 -5
-23 22 -7 -40
-17 31 -43 -34
-30 -1 -10 34
-28 31 -11 6
-20 -22 -15 -37
-8 0 10 0
-29 -5 -4 -8
-28 -35 7 -3
-7 17 39 -34
-21 41 -7 -10
19 35 -22 35
-7 39 -13 4
-38 11 36 12
-31 2 23 4
39 -13 -32 11
-30 -28 46 -22
16 28 26 32
22 -16 8 -21
-28 -27 -18 -10
-38 38 -1 -19
-5 29 -33 18
11 18 17 -40
24 15 34 27
-24 12 5 31
41 20 30 8
-8 -1 12 5
-7 -7 -12 15
25 -9 -30 35
22 -37 9 32
9 -14 -13 -38
-19 -13 3 36
39 28 -18 31
-16 -5 19 -40
16 10 29 -9
-20 -23 12 26
-30 -2 35 13
9 -28 36 8
-36 25 41 32
27 -24 -19 -25
39 30 -11 24
-4 23 -37 -17
-11 -27 -15 -5
-3 -32 -26 -32
-31 -19 -19 24
-10 -21 -1 -30
-18 -28 0 -2
-24 -12 18 10
-21 -37 13 40
32 -7 -7 -18
22 -2 -27 -26
-24 32 -37 -29
-11 -7 -33 8
38 13 31 33
38 -15 -31 -33
-41 2 16 18
-21 -8 -25 -39
0 -35 38 12
35 -11 -33 -1
10 27 7 28
34 17 -3 -6
-20 10 34 27
0 -14 -33 -14
4 40 17 22
3 -7 -21 26
-35 -3 5 -32
-6 -4 -36 2
35 43 25 -7
-28 29 -34 -5
18 40 36 27
14 -4 -10 -26
33 -33 36 37
8 6 -17 11
-37 34 36 -30
8 18 45 -15
39 -10 -6 0
21 -20 -17 25
-6 -6 -5 -29
-38 -37 -25 6
-27 37 -12 -13
31 -8 -14 16
-27 -1 11 -30
-11 -9 -29 33
-29 -3 -1 3
-2 7 -22 36
34 -10 44 -6
-16 25 -8 -21
1 36 -20 32
-18 -28 38 12
35 36 -34 1
38 22 9 -32
-32 6 -3 12
-9 -15 -12 -29
0 9 6 -38
21 28 33 -5
-27 12 11 9
10 4 14 -22
15 -6 8 11
-35 12 -1 -43
-8 15 18 -16
35 -33 22 9
-39 10 -34 -1
5 2 14 15
-13 -39 -27 21
8 27 19 6
13 -1 31 5
23 4 15 0
35 2 4 -26
-10 -40 -35 1
-32 16 -7 34
-22 25 -9 12
-27 23 -42 -34
22 4 11 19
-2 -33 -27 11
-37 -13 6 15
-10 3 -33 -6
-2 19 7 -32
32 -31 -2 -10
38 -28 28 -37
-13 -30 13 -22
15 -14 -35 -10
-22 35 19 40
23 25 22 38
-5 -26 41 15
35 9 33 -13
40 -4 29 5
18 27 21 28
2 -9 44 0
-1 30 -18 37
21 28 -8 -30
-35 -36 29 -21
35 35 41 -32
22 -23 23 3
-5 17 -3 31
28 -3 18 -16
-26 38 28 -36
23 38 10 -37
25 15 33 7
-19 37 -20 -37
6 32 18 4
-19 10 36 34
33 2 -8 -38
-21 -2 23 4
-33 -21 20 0
-2 30 24 -1
18 -16 26 30
-14 -2 3 -7
-6 0 26 32
4 29 39 -1
-34 -38 8 9
-31 41 40 -19
-25 -33 24 17
-2 -25 -11 -13
-23 9 -20 35
26 35 1 11
-27 -13 -38 33
0 -35 -30 -18
-37 10 -32 30
10 -34 -11 -3
-25 1 -27 30
-7 -22 11 -22
-14 -3 -4 16
-29 -6 -15 23
-38 -16 -10 -39
-4 8 -18 30
0 9 -12 8
20 25 -31 34
5 -2 31 -29
-11 -20 -26 -34
-36 -8 -5 24
31 15 32 -28
-21 -39 34 23
-1 14 37 -13
-37 2 30 -40
22 20 -13 6
-4 17 -31 13
-19 12 5 -14
-28 30 -38 -40
-34 16 -7 -32
-11 -5 29 7
-24 -10 -35 -4
-17 -20 18 9
1 40 5 -16
-34 22 21 -16
-24 35 4 10
-23 24 -32 30
22 -1 36 -8
-6 1 5 2
-33 41 2 0
-3 15 8 32
-37 8 -14 -7
26 41 35 36
0 -12 -24 -10
11 -15 6 17
-6 36 -34 11
-2 -27 28 17
24 -11 -4 -15
-34 30 -33 -16
-6 13 -18 21
7 -16 -33 21
40 21 36 -32
15 14 44 -19
32 -7 22 -25
-6 28 36 -15
26 27 -17 -38
-11 -33 17 26
-5 10 19 22
-38 2 44 -16
-39 38 11 -26
19 18 18 -38
-25 -22 10 26
23 -33 -36 -5
2 23 3 0
36 -36 -25 -36
4 -9 35 36
28 24 -7 29
32 -23 3 -37
-41 -5 -18 -34
-11 -39 13 28
-5 -6 9 8
35 4 -6 -3
-6 6 4 -9
32 10 -22 15
-7 39 -12 -20
7 0 -1 4
8 -13 35 14
40 18 22 -30
-8 37 -15 34
13 -25 29 20
-41 -21 -3 -19
32 39 -39 -40
-24 -14 5 23
2 17 8 -35
-2 -20 -22 7
-41 5 -17 -23
28 0 0 -16
-34 -34 -43 -32
-9 0 -27 28
9 -24 -40 -27
10 -36 5 -16
-36 21 43 29
-8 29 -21 -33
-16 -29 3 -38
17 -29 -27 21
18 -10 -2 -6
32 -35 -19 22
-34 14 40 -23
25 25 9 -31
-6 10 6 16
38 14 -7 7
-5 -22 -15 -2
-34 23 4 26
0 11 37 4
3 42 -14 -25
-10 41 4 -13
-32 -32 -4 8
-8 0 -3 -14
-27 -9 -31 10
26 -3 26 -3
24 -20 1 6
-38 16 26 20
6 -37 -27 -26
-13 -31 -14 -11
-31 -21 -18 2
-4 -37 -2 -21
27 -24 40 7
-37 1 3 19
14 10 38 20
-24 21 16 -26
-38 -19 -31 -9
-21 -12 -26 24
40 34 13 26
-3 2 -37 2
-29 -6 22 -17
36 -3 0 6
-28 18 -18 9
40 18 9 30
-37 24 17 24
17 0 2 -30
-14 33 -31 -30
-35 23 24 -8
36 13 -3 -7
13 -21 -28 4
-23 25 -33 -15
-36 -11 17 -17
15 -22 -24 -29
9 5 -23 -2
-4 -11 5 10
-38 32 -39 -3
-39 -4 -41 -31
15 -24 35 13
-6 -12 11 7
29 -38 -37 -22
4 -11 -19 8
-6 -13 21 19
-42 -23 -8 27
25 -10 35 -38
27 -9 -34 32
38 -25 -35 39
-8 34 -12 -30
-16 -38 33 -36
-24 38 -26 0
-7 -32 -29 21
38 6 -12 -19
18 38 22 22
-32 7 -23 38
0 10 -22 -12
33 -24 -9 -1
-1 1 -28 -18
-15 -26 -16 14
10 -23 0 -11
37 42 45 -29
8 41 35 30
25 -7 22 0
36 6 37 -20
29 6 32 -37
36 25 19 -1
8 38 -32 -40
33 28 -11 -8
-7 1 36 -34
-33 -19 5 21
18 4 18 -12
-26 11 35 -3
4 35 -34 27
-20 -38 -21 21
-33 -33 0 29
28 33 28 21
-32 -29 34 -24
-24 12 17 -43
17 -37 22 -21
39 15 -2 -25
-20 33 -6 -42
-7 21 2 -37
2 -30 39 -13
-11 -22 25 -22
-22 -26 26 -28
10 34 -32 -14
38 6 -26 -7
-20 -17 -7 36
-11 18 18 8
5 29 -5 13
-38 4 -24 -42
-37 9 -41 -40
11 -13 7 -5
-1 -40 37 -14
-7 25 29 4
-28 32 -27 -30
29 -20 -6 17
27 13 11 -20
-20 5 23 14
36 0 11 26
-19 -23 -4 35
1 -5 25 -33
27 -26 -38 8
-15 30 23 -24
8 -21 13 15
21 -41 29 -31
37 -16 -2 -22
5 17 21 17
-32 -28 1 12
-7 -2 0 -36
-8 22 33 18
-34 4 29 37
-24 -23 -12 -19
-1 15 -24 39
33 39 2 -14
14 -5 -16 -10
21 -7 18 -12
-26 18 12 -37
-24 23 -4 16
-35 34 9 21
-37 42 1 -29
-33 -19 -9 -26
38 8 -21 -24
22 -33 -27 24
-5 -27 32 21
14 17 -24 -18
-37 -35 39 -16
-13 33 25 13
-34 -31 6 -36
12 -35 11 3
29 -17 30 -15
-30 -7 -4 -42
-36 -28 -7 -33
-1 42 12 1
0 -22 -32 21
16 21 -14 -25
0 -31 -26 -5
-22 0 -37 28
10 21 7 1
38 18 23 -4
11 -22 -5 -20
30 29 0 14
-15 -13 14 26
-14 3 -5 -5
22 -28 -6 25
38 31 8 -40
9 23 27 -29
-2 35 -16 6
22 -17 -15 25
-12 -17 40 14
-15 -13 1 10
-21 22 -5 -30
-31 1 -7 -43
-42 -22 -10 31
-34 -10 -6 21
14 8 -22 -5
35 18 4 -7
-19 34 -38 -9
-14 -9 1 30
-6 -4 -11 0
1 32 21 18
0 10 32 21
-2 -1 15 38
35 -1 12 23
-12 -14 -11 -17
-10 11 21 2
36 39 -9 17
18 0 45 -3
-27 2 34 2
10 42 -28 -13
-34 38 10 -37
-23 -10 26 16
4 -32 18 19
3 1 -2 -24
39 24 -5 -36
-18 42 0 -12
20 41 -30 -35
-24 -28 -7 -40
3 -5 3 -30
18 -25 38 6
29 13 -34 -28
33 -6 -30 28
28 -17 12 -27
34 37 16 23
-15 -23 -3 -9
-28 -6 -24 35
19 39 15 8
21 42 -25 27
19 4 27 -32
-3 -18 2 36
11 -10 25 24
-2 16 -18 28
-12 -25 -14 -30
22 41 11 0
29 0 -7 -3
23 18 0 -19
-6 34 39 -4
11 -12 32 -15
0 -30 -29 -20
42 -21 -6 31
-30 19 0 -22
-35 -29 -28 -35
2 -6 36 -29
-18 6 3 -9
40 -31 10 14
-29 4 -18 -6
-3 3 13 -26
-2 7 32 35
35 -9 2 24
8 7 -10 -27
39 -15 18 36
-28 -15 -23 8
-2 -6 4 31
17 35 23 -32
17 0 -41 -37
3 0 -9 8
-19 15 -36 -10
17 35 25 5
-19 30 17 -38
32 15 25 -6
-24 -15 -15 -17
10 22 2 -37
24 -17 -2 -20
31 15 28 11
-29 -17 -12 32
27 40 11 32
28 -27 4 15
3 36 37 -14
3 29 -22 -28
-3 -8 -32 25
-7 -14 -4 -41
-17 -7 12 15
2 -6 -26 -38
-14 22 -9 -22
31 -7 -21 -16
25 -11 -22 20
18 33 -23 -41
34 19 10 13
8 23 8 -41
-1 -35 33 -6
36 -4 -3 -15
12 -11 -2 8
-21 -14 -15 0
-4 -3 -19 -41
-29 -28 14 31
-4 39 -27 20
-35 17 -24 -39
-4 11 24 -42
33 -19 -4 13
-25 0 16 -24
29 24 31 -39
-15 31 -11 -30
-28 -39 36 0
26 38 21 11
13 14 -36 33
-27 12 31 30
3 -26 20 12
20 -27 23 -8
25 25 -27 35
15 19 -35 24
-7 -22 -19 28
9 -11 38 12
16 -41 29 13
25 -1 29 19
-4 -34 -26 4
13 -12 27 -43
-20 -40 5 -37
11 -28 -10 -6
-4 -37 -16 8
-37 -7 20 -31
26 8 38 5
-16 19 8 -28
-20 15 -34 -33
-5 27 5 27
1 11 -25 3
-3 -2 -6 19
33 -39 34 14
8 29 16 9
-13 6 -18 12
-33 0 -8 -30
4 13 5 21
-7 32 -13 -26
30 19 17 21
31 -34 32 10
-18 -26 -9 16
22 -8 -31 33
-2 1 -5 13
6 8 28 1
-15 -18 -7 -12
-22 8 19 10
-32 -27 22 -30
19 33 27 -34
-36 2 2 -24
-24 18 -30 -21
22 38 2 38
29 2 7 -29
-25 -28 27 -17
36 -5 -30 6
-27 2 -28 -32
-31 -19 9 4
-4 -5 3 34
10 -20 -10 -26
12 -36 3 2
3 7 14 20
-15 7 15 -28
26 -2 -26 0
-5 17 35 -11
-22 -11 24 34
21 28 -7 -15
-27 0 -30 -34
-6 -5 22 -35
30 -19 -33 25
12 42 -36 7
29 11 25 -15
-19 -31 14 18
-37 6 -24 33
20 37 13 -24
33 35 4 -41
-26 0 -8 -6
-6 32 -35 25
-20 19 -28 17
42 -1 5 32
6 13 3 -16
12 16 29 36
36 10 -29 -40
7 -3 -8 6
15 -25 13 -44
-19 26 8 -31
-31 -20 -18 16
-34 -13 -23 -15
-20 40 20 -9
31 37 30 8
-31 -29 -25 -9
17 -37 22 -42
-40 -6 -12 5
21 -25 -9 -6
38 -2 35 14
-9 2 -35 -17
1 -33 3 7
-41 -41 5 14
-7 27 -23 19
-29 -21 -15 0
-37 -23 28 21
18 -15 36 18
25 -30 -15 3
-36 16 44 5
-1 38 18 27
1 -19 11 -33
41 -35 40 -34
-19 -20 -9 -16
-28 -7 0 -4
-39 -35 14 6
-5 -15 -19 -17
12 32 1 -23
14 -28 -2 0
15 4 -28 -12
-30 29 32 6
21 19 -32 -2
37 7 -8 37
-8 -19 39 1
-3 21 -31 9
-26 26 35 32
-12 35 44 37
3 32 -19 -26
2 40 11 -28
-17 -18 20 -1
18 6 -34 18
11 5 -26 -28
17 1 0 3
16 30 30 25
25 -23 16 -33
23 10 -22 -1
34 -10 -2 -5
-2 15 17 23
26 0 -24 -41
0 -25 -24 -9
-33 0 30 -37
-12 35 8 27
-12 -34 -33 -28
-5 38 -19 35
15 -26 -27 -30
-3 19 22 27
-39 8 -24 1
18 -23 26 33
-9 26 3 -12
1 -4 -4 35
10 -39 5 21
34 -13 -5 -9
-35 -20 -26 -1
24 -22 -20 0
-1 19 -3 -13
-19 9 10 -5
2 37 20 -15
28 9 24 -10
-17 40 12 -18
-35 -15 -11 -36
-13 2 -25 -40
-16 -35 -22 3
32 27 -39 -38
-27 -15 2 -39
22 -31 -37 -33
-20 -19 -19 -22
-24 20 41 -24
-40 8 -23 -12
7 42 -3 13
-11 -37 41 -17
-22 -28 29 -12
-38 -17 -10 -22
-34 6 -26 14
-20 -8 -13 6
-18 -21 3 -10
5 28 -2 25
30 -27 -18 29
5 17 28 -2
35 12 -7 16
-26 0 20 39
39 -15 10 1
26 -10 -16 -19
24 24 -23 -26
-16 13 6 -27
3 -31 32 6
9 -34 -33 -14
20 41 21 -26
-22 -22 34 33
33 40 -13 -38
18 -33 29 2
31 -19 1 10
-21 28 37 -24
-33 -19 -13 29
-16 -27 43 32
-21 -36 25 36
15 26 28 36
35 -21 2 -30
-14 -25 0 -35
-3 41 1 12
-12 -23 -12 29
41 19 -20 6
29 6 -20 -35
-6 8 -25 4
20 23 -32 28
10 27 -31 -42
27 -1 0 10
-11 1 -11 23
-40 -25 -31 -31
11 -38 18 23
-36 38 37 15
-3 23 16 -3
32 -20 -37 -37
-35 -25 18 -13
-9 -30 -7 -22
37 -1 -16 -27
-37 21 -25 36
-6 -30 8 18
-4 32 30 -13
-15 35 22 27
24 25 30 5
-1 24 3 35
10 -4 -38 29
-20 30 -16 19
-30 27 9 9
17 30 32 -30
-30 0 3 2
7 -36 41 -13
-30 -7 1 38
-32 -24 30 11
38 43 12 8
0 -18 0 -26
19 -2 -5 21
13 -14 21 9
-11 3 -27 26
18 9 -21 36
-16 15 8 -14
-12 28 38 15
-33 32 1 19
23 -16 -26 -31
17 34 -31 -29
23 42 10 24
-17 3 -5 37
-8 -9 27 -4
25 4 3 -8
12 -30 33 -21
26 35 34 -21
-25 6 13 -31
-20 31 42 13
-30 -12 26 -42
-8 11 -21 3
20 0 -18 8
35 -29 -14 7
27 16 30 19
37 -3 24 -29
4 -1 3 17
-10 39 40 17
23 -17 33 -16
-13 16 -26 28
-13 12 20 5
17 -24 -8 26
-5 20 -6 -18
-15 3 3 -24
30 17 -22 -27
32 39 -5 7
-13 -23 -13 -36
-14 30 -17 15
-40 1 -32 1
27 -15 -29 -37
-25 -21 32 32
-34 -6 38 10
-37 26 22 19
-37 40 -26 21
23 -27 -19 -42
-15 7 -2 16
-29 -33 -10 33
-22 2 6 -13
-8 8 -21 -29
4 33 -28 11
0 -9 16 -17
-34 2 21 7
-3 4 -37 -37
-2 6 -30 29
-20 -25 32 -20
-11 -4 -33 7
36 37 -21 25
14 34 36 -6
0 5 20 7
-6 -27 -29 31
-9 26 1 9
-26 5 0 30
-16 -3 -33 21
15 -21 29 -41
30 28 -16 36
17 -2 27 -2
-10 43 13 11
16 -12 9 -23
-37 36 -14 -34
-32 -38 -6 34
-39 -18 -27 34
0 -19 32 13
17 -23 -10 -18
-39 16 34 4
-14 -4 -21 -26
7 11 7 -12
3 36 10 -26
24 8 37 0
-36 20 -11 -40
-33 -12 -31 25
10 35 11 7
-15 -21 13 -36
30 -9 -25 0
26 1 -23 -31
35 -9 34 -31
-33 29 -21 38
-22 5 37 -17
3 13 5 -32
-35 -38 7 37
-17 -19 20 8
32 -13 0 -21
-3 38 -30 30
38 19 -30 33
-28 5 14 3
-31 5 -13 -30
0 28 26 31
-30 40 1 28
0 29 32 -6
-20 -10 -5 0
-37 0 -14 16
-11 -26 -35 13
-7 8 7 28
36 22 -2 34
37 20 -11 8
30 -6 -4 19
-19 -28 4 0
-12 7 -21 21
36 -15 -37 24
36 -14 -12 23
-23 29 -15 0
-32 30 -18 -5
-9 -12 6 0
-39 27 -25 24
-8 -21 34 26
-2 41 33 22
-3 33 15 -16
0 37 -32 6
16 6 -31 18
-36 19 6 -20
-30 -33 25 -21
34 32 20 1
-11 40 -28 -30
37 -29 42 23
-15 43 -29 -27
-7 -24 35 30
36 -15 -11 17
13 13 -34 4
14 -34 13 0
29 -22 21 -38
7 -15 -8 -8
3 -16 -29 -38
30 1 16 3
-8 -22 -28 -15
-27 8 28 32
25 12 -35 11
-1 11 11 -30
10 -33 -4 4
-27 26 -15 -1
29 -2 -27 -20
20 -36 -18 30
11 -11 11 -7
-23 -4 -12 -27
-1 -17 44 -33
-26 19 15 36
-14 -16 10 35
-4 34 -35 3
11 -12 39 -21
21 37 0 -16
16 36 28 9
5 8 -37 36
33 25 -21 -2
4 17 41 22
-28 -21 8 36
12 -41 39 20
35 -22 7 -38
-32 27 -20 18
24 17 0 -15
31 -7 -17 -28
5 -27 -4 -25
23 -33 6 -16
8 -21 -38 17
-20 18 -8 21
-2 0 36 16
-24 29 19 31
-12 0 23 28
5 -2 -4 -28
36 -38 7 15
-34 19 13 17
28 -18 17 19
-27 -25 -1 6
-19 11 -20 23
-24 -29 4 -2
-29 29 -28 -17
0 0 0 0
0 0 0 0
0 0 0 0
0 0 0 0
0 0 0 0
0 0 0 0
0 0 0 0
0 0 0 0
0 0 0 0
0 0 0 0
0 0 0 0
0 0 0 0
0 0 0 0
0 0 0 0
0 0 0 0
0 0 0 0
0 0 0 0
0 0 0 0
0 0 0 0
0 0 0 0
0 0 0 0
0 0 0 0
0 0 0 0
0 0 0 0
0 0 0 0
0 0 0 0
0 0 0 0
0 0 0 0
0 0 0 0
0 0 0 0
0 0 0 0
0 0 0 0
0 0 0 0
0 0 0 0
0 0 0 0
0 0 0 0
0 0 0 0
0 0 0 0
0 0 0 0
0 0 0 0
0 0 0 0
0 0 0 0
0 0 0 0
0 0 0 0
0 0 0 0
0 0 0 0
0 0 0 0
0 0 0 0
0 0 0 0
0 0 0 0
0 0 0 0
0 0 0 0
0 0 0 0
0 0 0 0
0 0 0 0
0 0 0 0
0 0 0 0
0 0 0 0
0 0 0 0
0 0 0 0
0 0 0 0
0 0 0 0
0 0 0 0
0 0 0 0
0 0 0 0
0 0 0 0
0 0 0 0
0 0 0 0
0 0 0 0
0 0 0 0
0 0 0 0
0 0 0 0
0 0 0 0
0 0 0 0
0 0 0 0
0 0 0 0
0 0 0 0
0 0 0 0
0 0 0 0
0 0 0 0
0 0 0 0
0 0 0 0
0 0 0 0
0 0 0 0
0 0 0 0
0 0 0 0
0 0 0 0
0 0 0 0
0 0 0 0
0 0 0 0
0 0 0 0
0 0 0 0
0 0 0 0
0 0 0 0
0 0 0 0
0 0 0 0
0 0 0 0
0 0 0 0
0 0 0 0
0 0 0 0
0 0 0 0
0 0 0 0
0 0 0 0
0 0 0 0
0 0 0 0
0 0 0 0
0 0 0 0
0 0 0 0
0 0 0 0
0 0 0 0
0 0 0 0
0 0 0 0
0 0 0 0
0 0 0 0
0 0 0 0
0 0 0 0
0 0 0 0
0 0 0 0
0 0 0 0
0 0 0 0
0 0 0 0
0 0 0 0
0 0 0 0
0 0 0 0
0 0 0 0
0 0 0 0
0 0 0 0
0 0 0 0
0 0 0 0
0 0 0 0
0 0 0 0
0 0 0 0
0 0 0 0
0 0 0 0
0 0 0 0
0 0 0 0
0 0 0 0
0 0 0 0
0 0 0 0
0 0 0 0
0 0 0 0
0 0 0 0
0 0 0 0
0 0 0 0
0 0 0 0
0 0 0 0
0 0 0 0
0 0 0 0
0 0 0 0
0 0 0 0
0 0 0 0
0 0 0 0
0 0 0 0
0 0 0 0
0 0 0 0
0 0 0 0
0 0 0 0
0 0 0 0
0 0 0 0
0 0 0 0
0 0 0 0
0 0 0 0
0 0 0 0
0 0 0 0
0 0 0 0
0 0 0 0
0 0 0 0
0 0 0 0
0 0 0 0
0 0 0 0
0 0 0 0
0 0 0 0
0 0 0 0
0 0 0 0
0 0 0 0
0 0 0 0
0 0 0 0
0 0 0 0
0 0 0 0
0 0 0 0
0 0 0 0
0 0 0 0
0 0 0 0
0 0 0 0
0 0 0 0
0 0 0 0
0 0 0 0
0 0 0 0
0 0 0 0
0 0 0 0
0 0 0 0
0 0 0 0
0 0 0 0
0 0 0 0
0 0 0 0
0 0 0 0
0 0 0 0
0 0 0 0
0 0 0 0
0 0 0 0
0 0 0 0
0 0 0 0
0 0 0 0
0 0 0 0
0 0 0 0
0 0 0 0
0 0 0 0
0 0 0 0
0 0 0 0
0 0 0 0
0 0 0 0
0 0 0 0
0 0 0 0
0 0 0 0
0 0 0 0
0 0 0 0
0 0 0 0
0 0 0 0
0 0 0 0
0 0 0 0
0 0 0 0
0 0 0 0
0 0 0 0
0 0 0 0
0 0 0 0
0 0 0 0
0 0 0 0
0 0 0 0
0 0 0 0
0 0 0 0
0 0 0 0
0 0 0 0
0 0 0 0
0 0 0 0
0 0 0 0
0 0 0 0
0 0 0 0
0 0 0 0
0 0 0 0
0 0 0 0
0 0 0 0
0 0 0 0
0 0 0 0
0 0 0 0
0 0 0 0
0 0 0 0
0 0 0 0
0 0 0 0
0 0 0 0
0 0 0 0
0 0 0 0
0 0 0 0
0 0 0 0
0 0 0 0
0 0 0 0
0 0 0 0
0 0 0 0
0 0 0 0
0 0 0 0
0 0 0 0
0 0 0 0
0 0 0 0
0 0 0 0
0 0 0 0
0 0 0 0
0 0 0 0
0 0 0 0
0 0 0 0
0 0 0 0
0 0 0 0
0 0 0 0
0 0 0 0
0 0 0 0
0 0 0 0
0 0 0 0
0 0 0 0
0 0 0 0
0 0 0 0
0 0 0 0
0 0 0 0
0 0 0 0
0 0 0 0
0 0 0 0
0 0 0 0
0 0 0 0
0 0 0 0
0 0 0 0
0 0 0 0
0 0 0 0
0 0 0 0
0 0 0 0
0 0 0 0
0 0 0 0
0 0 0 0
0 0 0 0
0 0 0 0
0 0 0 0
0 0 0 0
0 0 0 0
0 0 0 0
0 0 0 0
0 0 0 0
0 0 0 0
0 0 0 0
0 0 0 0
0 0 0 0
0 0 0 0
0 0 0 0
0 0 0 0
0 0 0 0
0 0 0 0
0 0 0 0
0 0 0 0
0 0 0 0
0 0 0 0
0 0 0 0
0 0 0 0
0 0 0 0
0 0 0 0
0 0 0 0
0 0 0 0
0 0 0 0
0 0 0 0
0 0 0 0
0 0 0 0
0 0 0 0
0 0 0 0
0 0 0 0
0 0 0 0
0 0 0 0
0 0 0 0
0 0 0 0
0 0 0 0
0 0 0 0
0 0 0 0
0 0 0 0
0 0 0 0
0 0 0 0
0 0 0 0
0 0 0 0
0 0 0 0
0 0 0 0
0 0 0 0
0 0 0 0
0 0 0 0
0 0 0 0
0 0 0 0
0 0 0 0
0 0 0 0
0 0 0 0
0 0 0 0
0 0 0 0
0 0 0 0
0 0 0 0
0 0 0 0
0 0 0 0
0 0 0 0
0 0 0 0
0 0 0 0
0 0 0 0
0 0 0 0
0 0 0 0
0 0 0 0
0 0 0 0
0 0 0 0
0 0 0 0
0 0 0 0
0 0 0 0
0 0 0 0
0 0 0 0
0 0 0 0
0 0 0 0
0 0 0 0
0 0 0 0
0 0 0 0
0 0 0 0
0 0 0 0
0 0 0 0
0 0 0 0
0 0 0 0
0 0 0 0
0 0 0 0
0 0 0 0
0 0 0 0
0 0 0 0
0 0 0 0
0 0 0 0
0 0 0 0
0 0 0 0
0 0 0 0
0 0 0 0
0 0 0 0
0 0 0 0
0 0 0 0
0 0 0 0
0 0 0 0
0 0 0 0
0 0 0 0
0 0 0 0
0 0 0 0
0 0 0 0
0 0 0 0
0 0 0 0
0 0 0 0
0 0 0 0
0 0 0 0
0 0 0 0
0 0 0 0
0 0 0 0
0 0 0 0
0 0 0 0
0 0 0 0
0 0 0 0
0 0 0 0
0 0 0 0
0 0 0 0
0 0 0 0
0 0 0 0
0 0 0 0
0 0 0 0
0 0 0 0
0 0 0 0
0 0 0 0
0 0 0 0
0 0 0 0
0 0 0 0
0 0 0 0
0 0 0 0
0 0 0 0
0 0 0 0
0 0 0 0
0 0 0 0
0 0 0 0
0 0 0 0
0 0 0 0
0 0 0 0
0 0 0 0
0 0 0 0
0 0 0 0
0 0 0 0
0 0 0 0
0 0 0 0
0 0 0 0
0 0 0 0
0 0 0 0
0 0 0 0
0 0 0 0
0 0 0 0
0 0 0 0
0 0 0 0
0 0 0 0
0 0 0 0
0 0 0 0
0 0 0 0
0 0 0 0
0 0 0 0
0 0 0 0
0 0 0 0
0 0 0 0
0 0 0 0
0 0 0 0
0 0 0 0
0 0 0 0
0 0 0 0
0 0 0 0
0 0 0 0
0 0 0 0
0 0 0 0
0 0 0 0
0 0 0 0
0 0 0 0
0 0 0 0
0 0 0 0
0 0 0 0
0 0 0 0
0 0 0 0
0 0 0 0
0 0 0 0
0 0 0 0
0 0 0 0
0 0 0 0
0 0 0 0
0 0 0 0
0 0 0 0
0 0 0 0
0 0 0 0
0 0 0 0
0 0 0 0
0 0 0 0
0 0 0 0
0 0 0 0
0 0 0 0
0 0 0 0
0 0 0 0
0 0 0 0
0 0 0 0
0 0 0 0
0 0 0 0
0 0 0 0
0 0 0 0
0 0 0 0
0 0 0 0
0 0 0 0
0 0 0 0
0 0 0 0
0 0 0 0
0 0 0 0
0 0 0 0
0 0 0 0
0 0 0 0
0 0 0 0
0 0 0 0
0 0 0 0
0 0 0 0
0 0 0 0
0 0 0 0
0 0 0 0
0 0 0 0
0 0 0 0
0 0 0 0
0 0 0 0
0 0 0 0
0 0 0 0
0 0 0 0
0 0 0 0
0 0 0 0
0 0 0 0
0 0 0 0
0 0 0 0
0 0 0 0
0 0 0 0
0 0 0 0
0 0 0 0
0 0 0 0
0 0 0 0
0 0 0 0
0 0 0 0
0 0 0 0
0 0 0 0
0 0 0 0
0 0 0 0
0 0 0 0
0 0 0 0
0 0 0 0
0 0 0 0
0 0 0 0
0 0 0 0
0 0 0 0
0 0 0 0
0 0 0 0
0 0 0 0
0 0 0 0
0 0 0 0
0 0 0 0
0 0 0 0
0 0 0 0
0 0 0 0
0 0 0 0
0 0 0 0
0 0 0 0
0 0 0 0
0 0 0 0
0 0 0 0
0 0 0 0
0 0 0 0
0 0 0 0
0 0 0 0
0 0 0 0
0 0 0 0
0 0 0 0
0 0 0 0
0 0 0 0
0 0 0 0
0 0 0 0
0 0 0 0
0 0 0 0
0 0 0 0
0 0 0 0
0 0 0 0
0 0 0 0
0 0 0 0
0 0 0 0
0 0 0 0
0 0 0 0
0 0 0 0
0 0 0 0
0 0 0 0
0 0 0 0
0 0 0 0
0 0 0 0
0 0 0 0
0 0 0 0
0 0 0 0
0 0 0 0
0 0 0 0
0 0 0 0
0 0 0 0
0 0 0 0
0 0 0 0
0 0 0 0
0 0 0 0
0 0 0 0
0 0 0 0
0 0 0 0
0 0 0 0
0 0 0 0
0 0 0 0
0 0 0 0
0 0 0 0
0 0 0 0
0 0 0 0
0 0 0 0
0 0 0 0
0 0 0 0
0 0 0 0
