-7 37 27 -35
25 41 4 1
7 14 30 -36
31 28 16 17
36 -23 -34 22
38 -6 -41 -23
0 32 0 28
-18 4 11 34
20 1 -30 42
5 -33 -38 39
21 -23 31 -18
21 -3 -21 10
-18 9 -30 -7
41 -13 -23 30
-33 29 -27 42
-13 -9 16 -22
-30 33 34 31
37 29 21 -32
28 26 37 17
24 26 -14 28
-26 13 12 -24
-29 -18 2 -32
35 -13 34 11
38 -23 29 -29
2 -10 40 34
-25 -1 0 -34
-23 -11 -9 -2
-28 -33 16 19
-11 16 -6 -11
-3 -32 26 -9
4 10 -27 34
18 -36 -27 -39
5 15 -22 19
0 33 41 17
-39 16 -20 -16
1 -20 20 -10
-31 14 14 -37
11 -10 23 -39
34 27 -31 20
-8 -29 37 7
6 -27 40 -13
-25 -26 -11 -33
15 21 -32 -10
32 25 -11 -38
-25 15 7 -36
11 -7 35 3
-33 -20 30 -29
20 -24 -11 -28
34 23 22 -14
-29 -8 38 -28
33 4 31 10
11 -12 32 -29
6 -34 16 9
26 -30 -4 -22
-38 8 0 22
-16 -3 -32 -5
-24 -42 21 26
-39 27 14 10
-3 -31 18 -6
17 19 -31 -36
34 35 0 -37
3 39 9 11
14 -26 29 33
-39 -34 -14 -26
-39 14 -38 -20
10 14 9 39
37 9 -34 9
-29 24 5 -7
39 -26 -3 -15
13 -8 -26 -21
17 24 -37 -30
15 32 18 10
21 28 22 6
1 -35 9 -16
20 11 -32 39
-28 14 -33 -15
-14 -11 -10 -1
-22 13 34 15
36 29 -22 -2
-7 -11 -22 -24
-8 5 31 8
-17 -17 -2 -5
-22 19 13 3
-37 38 34 10
39 -19 -13 2
-8 12 -13 30
-13 -4 -32 -8
3 -27 -2 16
26 2 9 -14
0 31 -34 36
-3 -10 0 16
35 32 -5 38
21 3 -30 -17
6 -4 18 -28
23 13 11 -34
-33 0 5 29
0 -30 -8 24
19 -29 34 1
-32 30 -4 2
-32 15 -34 -5
-13 18 40 -17
-30 -13 1 35
38 3 -16 37
10 5 -2 12
-29 -39 32 -38
-23 -1 40 29
9 10 -40 -10
0 -14 5 -32
-31 7 29 26
-23 9 -28 -21
8 24 27 28
21 -40 28 -3
-9 3 -14 -39
-21 -16 -31 37
-5 -8 -23 0
21 -39 -38 36
-9 -16 3 -5
16 6 -23 7
35 -6 -26 27
-16 17 6 -24
39 41 -10 -37
0 -13 25 -6
6 7 -2 -18
-7 30 -29 -21
-31 -21 2 -17
19 -20 28 37
36 14 12 -9
32 -13 -16 -22
17 -15 -18 -13
-14 12 10 17
31 24 22 41
23 -3 -41 -27
41 -6 31 22
-32 -9 -1 -4
17 -33 6 4
-33 13 -22 2
-14 -33 26 6
3 28 27 7
35 39 -22 40
-28 -1 -29 40
-10 17 33 -5
-28 25 -4 -13
32 -7 -40 8
-8 -6 -12 -11
28 32 20 -13
17 21 32 22
6 30 10 41
-9 -25 -33 13
-5 -14 8 -3
14 36 24 -23
28 41 -21 -19
2 37 39 1
-9 26 -38 38
-36 24 2 41
34 -15 -29 41
-40 -33 -26 -39
40 1 -18 29
-28 2 9 -21
-15 33 23 13
-23 -29 25 19
-18 -5 -12 -30
24 6 12 2
6 -20 25 30
-30 -1 40 25
14 30 38 -31
-29 -29 -11 5
-2 14 -27 -9
-40 -20 -7 31
38 37 21 27
-39 -42 30 -35
-13 -20 -17 19
-10 -32 9 -39
-11 17 -39 24
-31 -10 36 41
-39 -5 37 -2
36 -22 0 -14
-20 28 -20 -9
-10 11 -19 3
34 -8 -21 -20
36 -39 -22 4
-29 32 -11 -37
-35 16 6 -24
38 -5 14 -4
-33 -22 -29 -37
35 -35 9 -33
-36 36 -19 23
-17 -13 -37 11
-25 -2 -31 24
-10 -34 18 9
-13 -32 -41 33
-26 19 0 1
26 15 2 -18
2 39 35 -35
-24 21 12 -36
-6 20 4 -13
-40 -20 18 27
-27 6 -23 -13
38 -17 27 -3
16 -29 28 30
-29 -28 14 -21
21 8 -22 30
0 17 -39 -3
30 -28 8 -4
-31 1 2 13
-8 -23 -34 32
-32 41 24 34
-8 14 34 36
-23 -23 35 28
-12 15 -29 16
39 39 10 -36
2 -35 6 9
10 10 -17 -37
-8 -26 11 -4
-6 -38 2 -32
28 -14 -31 -36
-9 -15 -25 14
4 -34 -29 23
-31 -34 19 -29
-24 -29 -18 29
-23 22 -11 13
-33 29 40 32
-40 -27 7 12
-11 -40 -32 26
1 -38 0 42
16 -34 -16 -36
-34 11 35 4
-31 21 -28 36
-2 38 -7 6
-37 -28 24 34
5 -2 12 -23
23 -9 -30 -32
18 28 -37 41
32 13 37 5
17 -9 -4 -27
22 35 -1 -8
33 -35 -32 37
-29 37 -33 16
-4 41 -11 41
0 -27 6 17
0 35 13 -32
4 -26 -18 -8
1 -3 10 24
-17 -16 29 -21
38 -8 -31 -18
-18 28 -29 10
-14 25 -3 -31
-17 -26 33 -36
-12 -9 -13 29
-1 14 -39 -5
-28 28 20 11
23 -31 26 -8
-26 25 32 0
-38 -4 10 -31
22 16 12 -27
1 -22 -33 39
25 15 -19 -12
-16 -31 0 8
1 11 40 35
34 -27 5 -4
-1 9 -23 -2
36 -18 -11 -5
2 -27 -12 43
-30 16 0 -29
-1 36 27 9
-17 -36 -9 34
-18 31 6 -9
13 -24 -22 -4
8 -32 -32 -5
-34 -39 8 -36
17 -7 0 8
32 -3 40 10
17 -38 34 -6
35 -10 32 -19
13 21 -17 -8
-8 11 -15 7
-34 -24 14 30
31 -29 39 -12
21 -39 -1 8
-10 26 14 8
-33 32 17 -30
-11 7 -27 -14
-2 1 4 -1
-34 25 16 9
-31 9 -39 15
24 8 20 -8
-39 17 -24 35
-39 -32 39 -29
-19 -1 14 20
17 0 35 1
-6 13 -14 37
-3 24 -2 23
40 32 -8 4
4 28 25 4
-31 25 -36 20
3 -31 32 -3
0 35 -4 -6
39 10 -16 -29
5 8 33 2
-37 -39 -31 -17
-23 22 21 -16
-7 16 30 22
34 10 5 23
-10 13 0 32
-16 -28 -13 27
14 -25 12 18
40 7 -15 -11
-40 -3 -23 -6
-26 37 -34 16
-24 -21 -11 5
-19 2 4 26
0 -26 4 -32
34 4 -26 -4
8 29 -16 -7
5 -20 38 41
0 43 -22 37
-38 -17 26 12
-22 -32 1 -5
-38 33 -33 -22
0 -35 25 41
-36 32 -12 2
-39 39 29 1
-28 12 26 17
-6 -18 0 -6
9 -37 36 -16
-2 4 23 7
-5 0 14 -17
7 10 -21 -37
-22 -2 5 2
-31 -13 -22 6
8 -4 4 -23
-12 21 36 10
30 -19 -16 -25
38 -21 -19 8
-10 0 10 -10
18 -8 -5 22
25 38 -5 32
20 10 35 -13
-9 -3 -36 -38
-16 23 -35 -13
12 1 9 24
19 -34 8 -20
5 38 28 28
-27 -26 -13 -34
27 31 -17 39
-40 31 -23 -33
0 -33 10 -8
-12 -37 27 -16
16 -12 8 -20
-41 23 -36 11
-3 -14 -26 -27
-31 -17 -9 6
9 26 -13 -15
40 2 -15 -15
-22 -37 20 -36
-24 39 -30 0
-6 9 39 16
18 -34 -4 9
-15 6 28 32
39 -5 28 3
39 -1 -40 35
-37 -6 24 -4
-31 7 7 27
-26 28 -35 -4
10 13 -34 -32
-12 -22 6 -12
-31 37 2 15
-39 -25 -10 -8
9 27 12 -32
-26 -24 4 41
29 -18 32 -37
-7 30 28 -9
-29 32 24 -2
8 -31 31 35
-3 -19 39 2
-33 3 -40 -37
36 1 11 35
0 4 -11 2
30 -19 34 20
-7 -11 -37 14
-26 22 9 3
-33 37 -22 13
-31 13 6 -2
25 8 17 19
23 -3 -20 40
-13 32 -33 -3
-31 24 15 31
41 35 1 -12
34 31 -11 24
-29 -13 -17 29
23 28 -31 2
-9 -15 27 39
17 35 27 -39
27 -2 -10 -18
21 -20 28 26
-21 -16 -34 -32
17 -35 30 0
-4 28 -15 -32
24 6 -22 -5
-36 15 21 -16
10 35 26 -24
9 37 -4 -22
-38 38 32 33
19 -16 3 -23
-33 25 12 -9
-27 -38 -31 20
-22 13 18 32
-35 -37 -7 33
-11 -41 -31 0
25 8 -25 -11
-38 5 32 -33
25 -10 0 -4
-36 -43 -25 -9
-10 -16 26 39
2 35 16 -25
36 -36 -1 39
-22 41 15 -13
-1 37 28 2
16 22 -34 29
-34 0 17 11
4 -27 0 7
-12 -3 22 19
-13 32 -1 -4
2 -31 22 -19
28 33 -15 -23
34 10 -20 3
-15 17 34 -10
-33 -15 12 -26
-25 -14 -2 -32
-21 5 -27 -14
-36 -4 22 -24
26 35 -17 27
-25 29 -21 -28
40 0 3 -7
20 -8 7 14
-22 -23 -36 24
8 9 -41 36
36 -30 35 -15
-15 -13 28 -3
26 10 7 -25
-5 15 -32 24
-3 -11 30 -22
16 28 -36 -26
-13 -2 -25 0
12 17 -14 -4
10 -26 8 -22
22 6 -24 -6
37 -24 -3 8
10 -15 39 29
19 3 -3 -35
-33 -28 1 -11
-15 -26 24 25
7 4 -7 -2
-20 0 24 -26
-16 21 -32 9
37 -14 -6 25
-16 -9 8 -26
-26 0 30 40
23 35 0 6
0 27 24 -12
38 -15 -24 11
-10 22 2 16
33 8 -7 -4
2 4 -33 -22
-16 5 -9 -9
12 -13 -5 -38
13 -41 -21 -18
36 0 4 -36
14 21 -35 19
21 38 21 39
34 -7 24 40
36 -29 -12 8
-13 21 37 -4
35 -22 28 4
-8 36 20 17
6 11 -25 -26
-30 18 -35 -14
-18 42 17 16
23 38 26 -21
-15 -3 18 27
-16 -38 -25 32
-38 36 1 1
-24 -5 -3 3
0 19 12 37
11 -24 15 9
-37 -29 -40 12
-1 -10 37 12
17 -13 4 0
28 -4 10 -35
26 -35 -33 2
-33 26 -41 40
-10 43 -32 -10
-30 35 -23 15
6 9 17 6
-29 10 -33 -25
15 -4 -4 8
18 -36 13 -37
-40 13 4 -20
39 -1 -41 36
1 39 7 24
-26 -16 -35 -11
-17 23 9 30
-12 -34 14 38
-4 13 -38 -35
4 24 -1 7
25 -9 4 -6
30 36 -29 -39
29 -38 15 37
32 -23 -6 34
16 -6 40 -6
37 6 -7 14
16 -26 -37 -25
-33 -15 22 19
13 36 19 27
16 12 22 -23
8 6 -31 -16
-22 -20 29 -23
17 32 10 25
-10 -39 -1 17
-17 8 25 7
37 21 -7 -34
27 30 38 -15
-29 -36 -18 25
13 -26 4 6
9 9 -16 28
-25 22 37 16
14 32 -3 1
-12 -32 -1 -18
-23 30 -12 -17
-17 -7 11 -23
34 29 28 2
-40 -40 -40 20
30 39 -25 16
37 -24 26 18
22 30 -1 -20
10 -36 -35 15
31 -14 34 -37
-34 -16 -26 8
30 23 14 -16
-23 39 1 -28
14 25 7 -15
-19 0 -37 33
11 5 28 39
-5 -20 6 -1
-26 -3 -42 -22
1 -1 -19 -34
-29 -12 39 34
-1 -2 -39 -26
-14 -22 8 22
-13 16 19 -28
-17 -20 28 -37
25 14 -36 -37
-12 -16 22 29
23 16 -42 32
28 6 10 32
24 4 0 19
2 8 -27 37
30 -11 21 3
37 -31 10 -5
30 -19 1 16
13 16 -26 36
11 -21 34 3
-10 -14 4 26
-4 -23 0 8
35 2 39 36
35 -34 -31 25
21 17 30 30
0 -23 36 12
7 30 0 -7
32 27 41 -26
19 -28 30 25
-29 35 17 -18
-25 -32 7 19
3 -38 -22 -18
20 18 -1 -19
-17 -1 -14 -32
-33 -4 -10 41
10 11 -24 -31
-14 -35 -6 20
12 -17 -37 -25
-22 37 -21 7
30 30 -28 -21
-35 -31 3 -29
0 31 -28 41
-37 -11 9 11
0 32 20 -4
7 20 24 25
27 38 20 -16
-13 -12 -32 37
13 21 -18 4
34 10 -33 -40
18 -25 13 20
0 -32 16 29
-21 -9 17 12
-2 15 14 -28
-41 6 -23 39
-39 -28 26 26
3 6 27 34
-19 36 6 15
-9 -8 -34 -24
-8 -13 -24 5
-5 -25 37 19
1 -7 -13 40
1 3 -39 -20
-9 42 -25 20
0 13 -17 -8
-39 19 -23 5
39 -11 -10 -34
23 35 15 1
-22 33 26 4
37 21 1 -21
21 -14 -29 -29
9 -7 37 -17
0 -36 39 0
-6 -7 -5 18
1 12 -22 -38
32 -30 12 -25
-26 19 -9 8
1 16 -12 31
7 -15 -4 -5
16 14 -37 29
11 -24 27 16
-31 16 4 -10
15 -6 -23 -15
38 12 -17 -28
-39 -33 13 18
-19 -10 -8 19
-25 -30 2 17
-35 31 -2 23
33 -2 41 -4
40 -29 -32 -12
34 -11 21 -11
28 12 -3 40
5 23 33 -13
-10 21 39 15
39 27 -6 -14
10 -24 22 41
-36 -25 1 -36
27 -12 -13 21
9 -15 5 24
-18 -30 32 -26
22 -5 -39 -11
11 24 22 22
33 30 32 21
-17 -11 -19 -36
0 -17 38 -21
30 6 -21 2
-40 13 1 1
-20 -19 15 -7
6 15 -37 -29
34 7 -32 39
-39 8 25 14
-37 21 18 -20
-16 -18 -4 -11
-23 15 -2 -36
-34 -8 22 39
5 -15 -24 -28
17 -14 -15 37
22 41 39 0
-1 -3 -31 3
-35 23 0 0
35 -38 23 -26
31 -31 28 -25
28 39 13 11
14 7 -19 -4
14 -3 -18 28
9 -7 -36 12
-27 -30 -37 -24
11 7 23 -37
-4 3 -7 -19
-5 -23 1 -35
31 3 -29 25
-30 8 20 -33
30 -30 11 -3
-10 17 12 -32
0 36 36 -34
-18 32 -17 22
15 -6 23 -3
27 2 -11 21
25 28 12 -27
20 -20 15 23
-21 -37 -13 -18
40 8 12 -12
41 -5 -33 15
-22 -25 24 -8
25 -10 -21 9
9 -9 13 12
-27 -6 -36 23
35 -9 -37 0
-26 -25 24 40
-22 18 -39 -13
39 28 38 -11
36 -2 -20 19
-23 20 -9 35
15 -27 39 8
30 9 -9 0
-24 -29 -14 -27
-29 -41 6 -8
-20 -31 7 -23
-37 24 -8 -13
-40 -30 2 -29
30 -8 -5 27
-37 29 40 -16
6 -4 -4 -16
-21 10 27 -5
-37 5 -24 -30
34 -7 -9 19
-19 28 -4 10
-19 16 -19 -36
25 15 -25 7
-24 -22 -31 41
37 40 -21 -14
37 -4 36 -14
3 -40 -24 13
37 -4 1 -6
-10 -7 -30 -30
1 1 0 9
32 -16 18 29
7 -21 -33 -28
-7 -24 10 -30
27 -24 -20 -21
8 -20 -33 -5
-16 -7 0 -12
8 29 33 -12
-39 28 -10 2
12 9 11 42
-28 -6 -12 -27
33 13 11 12
-27 10 31 -5
32 -23 -23 41
-25 2 -25 28
4 -6 -8 -35
2 20 -22 -5
10 35 -35 41
30 3 26 28
-37 9 31 4
8 29 0 -23
-5 16 -18 15
12 43 22 -30
24 -12 22 -14
24 25 -6 35
-26 1 -18 -34
21 20 -9 1
7 -19 -32 -9
29 -13 -23 0
24 7 12 -26
-31 27 1 -28
7 32 9 -13
36 27 18 17
41 -35 18 16
-20 20 18 -39
22 6 27 -39
38 -40 -9 22
-12 -3 11 -39
37 35 -3 -26
-39 25 24 31
33 -3 8 25
24 -43 0 12
31 5 -11 12
38 11 36 -31
-15 -2 36 -23
-28 -28 -37 -37
-11 1 9 10
25 28 35 -10
34 -11 -14 -38
0 0 -23 22
25 34 18 28
26 -29 -30 10
-6 36 33 7
-13 -20 0 -19
36 0 31 -30
-32 12 7 30
10 -37 25 43
26 -34 25 34
-6 -4 4 -29
-32 26 18 -10
-29 14 9 -9
11 -29 -29 -24
-35 -33 -7 23
-40 -10 12 7
-29 2 0 -9
1 -27 21 -17
37 16 18 -10
-29 -13 17 -22
-17 39 34 31
23 31 -30 -30
-19 22 -6 -22
-20 20 -38 20
-26 -22 0 3
29 39 12 35
-32 31 -38 -20
-11 -4 37 -17
17 -15 24 43
-23 -1 -37 2
9 27 -29 -7
34 2 37 -38
0 -29 11 8
-34 -28 -20 6
19 -34 11 -14
35 -29 -6 -11
14 31 21 7
-29 -6 -24 28
4 -35 -5 1
12 25 -19 2
-29 -23 -18 6
-3 3 32 39
-38 9 -32 17
8 -23 21 -8
41 5 13 -14
-3 20 5 17
5 -12 -12 -2
-1 -24 -17 -12
21 34 33 2
41 23 -39 -5
-9 24 -17 -38
-9 -22 7 -1
2 7 31 -36
37 -33 -5 -2
38 -18 -29 -12
-37 22 -5 11
-11 18 -31 -14
-23 -7 31 40
3 -43 -25 39
-31 10 36 35
7 -25 -32 -39
22 -14 -23 20
15 -6 -22 -10
7 35 -29 29
14 -1 8 -33
-25 -16 -37 17
14 -22 -10 -8
-9 -40 13 17
-16 -25 23 -29
35 35 32 31
-40 -36 -38 26
39 30 0 19
25 -27 23 -10
17 -4 -21 -24
-28 16 12 4
10 31 -1 -36
14 11 -3 42
-28 -34 37 -35
-28 -23 9 -26
-12 -10 33 11
2 43 -27 14
22 -23 19 -13
-4 -35 25 0
-33 12 -17 -26
15 -35 38 1
14 10 19 -22
21 35 -19 10
6 43 21 -2
0 -15 15 25
-3 -24 27 -3
-30 -11 -25 -20
4 -3 26 11
30 41 -38 3
35 -32 26 17
10 8 35 -32
-20 -31 0 -36
-34 34 -3 19
33 19 -31 34
25 27 24 -7
-33 -2 -38 -23
-2 -34 -20 34
-36 31 -37 -2
8 -19 36 -2
-15 -41 9 33
-1 0 3 26
-15 37 -14 -7
-40 -2 2 -20
38 -36 -15 -18
30 17 15 -29
-1 -26 7 31
13 -38 -36 -27
-14 24 -40 24
26 -37 -29 -34
-1 -35 39 18
2 16 28 -12
-19 -22 -29 37
27 10 7 15
14 -11 27 -38
36 -29 -34 -23
26 -37 -8 16
-31 24 -31 -34
13 9 -6 -11
-30 3 -17 11
2 -31 -7 -15
17 33 -34 39
-36 -6 12 35
33 0 -28 20
-30 0 32 3
-6 33 17 -18
-25 15 14 -35
12 3 1 -28
-14 5 -17 -13
-22 24 -32 -4
19 2 -37 21
26 0 -12 7
-24 -38 5 0
14 12 -2 41
0 -30 -14 -38
21 27 -13 -16
-5 39 -22 19
-1 37 37 17
33 2 12 -7
30 28 -9 -21
19 39 -34 21
33 14 -36 26
-1 -3 -1 -38
30 -14 -29 -18
1 35 0 -27
31 45 37 2
-40 -20 -19 -13
-14 13 5 1
5 -9 22 14
-12 39 37 40
14 43 3 -15
-20 5 32 9
-20 13 14 0
-34 40 -27 3
1 -12 -25 1
19 32 35 28
27 -3 36 41
18 -14 17 15
18 -2 0 -23
5 38 -15 -28
37 -41 -30 3
34 -29 -38 -39
15 17 10 -32
-24 18 24 -14
16 18 -15 -13
14 11 6 -31
25 -34 37 -37
-19 -20 -5 -15
-12 2 -10 -10
19 37 10 -34
-2 -40 40 -16
36 23 19 4
-30 27 -25 -16
18 37 26 -35
32 -38 0 -3
-41 -12 -26 -38
7 -26 -26 16
15 21 15 0
-30 16 3 35
7 0 40 -25
16 -40 36 27
-3 -33 -27 -15
-11 33 -13 24
-7 -19 10 -33
-32 -7 -8 27
22 31 -22 1
-37 39 -2 -19
-16 -9 11 -8
6 -15 -12 -9
-26 -22 -34 -18
11 -28 -17 -9
-21 -34 33 -8
35 -6 -30 -7
22 -2 -24 12
31 31 -21 -7
-11 -29 34 5
-24 -31 21 6
-17 -35 -40 20
29 -29 12 -22
37 25 12 -6
7 34 -11 2
23 22 35 42
-1 -33 0 -36
14 38 -21 23
35 -4 -36 -1
36 7 38 30
4 -33 36 0
21 42 -18 17
9 13 29 23
-40 -5 -28 6
-10 18 -2 36
9 4 5 11
-3 39 21 -25
39 24 16 -34
-12 0 -20 -36
27 20 22 -40
-10 37 31 34
-38 38 10 -15
31 -34 8 35
-7 -4 -7 41
-19 -6 33 39
-28 0 23 -39
-36 -11 6 28
28 37 -14 -24
-15 11 -7 -38
-4 -42 35 -26
8 -43 -33 7
-10 13 38 -36
33 34 31 -12
17 2 -26 -26
-30 -2 31 -1
10 -26 -11 -13
-5 -34 -14 -24
-40 -31 19 28
38 -10 18 35
32 34 20 -26
-14 -6 12 -17
-2 -1 -16 2
-12 19 37 8
0 -2 -12 -14
15 -25 6 8
10 10 8 -26
-41 -31 1 -23
-21 38 -41 -28
-1 -9 -34 33
-32 -1 5 31
-10 13 21 28
13 -35 -20 -6
7 17 23 -9
29 -34 -41 7
19 -21 36 3
-39 -1 -6 2
27 12 -11 -19
33 -19 23 6
6 14 -33 -33
-8 32 -34 -26
-32 31 15 -21
4 10 -36 8
-3 -11 -21 25
-8 20 -6 -9
-28 16 -25 37
-18 2 30 35
17 45 -14 0
13 27 -15 -1
-22 3 11 -38
25 25 -8 -9
-11 14 29 -35
4 -2 -1 41
-33 12 -18 13
-18 -16 31 1
24 12 -5 33
-39 18 11 -5
4 39 -8 23
-9 16 -14 22
33 27 -18 6
7 -36 3 -20
-15 -29 -6 24
-16 -21 -28 -32
0 33 -5 33
7 -14 -18 35
-26 7 -8 -36
0 -20 3 9
12 -1 33 0
1 -34 -24 -5
-35 -6 -26 -33
8 -8 23 25
15 -34 29 -7
-37 -25 12 15
36 21 18 -7
-37 31 1 19
-21 17 -24 -27
-41 -34 -19 41
4 -2 -33 41
-19 1 -7 0
0 -43 3 29
34 -11 21 25
-5 -27 1 -9
8 -15 8 30
-31 -37 20 -16
16 16 13 -16
-35 16 -32 -11
14 -23 34 25
-8 37 -40 14
32 -20 7 -22
-9 35 -9 -32
-36 0 22 -1
-27 26 -38 -23
32 -21 37 -16
-18 15 0 -19
-25 15 -15 -38
10 -33 26 -1
-42 14 7 27
-37 18 14 36
34 10 35 -28
18 11 -19 20
7 -10 -35 -4
-33 6 31 14
0 -29 -14 20
-9 -6 -31 23
18 0 -5 -22
8 18 -31 -3
-21 15 25 30
36 40 -30 -11
2 -22 -21 -10
4 -7 1 4
-29 -17 21 -19
-19 4 8 9
-20 0 1 -9
34 10 -33 23
34 18 -40 11
0 2 38 7
-34 10 37 -20
31 16 8 -13
-14 -35 40 -36
38 1 -18 -32
-3 -6 -39 -8
27 33 37 0
6 -1 20 -22
-27 36 35 -11
-17 12 -26 -37
-6 -24 26 39
-29 28 0 2
26 37 0 -36
-23 -24 14 30
-28 -4 -37 5
-35 -18 -38 5
36 -35 -15 -11
-35 7 13 -39
19 -24 0 -29
7 0 37 -16
-10 -32 15 6
-30 19 -36 7
-2 15 14 34
-40 -31 -17 -34
10 -28 -10 27
-3 6 8 -12
25 31 -32 -19
9 33 2 -24
31 33 -7 -14
-41 26 21 -18
38 10 13 27
14 -12 -3 -34
2 7 34 11
-35 -6 32 26
-10 38 -8 35
-18 18 -28 40
-7 3 29 -7
-23 5 -25 32
38 -22 -38 30
-41 34 39 26
36 4 -22 10
-39 35 9 -27
1 -16 23 29
-31 26 30 -39
-27 -26 29 -36
-36 20 -11 -6
-16 -20 9 28
10 33 -7 34
32 9 -22 -33
13 41 27 18
19 -15 -15 2
27 -21 14 -31
-33 30 7 -30
25 -34 -2 -38
10 43 -8 -20
-15 -28 -30 0
-34 -10 18 -40
1 20 27 29
36 33 -31 39
-7 29 -40 36
24 32 -33 14
23 13 20 28
20 -20 14 -19
-31 32 -2 -6
-29 -40 6 38
-8 -19 -31 -17
11 23 29 24
39 9 23 -40
37 20 15 31
9 13 22 14
-41 -19 -13 4
-10 32 -35 -20
-42 -14 22 22
31 -43 5 25
-7 -11 -31 -35
12 -16 23 -33
9 -34 3 -38
-16 -2 2 -11
1 -18 35 24
-5 25 -6 -18
-22 -37 -25 17
-36 -23 -29 -19
12 -2 -36 -31
-42 -25 -29 -29
13 3 29 14
-2 29 -24 -9
-24 -6 -16 -36
34 15 -32 18
-10 28 -31 1
19 -34 -6 21
17 6 -2 2
-25 10 -15 -37
-41 5 -17 7
-25 38 38 39
-17 39 -2 -25
-38 32 11 35
-26 30 -18 24
-23 -13 16 29
-24 -25 25 -39
-2 -32 18 -10
-16 -34 -32 -24
4 20 -16 25
8 -27 -41 1
-8 -8 -6 1
-13 42 1 -13
32 1 21 -15
9 45 13 -11
34 32 8 -17
-24 43 10 17
-6 -5 36 39
-13 12 -35 -38
21 -2 7 -27
38 43 -24 -7
30 40 -36 20
0 6 6 17
29 2 -34 35
30 9 -29 -17
-33 27 -13 -25
5 34 30 -36
16 25 -35 8
16 11 21 31
-31 -27 12 -5
15 24 -38 -40
13 26 -37 8
-18 19 -18 -22
-5 -25 -26 -5
30 -21 -11 10
-24 21 -20 27
3 5 0 -30
-30 -10 3 -33
31 21 27 -6
-27 -33 -11 -41
-33 1 19 24
37 -18 0 16
-27 -7 24 16
-35 -32 -41 -14
-8 11 3 -33
6 9 -2 31
-1 6 6 -39
-8 20 -19 39
27 37 37 0
-25 -1 3 -24
9 20 -30 -15
13 19 -22 -8
-1 23 -12 -3
8 20 10 30
-16 16 20 -27
35 11 10 39
27 -11 -39 35
-41 -10 27 31
-27 -26 28 15
-27 37 -20 -13
13 -41 24 20
0 33 -6 -37
-26 -24 2 18
-14 15 38 -12
-9 -4 15 30
4 -9 -34 -21
-7 15 -5 -15
3 2 2 19
2 -36 37 -3
17 41 30 10
-44 -4 -34 -35
11 -37 -38 38
22 -29 -1 30
-41 -29 -34 -24
25 8 19 37
-13 -3 36 -35
21 -20 -26 23
25 44 -7 18
-35 12 -23 -39
23 33 7 0
-26 -30 -1 -35
6 37 30 -4
-13 21 -8 3
3 39 27 16
18 7 29 -28
35 -31 -7 2
29 -15 22 20
10 27 28 7
6 -42 -2 16
-24 -28 -15 -39
5 -18 21 -36
-41 -20 23 -9
10 -34 -2 -25
-29 -10 41 12
5 35 -2 35
18 -14 23 21
32 -24 -5 -37
-22 26 3 38
35 -30 -32 -26
0 -32 -30 6
23 16 -26 24
16 -13 12 17
19 17 -37 -2
12 -2 -14 -32
-16 20 -7 -18
7 -14 2 -26
-21 -2 -34 21
-42 37 -25 -32
11 0 32 -8
0 30 34 35
20 -3 33 -19
-17 4 32 11
34 7 3 -17
25 32 13 43
17 -20 -39 7
26 -21 3 20
25 39 -39 28
31 -4 0 12
34 -29 -4 -26
7 30 -19 -16
32 -15 32 -23
-44 -26 -28 35
-6 14 -25 38
-38 -8 -13 -32
26 -29 -38 41
-28 -14 4 -19
31 40 15 38
-7 25 17 -23
-15 38 -20 39
-12 -33 17 -1
21 7 11 -11
5 -3 -5 23
-12 23 33 -13
-6 44 -20 -25
-15 21 -40 0
12 -17 10 -31
-10 -15 -8 0
-26 26 -13 -9
-31 18 -21 -26
0 0 0 39
-7 21 -39 -22
-25 -21 14 -32
34 28 -22 -41
-6 -4 0 14
28 -17 2 0
25 -42 29 20
-24 -9 -4 25
8 -17 24 -24
7 -24 18 -10
32 2 32 -9
4 31 -20 -37
24 -31 5 11
9 -30 37 28
31 34 37 28
-43 -36 32 13
-24 22 -19 1
24 -30 -24 25
-30 -22 39 26
28 -8 6 -39
28 -17 13 -35
5 -8 19 35
9 27 -15 37
7 8 -11 -16
-35 6 -12 -27
0 -1 17 9
39 -26 3 -21
-3 -19 0 -16
-18 -19 -24 21
-6 -17 27 13
-12 11 20 9
-26 2 24 11
12 -39 9 -23
-41 0 14 -26
7 32 33 19
19 -15 28 13
-10 -20 -31 -38
33 14 -29 -13
-30 -5 12 0
23 -28 38 33
5 7 -20 -26
-25 32 -1 29
-5 8 -40 -22
17 1 -15 0
-20 2 15 8
29 -40 -3 -14
31 33 -10 21
-23 8 -29 1
29 15 -7 -18
-4 5 -18 30
-27 33 27 35
-45 4 -12 38
20 17 13 -7
-29 6 5 9
-3 43 22 1
-30 -27 0 -4
12 15 4 -38
28 -5 29 0
17 -17 23 -3
-44 -37 -34 15
-24 22 36 10
16 -11 1 11
12 16 0 -8
-32 37 -22 35
-12 0 -26 4
11 -23 -21 15
19 -13 -12 -39
-16 -17 -21 18
35 37 -29 2
-42 -8 33 36
22 -20 22 -37
-12 -34 -8 -38
-7 20 -19 32
11 31 22 30
27 7 9 32
-33 0 3 -25
-18 21 0 12
-11 35 -10 15
-39 -10 -15 -8
-10 -29 -24 -21
-6 38 -41 -9
20 9 17 14
-3 17 -31 -16
-8 10 38 17
-9 -34 -38 28
-31 0 -27 -24
-30 20 3 6
-35 -7 -24 34
-23 12 -16 1
-10 0 -10 37
35 11 -33 -7
-1 16 28 -8
10 2 -29 8
15 -12 -13 -16
9 -15 19 20
-11 9 -36 -25
-16 21 5 25
35 23 16 36
-37 -6 0 -16
-38 5 -42 33
-11 18 -9 34
-19 37 37 -5
23 -15 6 -37
27 -33 -12 -9
-1 27 -28 -3
-33 -20 -36 15
-26 29 -42 33
1 6 -3 13
0 18 39 -23
-40 4 13 -36
8 3 -42 2
10 -8 -39 -13
25 34 14 -6
-9 40 39 29
28 14 -22 -22
-46 14 27 -1
28 -24 -12 35
29 -26 -28 28
25 -22 27 -12
-15 -27 4 -44
-23 38 22 -5
-17 -33 -11 31
3 21 -38 6
-37 -17 -29 33
-41 30 20 -36
5 -2 -28 24
23 -10 -3 -16
-31 1 -12 -40
34 34 -36 -11
-17 22 15 35
-36 -23 2 8
-5 -35 -2 14
24 -19 35 26
-29 -23 -15 37
26 23 23 17
-18 11 3 -6
1 -20 35 23
-27 32 7 7
-36 35 -19 4
37 19 -15 36
28 -28 -32 -28
-7 36 -34 12
-17 -34 -12 40
-37 14 13 9
-37 -34 -8 0
-18 28 -21 -12
-29 7 15 16
5 -17 -16 3
-6 -4 -41 -6
37 25 22 10
14 0 -19 15
12 -17 14 8
-28 38 -25 -31
-2 -32 38 32
-29 28 24 28
-35 28 -25 41
-14 -13 33 6
-6 8 9 13
-13 10 -2 19
6 28 11 28
-26 -27 -4 35
9 -18 8 11
15 17 -42 -1
21 8 -8 22
-37 37 39 28
-31 1 27 1
1 6 27 -12
-32 2 2 25
13 -35 -24 -5
-43 21 -34 -14
-28 -25 37 34
-47 -2 -39 -5
27 25 -1 -5
-31 -33 -34 -27
-11 3 34 -4
-42 -12 -17 6
22 -10 21 -29
-38 -32 2 -2
-8 38 -19 -44
2 -32 15 -37
-29 29 -31 7
17 9 -29 -21
26 12 -39 -13
-6 -40 -23 30
3 -37 26 -3
11 -15 -26 11
-36 11 14 30
28 29 16 -39
-20 23 1 11
6 -27 35 -13
3 -6 -27 -13
23 -13 -16 36
-34 -15 13 29
-8 14 11 -40
29 -40 -12 6
33 2 -11 3
-27 -18 16 40
4 -17 -25 10
15 -28 -25 -28
-42 22 4 15
-9 -2 -12 -22
-27 -14 27 36
-36 -5 -2 -19
31 -35 9 -28
-28 -12 -14 -6
30 3 -37 -2
-33 -41 -6 39
4 16 27 -1
35 7 -36 0
35 -2 25 -31
-27 -25 -16 -5
33 4 0 37
-34 16 21 28
-23 29 32 38
26 30 -11 0
4 24 10 18
29 9 -18 1
-33 -32 -29 37
9 -14 23 -39
12 2 -17 34
11 -1 -5 -26
19 -41 13 -25
-48 -7 33 -34
18 -22 7 -40
-46 33 -37 36
-42 22 -31 -24
15 -3 -21 6
-41 0 -21 -9
-53 31 37 7
-43 2 2 7
-28 -14 -10 14
-44 1 1 -5
-9 29 21 -38
0 32 34 -20
-38 -6 -34 13
-15 43 8 24
13 -33 -44 0
-12 -34 -37 -29
-33 9 28 32
27 -1 -42 -5
-31 -7 1 22
-37 -10 -15 27
32 -38 26 27
0 -26 -2 21
-22 15 12 -31
5 11 -4 -33
-9 -16 7 3
-32 3 15 -15
-33 -37 17 -16
2 -12 -5 -19
34 -19 0 25
27 2 -17 37
-10 -27 -20 -33
-6 -17 17 -38
36 -29 12 -8
-38 38 -14 18
-27 -39 -3 35
-17 35 -17 -40
7 -4 -4 -2
-27 -32 9 25
-35 29 -14 -22
-13 7 7 39
-14 27 8 26
-20 15 9 -29
12 -28 23 -10
-18 31 -16 2
-5 2 24 8
28 -43 4 5
-22 -39 37 -35
26 -8 22 14
-1 6 27 8
19 26 40 13
12 -23 39 -15
-2 11 3 3
32 -36 -20 -30
-17 -2 38 -4
-15 -42 38 31
32 12 39 24
-21 -11 17 -20
-29 21 11 20
-13 26 -39 -11
15 -14 19 33
-35 32 11 -15
-9 27 -16 -10
-18 -33 32 2
-16 -30 -1 -38
-23 -3 -34 -17
-18 -30 27 -22
3 -21 -19 28
-12 -21 3 6
25 15 -38 14
0 5 -5 29
12 -22 -39 25
-15 -33 22 -23
0 15 -6 -22
-43 -26 -42 21
22 26 -34 21
-18 11 -40 -31
-45 39 -41 14
-36 19 13 24
18 11 -35 -1
-29 27 -39 -9
-21 30 -23 17
16 -33 -8 -14
-28 -9 -10 -11
-41 14 17 -25
-30 26 -28 -13
32 -20 13 0
-46 -26 27 38
0 -13 2 -42
-31 39 35 11
14 13 -22 -18
-35 10 -19 -4
-41 -17 24 34
15 1 8 26
-38 -20 -38 11
-41 27 -4 31
-30 6 39 20
-40 30 -3 41
7 -7 15 0
40 7 8 -35
33 6 -22 41
35 -10 18 -35
16 11 0 -6
38 0 -33 11
-20 -14 -32 7
14 -26 -36 -2
2 -19 13 -4
23 20 -2 31
29 -15 -28 -21
-8 -19 -17 -8
-24 29 -9 -6
-15 -21 -29 -26
-22 -25 -21 -22
-14 9 -30 10
-22 -36 25 3
19 -42 3 3
-39 23 38 19
19 -26 -39 -12
-31 4 -11 -2
-45 -15 0 -5
-30 18 -41 39
-19 -20 -3 -10
13 12 -6 23
-40 17 -25 29
-20 5 -40 29
-54 10 -40 -2
-13 -26 16 -32
-4 -5 2 -24
-33 -3 32 -24
-22 12 25 -35
17 -3 17 -3
-50 -25 36 -40
9 -12 0 -20
-9 16 1 -34
-5 18 -45 1
-2 26 26 6
20 13 9 -17
10 7 21 -39
7 30 -35 31
-44 -7 20 -3
-31 17 -5 -36
-35 -19 -31 -42
-20 32 5 -15
-18 -6 35 -27
6 12 21 -12
-18 20 -43 12
15 16 -5 22
-2 7 -40 -22
-9 36 -37 -2
-27 -24 -39 -32
15 21 -22 -10
13 3 10 14
31 29 -18 35
26 -19 4 -8
31 7 -30 15
-9 7 -6 -30
-4 -30 39 -22
-29 23 22 1
-21 2 40 -30
-39 37 -29 -21
-36 -1 -2 -24
1 36 38 18
29 36 -1 17
-27 27 -6 37
-17 7 -8 -4
10 -29 -17 31
-42 6 -33 -8
-26 -27 -35 24
-35 19 -5 -31
-1 -32 31 -22
20 -8 34 30
13 -29 2 -5
29 26 29 16
11 30 -15 13
0 -5 -2 -23
29 -30 -19 25
17 24 -11 -13
27 -33 -41 7
-36 32 -29 -36
-14 10 31 -21
-29 26 8 -13
-25 -24 -7 -38
18 -17 7 6
-31 14 33 23
12 -45 7 2
-11 -27 35 24
-1 0 -35 6
-40 7 -21 -3
-32 33 -35 32
14 1 36 -18
-17 0 13 -18
-40 22 4 11
-9 -15 1 1
8 -14 -41 -3
-25 63 5 -27
14 -1 8 2
-34 3 -38 -23
5 -3 30 -31
-10 25 -12 -36
-33 22 7 20
-13 -20 18 -44
-31 -27 -40 -1
-30 -9 -35 -32
-2 37 -5 8
10 18 5 -8
-9 26 -11 3
-34 21 39 -6
10 -5 -1 32
-4 5 3 -22
-6 41 3 1
-17 -4 39 -28
23 -18 -10 0
35 14 15 -4
-27 -7 0 -15
-14 14 9 -24
-36 -17 -17 12
33 0 -11 7
-5 31 40 29
9 22 -36 28
43 -20 -34 -8
2 -2 10 35
-35 16 -9 7
24 -6 1 -24
-10 8 -41 19
-29 -38 -21 -8
-43 -41 -16 42
-3 -10 -31 40
-44 -34 -21 -4
8 -23 -4 32
0 -37 30 -9
-43 -45 -36 20
31 -6 -31 32
16 -24 -31 -34
-8 33 7 26
-25 9 -33 10
31 9 -37 38
-37 -20 -40 20
2 -33 29 21
-6 32 40 -23
14 -15 0 38
9 -34 25 -31
-16 26 -16 1
16 -42 -21 5
24 -15 -1 -8
-8 -45 29 -33
-42 -44 9 18
-6 -4 0 13
15 -39 17 -24
-14 -3 -36 -44
-10 21 -43 -9
16 12 -28 26
4 12 -23 31
-7 49 -17 -47
-28 76 -20 -27
-55 -7 28 29
12 60 -14 1
-26 9 14 14
-27 14 30 17
-47 10 -34 24
0 -28 -28 -22
30 21 9 8
-5 -10 -32 30
12 -9 0 1
-46 -29 29 -2
14 -7 22 -3
-4 2 -32 24
-1 0 -19 18
32 -4 -21 -29
27 40 -2 -1
-2 21 37 24
-20 25 -31 3
-3 -27 -8 3
27 13 -20 43
-6 -23 15 -7
-38 16 -6 -33
-32 1 -21 35
-22 -35 39 22
-15 -8 0 19
15 8 -33 41
3 16 21 44
-16 33 19 13
-6 28 11 30
-3 -46 16 0
30 -8 28 -1
26 31 0 -32
-21 19 -27 -19
-47 -7 -28 15
-39 -27 17 7
23 -12 35 37
-11 9 -14 -1
21 22 -18 -14
-18 -46 -23 -26
-23 25 0 28
-2 24 -33 0
-49 20 -28 -20
30 4 28 -28
-19 -3 -20 7
-20 -11 -32 38
-17 -45 23 -1
13 -18 -22 -35
10 -29 14 10
-23 -27 -39 30
-46 -38 -5 4
14 -11 -6 31
-45 7 11 -36
-42 -23 -8 -15
-28 37 -29 22
-55 37 -16 39
-37 42 18 -41
-18 -2 -23 -8
-18 15 -40 6
8 20 -17 2
-31 73 5 8
-31 81 -22 -21
-52 -2 -40 8
-57 23 -18 24
-31 19 19 -46
-16 40 24 -23
20 -3 -37 15
-11 -5 13 -21
-47 -10 -40 35
-24 36 3 32
0 41 25 30
4 5 20 23
5 23 -11 -36
22 39 -28 -19
-23 -20 -18 31
22 -21 -23 5
-29 -22 -3 4
-18 -3 39 -12
42 31 21 -29
-37 -17 -14 21
37 -33 -1 -5
25 41 7 -30
-35 34 -16 33
-20 -25 -21 23
-34 6 -2 24
-35 -37 -32 31
-16 24 -30 26
-1 20 30 30
-19 16 0 3
-5 -8 4 21
-30 -20 -36 -1
5 -46 40 23
-33 21 9 -18
-17 -16 -8 -32
4 -7 -14 17
-12 8 28 41
-23 -17 4 26
-3 21 -6 -8
25 25 -1 20
-26 -6 -18 -36
-45 -15 17 -28
6 5 10 37
0 -7 8 37
-36 -39 -22 -1
-47 10 24 -32
-33 14 -8 -15
-42 -5 22 6
33 -45 -19 -17
-22 -15 -37 10
24 -23 -25 -34
-44 -36 42 21
-38 12 -18 -33
-19 -31 11 15
-46 24 4 39
-41 -14 26 26
-9 10 7 25
22 0 -2 24
14 37 8 -26
-31 90 -35 -5
-8 43 20 -13
21 51 -22 -6
-14 20 21 -11
-46 76 -50 -20
19 -5 6 8
-47 32 -30 -36
10 16 -38 0
8 38 25 17
-36 36 -19 -27
7 20 -2 -36
-26 9 10 35
-21 15 -21 1
-8 -18 35 -19
-13 -1 -23 -18
-13 -10 24 12
30 5 9 41
-10 44 -6 24
-17 31 -8 -13
30 -13 21 -35
-12 21 -15 -2
-31 -28 -34 0
-19 -13 27 -17
22 -10 21 -19
-8 24 -32 -11
-9 21 -2 15
22 1 -38 5
-31 -23 -35 -21
-15 17 11 15
30 -33 29 -23
21 -4 -21 28
12 -12 -32 -10
-8 -37 8 -35
-22 37 -12 -5
-19 -1 -20 -24
-5 12 28 -15
-35 28 -20 -25
25 -22 -39 -24
19 -34 -3 42
-34 28 19 -9
-5 -24 8 -6
-39 -2 -3 -11
17 -38 38 -13
22 -22 -28 -10
26 -17 -13 -9
29 -40 29 -11
-30 -1 -33 -6
-10 3 36 30
38 -30 11 46
32 -52 43 47
11 -48 -33 -24
35 -48 40 -11
36 27 0 -27
-6 -14 -39 10
0 -28 24 24
40 14 -32 20
-18 -2 -39 -24
37 59 -20 45
-47 62 -14 -1
-13 55 -27 -3
-34 112 4 -14
10 79 27 7
-26 64 -25 31
-35 61 27 36
14 72 -31 0
-48 28 -34 29
20 39 -12 16
-40 4 3 39
-31 -12 -3 9
-39 15 -17 -11
0 30 -42 -34
-40 33 23 36
11 -8 16 -11
-27 -23 -23 13
6 -16 -28 -23
19 -21 -10 -14
-24 11 5 29
-34 0 35 -19
41 -28 -15 18
-7 -36 10 41
37 43 -2 -26
-32 -17 37 -22
29 -16 -22 -23
-2 -11 40 10
44 -23 2 -29
-19 26 31 6
1 -32 -9 -20
0 31 11 -38
-26 -30 17 -22
-18 -13 29 25
8 -1 -3 -21
11 -10 -29 -18
16 -7 -3 -32
30 36 28 0
32 -22 -6 3
-22 -7 24 14
16 0 -27 -5
4 15 -4 -9
29 -20 37 -20
-25 -25 31 -8
-35 19 18 33
37 -14 16 -28
37 18 40 14
-26 14 -20 43
27 -32 -3 7
3 -48 -12 9
-7 -23 -35 24
1 19 23 -2
-18 -10 -22 21
41 -50 40 8
27 -21 -1 -18
47 23 -40 51
50 23 -27 -14
-7 -11 -7 3
8 49 -4 -23
26 15 -23 16
-34 71 -34 -4
-23 94 -41 -21
32 65 -15 42
-17 52 0 31
31 41 -2 19
-34 43 29 30
26 67 -4 17
-34 45 15 -38
-39 7 18 10
-5 23 -39 -32
29 54 -15 18
-32 -25 -33 25
-37 -18 32 -28
-27 -14 31 6
2 15 -16 -11
-17 -14 -26 35
-26 39 -34 19
-35 -12 -3 -20
31 -33 -31 3
-6 -5 -19 -21
-12 -35 -27 -1
-28 -36 -33 -36
-5 -13 26 12
-35 28 -9 29
0 1 -13 -4
18 21 13 -6
-3 -2 4 -16
-10 -32 16 -39
-31 -16 -9 -28
8 11 8 -8
24 -26 13 19
38 -19 -14 25
3 0 -26 13
-32 0 -38 16
17 3 -19 33
-34 -3 24 14
34 -3 19 -37
4 -21 -8 -37
36 -13 17 -8
22 -17 -20 -25
-17 -26 37 -18
-30 -42 38 5
28 -26 -34 3
-39 -24 12 18
-38 16 -7 35
17 -2 -16 10
21 21 -19 -21
-33 17 26 34
-13 -31 3 41
-29 -11 -31 25
39 15 27 27
40 -38 33 46
12 -23 38 35
-19 26 30 24
-9 -10 33 24
-26 26 -20 45
47 -25 11 -27
31 10 -14 -15
-20 27 27 24
25 76 8 -23
-20 39 8 49
-22 72 28 27
-20 59 29 -1
12 30 6 46
30 25 -6 -5
-37 41 27 2
33 58 -17 -8
13 22 21 33
10 0 18 -7
-19 46 -4 15
-18 -16 14 5
-13 23 23 -8
-23 -4 -1 17
0 -8 -29 -20
20 23 -26 4
13 38 37 -25
14 40 9 -5
-12 9 27 -38
-20 35 -23 3
16 5 -28 -13
43 36 -26 9
26 11 11 -3
11 38 -23 -22
16 0 -7 -32
12 -32 19 -12
-16 36 -28 -30
43 -2 -4 13
23 -20 -31 0
-24 -39 -1 -28
0 34 -36 23
-9 27 8 -34
-34 -13 -5 22
-23 15 34 -16
2 0 34 13
-37 11 39 21
-29 -40 0 39
-24 -18 40 17
31 -1 -24 -13
-38 -5 40 32
6 10 0 -21
-21 24 37 25
-35 -23 -31 6
6 30 6 -37
25 -14 -14 -1
-22 22 14 -34
-18 -13 13 -10
26 -4 -3 -14
41 14 12 7
23 14 2 31
18 -39 -10 36
4 -3 -27 15
50 -37 -10 0
9 16 31 30
29 28 -14 38
45 -20 8 3
41 1 0 36
-25 51 -4 46
-24 63 -2 29
13 82 -12 32
3 53 14 21
-2 78 21 25
11 34 19 15
20 44 4 -28
-27 24 2 41
14 24 -5 24
26 34 -27 3
-10 7 23 10
-20 54 -34 22
19 -8 32 15
-24 40 20 15
19 40 -34 -1
25 25 -11 -35
39 -1 0 -30
40 1 -3 35
-39 -8 -32 22
3 10 6 7
-7 -38 -37 -11
24 -20 27 29
-4 10 -22 -40
-33 36 -6 -8
38 8 1 29
-38 -16 -10 8
30 -30 9 -19
0 26 -38 -3
-11 16 10 13
-5 -36 17 34
-4 -20 32 11
25 10 -39 33
-15 -1 32 -36
16 -27 17 -37
10 -9 -23 -22
-9 -5 35 -5
38 -6 4 1
-21 -4 -25 24
8 20 14 11
-19 12 -34 1
42 -2 -39 20
-6 32 27 -11
26 -43 14 -14
-26 -40 -39 22
8 -12 28 -3
-21 -21 -15 2
-14 20 -28 23
35 -32 -34 -24
-17 20 13 -9
27 32 -35 37
37 -43 -17 27
42 -13 -5 26
-2 -27 6 -22
42 -22 -38 5
3 -3 19 -13
48 -18 33 -15
11 5 -16 -18
54 23 -31 26
22 1 -20 21
41 19 -25 -22
0 37 -3 37
50 19 -36 -8
36 50 29 -7
24 38 6 -9
16 55 36 -10
10 45 9 -21
20 71 -6 -34
4 85 -19 11
11 71 11 -6
11 69 34 -12
12 13 30 -6
-24 36 -41 1
-30 27 13 6
35 22 31 -28
-22 -39 15 -34
-32 -3 1 -27
-20 -12 38 2
22 24 24 -22
30 28 19 -19
-37 41 13 -2
-21 23 -5 -3
34 11 -23 24
17 37 16 -39
6 22 -11 17
20 7 9 -17
-29 -8 -29 -35
37 1 -6 15
4 36 29 27
-15 -12 -36 -21
-5 -16 -1 21
42 0 37 -16
-5 -25 27 -19
-23 36 37 23
14 -15 13 29
-35 25 -38 0
-33 -40 -28 -7
1 -24 24 -39
-7 31 28 9
-11 -30 24 -17
-2 31 0 4
39 20 -36 -13
42 12 21 4
-25 20 -8 -26
23 5 9 42
-18 -3 26 6
20 3 35 42
-26 -2 -31 -20
24 -44 8 8
-3 33 21 10
38 5 21 10
9 30 -8 0
29 -2 17 -26
23 5 19 6
20 -13 0 48
9 -13 -24 39
19 5 -6 9
-1 17 -25 50
-6 32 -5 44
-7 36 -35 25
-10 24 30 30
13 7 28 -30
18 83 -38 -3
-32 87 -25 14
2 62 29 -23
31 84 16 14
-23 77 14 6
33 57 -21 25
-37 -5 17 -2
-36 19 35 8
-12 -15 -29 11
-1 -3 18 -10
2 5 -39 17
32 3 -12 4
23 -2 25 -16
7 23 7 -3
19 28 -11 27
-27 13 -23 -7
7 -39 -9 39
0 0 -14 -24
-22 -1 -36 4
-28 -39 -36 -24
3 23 -1 36
-4 35 4 -28
37 26 37 12
19 -21 -35 -30
-10 31 -9 -7
10 12 10 8
35 -35 2 -18
23 -15 -15 -20
3 -29 24 4
0 37 30 -23
-34 7 -10 9
-15 -20 26 -38
41 14 -22 39
-2 -33 21 0
22 7 41 40
-10 32 27 10
32 -7 -37 -16
-4 -2 39 -29
-32 18 -11 8
9 -3 29 -10
29 -32 26 0
19 23 21 -1
6 -12 34 14
-20 -25 -22 43
-26 -1 39 31
45 8 -17 25
-1 30 0 -7
23 -2 -37 -18
-5 -44 -38 36
29 -32 -9 21
-16 21 -25 29
40 -42 22 21
39 17 -8 -10
-8 -37 10 14
-12 9 -31 30
33 -17 -34 17
-13 26 -39 -28
-5 -3 39 -5
3 -2 13 -29
41 0 -26 23
-2 76 -29 -19
4 78 -24 -35
-6 67 -10 -36
-13 50 -6 8
14 63 -32 -36
3 62 -11 41
-26 34 -12 37
-4 12 36 38
-15 35 -20 -8
36 -17 0 -1
28 16 -40 7
-34 -17 -8 -11
-6 1 -36 -19
-15 -26 26 -12
10 -40 17 -6
8 -37 31 9
32 -31 -26 -30
-31 -38 15 28
38 -31 19 32
33 -20 -2 14
18 -38 -12 27
-1 18 36 23
39 -15 14 -10
-21 25 -15 39
-31 -17 12 33
28 -12 -11 -8
18 31 -38 5
-36 8 -23 23
-16 8 -36 -4
0 -12 37 -29
25 20 -23 -37
-14 20 20 -29
-8 10 30 -10
-9 -38 31 -15
4 -35 20 29
12 -37 35 8
28 -7 11 -26
28 7 25 35
-30 -29 -20 -38
-10 2 21 18
-27 2 14 -29
46 -11 1 23
6 9 11 -9
18 -7 -26 -12
-32 -18 41 41
-17 -3 4 -18
21 -30 -7 -10
-11 -37 7 24
45 -11 3 29
24 27 -15 23
-25 -20 35 23
26 1 17 -21
-9 11 38 17
6 34 -5 -20
18 37 -19 12
-16 52 30 -35
26 0 -29 32
-9 56 5 1
-4 52 -11 -32
-8 50 17 24
-36 63 -43 -36
-15 59 -20 22
30 32 36 -35
-11 12 -36 -28
-37 30 -39 20
-11 -25 -37 32
21 -9 -16 -5
22 4 -29 -30
-20 19 -39 11
36 32 -36 -25
-7 -5 -10 -31
37 -19 -21 -25
-6 22 -17 3
11 25 9 -3
41 -25 -6 39
-6 6 15 20
0 -2 -37 -40
-10 18 -10 -21
7 -24 9 32
-26 30 -23 11
31 -8 -22 -30
-37 3 -6 -4
-34 7 -3 34
24 29 -25 -35
12 23 0 18
-27 -2 18 32
32 -22 -1 17
11 28 6 18
27 -5 -11 -24
-18 -29 29 -34
10 -10 33 32
41 22 -20 14
-10 -13 12 39
16 -19 11 35
0 -38 5 -21
-13 -20 -38 14
-10 -19 -28 38
17 1 30 -16
17 1 27 28
-35 27 -26 19
-5 8 -19 -38
22 -9 16 17
0 -39 6 -21
8 -31 1 -35
6 -13 -11 33
-19 0 -38 37
6 -15 -32 -8
-30 1 10 10
-14 39 12 32
27 -21 40 4
-9 30 40 -7
22 45 27 42
-5 -16 12 1
34 46 -15 -1
-26 6 -33 33
-21 29 1 9
13 -7 19 13
-18 1 -31 -29
29 3 -40 29
-18 55 -41 -17
-5 62 15 24
20 -12 -41 -33
25 19 -22 21
-7 -21 4 -18
-17 -12 -32 -9
16 31 15 -4
-20 23 17 41
3 -35 11 2
18 29 -38 9
-16 -24 -35 41
-3 26 6 12
-6 -10 34 -23
40 13 -34 -23
16 39 28 12
12 -32 22 -22
23 -10 -9 32
20 38 -15 14
-25 -3 30 39
-5 17 16 22
7 21 19 -38
-23 -11 40 -26
-4 -9 -12 -9
27 -4 30 39
-6 -9 16 -37
16 -25 34 7
17 -6 -21 -27
-25 -18 -15 -35
-14 15 -33 24
13 -16 4 11
31 -26 33 22
-22 22 1 -14
-18 16 -36 30
13 8 -19 18
0 -24 0 -28
-2 -32 14 2
31 -12 10 14
-23 -4 1 11
-33 8 40 22
-10 2 -8 16
-18 0 -33 -6
17 -11 -23 19
44 36 22 25
22 -32 5 40
36 -16 28 -19
39 -17 -33 -36
-32 -24 0 39
-34 27 -32 32
-5 -34 1 -28
-2 36 -21 40
35 -8 -26 13
41 24 -7 12
-17 29 -20 27
37 35 -32 7
-26 11 7 26
-23 11 18 -8
-24 -5 23 -16
1 13 -26 -12
-3 60 -39 13
34 68 -35 -36
-3 65 40 27
-21 11 18 -20
18 9 -20 -38
-3 -1 24 -19
-6 -29 -12 30
-2 21 19 -26
39 14 11 15
-10 32 -36 16
18 -39 5 -17
18 -25 -30 0
-38 36 -36 -19
1 -21 14 -16
-8 35 -24 -19
4 -24 8 -36
-18 30 19 7
35 -13 18 -22
18 0 11 25
-20 -28 0 -4
-26 30 33 37
-29 -22 0 13
17 -7 12 26
-24 25 -23 8
-21 -31 40 0
2 -29 35 29
38 22 12 39
-20 -21 16 28
16 28 -21 24
33 -19 -24 27
43 1 11 42
-36 6 12 -14
-30 -18 4 -22
10 31 -7 -12
3 -6 19 -29
-34 39 42 34
-30 0 9 9
-35 -21 -28 6
-24 -9 26 -31
17 -12 8 -19
0 -26 11 14
39 -12 -6 38
41 32 11 -8
-29 3 35 43
-27 23 -13 -17
-15 -8 -20 -23
11 18 -29 38
13 15 -23 0
-6 -19 17 -11
-21 30 -14 21
16 16 -20 -9
-34 30 -34 -37
-9 21 7 -35
18 23 19 21
-13 23 -12 0
5 23 -25 -12
42 -21 -11 20
15 23 -27 -6
13 20 22 -1
39 40 -38 -7
0 32 -30 40
17 39 37 -16
16 -13 -7 -2
29 34 23 -10
0 -16 -24 -30
-40 26 38 -28
-28 -10 -1 -20
-30 -26 6 -35
-19 21 29 30
-5 -22 -25 -5
-2 -26 2 -18
-18 -42 0 -38
-34 2 -10 9
6 -18 -4 -12
40 -16 0 0
-19 -24 -11 7
38 4 8 -28
34 -24 -24 28
-38 -10 7 -8
-35 -5 3 9
12 7 20 8
19 -33 -20 -39
-33 -10 36 26
-17 -8 -18 -17
-3 -42 -41 16
-15 28 -11 10
6 -32 -28 2
25 -15 34 26
9 -37 -31 1
-9 30 -15 11
23 -27 -22 28
22 -32 -2 13
-15 -11 7 41
19 30 21 23
-19 9 10 -12
41 8 6 42
6 23 23 21
-1 0 0 33
-20 1 -1 42
-3 -6 33 2
-4 -24 18 23
16 -6 14 22
2 -15 -25 3
-15 -7 25 40
9 -29 -15 -38
-19 11 21 -24
-21 -13 39 35
32 1 -2 -30
-20 25 40 -2
32 46 8 -22
-16 28 13 37
24 -7 -24 1
8 2 6 -24
-27 0 1 16
-31 -25 -28 -36
40 9 29 32
42 28 -24 35
-27 21 15 35
-35 19 -15 0
9 48 -35 -25
20 17 -6 31
-26 8 -2 22
32 -8 -14 -11
-38 -2 35 8
31 -30 -25 4
0 -7 35 33
17 36 -18 14
-40 -23 -1 -14
12 8 -5 0
-12 17 -8 39
-39 -28 -31 4
-35 -37 -16 25
21 -37 30 -40
-36 6 7 36
24 7 37 -21
4 -16 -14 -31
-19 -33 17 27
25 13 -4 34
-23 8 -8 -21
-30 -29 -22 3
-29 -41 -6 -36
32 1 17 28
13 3 32 -39
0 -12 -14 -20
-38 -37 40 -19
-8 14 -14 31
8 32 -27 25
26 -28 32 28
-22 9 -26 20
-24 -13 41 20
-16 -31 -4 -31
-35 -7 -30 38
20 34 0 24
-15 29 32 14
5 29 -35 4
43 24 11 34
17 -8 -2 19
-1 -14 -9 28
27 9 -8 40
12 0 1 32
14 -14 39 13
-30 43 -15 -34
-17 -21 34 -17
-5 25 19 -11
-2 43 7 0
-13 -34 5 7
16 0 -24 -19
11 -26 25 -41
-4 -27 -13 -12
-10 -21 -37 3
-4 -28 6 -36
-36 14 7 29
28 7 -37 -4
-12 6 31 0
-15 -17 18 -8
5 -18 -16 -4
36 6 35 -36
25 -16 -7 -2
-18 44 19 25
-4 8 -4 -22
-11 -10 10 9
-5 -8 -14 -42
-26 -25 -18 18
-13 18 -18 19
2 30 23 -7
12 -18 -13 -6
4 23 -32 -1
-20 -40 5 11
9 34 -41 8
-33 1 39 28
-32 -33 20 24
-37 35 -7 -37
-27 -22 11 -26
-25 -16 15 -36
-22 30 -4 18
1 -10 40 -42
29 -20 37 -41
15 16 13 -22
-33 17 -23 27
1 6 -26 16
7 11 13 13
23 26 28 -16
3 -32 6 -8
18 -1 11 27
-3 -11 -33 29
-27 12 -20 -20
-4 -21 0 28
-28 21 -26 35
-9 -14 -27 -32
23 -38 28 14
-17 25 -38 -35
0 -37 -37 29
-13 37 21 -9
12 7 1 -5
12 6 0 -5
-34 -4 -38 -26
-29 14 -28 18
-14 -11 -7 -8
12 -6 -21 3
5 30 15 30
44 9 38 -13
-2 -27 -24 26
-23 -28 3 -1
-1 36 31 30
-12 0 7 16
38 -18 -21 27
-38 44 -26 1
31 43 24 -38
12 1 -32 -30
-37 15 35 17
28 -14 -12 24
40 20 -16 -28
9 -16 14 -10
-25 11 34 39
13 28 21 34
24 52 -15 -39
-10 54 0 -37
2 -9 7 24
20 -21 -15 -18
6 -21 14 -29
1 50 -30 19
28 45 2 7
-41 47 38 -25
-12 -34 -14 39
-8 39 34 2
-23 -32 -36 13
26 26 14 -14
-29 -30 30 0
-3 24 3 -37
15 25 7 -7
-25 2 9 -25
34 39 37 37
-7 16 -17 -29
18 -15 37 -23
38 -26 -40 17
5 1 -12 -27
33 0 39 1
-37 1 -38 16
19 12 20 -36
28 22 -39 -32
-37 -6 -32 -17
13 -39 18 -23
-4 19 13 34
36 -24 30 -30
14 29 8 12
-21 40 -6 -30
-14 22 -36 -25
42 21 8 32
14 21 37 17
11 -28 37 -30
20 -3 42 -20
-28 32 -2 -8
16 41 39 18
2 -30 -16 -14
15 40 39 -10
-20 15 -17 -10
-34 4 -22 19
41 -18 -15 23
-12 -15 7 40
18 -1 35 36
15 -36 41 8
38 22 -7 13
13 24 -7 -40
-33 35 10 -25
-32 31 39 26
-14 34 18 0
32 -25 21 32
-1 5 -14 -39
-14 -1 22 23
-29 -22 -7 29
10 52 5 -20
6 48 -31 -37
-7 28 28 13
-35 51 -36 -9
30 50 -37 -19
19 49 -36 -9
30 -10 -24 12
-22 19 -37 -27
19 -8 -32 -34
17 39 20 -7
8 -25 -29 35
13 -3 5 32
-29 30 -37 -17
7 -36 -8 -5
-31 16 39 20
22 -8 -24 -7
23 10 -16 -33
-31 -21 5 -40
-31 13 -17 -17
-3 -19 25 6
14 40 -22 39
13 -15 -14 25
7 -3 -22 39
-1 -20 -4 -28
-28 13 -9 0
-5 17 28 -35
25 7 -40 12
-34 9 -38 32
-35 -6 25 37
-20 7 -18 -12
-12 -32 10 30
-14 -40 2 16
9 34 -23 -17
-39 -9 33 -34
-36 9 26 -37
12 -17 0 -6
27 -23 42 38
-7 -19 23 -10
26 21 5 -12
42 36 36 6
24 -10 -26 -22
35 1 -6 -38
-32 -26 -35 -4
-7 19 0 27
14 8 16 12
0 33 -29 -7
27 37 -8 -22
-13 33 0 -38
41 -12 -30 0
26 37 -10 22
8 24 10 -22
5 -7 29 24
-19 -21 27 -2
3 27 -19 -33
-18 -7 36 -40
-14 3 29 -19
-25 5 -12 7
10 -17 -15 -4
-16 46 32 -33
27 20 12 -26
-8 36 -33 -35
21 -23 -39 11
41 17 -9 -11
11 49 35 -1
23 17 -18 22
-41 45 14 -26
23 50 -25 31
27 -20 15 -19
14 29 -16 -42
-24 -4 -25 21
-4 1 39 12
-20 -34 28 -10
-32 -36 -30 -12
-25 -15 8 -27
-10 -8 7 1
9 39 8 3
-10 -15 -30 -29
-38 15 -17 -9
6 -10 -7 22
-16 30 6 -2
29 -17 -23 31
16 -14 30 39
-11 11 12 -33
-29 18 3 5
40 27 -31 18
32 -8 34 -36
17 -2 15 -17
-6 4 35 20
15 -1 13 37
12 24 -1 19
20 35 -2 32
-36 9 40 -19
5 38 -26 9
22 14 28 -13
-33 -35 12 40
-5 8 37 34
41 -36 26 11
-24 -20 -32 -4
-28 -38 -30 -27
31 33 42 30
-25 43 -5 28
-9 -5 -19 -36
21 8 -19 5
34 18 9 1
-25 -37 -17 36
0 19 15 -39
-22 42 20 -26
-33 38 -5 35
36 30 17 -2
4 40 -31 26
-19 7 19 -27
37 -28 28 -32
3 -10 30 -11
11 -2 -15 20
34 25 -38 36
11 25 27 0
-24 -21 4 -28
32 34 -37 11
23 -26 -22 -13
-3 45 6 -22
20 11 18 -24
27 35 -34 32
-18 9 -24 -13
-29 0 29 10
17 29 -27 -2
34 39 14 25
2 31 24 30
5 33 30 -24
35 22 -30 23
7 0 38 21
-20 33 -5 -27
4 26 -30 4
-4 8 -16 36
26 -19 38 19
-22 21 38 -1
-23 10 16 26
5 29 11 -42
14 -31 36 -35
-25 20 -33 30
33 -3 -17 31
-7 10 1 6
-12 -20 -10 9
-38 30 5 -5
17 -27 12 -6
-10 14 -7 -23
24 -9 21 -41
-24 12 -14 -23
-13 6 -37 -6
16 -39 32 20
-39 -34 3 -2
38 0 0 -10
25 -8 -28 -34
-4 15 37 -10
-20 -28 0 -37
26 -16 -32 23
1 3 -19 -39
7 14 -32 -8
3 0 22 -4
19 -27 20 30
-32 40 13 34
40 8 -28 -29
-19 -4 0 33
10 -34 -3 11
39 5 -13 -29
41 -17 -20 0
-17 -29 33 7
11 -5 30 31
17 19 -17 -35
-19 33 34 14
16 4 -22 -27
5 -19 2 -13
35 -21 16 -1
40 -16 -10 27
8 -7 -5 7
-14 -29 18 -32
9 28 28 -10
30 8 -18 33
14 16 -11 -39
-39 9 -25 33
-27 -19 9 -41
0 34 10 -33
5 12 10 -37
6 21 18 32
16 -14 0 -10
30 -5 12 -39
7 7 -25 -25
12 -17 27 -39
-5 -14 -9 -15
15 35 37 26
35 -21 -33 -29
8 28 -1 7
-8 -33 35 26
24 23 26 -21
32 -18 -20 -5
-17 -23 19 -28
30 -35 7 0
-39 27 -18 6
-9 3 -39 -20
-24 15 2 16
6 -34 -37 24
-18 19 35 28
-15 31 -37 -29
14 -38 -39 0
-20 14 13 -40
-8 14 24 -18
-30 -3 -13 10
-15 -38 22 -37
-34 -13 -30 21
-38 -31 -18 -41
-30 -37 19 22
-34 27 -31 25
-9 12 13 15
-14 3 42 21
19 37 -21 29
-18 16 21 -16
-23 19 3 30
4 3 11 -31
18 -5 -25 -21
-28 -8 38 13
-11 0 -5 19
-33 37 14 -14
33 37 -16 -26
33 36 -8 40
-31 -8 -32 0
-35 32 -9 2
0 -4 22 -26
33 -5 31 -37
8 9 -36 27
-5 38 -26 0
13 47 0 -34
40 -21 -23 -11
36 24 13 -36
-7 9 -9 -16
7 28 28 -1
-15 7 -6 -3
21 37 -6 -9
42 23 39 21
14 43 -18 -20
-29 -28 8 31
5 43 31 15
0 28 25 1
35 20 9 2
0 20 -21 -30
-35 47 -30 0
-29 29 1 -22
29 27 -8 -7
-11 -26 -37 -21
39 -34 31 -43
-9 22 28 -5
33 -8 -5 -2
35 29 15 31
38 -2 6 -12
-34 16 -8 -8
2 -27 29 10
9 -21 -18 -17
-10 -8 -33 -3
37 17 -4 -22
-4 -34 -9 -14
27 -16 -22 3
-23 36 -30 1
20 -40 23 -39
-36 -25 19 -29
13 -39 12 23
34 18 24 -15
18 34 33 -40
-28 11 4 28
30 -15 27 32
-9 -28 27 -40
-14 19 40 9
-16 -10 -34 12
41 -8 30 -35
40 35 -15 -31
6 -25 0 -33
-20 0 2 37
-11 28 -18 3
39 -5 -14 29
-31 -19 30 -9
27 9 9 -6
28 43 11 22
-36 -9 -25 -34
9 37 -33 41
-25 -30 -20 -9
-2 6 3 -36
27 26 -17 24
-30 -30 26 -29
26 28 -33 -38
25 -18 7 -30
-14 2 19 6
-35 5 42 -1
19 -26 8 10
4 -32 -31 -38
-2 12 -32 -36
38 -8 10 -40
-29 -26 -23 -6
27 20 -24 -37
-8 46 38 30
28 45 36 -19
39 9 7 19
-16 -17 10 -33
-8 47 15 34
-28 -20 -14 -32
-20 -26 -12 29
-12 29 27 -39
-29 34 31 4
-39 -33 39 0
-31 44 38 -18
-40 41 37 33
0 23 -4 -22
-23 28 4 15
-17 42 31 4
36 3 10 21
18 -24 0 -42
-25 21 -19 -20
-32 -3 -11 26
25 -35 27 17
23 18 6 21
25 -17 -16 -18
-30 26 -8 12
-23 -26 33 -40
38 -30 25 -9
-1 -20 -29 13
-29 -22 -40 -31
8 -1 10 30
-29 -19 26 -26
-29 -15 31 -28
28 -32 -5 -27
39 -36 -22 -20
28 23 -36 29
9 28 6 -20
21 36 -2 -20
9 -2 37 17
14 -9 21 7
-26 -5 37 8
16 -18 -20 21
-17 40 27 27
31 20 16 35
-31 -8 32 -3
13 -37 -26 -24
-28 18 2 2
35 6 -4 -4
37 0 38 35
11 26 8 28
-31 -26 33 39
1 -32 40 -34
-25 15 -22 37
4 17 36 29
-10 -29 -37 -35
14 -34 0 38
-5 -8 -6 20
36 -14 -26 -28
30 -15 -10 18
41 -7 16 14
-16 3 -38 -2
13 -12 -4 -2
-39 -23 -28 16
-29 50 6 -37
-15 14 -26 -9
-34 26 41 -8
-34 -16 30 -6
-9 -16 16 -8
-26 21 37 -35
-27 -9 8 -18
-31 8 4 -11
-36 2 -37 8
-31 -3 15 5
20 13 -21 21
-23 -14 17 12
3 10 -38 -5
-7 37 7 -18
38 23 -36 -8
-36 20 40 0
8 -29 -33 -41
1 -23 -5 28
39 15 -39 -23
39 -26 -13 6
36 40 22 -27
-36 -9 1 16
-12 32 -31 6
-15 14 -15 -12
-32 21 15 18
8 -12 -4 8
17 -12 33 -24
-8 20 35 -14
-24 -11 -8 -1
-2 -36 22 -20
-27 -26 11 17
30 -13 9 28
-13 -24 -27 18
39 27 -28 -9
12 23 -10 -15
0 -24 18 23
29 -38 -36 -20
26 -7 4 -14
-34 43 11 -40
35 -19 29 22
7 -22 -30 27
24 -32 -28 -34
-16 -16 -1 35
-7 -3 13 0
-26 -23 4 -40
12 -8 -16 26
-5 40 37 -24
-19 -23 30 -20
-23 0 -10 0
7 22 -11 29
41 44 4 -23
8 31 -7 -40
9 33 -15 -33
18 -28 -34 14
-13 -22 2 27
2 24 -23 -31
17 -15 5 -7
-20 27 -32 5
0 36 -6 -12
14 45 34 24
39 -16 8 -13
-12 -7 5 9
-11 -26 -26 -20
26 15 -7 0
-16 -13 34 8
14 -15 19 -20
30 -23 -38 34
25 31 -28 35
-39 -26 -19 31
24 10 -3 -23
-9 -25 35 22
31 9 18 9
40 -26 -13 1
8 -21 -22 -19
11 30 -19 4
28 -5 3 -6
-24 -22 25 3
0 35 -25 19
18 -30 -28 -36
-30 -9 -29 -27
-2 -33 -3 11
9 27 27 5
13 -35 18 12
-31 27 -4 15
5 16 12 -14
-7 -13 -2 12
-39 37 -7 -19
12 22 -20 -6
26 27 -15 -41
-15 -8 38 -34
-20 4 -21 23
34 -40 9 -14
-34 -30 36 -1
2 22 12 13
40 -8 22 -27
11 -16 0 13
41 37 34 -7
6 -31 -27 -26
-12 29 -1 -37
40 -11 -27 -17
-3 -30 33 6
-11 18 18 -17
-12 38 16 -40
-23 41 39 5
-38 22 0 -11
23 -29 40 -23
29 -24 14 39
14 32 -39 -7
-2 23 -6 -20
7 -32 -20 -15
0 9 37 21
-13 20 13 -30
-22 -27 -6 27
12 -4 37 -23
2 26 15 5
-12 35 9 -1
-23 34 7 18
-39 2 4 26
-28 -16 30 35
31 16 -29 24
20 -5 12 30
17 -19 35 23
37 -29 -7 24
27 2 40 -16
4 19 32 34
-25 16 16 -29
7 20 25 -37
-20 40 18 17
-33 42 42 -13
-16 11 7 -19
39 -28 -8 -11
-35 23 -17 38
13 20 15 16
-37 -7 40 -9
14 0 -30 -5
6 -21 -20 0
35 7 11 -2
-35 -17 41 33
11 7 -32 4
-12 -5 21 -11
-39 -17 -6 8
24 -13 -40 6
-22 38 -25 -1
0 34 -19 14
36 -8 9 -23
5 -26 -32 -2
-16 -4 23 -29
39 -3 -36 -41
-28 -11 -27 -28
36 20 -8 28
15 -11 18 21
31 -34 18 -27
-32 11 42 -29
-6 -15 11 26
-13 17 8 24
-24 24 -37 -8
-23 29 -15 26
34 -6 -32 -13
11 -5 19 29
15 45 -16 -31
23 35 -31 6
30 -33 -5 -3
-20 -21 -19 17
21 34 -39 -37
-2 27 -32 -17
-11 14 26 -11
-6 31 39 -32
-29 2 6 20
19 -33 32 -24
20 0 -28 33
4 0 17 35
0 5 3 -41
-3 -31 23 20
-20 40 4 -25
-38 -25 22 9
-5 40 7 -7
38 -19 38 2
-16 1 -23 -21
11 19 12 -29
-36 -30 -8 -11
-16 -27 38 34
-27 32 3 24
36 29 -7 26
31 -2 -30 39
-10 17 6 9
10 30 0 24
1 -3 2 8
-8 30 22 27
10 -15 -25 -2
32 5 -25 20
-27 34 -22 38
-29 0 27 -14
12 12 -7 27
24 30 17 11
4 37 -36 -11
32 -15 -20 -3
0 3 -11 -17
-3 23 -32 -15
2 18 -26 24
21 -33 -33 30
31 14 -36 11
-36 5 -19 3
-9 35 31 -21
-42 14 11 29
-32 -28 -2 24
26 18 -24 9
10 10 -37 23
35 13 -26 22
2 24 -34 27
15 -10 -37 -25
-26 -35 42 26
20 -18 15 -17
-7 37 -3 -26
-6 12 -28 -19
-23 15 32 -28
-9 30 24 -34
-11 -1 37 -40
-24 -34 -19 9
5 -30 18 20
39 -19 21 10
21 0 -36 -26
-9 33 4 -21
-10 27 -13 21
30 19 -21 10
41 29 -3 12
42 37 31 -2
-39 14 -39 -14
36 14 -14 35
9 -17 -18 40
30 29 35 13
41 -7 7 13
-29 -25 31 -8
15 14 23 -1
19 27 -39 -9
0 42 4 15
-30 -18 20 -28
35 -3 -11 -33
29 -28 28 30
6 42 9 3
-1 1 -37 -16
32 -8 -32 -3
26 -15 37 -30
-37 -18 -28 36
24 17 -35 20
-18 32 11 -6
36 15 -35 18
-2 18 -14 -26
-2 27 3 -21
10 -2 32 -25
15 40 4 4
3 9 23 -9
12 8 -22 -29
-30 -13 40 22
8 8 2 38
35 -10 9 21
-11 23 41 37
31 -15 0 23
-33 -34 37 -37
32 -33 -25 -14
21 -18 30 17
24 -17 -5 -13
25 15 -7 1
7 39 30 28
34 -40 -19 -15
-10 33 -38 28
17 -22 36 24
21 -22 -14 -41
-3 -41 -3 37
6 30 -4 -38
35 -5 29 17
17 30 37 0
-34 21 20 -34
9 35 -18 41
0 -18 -31 -6
3 10 21 -35
23 32 -23 27
-9 -31 32 -34
10 38 -6 -37
-13 37 24 -14
37 27 6 -16
4 15 32 -5
-19 0 14 -36
-6 44 -1 8
-19 22 3 -24
-7 -3 -21 11
30 39 -34 -14
-25 25 10 -38
-19 -7 -21 36
11 21 22 37
18 6 -21 9
19 35 -27 4
-3 34 24 -33
-38 -26 24 16
24 32 37 9
-33 -10 33 -31
-31 -20 28 -35
27 36 26 -9
41 5 -24 -33
38 14 -36 -14
19 19 -14 13
-11 -3 -23 -5
0 2 20 34
21 47 -15 -28
36 32 -18 17
-9 25 41 -27
36 -30 -13 10
15 -17 32 -19
40 35 -8 -8
6 38 4 -19
-7 16 -26 24
-15 15 4 19
18 -26 14 13
-34 6 39 -2
28 24 -16 -27
11 33 -24 -34
-10 -22 34 -23
-39 -3 -9 18
40 21 36 8
4 0 -4 37
-17 -23 41 1
-11 37 30 12
-21 -25 -31 24
-9 -24 9 0
5 20 -10 4
2 3 16 35
-4 12 6 5
24 -38 -14 -4
32 37 21 -4
0 0 0 0
0 0 0 0
0 0 0 0
0 0 0 0
0 0 0 0
0 0 0 0
0 0 0 0
0 0 0 0
0 0 0 0
0 0 0 0
0 0 0 0
0 0 0 0
0 0 0 0
0 0 0 0
0 0 0 0
0 0 0 0
0 0 0 0
0 0 0 0
0 0 0 0
0 0 0 0
0 0 0 0
0 0 0 0
0 0 0 0
0 0 0 0
0 0 0 0
0 0 0 0
0 0 0 0
0 0 0 0
0 0 0 0
0 0 0 0
0 0 0 0
0 0 0 0
0 0 0 0
0 0 0 0
0 0 0 0
0 0 0 0
0 0 0 0
0 0 0 0
0 0 0 0
0 0 0 0
0 0 0 0
0 0 0 0
0 0 0 0
0 0 0 0
0 0 0 0
0 0 0 0
0 0 0 0
0 0 0 0
0 0 0 0
0 0 0 0
0 0 0 0
0 0 0 0
0 0 0 0
0 0 0 0
0 0 0 0
0 0 0 0
0 0 0 0
0 0 0 0
0 0 0 0
0 0 0 0
0 0 0 0
0 0 0 0
0 0 0 0
0 0 0 0
0 0 0 0
0 0 0 0
0 0 0 0
0 0 0 0
0 0 0 0
0 0 0 0
0 0 0 0
0 0 0 0
0 0 0 0
0 0 0 0
0 0 0 0
0 0 0 0
0 0 0 0
0 0 0 0
0 0 0 0
0 0 0 0
0 0 0 0
0 0 0 0
0 0 0 0
0 0 0 0
0 0 0 0
0 0 0 0
0 0 0 0
0 0 0 0
0 0 0 0
0 0 0 0
0 0 0 0
0 0 0 0
0 0 0 0
0 0 0 0
0 0 0 0
0 0 0 0
0 0 0 0
0 0 0 0
0 0 0 0
0 0 0 0
0 0 0 0
0 0 0 0
0 0 0 0
0 0 0 0
0 0 0 0
0 0 0 0
0 0 0 0
0 0 0 0
0 0 0 0
0 0 0 0
0 0 0 0
0 0 0 0
0 0 0 0
0 0 0 0
0 0 0 0
0 0 0 0
0 0 0 0
0 0 0 0
0 0 0 0
0 0 0 0
0 0 0 0
0 0 0 0
0 0 0 0
0 0 0 0
0 0 0 0
0 0 0 0
0 0 0 0
0 0 0 0
0 0 0 0
0 0 0 0
0 0 0 0
0 0 0 0
0 0 0 0
0 0 0 0
0 0 0 0
0 0 0 0
0 0 0 0
0 0 0 0
0 0 0 0
0 0 0 0
0 0 0 0
0 0 0 0
0 0 0 0
0 0 0 0
0 0 0 0
0 0 0 0
0 0 0 0
0 0 0 0
0 0 0 0
0 0 0 0
0 0 0 0
0 0 0 0
0 0 0 0
0 0 0 0
0 0 0 0
0 0 0 0
0 0 0 0
0 0 0 0
0 0 0 0
0 0 0 0
0 0 0 0
0 0 0 0
0 0 0 0
0 0 0 0
0 0 0 0
0 0 0 0
0 0 0 0
0 0 0 0
0 0 0 0
0 0 0 0
0 0 0 0
0 0 0 0
0 0 0 0
0 0 0 0
0 0 0 0
0 0 0 0
0 0 0 0
0 0 0 0
0 0 0 0
0 0 0 0
0 0 0 0
0 0 0 0
0 0 0 0
0 0 0 0
0 0 0 0
0 0 0 0
0 0 0 0
0 0 0 0
0 0 0 0
0 0 0 0
0 0 0 0
0 0 0 0
0 0 0 0
0 0 0 0
0 0 0 0
0 0 0 0
0 0 0 0
0 0 0 0
0 0 0 0
0 0 0 0
0 0 0 0
0 0 0 0
0 0 0 0
0 0 0 0
0 0 0 0
0 0 0 0
0 0 0 0
0 0 0 0
0 0 0 0
0 0 0 0
0 0 0 0
0 0 0 0
0 0 0 0
0 0 0 0
0 0 0 0
0 0 0 0
0 0 0 0
0 0 0 0
0 0 0 0
0 0 0 0
0 0 0 0
0 0 0 0
0 0 0 0
0 0 0 0
0 0 0 0
0 0 0 0
0 0 0 0
0 0 0 0
0 0 0 0
0 0 0 0
0 0 0 0
0 0 0 0
0 0 0 0
0 0 0 0
0 0 0 0
0 0 0 0
0 0 0 0
0 0 0 0
0 0 0 0
0 0 0 0
0 0 0 0
0 0 0 0
0 0 0 0
0 0 0 0
0 0 0 0
0 0 0 0
0 0 0 0
0 0 0 0
0 0 0 0
0 0 0 0
0 0 0 0
0 0 0 0
0 0 0 0
0 0 0 0
0 0 0 0
0 0 0 0
0 0 0 0
0 0 0 0
0 0 0 0
0 0 0 0
0 0 0 0
0 0 0 0
0 0 0 0
0 0 0 0
0 0 0 0
0 0 0 0
0 0 0 0
0 0 0 0
0 0 0 0
0 0 0 0
0 0 0 0
0 0 0 0
0 0 0 0
0 0 0 0
0 0 0 0
0 0 0 0
0 0 0 0
0 0 0 0
0 0 0 0
0 0 0 0
0 0 0 0
0 0 0 0
0 0 0 0
0 0 0 0
0 0 0 0
0 0 0 0
0 0 0 0
0 0 0 0
0 0 0 0
0 0 0 0
0 0 0 0
0 0 0 0
0 0 0 0
0 0 0 0
0 0 0 0
0 0 0 0
0 0 0 0
0 0 0 0
0 0 0 0
0 0 0 0
0 0 0 0
0 0 0 0
0 0 0 0
0 0 0 0
0 0 0 0
0 0 0 0
0 0 0 0
0 0 0 0
0 0 0 0
0 0 0 0
0 0 0 0
0 0 0 0
0 0 0 0
0 0 0 0
0 0 0 0
0 0 0 0
0 0 0 0
0 0 0 0
0 0 0 0
0 0 0 0
0 0 0 0
0 0 0 0
0 0 0 0
0 0 0 0
0 0 0 0
0 0 0 0
0 0 0 0
0 0 0 0
0 0 0 0
0 0 0 0
0 0 0 0
0 0 0 0
0 0 0 0
0 0 0 0
0 0 0 0
0 0 0 0
0 0 0 0
0 0 0 0
0 0 0 0
0 0 0 0
0 0 0 0
0 0 0 0
0 0 0 0
0 0 0 0
0 0 0 0
0 0 0 0
0 0 0 0
0 0 0 0
0 0 0 0
0 0 0 0
0 0 0 0
0 0 0 0
0 0 0 0
0 0 0 0
0 0 0 0
0 0 0 0
0 0 0 0
0 0 0 0
0 0 0 0
0 0 0 0
0 0 0 0
0 0 0 0
0 0 0 0
0 0 0 0
0 0 0 0
0 0 0 0
0 0 0 0
0 0 0 0
0 0 0 0
0 0 0 0
0 0 0 0
0 0 0 0
0 0 0 0
0 0 0 0
0 0 0 0
0 0 0 0
0 0 0 0
0 0 0 0
0 0 0 0
0 0 0 0
0 0 0 0
0 0 0 0
0 0 0 0
0 0 0 0
0 0 0 0
0 0 0 0
0 0 0 0
0 0 0 0
0 0 0 0
0 0 0 0
0 0 0 0
0 0 0 0
0 0 0 0
0 0 0 0
0 0 0 0
0 0 0 0
0 0 0 0
0 0 0 0
0 0 0 0
0 0 0 0
0 0 0 0
0 0 0 0
0 0 0 0
0 0 0 0
0 0 0 0
0 0 0 0
0 0 0 0
0 0 0 0
0 0 0 0
0 0 0 0
0 0 0 0
0 0 0 0
0 0 0 0
0 0 0 0
0 0 0 0
0 0 0 0
0 0 0 0
0 0 0 0
0 0 0 0
0 0 0 0
0 0 0 0
0 0 0 0
0 0 0 0
0 0 0 0
0 0 0 0
0 0 0 0
0 0 0 0
0 0 0 0
0 0 0 0
0 0 0 0
0 0 0 0
0 0 0 0
0 0 0 0
0 0 0 0
0 0 0 0
0 0 0 0
0 0 0 0
0 0 0 0
0 0 0 0
0 0 0 0
0 0 0 0
0 0 0 0
0 0 0 0
0 0 0 0
0 0 0 0
0 0 0 0
0 0 0 0
0 0 0 0
0 0 0 0
0 0 0 0
0 0 0 0
0 0 0 0
0 0 0 0
0 0 0 0
0 0 0 0
0 0 0 0
0 0 0 0
0 0 0 0
0 0 0 0
0 0 0 0
0 0 0 0
0 0 0 0
0 0 0 0
0 0 0 0
0 0 0 0
0 0 0 0
0 0 0 0
0 0 0 0
0 0 0 0
0 0 0 0
0 0 0 0
0 0 0 0
0 0 0 0
0 0 0 0
0 0 0 0
0 0 0 0
0 0 0 0
0 0 0 0
0 0 0 0
0 0 0 0
0 0 0 0
0 0 0 0
0 0 0 0
0 0 0 0
0 0 0 0
0 0 0 0
0 0 0 0
0 0 0 0
0 0 0 0
0 0 0 0
0 0 0 0
0 0 0 0
0 0 0 0
0 0 0 0
0 0 0 0
0 0 0 0
0 0 0 0
0 0 0 0
0 0 0 0
0 0 0 0
0 0 0 0
0 0 0 0
0 0 0 0
0 0 0 0
0 0 0 0
0 0 0 0
0 0 0 0
0 0 0 0
0 0 0 0
0 0 0 0
0 0 0 0
0 0 0 0
0 0 0 0
0 0 0 0
0 0 0 0
0 0 0 0
0 0 0 0
0 0 0 0
0 0 0 0
0 0 0 0
0 0 0 0
0 0 0 0
0 0 0 0
0 0 0 0
0 0 0 0
0 0 0 0
0 0 0 0
0 0 0 0
0 0 0 0
0 0 0 0
0 0 0 0
0 0 0 0
0 0 0 0
0 0 0 0
0 0 0 0
0 0 0 0
0 0 0 0
0 0 0 0
0 0 0 0
0 0 0 0
0 0 0 0
0 0 0 0
0 0 0 0
0 0 0 0
0 0 0 0
0 0 0 0
0 0 0 0
0 0 0 0
0 0 0 0
0 0 0 0
0 0 0 0
0 0 0 0
0 0 0 0
0 0 0 0
0 0 0 0
0 0 0 0
0 0 0 0
0 0 0 0
0 0 0 0
0 0 0 0
0 0 0 0
0 0 0 0
0 0 0 0
0 0 0 0
0 0 0 0
0 0 0 0
0 0 0 0
0 0 0 0
0 0 0 0
0 0 0 0
0 0 0 0
0 0 0 0
0 0 0 0
0 0 0 0
0 0 0 0
0 0 0 0
0 0 0 0
0 0 0 0
0 0 0 0
0 0 0 0
0 0 0 0
0 0 0 0
0 0 0 0
0 0 0 0
0 0 0 0
0 0 0 0
0 0 0 0
0 0 0 0
0 0 0 0
0 0 0 0
0 0 0 0
0 0 0 0
0 0 0 0
0 0 0 0
0 0 0 0
0 0 0 0
0 0 0 0
0 0 0 0
0 0 0 0
0 0 0 0
0 0 0 0
0 0 0 0
0 0 0 0
0 0 0 0
0 0 0 0
0 0 0 0
0 0 0 0
0 0 0 0
0 0 0 0
0 0 0 0
0 0 0 0
0 0 0 0
0 0 0 0
0 0 0 0
0 0 0 0
