-18 -9 -9 14
-5 -23 20 40
-2 14 8 -15
27 21 29 31
34 -10 -36 -3
-38 -34 -9 -34
20 -29 -41 -22
34 17 -42 -9
-14 -12 30 -20
-10 32 1 -35
-24 -2 7 24
0 -25 36 31
13 -31 2 -29
-11 0 33 32
11 -21 -15 13
0 39 -10 -9
-33 8 12 -13
31 1 2 22
22 -35 29 -25
7 28 -22 -31
-6 -14 -29 -7
-30 -35 0 41
15 15 7 -13
-24 -11 7 -14
-8 -14 -29 -7
36 -20 19 31
-42 1 -32 41
9 -1 -2 31
26 -23 -23 40
-32 23 -24 -21
-16 -12 29 16
3 -33 -30 3
-33 -37 3 -3
1 23 32 -18
30 -4 -30 -27
-7 -38 -18 -13
-23 -24 19 21
0 -20 -1 -8
15 -12 -19 -26
-3 34 9 28
35 16 -19 19
-7 24 12 36
2 17 -13 -30
-42 19 -38 32
-39 -10 35 3
18 3 20 -5
26 -35 31 1
0 18 8 -39
-27 37 -15 -38
-23 -16 5 -25
4 -17 -9 2
-16 18 0 -23
10 15 -40 0
-3 -38 26 11
6 2 20 8
4 28 8 30
1 -31 -10 -4
-22 37 39 -14
-11 -1 30 25
-10 -40 -41 17
6 -10 38 -12
-26 -11 26 19
-24 -38 -25 -13
23 41 15 16
-26 24 35 43
-30 -4 -18 -35
-39 19 19 2
-14 26 35 -15
-12 -7 16 -14
-17 -1 33 10
-6 17 0 10
23 35 37 -37
13 -22 22 -6
8 -8 -41 -17
-31 0 19 8
-6 -19 -23 17
-15 -25 -14 11
-43 16 35 7
-6 -16 2 20
-16 11 8 17
20 -32 -38 29
19 -30 -39 31
-29 0 -18 5
-44 -26 -42 -35
-36 8 11 9
8 22 -37 17
-8 7 -32 24
22 -5 -28 -31
18 29 40 31
11 -37 38 -16
24 16 -28 -5
-27 -16 38 34
-8 -23 -17 -16
17 5 7 5
-4 30 -28 12
-34 -18 8 -8
-5 -22 27 29
1 -34 -34 -19
20 -32 12 -33
-15 28 -36 -34
-22 -40 5 25
3 -11 39 0
-36 -41 23 -23
-22 -19 20 -29
19 -31 7 -2
-3 -6 -21 -38
-9 23 -39 30
26 -38 -36 -17
-26 18 9 30
-30 31 12 -20
-16 8 -5 -26
30 -15 24 18
34 21 21 -42
-14 -5 22 -30
39 -15 -38 -3
30 -16 -5 3
10 18 21 37
-23 -10 -36 37
-1 24 -36 -13
-23 1 -36 -9
-33 2 33 -29
29 -34 22 35
15 -7 -24 -30
-30 -7 -7 -6
3 -20 13 -9
10 -12 0 -15
19 11 33 -19
33 -4 -8 -15
17 -16 30 -37
-19 -9 28 -17
37 -33 -35 -22
7 -19 -24 -17
-17 3 -1 -14
18 -26 -29 0
22 -1 -26 -26
-3 -22 -19 -36
-28 39 -22 -17
21 3 -13 -7
-25 36 4 39
-17 27 21 -12
-11 -37 0 -19
12 -26 -24 -10
-15 36 19 -18
-24 25 -28 3
12 -25 -15 -34
-33 -25 -7 13
31 -32 -21 -27
-8 23 -23 9
22 -20 13 -4
-37 -14 -13 5
24 -31 35 -35
-2 37 1 5
-19 -19 -31 13
-19 16 6 -30
-41 24 24 0
-19 -39 -19 -20
-38 7 10 -22
30 -7 -25 -35
14 -4 11 -18
21 -25 -31 -31
-26 -27 -8 6
-10 -13 -2 -24
38 18 -11 -37
15 2 13 -12
-33 -28 -2 13
-17 -3 -24 -29
-11 1 11 -38
11 -1 36 -15
3 12 -18 -27
-24 7 37 -32
10 1 -40 19
6 15 -34 -28
38 25 -38 29
-36 33 -8 12
-2 5 -27 -4
38 15 8 36
-10 17 -8 -11
20 24 21 15
16 6 29 -23
-4 38 20 -27
29 -11 18 -4
36 29 -27 -24
-3 12 -39 39
14 11 -2 -34
27 13 -5 24
-8 21 35 -19
-2 -26 29 4
4 34 -27 -37
-29 -2 -43 -15
22 -22 30 -11
-14 9 -32 39
-38 -1 -7 3
-29 4 -17 30
1 6 -26 -18
-24 -37 33 0
-14 10 14 -32
28 39 14 -19
-32 18 -21 32
-13 -39 23 36
13 31 31 -38
1 -39 37 -31
-5 10 -14 -22
-27 4 -22 -30
2 -2 -32 4
-39 22 36 -17
-17 -39 34 -5
12 -27 -37 -28
-4 12 -4 0
27 -12 39 37
17 -31 -14 12
-8 9 36 2
-13 -40 -12 38
-39 -34 15 23
-19 35 -7 -37
9 -30 -14 -33
-39 14 0 -29
-3 -4 -27 19
35 13 21 30
-8 5 0 23
11 -36 39 20
12 -9 -41 3
-3 -29 -30 -38
-23 -16 -8 11
19 -14 -10 15
37 21 12 -37
11 -12 27 22
33 32 -25 -24
-41 7 12 -26
17 -9 -23 -8
-9 -9 18 -38
-5 -13 20 -19
32 -17 26 1
19 -21 4 -31
-24 -23 -31 35
-26 -1 7 35
10 -10 -21 33
-37 -38 0 28
-15 -6 36 26
-11 31 -39 39
-9 -9 3 16
-4 -31 22 -8
18 -32 22 -3
17 1 24 24
16 -19 26 4
15 -30 -38 17
36 26 -41 41
-39 0 -22 -8
-11 35 31 22
32 41 -2 -18
-8 13 -21 -15
-39 -31 -32 -6
-15 25 38 4
36 7 12 6
-9 0 -26 22
-21 -1 0 6
24 -25 -15 -5
18 28 -12 3
-9 9 0 24
22 -37 29 -2
-27 -9 16 -3
-44 -29 16 -14
-44 20 37 41
-12 38 7 32
26 38 24 -26
13 -42 28 -12
2 -6 -21 -3
-1 27 -8 1
31 -35 8 37
-41 27 16 33
-19 27 33 0
-2 -11 -18 36
27 33 10 38
15 -31 -13 -39
20 1 -10 -16
-25 -3 8 27
-14 32 -12 17
0 0 28 24
4 28 -19 -28
21 -36 40 6
20 -23 28 -40
-16 -5 -7 -24
27 -37 -31 -21
-19 9 7 29
-35 -12 21 -39
11 26 35 22
-5 15 26 -42
-1 3 19 -24
-30 1 -2 33
13 -40 32 -12
15 36 -14 -40
-25 30 -21 -9
22 -11 -10 37
-11 10 29 14
-40 -25 20 4
-22 -31 0 9
-24 -30 -11 26
-21 -18 -37 43
-31 -21 7 18
-14 29 7 -22
-13 -22 -6 23
-7 7 -21 -9
-25 5 -36 29
0 27 24 -32
-2 -4 -18 32
-36 -38 -16 10
17 41 21 26
25 -26 -7 -15
-16 -15 14 20
25 16 -41 -5
28 -9 -38 -27
-5 34 -33 -3
15 39 39 -36
-26 27 8 4
20 -29 -14 -30
20 -25 -39 18
33 -39 -15 1
12 18 -14 27
-30 26 -10 26
7 28 -32 11
-1 -39 19 19
-19 -24 -22 3
-44 -15 -4 18
22 28 13 25
10 -32 17 18
-42 -25 -9 -3
9 -25 -4 -23
-38 11 12 25
38 -36 20 22
7 -9 -29 35
38 -2 -21 -1
13 -3 -41 2
-24 -3 13 -21
39 -30 -40 29
-16 12 -26 21
-5 -25 38 -10
-36 -12 30 28
-14 -11 39 37
0 -7 -32 18
-24 -38 -29 -7
-29 17 38 4
31 25 35 36
13 2 -17 -32
17 -27 38 16
-13 1 -15 28
-20 41 20 8
-29 11 -19 21
-25 40 -34 17
-29 39 11 10
-16 -26 -20 40
29 -21 3 40
2 2 -24 9
19 -18 5 -10
13 -25 -19 -13
-18 14 -10 34
14 -30 10 -37
26 -18 39 44
0 12 36 41
13 -4 -13 -37
18 -31 17 -9
36 19 4 35
27 6 0 11
24 -27 -27 42
-23 24 -22 39
-5 13 11 -11
25 -38 -1 -1
18 26 -27 -23
-21 0 -13 22
17 -16 -25 -35
27 -4 -24 -6
-17 -15 6 20
-32 0 26 32
13 28 38 29
-7 0 -24 15
4 39 -28 -38
-25 -36 -29 23
-20 -32 0 25
10 -34 33 -34
30 -30 29 -8
-43 -31 -23 3
3 -8 23 -6
13 -18 37 9
-26 -9 -7 -14
-25 25 -21 -34
9 -31 24 -29
-10 -20 -17 -37
32 -9 31 -4
-43 23 -16 -28
-7 26 -30 -25
-11 1 -11 -11
-33 25 40 12
-29 10 39 -12
-7 -10 10 23
-1 -16 -33 4
-17 -9 -37 4
20 38 34 -6
10 -10 5 19
27 -26 24 1
-9 -13 -24 34
-29 -33 -39 14
18 13 -25 1
24 6 -33 15
-6 -26 29 -37
19 6 17 -7
31 24 -14 25
28 4 -29 -24
34 33 19 26
-16 40 -34 8
-23 6 -30 -7
-7 19 29 -21
-5 -20 35 38
-34 18 -6 -14
-6 -31 -21 20
16 19 19 12
7 27 2 0
-36 14 38 10
-12 -5 -33 24
10 35 1 42
10 -33 0 44
0 8 -31 -1
13 35 -42 3
31 27 -13 -6
-34 -16 -2 -29
31 11 20 26
37 41 4 35
-14 -21 32 41
32 39 -42 37
-41 -6 -22 -8
-15 -13 4 -13
-30 11 -30 31
23 -25 -25 21
3 2 25 41
14 20 -28 9
-41 -37 -21 -38
-4 -18 18 34
-15 -17 -42 -12
-32 36 -2 7
-34 -16 15 17
35 -39 36 -37
-46 -14 -9 29
-27 -17 -10 42
-34 -32 23 -24
1 12 -1 5
-15 -38 -16 -32
22 25 37 39
-33 16 -5 -30
-27 9 34 -20
-14 -13 -15 33
17 -7 -22 -2
-14 22 -29 21
5 38 39 -32
19 -16 -35 -11
-31 30 17 -11
-5 -1 33 38
8 -36 -25 -19
0 -35 -39 -37
0 5 27 34
-14 16 -19 -18
12 -20 0 0
34 26 23 3
-7 14 -23 -21
-26 9 11 7
-26 -38 5 22
-21 40 19 -24
-39 -5 -6 16
-27 0 14 -18
-35 31 25 -12
-12 38 -29 -1
15 -32 -3 -40
-12 3 -3 15
23 12 2 10
-19 -29 -3 -16
20 -29 7 -11
29 -17 8 25
-5 -39 23 -36
26 -15 -24 -23
-7 -14 -11 37
2 -23 8 -31
-23 32 -23 -22
28 37 25 27
-29 4 -4 44
13 -29 15 -20
-12 -9 -29 30
-10 -12 -9 28
-3 8 -37 13
-30 23 -12 36
24 -30 -15 17
-29 -33 10 16
-6 25 -15 7
11 25 12 -31
32 33 27 39
-40 -18 -12 28
-1 17 -21 35
7 8 5 40
-9 9 -20 -25
13 -25 -21 -22
14 0 19 -31
-18 -28 34 22
22 -23 34 -14
-7 36 23 -9
23 13 -22 -14
-31 -21 -16 27
-39 30 -34 -19
-1 -30 21 -18
23 10 -25 -36
17 -34 22 9
20 -12 -26 33
15 -35 27 25
-27 32 24 -34
17 9 2 -16
-33 -14 -39 -4
28 19 0 -40
14 -2 38 -22
27 4 21 19
3 20 -4 -35
-39 -3 30 -25
-28 31 15 -21
31 10 -37 26
16 -23 -40 34
21 -13 -25 27
28 15 32 -11
-9 32 -35 -11
-38 0 33 29
-15 36 24 27
19 -21 -33 12
17 -26 -41 -30
-1 -20 7 15
40 -19 35 30
-16 0 14 39
-6 -19 -16 16
-13 21 13 -27
13 16 37 -39
4 10 16 23
25 32 19 42
29 -32 35 44
-22 -6 26 14
-24 36 37 33
30 -4 -40 16
4 -24 4 6
-7 0 -34 3
8 -25 10 -25
-9 1 -20 28
28 40 25 15
9 -31 1 17
-11 -40 -27 -15
-41 -12 -17 29
-22 -18 -20 -25
-3 -11 23 19
-32 -10 35 21
-26 11 -38 23
7 -18 -13 39
-43 11 33 6
22 31 29 -20
-15 0 -35 -19
30 -1 37 38
-44 2 38 42
1 40 20 38
3 22 11 -30
-38 -2 -7 -25
21 1 39 -24
3 -8 -30 29
17 -7 -11 -36
-33 10 0 16
35 -15 7 31
-32 16 -27 -5
11 -13 33 24
-20 4 -32 -15
-20 14 4 -16
-36 25 40 24
-39 19 28 -19
36 -5 36 12
-14 -12 -13 15
34 24 -23 13
-36 12 10 27
-11 14 -1 27
-17 36 -32 -17
-36 33 -27 -39
17 14 -3 -3
-13 -39 12 -18
-24 33 15 4
33 33 -33 17
9 15 11 31
13 -33 -25 -28
1 26 17 33
-29 -34 21 -9
26 -29 23 8
-10 13 -9 24
-16 -28 30 -20
-6 22 -33 -8
39 -40 12 17
31 37 -24 7
-20 33 9 37
23 -39 7 -16
37 -2 22 25
0 34 -24 40
-10 0 -16 -5
-1 -35 -33 21
-18 -15 13 -2
13 36 -36 -27
31 -22 -35 29
31 -6 -39 44
9 -19 1 35
35 -29 2 -7
-31 10 31 -25
-12 -15 0 33
31 33 12 29
-13 1 -30 -16
-43 -26 -14 -22
-3 34 15 5
5 6 -15 -21
-4 -31 33 25
-4 40 37 5
34 -21 -10 22
-14 24 -2 14
-39 38 -13 27
-43 -19 39 4
33 -31 -6 5
35 -41 20 32
16 -22 -32 33
-18 -5 -22 28
0 22 -11 -38
-36 -43 -21 13
-3 0 -18 -13
26 -4 -39 -27
-34 36 40 32
12 33 2 -18
-4 21 -20 -29
27 10 -13 -16
37 -21 -12 36
29 4 10 -18
3 12 4 -10
0 12 1 -22
-6 5 15 30
20 41 -33 9
1 -12 24 30
38 -22 32 -26
32 9 -40 -2
24 13 4 -33
-11 23 -25 22
-12 41 30 1
-20 -35 -33 23
-31 -28 -18 -17
28 31 -36 29
-26 23 -2 19
-5 -32 25 7
26 32 27 11
-36 -1 -34 11
1 0 34 25
-15 3 19 14
-11 -19 -39 31
-20 6 -6 -23
36 41 31 18
-17 -28 -38 -16
-32 23 18 -18
-4 23 -20 29
35 14 -28 -7
-29 -2 -42 -36
-8 18 12 38
8 25 0 -12
24 -7 33 -29
23 -18 1 -30
-12 21 20 -11
-18 17 -10 41
-14 -10 9 -12
6 -3 -24 0
2 1 -27 -14
-2 -14 -31 -21
-22 -3 -5 0
-35 -20 -5 -37
-15 -26 -36 -2
7 30 33 28
-28 13 -7 3
-9 16 15 -33
-28 27 5 7
25 40 26 25
-11 23 -13 40
-31 7 3 12
-22 11 -29 -20
-15 5 -35 9
19 28 -14 5
-44 29 -23 7
22 -21 -33 -40
7 33 0 7
35 -37 36 -31
39 22 17 20
3 -18 -8 -18
18 35 -9 -37
20 -10 30 -6
11 20 -11 18
-11 29 -23 5
40 34 20 40
-8 -12 35 -3
-12 10 -10 12
-37 -2 -39 34
-12 21 -17 35
-20 -25 39 34
5 33 19 26
-25 -8 -11 -25
-6 3 20 -20
19 -11 -11 -17
12 12 11 -22
21 -12 17 35
-38 36 14 -39
-2 16 -29 34
-33 -29 0 -30
5 -16 -31 34
21 15 -26 -20
-37 -27 -5 32
12 22 38 10
-4 -34 2 -25
31 32 -2 -15
3 8 -16 42
-5 -18 -16 -22
6 28 14 37
-38 26 18 -15
-8 -15 -14 -19
31 6 -18 23
-11 -22 -21 26
-42 7 -1 40
21 19 -26 38
-42 7 19 -1
-13 17 6 11
1 -4 -5 -28
-10 -33 -30 -30
-11 -22 20 30
-14 12 -32 -29
11 35 31 39
-22 -21 36 26
-13 34 38 -29
-16 -14 -36 23
21 14 31 30
10 16 -43 3
-8 18 -9 37
29 -38 -32 40
34 -32 5 -15
-14 -7 -37 -14
-29 -42 24 -17
7 5 34 42
-13 -13 -5 2
-13 -16 -13 7
-41 15 38 23
10 37 3 -17
-25 17 2 -23
20 17 39 -30
-25 -39 16 26
-25 2 15 19
-24 3 40 -1
-10 -18 26 -32
-16 12 5 -33
10 -4 22 19
-17 21 -38 36
42 20 15 12
17 17 -15 24
3 -24 24 18
40 32 -8 30
-10 15 -4 -7
-12 23 -19 -13
37 22 -30 16
-12 -29 -7 16
34 -15 20 -23
5 -19 -1 6
0 42 0 22
4 33 29 33
14 -12 -1 -29
19 -30 -21 -34
-15 -14 6 -19
35 33 -9 12
16 40 -14 4
20 6 32 5
22 31 24 39
33 4 -17 -33
31 16 -9 32
-23 -23 1 -21
-1 -7 36 -9
37 -1 35 0
-23 -13 -14 4
-39 -18 35 20
13 16 -31 -26
-21 -9 17 25
-3 0 -17 1
38 -19 -11 43
32 -29 -19 7
-19 -11 -28 12
-20 -31 -39 17
9 -11 -5 2
-19 -21 -3 -2
-14 11 31 12
25 22 38 -8
21 20 -24 20
-2 22 36 8
-21 -27 -20 -9
18 10 -10 11
26 -18 9 -36
-32 17 -1 20
-40 -42 -25 26
-42 -12 -1 -14
26 -24 21 5
-23 12 -21 11
-15 -26 33 -5
-1 3 -16 -2
33 -14 6 -23
-43 27 -19 -4
8 -13 32 -17
4 12 -11 17
23 32 -26 -40
13 -29 27 -8
-28 -18 32 20
39 14 -14 -39
12 -10 -32 29
-27 21 11 -31
17 26 9 -12
-11 30 37 32
-37 -7 33 -7
-22 -16 -9 9
35 16 -23 35
33 4 20 -31
3 -14 17 -41
19 29 -17 38
-31 -27 20 38
5 13 26 29
30 10 38 -17
14 -19 -1 2
-8 38 -11 0
11 -5 10 12
-31 -25 22 -9
-29 14 -42 0
-29 26 6 -35
27 29 -1 -4
17 -7 20 -4
4 6 -34 44
19 -29 6 -6
-36 -32 -26 28
-7 28 -17 21
-27 38 -17 2
7 -19 -7 18
24 7 -29 -11
18 -12 32 -18
38 -20 26 -35
22 0 0 -24
20 40 37 39
18 20 31 -23
-5 -39 -41 43
-40 35 5 35
19 9 19 34
-38 34 -5 26
-8 8 36 44
-2 -7 32 29
3 -19 -10 37
18 -16 31 18
14 -13 15 41
-38 -15 1 5
-24 -5 -19 19
30 -25 -8 3
-33 27 37 9
21 -30 22 -15
-30 -41 -4 18
17 -32 -12 36
10 -17 -23 -2
-30 -25 1 19
-16 -32 5 -25
-18 14 8 -33
4 25 4 -21
36 24 15 32
18 -39 -12 -22
-20 -21 22 -10
-22 16 2 2
16 4 25 -5
-31 -21 -28 -40
-31 4 -24 34
-33 34 18 -8
-2 -1 -13 -9
15 -11 36 15
-4 0 5 -11
36 -23 12 -35
-10 2 35 15
-13 -34 23 -6
-23 -31 -23 21
-34 -18 -28 -14
-37 2 -7 18
-36 28 1 -14
-7 -10 10 18
-9 1 33 21
32 -15 0 25
41 5 -11 1
-23 -35 -41 -29
-6 -29 -32 -8
-10 -35 33 38
-21 -22 3 25
14 -40 34 30
28 36 6 -1
29 16 5 -24
-24 -37 -24 30
1 23 21 -33
25 2 1 -27
-31 34 7 14
-2 -18 -19 -7
-10 -24 3 28
7 -38 -34 -11
13 -35 -4 33
17 -15 7 5
-24 -36 22 43
7 23 7 43
28 11 23 38
-30 9 -42 31
-37 -10 -6 27
-25 -20 -24 30
34 -27 -19 -8
-23 22 21 30
1 34 -37 11
26 11 -42 -9
-7 9 -5 38
28 33 -37 34
-10 16 -12 43
-39 15 -8 17
32 -42 37 1
16 -13 -11 15
7 7 -6 24
15 27 -18 29
-22 -30 11 -40
-39 8 -40 4
7 6 11 20
-33 -32 32 -31
38 7 36 0
-25 27 0 -31
-15 -37 -32 -32
-33 25 -2 16
29 37 19 37
40 11 -31 21
17 0 11 -17
-38 -29 18 5
21 -20 8 19
26 -3 -5 20
34 16 25 37
-28 40 22 -3
15 -13 19 -13
24 -4 -28 -20
11 3 18 -36
41 27 32 -20
-3 -13 20 38
-15 -26 27 7
11 -12 -17 7
-20 -25 23 -14
11 -26 7 -30
31 -23 17 26
30 32 17 24
-5 -11 -25 -2
26 11 9 23
25 24 8 -4
34 23 -6 23
-2 -12 -8 4
20 34 4 31
15 -4 -4 -19
-18 29 -26 40
-30 6 -17 16
30 -24 -26 10
-28 -20 -15 -22
-2 3 -24 -20
-37 -39 -26 33
3 26 -41 -20
-29 -5 38 -34
-8 15 -14 -20
-29 -2 19 28
-16 16 37 39
17 28 -3 -8
29 -10 -16 30
28 -19 -38 -3
15 -25 -37 7
-28 -28 -23 -23
-6 -39 22 40
-15 4 16 4
-29 28 -16 -20
14 -39 -34 -37
-38 -23 20 -15
6 -20 19 7
35 25 35 41
-1 3 17 -16
35 5 -40 29
-17 19 -27 -33
38 -9 11 33
23 11 -23 -16
-28 41 20 25
-35 -12 10 11
-11 -14 -20 34
-9 -15 -36 -29
-20 6 0 1
-15 7 -18 37
-13 15 21 -32
0 -12 16 20
11 8 -41 -26
-36 36 19 -31
-13 5 31 -4
23 32 -7 8
12 -16 4 25
15 17 -2 20
-2 5 -8 6
-4 -38 -31 2
3 6 -41 5
-4 -7 3 7
-6 -28 6 6
17 10 35 -18
15 41 -9 -25
17 -22 -23 -9
-10 0 -16 -13
26 26 -26 10
-24 35 9 -7
17 8 5 -1
-40 27 -4 2
-34 40 -29 33
38 9 -9 29
23 16 -14 -35
21 39 -34 6
-27 -19 24 -20
25 12 -17 29
21 34 -33 26
-24 -33 -8 39
17 37 29 -21
-4 0 -30 13
-3 -2 -18 28
4 -12 5 10
17 -26 29 33
3 12 23 30
-39 5 2 -35
-1 18 -33 12
-29 -30 30 27
14 36 23 42
-19 -33 -23 -13
21 -5 -3 21
2 0 21 -5
-2 8 10 38
22 14 -2 -25
-9 23 -13 -33
-5 24 -12 8
21 31 24 -24
-19 24 30 24
34 24 18 4
21 8 5 -17
18 1 21 -17
12 29 6 -38
-40 39 -32 18
14 -26 8 16
2 -13 15 37
6 40 1 -21
28 -13 -6 12
25 -4 27 39
-33 22 -37 -25
-37 -18 37 -17
-34 -38 0 -1
37 16 26 -27
-18 -19 -12 -15
13 -17 24 13
21 -35 31 -25
-7 39 16 12
-25 -22 -7 3
36 -14 27 36
-37 22 19 34
-27 5 -23 -4
25 19 -30 -40
-26 -38 12 -9
-12 -13 17 -14
14 12 -39 16
-35 21 -31 -4
16 35 -16 -20
3 40 -24 -42
25 0 -37 -34
-22 -4 16 -11
-39 38 -7 -15
9 -26 -28 -33
0 1 35 19
0 -9 -8 37
20 -16 27 -35
-13 -33 13 28
25 -1 -33 -23
-26 21 21 27
-19 -12 -38 2
0 5 11 7
24 28 36 -19
-7 -40 7 -20
2 41 -32 41
-21 -17 -18 22
-6 34 29 -5
-19 19 16 3
29 -2 -15 17
-1 38 -37 44
1 -6 -35 -20
-33 23 23 -3
27 -40 24 15
7 3 34 -26
0 -19 -22 9
-24 34 6 -10
31 23 -3 38
-35 -27 -4 -14
7 24 -3 29
31 32 -2 -11
24 35 -36 9
-12 -26 -15 -37
-35 -25 -26 18
16 13 10 -26
-37 -30 -41 28
19 5 33 35
-29 -26 33 -40
-21 37 6 -23
44 -17 18 -15
19 29 5 -2
4 38 -18 -16
39 39 39 -3
-2 -32 -22 11
11 2 -13 0
40 4 39 20
17 -19 -33 -20
-26 -22 -20 8
17 -2 -11 -40
13 -39 31 -38
8 -3 17 -29
-13 19 5 -42
-3 -25 -36 38
31 -2 -31 -4
-6 9 34 16
-2 14 3 5
-31 -10 -21 -19
-7 -16 -21 -28
-38 32 15 -34
-2 -39 5 -28
6 30 -39 -6
-15 33 8 -17
-33 24 -31 -4
19 17 20 -1
2 20 10 -27
6 -8 39 -21
-6 -32 25 -9
-32 -4 -41 10
4 -25 -31 4
19 -20 35 37
-28 -37 -7 19
39 33 33 30
7 -8 -11 -4
-2 -9 26 -36
-25 19 26 -6
-20 -19 12 18
-36 -5 -1 19
23 12 0 10
-28 4 20 -28
24 37 8 -15
19 -15 -40 -10
6 -25 -31 25
20 -10 34 23
-13 11 34 17
11 1 -17 -36
27 5 -28 -28
-10 -14 22 18
35 -40 24 13
-32 33 -4 30
-35 -29 6 -26
4 -36 21 -17
8 -22 -10 -32
-41 -15 4 16
21 19 1 -38
-37 -5 -38 -25
-21 32 17 32
-35 -35 2 24
13 28 9 13
-25 -8 37 -31
35 -7 28 -18
-28 20 -30 -42
38 -33 3 8
26 -36 -27 19
0 -11 1 21
-38 -27 -6 -8
20 34 -26 16
40 -35 8 4
-29 -8 0 20
-2 39 -32 -32
17 29 12 25
35 41 5 -35
26 9 34 -24
-27 23 1 -1
-30 40 11 15
32 -35 -6 28
-31 12 -3 0
31 -19 9 3
-21 -7 13 -25
-28 -23 -22 -19
30 31 -3 -5
20 8 -1 10
15 -37 28 39
-33 -25 -14 42
-25 -10 33 -5
4 0 14 8
-18 -33 -14 -14
-3 18 -14 26
-36 5 11 -22
-14 41 30 -35
-29 39 -39 11
3 0 -3 -38
11 36 31 -19
-18 15 2 -22
22 -41 5 4
0 32 4 5
37 -37 -25 24
18 -36 -13 10
9 -20 -38 -34
-5 -35 -21 -15
-44 30 16 -12
27 -31 31 31
-9 -9 -32 4
-40 -3 -36 42
-19 -34 -2 33
37 -32 12 36
4 -8 3 39
-27 10 -11 -11
2 13 -23 17
-38 -2 33 34
13 6 -12 24
-38 -8 0 36
-18 10 -33 -28
23 40 19 37
9 -25 -38 -9
22 16 7 -25
-32 32 -12 32
34 16 -30 -20
34 -4 -3 25
-3 -30 -16 -34
12 -35 18 2
33 -27 3 19
-9 1 14 8
26 39 -33 10
35 -31 2 6
-7 40 17 17
-22 1 -30 0
25 -11 4 36
34 12 5 -37
-18 11 -3 -12
25 -16 -14 -33
-17 -27 -17 -41
-38 -18 -27 33
10 10 -41 -20
-39 20 16 -41
16 -16 -25 -18
24 6 -15 -11
-25 -32 0 -34
7 -21 33 -22
-28 -17 -33 -6
23 27 -5 -15
4 39 -20 -35
26 2 -10 -22
-30 13 18 1
-23 -3 38 18
-35 8 28 -28
-36 1 -33 -30
-1 -1 -19 28
-32 -36 7 4
-27 4 34 -2
-9 6 22 29
20 -21 -4 31
0 39 -7 8
22 39 0 -4
-18 -2 -1 -20
39 -10 -17 -35
-6 35 37 25
7 40 -36 23
11 35 -6 23
-12 0 -38 3
9 19 -14 33
-28 -11 34 -29
-38 8 8 28
-16 34 32 -12
-11 33 -21 -3
-21 -2 26 38
8 33 15 -38
-36 11 -28 -17
-34 -33 2 -6
30 -13 20 1
30 29 -5 -25
25 17 8 26
40 36 28 -2
3 -22 -6 6
37 -29 -12 -29
33 22 -40 -35
-30 6 41 -20
2 -34 -19 27
7 24 -23 -39
-37 -12 -32 32
35 21 32 18
39 32 -8 -9
23 38 -23 -25
-26 -17 6 -20
15 10 22 -9
14 31 -6 -3
35 -2 34 -24
-10 -21 0 16
-33 19 9 -33
4 1 -36 -1
18 -28 12 -34
0 -8 -24 -1
32 -8 -35 -35
-39 -8 -32 18
-25 26 -28 19
25 3 38 15
-9 10 -42 -6
27 15 -22 28
10 -18 -27 -37
-11 39 20 -7
2 -38 21 12
14 39 -18 -6
-35 -1 -40 -6
-20 0 -26 -1
19 31 -8 35
-41 40 -17 -7
1 3 -9 -2
0 2 35 -12
-39 18 3 -4
-24 26 15 12
0 -40 1 0
-29 -9 39 -8
-9 2 37 28
28 0 19 22
1 6 5 -10
-7 20 11 -37
27 2 -10 -1
17 20 -5 -38
29 -2 32 36
15 8 33 -10
39 31 33 13
-36 8 -3 4
1 -35 -27 -7
-20 37 -19 20
-19 5 -6 -20
-1 34 -11 38
1 1 20 29
-23 -27 10 -35
-22 -18 -29 27
-29 -2 28 27
-41 27 -7 32
-3 -10 -34 29
26 25 -39 31
-15 -12 -30 26
-34 5 7 -18
6 40 -8 -39
33 11 -16 -4
-10 -1 27 34
-3 31 -20 12
42 -8 9 0
-7 8 -27 -42
34 16 -39 -22
-34 -31 -22 3
-38 -39 -41 37
1 21 -22 2
5 -40 -24 -25
21 -13 -37 19
-32 1 -8 28
-27 6 30 14
39 6 -36 25
-23 19 -21 -17
10 -13 -5 15
30 10 26 12
8 41 33 -8
-18 23 -27 -4
-17 3 25 -22
16 -39 16 13
27 -26 15 -35
-36 25 -27 26
-24 -33 -27 -15
33 -6 21 1
-13 16 -39 41
15 -39 19 -25
17 3 3 -30
12 -22 26 -8
27 -27 10 4
34 -40 35 37
6 -25 -7 -15
33 3 21 5
-32 18 -38 10
29 -9 5 -1
-18 22 10 -22
30 22 5 20
29 16 12 -8
-20 28 -15 33
23 30 32 -18
13 6 -18 8
-16 -37 -7 25
12 3 2 11
-24 -25 37 3
-7 -35 -13 37
29 -24 -18 -26
-16 -26 -14 20
23 -35 -7 22
16 -12 -11 8
36 -35 15 -37
-10 -18 -41 3
39 -27 0 32
19 -33 32 -26
11 -40 27 3
-30 6 -36 0
26 5 -15 30
-24 17 -22 0
-35 0 2 35
14 23 -2 31
-17 37 -24 22
30 24 12 -2
24 39 -28 -24
39 -3 -28 -7
-26 5 5 -31
39 -3 28 -1
25 -7 33 -25
-22 -10 -29 -9
-17 4 -39 7
-20 -37 -21 -9
-3 -35 -31 -41
-15 0 23 -3
29 -2 -22 16
-35 -13 -26 2
38 -37 4 28
36 -31 -9 23
-16 -19 39 -16
-7 -4 18 -38
-30 18 -15 -34
-11 -11 -26 13
35 -33 -18 -41
-37 -38 -6 15
26 -27 20 -34
24 -33 -35 27
-15 6 37 4
20 12 -28 8
1 22 -40 -18
-36 11 -30 17
-33 39 -35 -10
-38 -14 1 3
-38 -29 -3 -36
8 -35 10 19
18 9 -25 28
-29 -26 -23 -17
11 14 8 28
16 -13 26 39
32 20 -26 0
40 -17 25 11
32 0 -16 -33
-26 26 -21 -1
29 4 24 -35
23 27 -16 -34
-27 -13 28 -15
33 17 -1 4
42 1 -25 43
-32 12 -30 5
36 2 -26 -39
16 8 -28 34
36 24 -35 -33
-27 -26 20 24
38 -21 28 31
17 -17 -3 -3
0 10 -28 3
4 16 7 -10
30 9 -17 22
-5 -23 -1 -29
-4 12 -3 22
27 19 28 -7
0 31 -13 6
-32 24 0 3
21 -12 0 32
12 17 -2 37
-2 -17 32 -42
-26 10 36 -31
28 26 -30 -1
8 41 -5 16
34 13 9 -26
-11 -29 11 -37
-11 -29 9 7
-15 13 25 -18
-33 24 -34 27
23 -23 34 -36
34 -8 -4 30
-12 -14 -6 5
-21 -39 -15 22
-7 -13 9 -37
19 32 -40 35
-28 -38 -33 15
27 -18 -14 -27
-32 -6 -2 6
-29 25 -4 15
-38 7 11 34
-33 -16 -22 -12
17 1 -34 32
-20 -33 -11 34
-31 -8 -9 -16
0 -5 39 -8
-34 16 -16 1
-25 -17 -31 15
-3 7 21 7
-8 -39 -10 -20
42 -4 21 -35
34 -14 24 -1
-26 -34 -5 -27
1 -18 -27 -32
11 -9 38 -19
-12 -2 -15 -17
28 -3 40 -2
5 2 -20 -31
1 -40 -10 23
28 -30 14 19
-35 -20 5 -36
-33 29 -6 -3
9 -37 -12 2
-13 26 -19 41
38 18 -40 -6
27 -21 -35 9
38 11 34 0
18 -20 6 -11
-9 18 -9 4
18 -24 6 35
-15 -10 0 -37
-17 -25 31 -16
38 26 22 33
-25 -35 32 -45
-16 -28 38 2
-24 29 -12 32
-1 -3 -4 -14
-14 39 8 -28
38 -11 36 16
23 10 -2 -18
8 11 -36 -39
35 -21 -19 -14
0 4 -27 -2
34 36 33 -13
15 21 -5 -39
-8 -35 24 -28
14 0 -32 -22
1 25 26 22
9 0 -14 0
8 9 33 24
-36 -10 -25 -17
-3 10 38 -39
16 4 23 -36
-25 9 12 30
11 7 31 -28
20 35 29 2
31 35 11 4
2 19 0 -25
-27 -4 23 -5
-12 0 31 -34
-26 30 -35 -1
1 -2 22 3
17 34 -30 6
-19 -5 -41 -13
-25 30 0 -27
13 6 -36 -38
37 -32 1 40
-29 -7 -32 -36
-2 -17 -31 -14
26 -17 12 26
-24 22 -41 16
-28 10 -9 39
42 36 30 -26
-22 -33 20 39
-31 13 15 27
14 39 16 16
47 2 15 35
26 15 0 16
44 7 -29 28
12 29 -10 14
-17 -12 -2 27
4 -15 7 29
33 7 -16 -11
-23 14 -32 18
-10 -25 -20 12
3 -7 33 -20
6 -34 33 -29
14 21 -31 9
-15 -26 15 -24
-18 -38 -21 -34
-24 -37 27 -22
7 8 0 -25
-34 -29 -20 10
-3 -17 -30 -30
-21 15 -34 22
-8 -39 34 -29
33 -17 4 -33
-11 6 -24 26
41 18 -31 30
36 -8 9 -26
26 -22 -18 -15
37 37 -9 16
8 -16 6 -37
-11 -27 14 18
22 9 21 21
-15 -24 32 24
37 29 -29 5
-27 9 -10 -10
24 -19 -33 35
35 36 39 -17
14 27 -28 -39
-23 -7 -16 5
-36 -19 -17 20
9 23 27 -11
-6 -8 -5 7
26 28 -8 15
23 -26 32 26
-3 35 16 19
-23 31 -15 -18
-38 25 30 -42
18 16 28 -33
23 41 36 -23
-3 -38 -39 18
-33 -9 -2 29
41 35 14 28
31 -30 -8 37
27 13 -37 -42
-15 4 20 30
2 -10 -15 25
-14 -25 -28 -12
-14 -7 -40 -42
-24 -28 -23 31
8 -36 -15 -28
-18 10 -2 16
-29 -39 -10 13
12 5 25 13
0 -16 -14 15
34 -11 0 -3
47 -25 -21 36
10 -34 -16 -38
-19 -14 5 -21
-22 19 16 37
37 8 27 -18
28 -33 -28 -10
22 24 29 -13
23 13 25 -8
21 -4 7 8
-31 -19 40 -34
-14 10 26 18
33 32 34 -36
38 31 -31 -26
34 -23 1 -10
7 -28 23 8
-34 8 32 -35
18 -15 20 -38
13 -30 23 -8
-24 -12 -36 0
20 6 15 -17
8 -6 32 17
33 13 0 23
14 38 22 -30
40 -9 24 17
4 23 27 -27
22 15 34 26
-33 -36 18 19
-20 -24 -14 29
-40 34 -18 -42
-2 19 25 26
-12 3 -41 -4
36 -7 2 22
24 2 9 11
3 -16 -17 8
19 33 -14 22
-16 17 40 29
-34 -5 35 -34
9 37 40 27
-34 3 39 37
35 17 32 -19
15 40 15 26
7 -28 -42 11
30 -8 28 -28
-1 33 32 -34
-22 -2 -39 0
-20 -20 23 -15
0 6 37 27
12 7 -40 -37
-4 33 0 10
15 -4 30 2
26 15 25 12
-36 -11 23 10
44 -13 6 8
-5 -3 -23 -32
-8 -23 -12 3
2 -11 -1 -42
23 -31 8 3
35 -5 -6 -17
43 -38 -22 -29
48 -32 24 25
16 14 25 -12
-16 -4 -28 -28
-6 -2 14 24
9 20 3 -31
53 21 -26 15
-22 17 -1 11
7 37 3 -23
7 -5 36 26
46 7 8 12
-26 19 -10 8
10 10 -10 -19
16 -34 39 7
24 22 38 -37
-37 0 22 16
39 -6 40 -23
38 24 -37 24
34 8 -17 -20
-37 -8 18 -27
-24 36 -18 15
8 -21 14 28
32 -25 3 -27
19 -22 -9 26
6 23 -38 -11
13 -13 11 28
14 -39 -7 -21
-13 -32 -12 17
33 23 14 18
-23 32 -36 33
-21 41 27 -1
-31 1 -23 -41
-34 32 32 -6
35 -36 16 36
-37 14 -6 34
10 -2 -15 7
-25 -6 -19 9
-17 28 -14 7
35 -25 17 -42
-16 11 20 9
9 4 -4 29
0 -1 -9 2
4 17 9 -26
-12 -26 -2 19
-20 38 -6 -41
32 -39 12 -28
-28 -37 -5 12
-31 14 -41 -33
-6 -22 -2 -40
8 40 -1 7
-2 14 -30 12
-13 -35 14 -13
21 -33 -11 -11
44 24 33 11
-10 7 -5 17
-9 14 -29 -33
-15 -6 15 30
12 -33 21 26
40 19 -24 -24
32 9 -32 32
31 37 15 9
39 26 -24 -47
-15 19 7 7
9 10 33 -39
-15 -24 -3 31
-17 -10 32 -6
-5 -24 12 -39
-19 -22 -16 -6
-8 -30 20 20
47 -25 -14 -11
-3 -6 -5 -51
-4 -28 -41 -32
-11 -10 5 6
-4 -25 -7 -27
-30 -17 4 -6
4 24 -14 5
4 -42 -21 -7
20 29 -5 22
-10 -6 -22 -14
11 3 -34 7
5 27 -14 0
5 -19 15 -39
23 7 21 -31
-35 31 -15 25
-37 15 38 5
23 21 21 -14
34 -16 18 -23
-10 -16 -30 -18
29 -26 -39 -14
-40 6 -40 -8
-25 0 19 -43
-23 32 0 37
-7 21 5 12
5 20 12 36
37 -10 18 -29
5 -10 -10 12
-32 26 -5 -30
-19 11 -8 17
-14 -31 -10 9
-17 -39 24 -24
41 11 -18 35
15 -32 20 -26
-1 -23 34 14
-33 -19 30 17
-24 40 25 16
39 0 33 20
-11 15 -12 25
-12 -27 -10 -43
-26 -38 18 -34
6 -8 -39 27
22 -21 8 -35
-15 42 29 10
-10 0 -12 -49
-13 -4 -31 -36
0 -20 40 9
4 31 29 -39
25 -35 14 -18
-7 -8 -15 4
0 36 -6 -13
-20 18 27 6
-13 -31 19 26
49 -37 -28 -45
-9 30 -13 -9
29 2 34 -18
3 19 31 -40
7 -22 21 -10
3 25 4 -24
29 30 -37 -28
27 17 -37 -55
32 44 -18 -1
1 -20 22 -54
4 9 12 -45
18 -21 -4 5
-8 31 -17 -36
-24 34 -4 -38
7 -20 -30 10
-12 -24 16 30
35 7 3 12
6 15 28 9
10 27 35 20
-41 13 -27 12
-2 -32 26 -10
20 -5 -19 -21
25 0 11 36
1 29 -20 -9
30 0 -9 -44
-35 -6 17 -39
-5 40 -24 -23
10 28 10 9
-21 -21 -8 -32
24 -12 15 30
-35 -25 -27 17
-36 -33 -14 -4
31 -28 14 37
4 33 -2 -33
35 13 -21 16
12 -10 -6 21
-37 23 -6 -35
19 -33 -8 -35
33 -38 8 20
-10 27 33 -5
-15 -5 -10 6
9 12 38 -42
4 -16 16 -20
-3 -35 -35 -32
19 7 -9 -18
11 10 -6 -30
-31 -23 16 29
-2 25 -4 25
-13 -3 -6 7
-2 -10 18 27
-31 -7 -8 -9
-31 -13 -36 -27
41 -5 -29 -34
10 13 13 9
-29 -22 25 15
0 39 -1 -28
-5 -8 -38 -13
37 39 33 -30
-5 3 0 -3
36 0 -6 19
24 27 22 21
10 -22 -13 0
51 8 -18 1
-15 21 20 -44
48 4 -1 -4
41 25 26 11
29 -11 36 -62
10 -22 -35 -47
36 -3 -2 21
-17 26 -33 -12
-24 -18 34 -27
-9 -12 -24 -27
16 -3 17 -12
-20 11 10 -22
7 -18 -33 30
10 -13 13 -37
-31 -38 28 -8
-25 35 -16 -25
22 -17 28 19
18 -18 30 29
-25 -41 -25 1
-39 -2 -15 30
-5 33 18 -44
1 -4 20 -41
34 36 -19 -21
-32 -35 13 -44
20 -15 19 -39
29 34 -5 -9
36 35 7 30
-27 24 -34 15
8 23 6 -20
1 -4 9 26
-32 -8 16 0
-7 20 -36 -20
35 -5 -6 -37
25 -35 -3 28
-2 23 -35 30
40 29 -31 -21
28 21 31 -25
23 -29 -2 -31
-25 -35 5 -32
42 -15 4 -46
-35 -7 -37 -11
-15 -18 -15 -17
-25 10 27 -48
-34 37 -36 24
21 0 11 30
-28 34 -7 -4
25 0 -43 -20
24 -35 0 -25
-18 -2 11 -44
4 10 6 -1
42 27 -29 -30
-6 2 31 23
11 18 -8 -18
12 30 -33 -15
-28 24 19 -13
0 42 19 25
41 40 -40 -38
23 -21 -11 -10
-23 27 29 -2
5 -10 23 22
42 -20 -19 11
-7 44 -22 -7
20 -10 28 -41
-15 -6 15 -49
-21 51 -6 -24
-28 4 -23 0
-15 -19 4 22
-45 13 -2 -53
-15 29 -1 -22
-15 1 5 11
3 -21 32 -22
8 35 -41 24
35 10 -6 13
-21 -40 3 -29
-34 23 -12 -45
14 0 12 1
-12 28 -35 -14
29 -38 29 1
21 37 -36 10
39 6 -7 12
33 7 -23 -18
16 -19 -14 -11
-24 4 5 17
-29 -8 14 -20
26 41 8 -16
20 -36 5 -27
-2 -16 34 -8
-19 5 -3 -4
18 -28 32 -14
-3 23 -17 17
20 -13 -36 22
19 29 -15 -14
4 41 25 -42
41 14 22 -40
14 4 -24 -23
13 -18 10 25
5 -9 -37 -15
-26 34 -34 8
-25 -13 7 -16
24 25 20 -41
-7 35 15 -47
36 -13 -32 15
30 -30 -41 -46
-3 29 -24 33
8 2 -1 17
-8 3 31 16
7 31 -20 32
-35 -10 -18 -46
23 13 -6 14
43 7 -45 30
30 2 34 -33
21 -16 13 23
26 -19 -2 8
33 -6 -16 -15
-2 7 -43 0
9 -31 -46 -17
21 32 -29 -27
-16 28 -45 -42
34 -12 -26 11
-2 48 -29 -3
23 13 29 -12
36 15 -3 14
9 16 -18 10
0 -18 27 -54
-8 8 20 -22
-43 -10 30 6
19 -2 12 13
-4 -13 -47 -6
-26 34 27 -4
20 -14 -43 1
27 -13 14 17
-23 -37 -44 -21
-41 -4 -37 -28
-23 6 -22 -41
-25 -21 -31 5
0 -18 22 -7
11 32 -6 -20
-33 -25 2 30
-41 -17 -16 -21
5 7 4 10
-26 -5 -3 0
-25 -20 7 31
-28 -6 -40 8
-28 8 10 -42
-32 34 -6 2
-31 2 19 34
0 8 30 5
27 -32 -21 -26
17 -20 -39 13
33 2 -27 6
-16 -10 17 -10
-35 -19 -6 15
25 -35 23 7
30 3 -11 -25
-10 21 -40 -37
-37 1 32 35
-7 -9 28 -25
19 -19 -34 -29
-10 -34 -26 22
41 5 2 12
-6 30 6 10
23 -6 37 21
-14 1 -11 -41
-33 -25 -7 -40
-17 1 21 1
28 -30 -42 0
-27 -6 -33 26
-13 -8 -44 17
-30 26 -46 4
-9 0 21 6
4 43 -8 -1
-16 15 13 20
-21 28 -29 29
16 -19 -1 -18
33 33 27 29
39 -4 11 -10
-2 -20 -43 -27
29 8 -30 -28
-42 48 -37 26
27 4 -33 1
-36 23 19 -34
-29 26 3 22
-12 38 -31 -50
25 13 -3 -19
-15 -18 -29 -25
-15 31 23 2
-12 22 -17 -51
12 -7 -44 -34
-34 -14 27 -29
7 27 26 -31
-16 -5 -8 1
-16 34 32 -37
13 26 -1 -29
27 17 9 -15
-9 38 35 -5
-25 -3 -1 12
34 0 -21 -11
38 -29 12 -35
-35 -9 25 -9
-18 25 1 -32
-23 -33 -6 37
1 -25 -35 -42
-11 -26 1 19
-3 -8 18 -23
24 -22 2 -33
26 -2 40 27
20 -5 -28 15
25 23 -17 -5
-24 30 -12 20
40 -38 -5 -25
8 -13 2 22
-15 -6 24 4
25 -36 -31 16
-22 40 19 23
19 -17 14 -42
18 -32 -4 34
8 28 -24 -26
5 -33 -28 -15
-15 29 -24 25
35 -31 1 -14
-13 18 10 20
-10 -4 36 -26
27 -17 19 -35
5 -5 -7 -25
9 -33 -13 -44
-9 2 -27 24
4 -23 -26 20
-9 4 -31 -16
10 45 19 29
23 -12 -18 -44
-25 44 12 4
36 -13 34 22
30 39 22 15
-40 -30 -18 25
22 -25 -36 -34
-5 21 14 -32
12 -28 -16 6
-23 42 -18 12
-20 -4 -20 31
-49 28 3 -26
-1 42 26 -18
-36 47 -41 -33
5 23 14 -48
-48 -36 -29 13
16 24 -16 -1
-21 9 -38 -9
25 -15 1 0
-19 -40 -2 -19
31 -4 -23 -41
-28 24 26 16
-23 -5 -10 -13
-29 -36 10 25
-13 -20 -43 25
-21 0 -28 -34
27 -38 -3 -34
36 22 -18 37
9 23 -17 34
31 -39 35 28
1 -11 -6 -4
-2 0 -36 22
36 -15 -32 -3
38 38 3 0
13 41 -29 31
6 18 -9 8
1 -17 15 -28
1 -11 2 13
6 34 27 5
26 -17 1 -24
-11 2 -35 29
41 -35 -6 -16
7 -14 23 -14
-1 -4 -36 19
14 25 39 18
38 39 3 36
15 39 15 -24
-4 34 30 25
34 18 -8 0
-11 -12 19 -33
-15 43 0 34
-28 4 19 4
-6 4 25 -31
4 30 34 -19
-27 26 -9 -17
-16 -3 -28 13
42 32 -24 -38
6 -24 17 -32
-4 -27 -18 -10
-30 30 -4 -19
-13 38 11 -45
11 -18 3 -2
-8 40 33 -5
37 -18 -7 -14
-13 -8 -7 -2
-8 -12 -7 12
3 40 -43 -3
7 9 28 6
29 14 -2 0
-39 24 -18 -15
-48 8 -28 -4
0 31 -45 -26
-11 43 27 33
20 -18 -3 -19
7 1 -18 24
5 14 -47 -8
-9 1 -22 -21
-24 31 -32 -37
22 9 -21 4
-28 -28 21 -39
-44 33 4 -45
32 -11 26 -33
20 26 -15 -22
12 -7 21 -9
-11 -14 15 19
-32 -40 34 35
22 10 -38 -4
-35 1 -37 9
21 38 32 -38
-31 12 16 27
-16 -14 18 8
-11 30 -35 -26
-40 -16 -6 -4
13 29 -1 -24
-36 2 27 24
-29 -2 35 3
27 29 -24 8
-22 -31 1 4
-1 -5 -27 -6
14 -30 21 -1
-7 -9 -34 -42
9 11 -24 29
-16 36 13 -27
23 -5 -27 17
-28 21 36 7
-32 -30 -24 17
-18 25 -5 4
11 -13 9 35
-16 31 -4 34
10 -19 -26 -42
-9 -30 14 7
1 -23 -8 -29
22 32 -39 -27
32 -26 1 -10
29 20 4 -32
-2 -3 31 15
-33 -18 39 32
40 39 -18 -4
-24 -7 -14 -35
-12 -11 32 -34
2 1 2 3
-15 24 7 30
-16 46 18 34
-2 42 29 -10
6 -3 9 -2
-45 31 -7 25
13 17 21 -33
-8 -12 2 -3
-13 33 34 30
25 -3 -9 -4
28 21 -17 -45
1 47 -36 -38
-17 21 -7 24
-11 32 35 13
13 -18 -9 3
-51 35 -26 0
-35 7 -4 0
-21 27 -7 3
7 9 20 -1
16 -13 4 34
-1 -24 -29 -1
-19 13 -11 7
-41 -31 -18 20
-43 -36 -27 -36
14 -31 25 -20
28 27 -11 22
-18 -32 -13 8
27 7 -18 -30
26 -24 -34 -36
-39 13 24 -33
24 18 -14 -21
26 -16 -38 -32
6 40 0 -33
-16 37 -40 25
-30 -23 27 20
8 12 -21 32
3 -24 41 33
26 -40 -21 19
9 35 9 13
-28 1 9 -28
23 38 -24 -9
-37 27 30 26
-33 -37 0 0
-27 -18 0 -7
33 2 33 -38
10 -12 0 -33
-19 -17 4 3
10 -38 -33 -31
-9 -11 30 -6
7 -30 22 -34
-27 -35 -20 -4
20 -14 19 26
-7 27 32 -28
-26 9 -31 -21
-8 0 -40 -34
29 44 -4 34
-13 13 4 1
-23 0 -36 -23
-16 4 -26 21
-23 15 21 -30
17 20 -29 -22
-42 47 -2 4
-15 42 -41 1
24 -21 31 3
-42 -6 -3 33
-36 -11 31 -10
-41 45 4 -20
18 28 36 -2
-8 44 -13 7
0 -20 -21 10
10 25 -39 26
-26 -11 6 1
-5 -19 26 10
22 -19 15 -17
19 -16 -17 -10
-49 0 3 -43
18 -3 18 -6
11 16 0 -22
-1 -24 -15 -25
26 -27 -5 -36
-29 24 -7 11
35 19 -36 2
-19 19 -43 -43
24 8 -39 -13
-40 -11 -30 -13
-17 35 -41 19
-3 -26 -5 -24
-23 -5 -22 -38
33 -38 30 16
-11 11 3 17
26 -6 -37 -18
-14 10 21 15
15 -16 8 -28
4 9 -18 26
-39 36 -38 9
-41 3 30 10
26 -2 -34 20
33 3 -25 21
22 8 -7 -22
29 29 21 -26
22 2 -5 6
-9 10 1 0
-2 -9 -30 -16
-37 20 -7 14
-6 4 -18 5
14 21 23 -26
-25 12 16 19
39 -34 22 -20
-4 2 20 35
7 35 -29 -41
13 -24 -33 -3
13 -33 27 14
38 21 31 26
0 -20 -38 34
3 -25 6 -11
-40 -17 -13 -16
-29 0 -2 6
1 9 41 12
-32 -29 -10 9
-18 -7 -18 26
39 -19 -12 19
11 38 32 -32
-5 -22 -1 -8
29 15 26 -30
-3 20 39 -42
-16 8 -20 31
32 7 -35 -14
-3 43 0 -21
-24 44 -19 35
-34 -5 -33 -5
4 18 -28 -28
-11 21 34 1
-13 11 -13 6
-31 10 19 -32
2 36 28 29
-20 -1 -37 -11
20 8 -32 2
23 13 -29 -11
26 -32 8 -19
-27 26 37 -28
-12 -2 -10 10
18 29 38 -26
19 0 25 23
18 7 -21 -18
9 15 -24 -5
23 -1 -22 -27
25 3 -29 29
22 -41 3 -18
22 21 34 -2
-40 29 -21 5
-30 40 10 -15
-21 -22 0 -12
-36 0 -20 -36
-4 29 -12 16
3 17 19 37
-20 -23 36 4
-35 0 -29 -18
16 3 14 -7
-36 -38 19 8
-17 0 2 18
-26 13 42 36
-19 33 -19 11
-31 -28 -17 23
-8 30 -37 20
23 11 40 24
29 29 -14 28
-15 -18 -24 -15
19 15 -29 -17
39 6 -12 -31
28 -22 -11 -3
3 -34 36 31
-37 21 27 34
0 8 28 -27
-24 32 -12 28
-35 36 -19 -31
16 -21 40 6
-5 -3 4 -7
31 -4 0 23
0 8 26 38
-30 27 -30 23
8 -12 -26 23
-31 9 -26 34
34 -32 9 -6
-4 39 -33 -8
-39 43 -8 -22
-34 34 -7 -23
33 2 -36 8
14 43 34 -30
-35 39 5 -30
4 25 15 22
25 10 -25 5
-29 -7 -13 -34
2 34 -42 30
17 -30 -17 -18
-12 -25 11 -18
31 22 11 17
33 -37 -39 -22
34 1 -18 22
21 -33 26 -40
-29 -35 -16 0
7 29 29 -24
21 -37 -26 29
1 11 -20 -39
12 31 35 -31
-34 -15 34 -13
21 -11 -37 -33
-2 38 21 -26
23 -25 28 -16
-38 -25 -1 2
-1 4 -15 8
-13 24 -15 -20
29 -19 17 -3
-18 -17 18 21
15 0 -37 30
-6 -15 -31 12
-30 -34 -36 30
-21 14 18 -3
1 39 31 -14
8 -34 12 0
-18 -1 -28 1
22 24 -25 24
3 2 22 -13
3 -28 -11 -42
-29 38 3 20
-20 -2 34 25
4 43 23 -27
8 -27 -38 26
-9 5 -38 -4
-1 -34 -6 4
-10 -10 -13 19
38 1 -38 -30
-27 38 1 16
5 32 30 -32
4 16 14 26
-31 -3 9 -7
1 21 -18 31
30 -5 -32 -41
23 -8 -23 30
-10 43 -4 0
-31 12 -9 -32
22 -24 27 -4
-38 27 -19 38
20 -35 31 -6
0 2 23 0
-27 32 1 28
16 -36 -11 -6
-34 11 -2 -11
21 -35 -39 6
16 -6 -24 3
-18 -4 -34 -1
12 4 -9 -39
-8 -1 -9 4
-34 29 -7 -6
27 31 -29 -30
10 18 1 -11
-14 13 -34 -9
-17 12 -24 -12
-29 -31 -8 -40
-22 38 7 -26
-33 14 -14 -33
36 2 29 35
-33 -3 -11 -5
5 32 -11 0
11 21 9 -12
-28 34 -17 -41
13 18 -28 -37
4 36 1 -26
24 38 -25 -21
8 -3 -20 -17
-19 -39 0 25
-18 1 -21 -43
-1 -6 16 34
33 -38 37 -39
26 38 -26 -31
-16 -7 40 35
29 4 43 13
-22 -32 -13 25
34 31 42 33
15 14 32 -28
6 -14 -32 32
-33 7 -6 -41
-3 -18 21 24
-36 2 1 38
-31 10 41 31
-26 -36 29 31
40 -35 43 9
-5 -28 -15 27
-17 -37 -4 7
-38 -5 19 -5
34 41 -11 31
36 -28 -5 -33
-25 -2 21 20
13 -23 -6 -16
-10 -26 41 34
-7 22 -36 3
-16 -4 -8 12
39 -39 27 0
35 -9 -17 36
-10 0 5 38
-31 20 43 20
-33 -14 -3 33
-21 29 -24 -1
7 33 -19 20
2 -31 17 -10
3 9 -35 -29
27 -18 2 -8
-6 -33 -13 21
-42 32 -16 -20
-3 0 37 1
20 -28 -40 -6
11 -29 14 -10
10 -3 8 22
-40 -12 -39 23
4 29 20 -19
1 1 -37 -40
-43 3 -9 26
18 2 15 5
37 -17 -41 35
2 11 26 30
-21 19 31 12
-13 -23 -33 -11
17 -12 6 18
-29 3 40 -16
10 -36 -23 -30
3 2 40 -33
-15 -11 -18 -33
-10 17 38 -37
15 24 -4 12
6 3 28 10
-2 25 -21 -13
30 -3 40 -16
14 32 32 32
27 -23 40 -16
17 -37 -36 17
23 -11 23 -30
-30 0 21 -30
-22 -38 13 21
-23 -12 -38 33
-26 32 -32 -34
15 16 18 35
11 -28 -26 0
-19 -37 -19 -12
7 14 -32 -39
-24 21 27 -7
6 -6 1 -32
-12 1 43 31
-1 -38 -23 -17
38 -4 -8 32
-19 -5 -12 -23
-10 43 -14 26
30 5 35 -25
-5 -38 40 -24
-9 -34 42 -1
7 -11 26 39
23 25 -13 27
12 -4 -32 24
-21 0 -34 30
-28 7 43 -40
41 -39 29 -34
-25 -1 40 36
23 -38 -21 41
-25 21 -8 -16
21 19 -26 13
36 -29 -17 21
-32 -29 -35 -2
26 -20 -3 -29
38 -19 -8 -30
-15 18 -5 -3
26 -39 -5 35
0 11 -7 -1
-22 19 -33 -6
10 35 -33 5
-13 13 14 33
-19 21 29 -6
30 8 11 -5
-21 39 -20 -13
-25 -7 34 2
-41 32 10 32
25 30 -30 -24
32 -36 20 15
-32 13 -8 20
-8 8 -16 -42
32 -36 41 5
-9 28 -12 -9
-3 -14 -16 -27
21 22 -24 -20
33 -41 -22 -39
-21 3 -3 -1
18 -4 -8 -27
-13 21 7 19
-41 -17 -13 22
30 -20 15 -29
-25 11 -32 -34
-28 12 26 -4
30 -17 4 -22
-9 -15 -31 36
0 -37 37 -9
-35 -31 -31 16
9 -31 41 -19
42 -26 0 13
6 2 -17 23
-33 -31 -9 -23
-31 32 12 6
30 -4 -37 20
37 -22 40 -32
-25 -26 18 25
8 3 -14 7
-30 -28 -3 -34
23 39 -29 29
11 -23 -33 29
-36 1 29 20
-34 9 12 -34
22 10 -18 -1
-3 -14 21 9
37 -31 29 18
27 18 31 13
-26 19 23 -21
-6 -7 -27 -3
-22 30 -28 -4
-20 -4 3 29
15 20 1 40
-18 -17 11 -20
-21 6 -16 33
-13 24 -37 1
-21 31 -5 -9
-18 17 36 31
-34 39 3 34
-35 -8 12 0
3 -24 -37 33
-33 -8 40 2
17 -21 8 37
-10 13 -12 -28
-40 -6 -24 9
-7 -22 -13 -9
-2 -25 0 3
-10 -27 -37 10
-8 0 23 -4
3 -7 26 -36
-39 15 -41 -30
12 27 -32 0
33 17 -31 27
-38 -4 13 29
-1 -3 8 -12
-28 -1 -36 -31
6 9 27 -8
-16 -38 -27 6
35 39 6 -15
2 -34 -6 9
17 -24 -25 -21
-35 -22 -21 35
33 -35 21 -26
-27 6 -39 0
-35 -37 0 22
14 6 4 -30
14 -29 12 4
2 -26 -21 -6
-9 4 -37 7
41 -18 35 40
40 18 0 20
-6 27 16 18
15 -2 -37 -3
-37 20 43 14
33 -13 13 -20
-29 37 20 7
4 6 23 -22
-13 28 -18 23
5 -33 -2 25
4 -3 0 -5
33 0 0 -4
-7 -33 7 3
-1 -11 17 15
31 35 -31 -25
-4 -2 35 22
24 7 17 37
26 -2 -19 41
43 -25 27 13
-17 5 29 37
-23 8 36 13
2 28 -14 40
-9 18 9 -11
-25 26 -11 -18
26 -26 37 -13
-24 40 9 5
-22 25 16 -30
23 38 -35 -10
-5 -37 -3 23
7 35 6 -1
-40 13 -4 -1
19 14 -26 -6
15 19 7 -7
4 -5 -14 -35
-2 19 33 -29
24 26 3 -8
11 29 -37 -14
-39 -15 -20 -15
22 3 -29 16
-34 12 15 20
-38 29 8 -36
-38 16 -20 37
37 23 39 -15
-39 11 11 -33
-24 -11 30 11
-11 31 40 17
-2 -18 -27 -41
-27 -5 11 24
34 -36 -21 12
28 -22 6 -8
-22 31 28 -9
1 -38 -20 10
-27 -35 -15 25
24 25 38 2
29 29 -10 -40
9 -19 11 -38
37 18 20 -15
31 37 0 12
15 2 -2 -1
18 -33 -13 -27
16 13 7 -11
2 -27 24 -31
14 10 -17 -23
34 -33 4 31
17 21 -10 -8
7 0 14 -36
-32 39 38 -38
33 -9 -37 -4
-35 -1 1 1
-16 -7 18 -9
30 17 10 -22
26 33 18 -9
44 13 34 35
-30 -35 -29 1
-36 -20 -12 34
37 -17 16 -28
-16 -9 18 -33
42 -37 -22 -3
13 0 -31 37
-32 -5 19 8
-24 -18 17 -30
-32 -31 30 -20
21 -19 -4 -22
31 -30 8 0
-29 2 -11 37
-34 -37 -36 -29
-31 -34 -32 -30
-33 38 -27 -5
24 9 -3 28
25 24 33 38
-25 21 -34 14
7 -32 -28 -29
23 -20 -10 1
6 -10 -19 23
1 -39 11 -11
23 -3 31 -20
-27 -28 27 33
24 0 -37 -36
-26 22 18 2
20 -36 0 -39
17 33 40 -6
-33 0 10 3
-28 34 39 35
-38 8 5 27
-2 -23 15 -17
6 2 -1 -27
-37 4 -12 13
2 33 -25 17
-17 26 23 -15
13 -19 -35 -26
-39 -10 -8 18
30 3 -10 -36
-32 19 34 23
39 14 21 16
15 9 -3 -20
22 35 21 0
-21 -31 17 13
0 41 11 -1
11 23 -21 22
1 -36 -25 40
-22 -24 -35 -1
6 -23 -19 7
17 -20 -26 31
12 -17 23 3
3 -17 23 7
16 -37 25 -7
-28 27 -6 -28
-3 5 -8 2
7 40 13 23
-27 -36 -27 -35
-12 13 -22 -6
-33 33 -32 13
12 -38 41 -29
-16 -12 -28 -35
4 36 -3 40
0 -14 39 -35
-26 -28 40 4
-9 28 7 -16
42 22 16 13
22 -30 2 -38
36 -31 15 24
-5 23 10 -17
11 -1 -15 11
10 -13 15 34
-31 21 -2 20
-38 -5 25 -22
23 15 -4 -27
0 -19 -2 -24
-33 -19 -11 22
23 -25 2 35
-13 34 -36 13
-25 36 -35 -37
-41 -26 -35 14
18 -15 -7 -27
11 35 -10 13
-41 2 0 -5
-9 -22 3 -12
-15 -10 -18 24
4 -30 -5 -33
-24 -27 -10 18
-19 11 21 35
-20 17 -18 -4
7 -14 -14 -10
2 24 -2 -38
-4 33 15 -37
-3 -7 25 -44
-36 -31 41 -31
-34 10 13 -1
-37 -31 39 -5
-23 12 -37 23
22 -38 31 -12
-36 11 -11 2
-10 -34 36 24
-4 40 20 -40
-18 -5 24 26
0 18 35 -36
-15 32 10 -9
-32 -32 21 1
-7 -4 21 -28
41 1 -33 35
0 26 19 23
-2 -10 -8 -36
43 -13 -15 6
15 2 21 -24
34 -19 31 17
-4 -22 -1 -27
7 32 -8 -2
16 25 21 0
20 -4 -35 7
18 0 -15 -23
-7 -31 20 30
-12 22 -19 7
-11 -29 -9 12
34 39 33 -33
-15 23 -35 21
16 31 23 37
17 39 7 -36
-36 34 -37 -14
7 35 9 -2
-24 -6 27 -4
-35 -17 -10 11
38 5 -22 9
30 35 -8 -26
10 -20 4 26
23 -20 -23 17
-19 -41 33 19
-37 -24 31 27
-38 -43 -14 25
-40 35 38 23
15 25 -27 8
-11 20 -5 23
26 -36 -37 15
-6 -32 3 -22
24 12 -12 33
26 5 -7 -6
34 32 -16 33
31 8 9 26
-16 -19 -24 -26
25 12 -1 15
-6 10 4 24
4 39 21 -34
13 38 20 13
-38 7 37 0
-10 -25 -35 -37
-28 4 -10 -10
-21 -2 -16 0
26 -38 3 0
-24 19 28 11
-26 -26 19 -1
-41 -5 0 -41
13 -6 -26 33
7 32 -37 -27
32 -29 -8 7
-23 -34 21 33
-15 -11 29 -37
8 -10 -5 -11
42 37 35 26
-25 -2 13 -2
37 21 -32 6
5 16 18 21
42 6 -2 26
41 -12 8 27
-27 -12 -30 40
-6 -10 -5 33
16 -27 -19 -5
-28 -30 -7 18
-27 41 18 -30
-32 -11 -31 -21
-14 -33 7 9
-10 1 -26 -13
-21 -38 23 18
2 2 12 -27
22 -31 14 -24
12 25 -30 -39
1 26 3 -25
-25 -31 27 23
35 -39 -26 -30
-31 -12 -1 9
2 -18 -23 -9
4 -7 39 -28
-2 -39 -10 4
39 11 5 -17
0 -24 41 -36
33 21 13 15
40 -12 5 32
-20 21 -22 7
10 -16 14 4
24 14 5 -26
16 -41 2 -35
7 15 -23 1
-23 -9 36 -39
15 21 -28 12
-20 22 -18 34
-36 -26 6 29
-23 -7 -1 29
-8 38 12 16
37 -40 -25 -31
-29 11 30 -35
-41 -7 22 -10
-13 -3 -19 27
-2 24 -38 -24
38 -2 33 -24
-34 2 -12 0
23 -35 -15 -37
-10 -23 25 -30
-21 2 -39 -2
37 -8 17 31
-41 -32 -33 8
24 -5 -37 -10
-13 1 -13 26
-10 11 -12 -37
-1 -21 34 -27
5 34 -8 -39
37 30 11 -35
4 -3 24 18
38 4 -23 -10
29 0 28 -16
6 -31 24 -19
-19 -1 15 -3
25 -22 -25 36
-22 -37 -27 -20
-12 15 -38 -5
0 -38 -12 19
3 40 11 4
28 -16 -11 -19
2 -3 15 38
14 0 -5 24
-31 5 19 -7
13 9 -22 35
38 -5 41 21
-13 33 10 -31
35 23 1 -18
-32 11 2 34
42 15 -37 9
20 -17 15 -27
-1 39 14 -14
12 34 18 -3
-17 -4 -15 -33
36 -3 -10 -25
-15 4 5 -29
8 31 -27 -19
-20 29 4 -10
-35 -4 -16 12
-4 -39 28 10
18 19 -8 34
0 -42 14 -38
-36 -9 -6 38
26 -21 28 -40
19 -8 20 13
25 20 32 33
31 15 -1 20
-18 -3 3 -16
-20 -22 14 -27
7 -17 4 20
-22 -13 -2 25
-5 -35 -26 -24
-3 -24 -4 -28
-5 -40 22 -12
5 -20 -10 -43
-18 -22 3 38
11 -20 0 32
-13 -21 -34 -2
4 14 39 -38
27 33 18 -33
13 -39 17 35
39 -2 -23 2
34 -30 -33 -19
25 -35 -12 22
0 -3 2 -3
-4 -26 30 -33
-29 -15 -32 15
20 25 -37 2
40 29 14 12
41 -32 -36 0
17 -28 39 -33
-22 -5 -35 -7
-10 17 -35 -2
30 20 -32 4
-29 -20 13 -7
-16 19 40 8
36 37 -31 26
0 -14 -10 29
27 -25 -30 10
-32 -29 -10 -37
23 3 -22 4
27 -24 32 -2
36 6 -27 41
33 -37 24 -30
-28 31 -4 20
8 -10 -21 2
-29 -30 25 25
42 37 -36 -23
-10 29 10 5
-19 10 -9 -40
-14 14 28 29
23 -9 43 12
-21 -26 27 -8
-15 0 1 0
-20 -15 -24 -19
-30 0 36 -37
10 -15 14 -11
36 1 -32 -32
-16 9 0 -34
30 9 -35 -1
34 -31 -13 -1
-2 -39 -32 30
-37 35 -20 10
20 12 31 29
6 -14 19 10
22 -17 34 28
20 -4 24 28
6 5 -31 -4
-13 -22 4 11
36 -40 12 39
29 13 25 34
-34 -13 -4 -8
-31 3 37 -34
27 16 0 34
38 26 -16 3
-21 2 23 -15
-36 -11 12 23
12 21 -15 -28
14 -30 -14 27
16 39 -26 -41
36 -29 -3 25
20 28 42 -6
-19 4 -2 -29
-2 31 -14 -22
-22 18 8 16
6 25 0 28
27 -23 -35 -29
16 -3 21 35
38 24 34 38
-4 -34 39 9
-32 -9 -32 -37
40 -19 40 37
1 1 12 12
-2 36 -30 18
-24 -1 13 -28
40 1 -19 -32
-26 37 -6 -17
-27 -21 10 -26
28 -5 -6 9
-22 -3 -10 -18
0 32 15 -27
-26 -10 -24 -1
-33 1 -15 18
-31 35 -3 -19
6 36 6 3
26 -26 32 -19
2 10 25 -9
13 -22 13 -33
-31 -23 -28 -1
-5 11 16 -20
19 26 -23 12
8 34 21 5
25 7 41 -28
-26 -4 9 36
-18 -12 -35 -2
-34 32 10 -23
-31 -22 -9 -10
-15 -4 -9 -26
-10 -32 -34 1
6 3 25 -11
21 28 -31 24
11 18 24 17
-31 -8 -39 40
-10 -16 -2 20
25 -18 28 27
39 -4 34 -24
16 -29 -1 25
37 -42 -14 -12
22 32 28 34
6 -27 -1 -33
-33 -22 42 -2
-16 -11 29 -23
21 31 -6 16
24 -11 -22 -36
-10 21 22 -10
-28 -29 2 -17
-42 -12 -16 -41
-23 -23 12 -14
4 -36 -28 -18
37 6 14 4
19 36 19 7
3 19 34 27
1 17 -36 -15
13 42 -5 32
13 18 -11 33
43 -35 19 -9
23 24 -9 10
-12 11 -34 5
24 -19 20 2
-4 35 -26 -1
-1 -35 27 35
42 19 29 35
-28 11 25 -20
-28 -3 0 -35
43 -6 -28 -32
5 13 37 -23
14 19 -10 8
14 -38 -19 -2
33 0 -13 10
8 24 -17 3
-11 -2 -35 -12
41 2 22 38
-29 -35 -1 -24
0 35 13 -10
32 -16 10 -36
-34 -17 43 -28
-13 1 -8 37
27 5 28 23
-25 23 23 12
43 33 -5 3
-9 0 -34 -3
-37 33 17 10
-32 29 21 -14
-17 -26 22 -35
-18 -3 14 -39
7 -14 -20 12
36 -37 7 24
-16 27 17 7
-16 28 5 -22
39 -15 32 -6
-12 -4 24 -12
-37 -36 1 34
11 2 -21 -7
-41 -20 -2 35
33 31 -38 11
32 3 -14 10
-31 13 -10 9
3 23 -7 -6
-14 -11 15 -42
28 -38 12 -20
-39 -5 31 -8
-8 -4 -3 -36
-43 -29 12 7
-34 39 -8 15
-17 0 -14 2
-8 -15 7 9
-22 0 -5 31
12 -39 10 -15
37 19 -33 -17
35 0 18 -18
-31 5 -15 3
18 -13 16 24
12 17 -6 26
1 -12 -4 40
-22 10 -29 -37
29 34 -28 28
15 -22 -23 -37
40 -32 -22 -1
33 -36 9 -30
-30 10 -23 12
13 41 -29 -11
23 18 -37 33
-1 -7 -22 7
1 -40 -9 -31
36 12 -25 -4
-28 -8 42 -12
37 -37 43 -21
31 -1 -35 41
-24 -28 14 -19
20 26 21 38
-28 30 32 -39
-1 -21 42 36
-16 -38 10 4
-33 -22 -32 29
-1 15 -13 -26
13 29 -7 -36
-33 17 33 -29
32 38 13 -7
35 15 20 9
35 -2 -24 27
1 -38 31 -16
38 -30 -28 16
13 25 -23 1
-28 11 14 30
3 23 16 30
-36 22 37 -11
33 4 34 28
-17 34 18 19
39 31 -13 31
-26 17 16 -39
0 -32 8 35
-38 -37 -21 -26
-18 -14 -33 -13
6 -26 9 0
9 -27 0 -2
-17 -1 -23 35
-16 -39 -16 -8
3 -29 41 -7
32 -12 -18 -7
-13 29 40 -27
-33 -34 13 -41
12 12 34 -1
13 14 20 -31
-5 -34 -33 -40
-40 19 35 5
-14 -20 -39 -1
23 -25 7 24
-19 20 -12 16
20 -31 -5 23
-1 -7 -32 -30
-10 17 25 -35
-35 -26 0 0
-16 -28 16 -8
-27 13 -5 15
27 0 1 39
-6 -23 -12 27
13 -35 2 4
-12 -36 5 31
21 11 0 -30
-6 35 -21 -14
-33 6 22 10
-9 24 -21 -34
-5 -14 -6 -20
26 -26 -35 -2
-24 3 -14 35
-31 36 -19 30
38 -3 36 -31
-38 -28 35 2
28 -6 -33 10
7 28 43 41
-32 -37 30 34
-22 16 1 -7
0 -7 -25 11
6 -9 15 -23
-10 -40 34 32
32 0 -30 21
-9 6 40 0
-16 -10 9 -10
6 -39 -26 -9
29 -10 22 -9
-33 36 -10 38
41 17 40 7
-21 12 28 2
-22 -25 -11 12
-33 20 35 0
-35 12 -33 23
21 -2 -22 -36
7 35 32 5
26 8 17 -7
-10 -10 21 2
-2 -33 0 -26
6 -35 27 -30
36 -14 22 30
-11 -27 29 3
-19 27 -37 12
36 -23 14 -11
25 -5 -10 19
13 -42 13 3
-36 -42 38 27
27 35 4 8
15 -7 -18 7
35 -13 -18 14
-28 -33 20 27
-12 24 33 25
-18 -21 12 2
-17 -3 2 7
25 6 40 -12
-20 34 8 -21
23 37 -8 13
-18 36 -12 26
-13 0 -16 -39
-2 34 -19 2
24 -22 -26 23
-34 37 14 -37
-16 -20 36 16
17 37 19 -13
-8 17 -11 32
38 -24 -13 40
-31 17 -8 -11
5 -23 -7 23
-12 11 22 42
-35 -14 24 15
28 -35 29 15
-36 24 -7 3
-15 -20 20 38
38 -28 43 -31
-9 14 44 9
-9 -30 0 -18
31 1 -29 23
-9 11 6 36
-28 31 36 11
12 -27 -23 -14
5 2 -9 17
-25 35 -22 33
9 24 32 -34
-6 16 -38 -40
-4 40 12 -40
37 -15 35 25
3 11 11 -34
-23 17 -24 -20
13 24 2 25
39 19 -11 -31
-2 -25 -14 37
-26 3 -26 -26
-15 -40 12 -28
-30 39 20 24
9 10 20 4
-32 35 2 -1
-1 -34 -7 25
-35 -18 7 27
37 6 -30 -39
28 -13 28 -15
8 -36 -8 -40
-1 26 -30 -19
-15 -15 -3 2
-9 -10 27 11
-17 37 -2 -26
-34 23 35 -6
-14 7 12 29
-6 -28 -24 -13
22 -41 37 -10
-39 -20 -29 -16
-31 -11 11 25
-42 -28 6 -25
19 28 -9 26
4 -37 -35 -28
-15 -8 -14 34
-33 10 24 -18
-17 -8 9 36
27 30 -29 -37
-1 13 43 -30
22 19 27 0
27 21 5 8
16 -35 27 -6
-6 -12 -24 12
-31 -7 -29 3
-9 -34 -35 -33
-21 -13 -22 21
13 -28 17 -40
43 1 -17 4
-2 -39 27 -38
37 13 -15 -33
39 30 -14 34
26 -14 35 -33
-3 -34 -21 7
-9 15 38 27
-23 -30 -30 -39
-20 -30 -12 13
7 -31 19 31
21 -9 15 -36
37 -1 28 33
-25 19 6 38
-27 -7 36 -25
40 30 -7 1
40 0 -20 33
28 -26 11 6
-20 -32 26 -14
-21 14 13 -18
-37 -35 7 27
28 4 13 -25
-32 -7 -11 -8
-7 -9 29 -14
13 15 26 -30
-28 -2 41 -5
12 -42 -27 24
-18 -13 -30 -1
-8 -13 5 -40
-6 -10 -38 5
-9 -23 25 -26
-5 11 -25 2
7 28 -30 23
34 -5 -31 19
34 -29 30 16
-5 26 33 -13
-13 31 -18 -12
-2 -41 27 16
27 -8 30 38
6 9 -36 2
25 1 -37 -25
36 6 -12 -24
-17 -34 27 -29
34 -16 -35 8
29 -10 -2 18
-4 33 4 -10
-6 -9 1 -33
32 9 -2 -13
-33 -4 28 -35
14 33 -5 -32
-16 20 0 15
16 -38 18 8
-16 23 -30 -17
26 -16 16 -27
-31 2 17 14
-9 -5 43 8
-5 -12 20 11
-33 -17 15 -8
-26 6 9 37
37 2 8 -14
33 -27 6 -19
39 33 -34 35
-29 6 -30 7
25 30 32 18
43 14 -10 1
-3 26 -32 19
-19 11 22 -10
-20 -22 -17 26
0 -6 13 -6
-23 -16 35 -5
26 30 -17 -18
17 30 5 -25
6 -23 37 -25
-16 7 17 -23
22 -18 -10 6
-31 -30 34 18
-26 37 1 -24
-18 31 17 27
43 9 15 34
39 -23 -17 -16
-30 -30 37 10
1 19 6 -1
10 29 -22 35
-23 -16 -23 7
27 31 34 -5
-22 33 -28 -35
-9 37 30 23
-11 -38 17 -18
-36 25 0 20
38 -30 3 40
-6 -42 21 32
-2 -16 16 19
-29 -43 18 -25
-28 32 38 31
-6 4 -31 -14
14 19 3 39
24 -12 25 -19
-5 -33 -1 14
12 -35 -29 -13
-18 -8 9 -30
-22 22 -29 -38
-13 20 19 28
26 -16 -28 4
-18 36 -12 10
-21 33 -4 -5
-42 -4 16 30
-3 34 38 9
12 -27 -9 28
-5 1 16 23
0 0 0 0
0 0 0 0
0 0 0 0
0 0 0 0
0 0 0 0
0 0 0 0
0 0 0 0
0 0 0 0
0 0 0 0
0 0 0 0
0 0 0 0
0 0 0 0
0 0 0 0
0 0 0 0
0 0 0 0
0 0 0 0
0 0 0 0
0 0 0 0
0 0 0 0
0 0 0 0
0 0 0 0
0 0 0 0
0 0 0 0
0 0 0 0
0 0 0 0
0 0 0 0
0 0 0 0
0 0 0 0
0 0 0 0
0 0 0 0
0 0 0 0
0 0 0 0
0 0 0 0
0 0 0 0
0 0 0 0
0 0 0 0
0 0 0 0
0 0 0 0
0 0 0 0
0 0 0 0
0 0 0 0
0 0 0 0
0 0 0 0
0 0 0 0
0 0 0 0
0 0 0 0
0 0 0 0
0 0 0 0
0 0 0 0
0 0 0 0
0 0 0 0
0 0 0 0
0 0 0 0
0 0 0 0
0 0 0 0
0 0 0 0
0 0 0 0
0 0 0 0
0 0 0 0
0 0 0 0
0 0 0 0
0 0 0 0
0 0 0 0
0 0 0 0
0 0 0 0
0 0 0 0
0 0 0 0
0 0 0 0
0 0 0 0
0 0 0 0
0 0 0 0
0 0 0 0
0 0 0 0
0 0 0 0
0 0 0 0
0 0 0 0
0 0 0 0
0 0 0 0
0 0 0 0
0 0 0 0
0 0 0 0
0 0 0 0
0 0 0 0
0 0 0 0
0 0 0 0
0 0 0 0
0 0 0 0
0 0 0 0
0 0 0 0
0 0 0 0
0 0 0 0
0 0 0 0
0 0 0 0
0 0 0 0
0 0 0 0
0 0 0 0
0 0 0 0
0 0 0 0
0 0 0 0
0 0 0 0
0 0 0 0
0 0 0 0
0 0 0 0
0 0 0 0
0 0 0 0
0 0 0 0
0 0 0 0
0 0 0 0
0 0 0 0
0 0 0 0
0 0 0 0
0 0 0 0
0 0 0 0
0 0 0 0
0 0 0 0
0 0 0 0
0 0 0 0
0 0 0 0
0 0 0 0
0 0 0 0
0 0 0 0
0 0 0 0
0 0 0 0
0 0 0 0
0 0 0 0
0 0 0 0
0 0 0 0
0 0 0 0
0 0 0 0
0 0 0 0
0 0 0 0
0 0 0 0
0 0 0 0
0 0 0 0
0 0 0 0
0 0 0 0
0 0 0 0
0 0 0 0
0 0 0 0
0 0 0 0
0 0 0 0
0 0 0 0
0 0 0 0
0 0 0 0
0 0 0 0
0 0 0 0
0 0 0 0
0 0 0 0
0 0 0 0
0 0 0 0
0 0 0 0
0 0 0 0
0 0 0 0
0 0 0 0
0 0 0 0
0 0 0 0
0 0 0 0
0 0 0 0
0 0 0 0
0 0 0 0
0 0 0 0
0 0 0 0
0 0 0 0
0 0 0 0
0 0 0 0
0 0 0 0
0 0 0 0
0 0 0 0
0 0 0 0
0 0 0 0
0 0 0 0
0 0 0 0
0 0 0 0
0 0 0 0
0 0 0 0
0 0 0 0
0 0 0 0
0 0 0 0
0 0 0 0
0 0 0 0
0 0 0 0
0 0 0 0
0 0 0 0
0 0 0 0
0 0 0 0
0 0 0 0
0 0 0 0
0 0 0 0
0 0 0 0
0 0 0 0
0 0 0 0
0 0 0 0
0 0 0 0
0 0 0 0
0 0 0 0
0 0 0 0
0 0 0 0
0 0 0 0
0 0 0 0
0 0 0 0
0 0 0 0
0 0 0 0
0 0 0 0
0 0 0 0
0 0 0 0
0 0 0 0
0 0 0 0
0 0 0 0
0 0 0 0
0 0 0 0
0 0 0 0
0 0 0 0
0 0 0 0
0 0 0 0
0 0 0 0
0 0 0 0
0 0 0 0
0 0 0 0
0 0 0 0
0 0 0 0
0 0 0 0
0 0 0 0
0 0 0 0
0 0 0 0
0 0 0 0
0 0 0 0
0 0 0 0
0 0 0 0
0 0 0 0
0 0 0 0
0 0 0 0
0 0 0 0
0 0 0 0
0 0 0 0
0 0 0 0
0 0 0 0
0 0 0 0
0 0 0 0
0 0 0 0
0 0 0 0
0 0 0 0
0 0 0 0
0 0 0 0
0 0 0 0
0 0 0 0
0 0 0 0
0 0 0 0
0 0 0 0
0 0 0 0
0 0 0 0
0 0 0 0
0 0 0 0
0 0 0 0
0 0 0 0
0 0 0 0
0 0 0 0
0 0 0 0
0 0 0 0
0 0 0 0
0 0 0 0
0 0 0 0
0 0 0 0
0 0 0 0
0 0 0 0
0 0 0 0
0 0 0 0
0 0 0 0
0 0 0 0
0 0 0 0
0 0 0 0
0 0 0 0
0 0 0 0
0 0 0 0
0 0 0 0
0 0 0 0
0 0 0 0
0 0 0 0
0 0 0 0
0 0 0 0
0 0 0 0
0 0 0 0
0 0 0 0
0 0 0 0
0 0 0 0
0 0 0 0
0 0 0 0
0 0 0 0
0 0 0 0
0 0 0 0
0 0 0 0
0 0 0 0
0 0 0 0
0 0 0 0
0 0 0 0
0 0 0 0
0 0 0 0
0 0 0 0
0 0 0 0
0 0 0 0
0 0 0 0
0 0 0 0
0 0 0 0
0 0 0 0
0 0 0 0
0 0 0 0
0 0 0 0
0 0 0 0
0 0 0 0
0 0 0 0
0 0 0 0
0 0 0 0
0 0 0 0
0 0 0 0
0 0 0 0
0 0 0 0
0 0 0 0
0 0 0 0
0 0 0 0
0 0 0 0
0 0 0 0
0 0 0 0
0 0 0 0
0 0 0 0
0 0 0 0
0 0 0 0
0 0 0 0
0 0 0 0
0 0 0 0
0 0 0 0
0 0 0 0
0 0 0 0
0 0 0 0
0 0 0 0
0 0 0 0
0 0 0 0
0 0 0 0
0 0 0 0
0 0 0 0
0 0 0 0
0 0 0 0
0 0 0 0
0 0 0 0
0 0 0 0
0 0 0 0
0 0 0 0
0 0 0 0
0 0 0 0
0 0 0 0
0 0 0 0
0 0 0 0
0 0 0 0
0 0 0 0
0 0 0 0
0 0 0 0
0 0 0 0
0 0 0 0
0 0 0 0
0 0 0 0
0 0 0 0
0 0 0 0
0 0 0 0
0 0 0 0
0 0 0 0
0 0 0 0
0 0 0 0
0 0 0 0
0 0 0 0
0 0 0 0
0 0 0 0
0 0 0 0
0 0 0 0
0 0 0 0
0 0 0 0
0 0 0 0
0 0 0 0
0 0 0 0
0 0 0 0
0 0 0 0
0 0 0 0
0 0 0 0
0 0 0 0
0 0 0 0
0 0 0 0
0 0 0 0
0 0 0 0
0 0 0 0
0 0 0 0
0 0 0 0
0 0 0 0
0 0 0 0
0 0 0 0
0 0 0 0
0 0 0 0
0 0 0 0
0 0 0 0
0 0 0 0
0 0 0 0
0 0 0 0
0 0 0 0
0 0 0 0
0 0 0 0
0 0 0 0
0 0 0 0
0 0 0 0
0 0 0 0
0 0 0 0
0 0 0 0
0 0 0 0
0 0 0 0
0 0 0 0
0 0 0 0
0 0 0 0
0 0 0 0
0 0 0 0
0 0 0 0
0 0 0 0
0 0 0 0
0 0 0 0
0 0 0 0
0 0 0 0
0 0 0 0
0 0 0 0
0 0 0 0
0 0 0 0
0 0 0 0
0 0 0 0
0 0 0 0
0 0 0 0
0 0 0 0
0 0 0 0
0 0 0 0
0 0 0 0
0 0 0 0
0 0 0 0
0 0 0 0
0 0 0 0
0 0 0 0
0 0 0 0
0 0 0 0
0 0 0 0
0 0 0 0
0 0 0 0
0 0 0 0
0 0 0 0
0 0 0 0
0 0 0 0
0 0 0 0
0 0 0 0
0 0 0 0
0 0 0 0
0 0 0 0
0 0 0 0
0 0 0 0
0 0 0 0
0 0 0 0
0 0 0 0
0 0 0 0
0 0 0 0
0 0 0 0
0 0 0 0
0 0 0 0
0 0 0 0
0 0 0 0
0 0 0 0
0 0 0 0
0 0 0 0
0 0 0 0
0 0 0 0
0 0 0 0
0 0 0 0
0 0 0 0
0 0 0 0
0 0 0 0
0 0 0 0
0 0 0 0
0 0 0 0
0 0 0 0
0 0 0 0
0 0 0 0
0 0 0 0
0 0 0 0
0 0 0 0
0 0 0 0
0 0 0 0
0 0 0 0
0 0 0 0
0 0 0 0
0 0 0 0
0 0 0 0
0 0 0 0
0 0 0 0
0 0 0 0
0 0 0 0
0 0 0 0
0 0 0 0
0 0 0 0
0 0 0 0
0 0 0 0
0 0 0 0
0 0 0 0
0 0 0 0
0 0 0 0
0 0 0 0
0 0 0 0
0 0 0 0
0 0 0 0
0 0 0 0
0 0 0 0
0 0 0 0
0 0 0 0
0 0 0 0
0 0 0 0
0 0 0 0
0 0 0 0
0 0 0 0
0 0 0 0
0 0 0 0
0 0 0 0
0 0 0 0
0 0 0 0
0 0 0 0
0 0 0 0
0 0 0 0
0 0 0 0
0 0 0 0
0 0 0 0
0 0 0 0
0 0 0 0
0 0 0 0
0 0 0 0
0 0 0 0
0 0 0 0
0 0 0 0
0 0 0 0
0 0 0 0
0 0 0 0
0 0 0 0
0 0 0 0
0 0 0 0
0 0 0 0
0 0 0 0
0 0 0 0
0 0 0 0
0 0 0 0
0 0 0 0
0 0 0 0
0 0 0 0
0 0 0 0
0 0 0 0
0 0 0 0
0 0 0 0
0 0 0 0
0 0 0 0
0 0 0 0
0 0 0 0
0 0 0 0
0 0 0 0
0 0 0 0
0 0 0 0
0 0 0 0
0 0 0 0
0 0 0 0
0 0 0 0
0 0 0 0
0 0 0 0
0 0 0 0
0 0 0 0
0 0 0 0
0 0 0 0
0 0 0 0
0 0 0 0
0 0 0 0
0 0 0 0
0 0 0 0
0 0 0 0
0 0 0 0
0 0 0 0
0 0 0 0
0 0 0 0
0 0 0 0
0 0 0 0
0 0 0 0
0 0 0 0
0 0 0 0
0 0 0 0
0 0 0 0
0 0 0 0
0 0 0 0
0 0 0 0
0 0 0 0
0 0 0 0
0 0 0 0
0 0 0 0
0 0 0 0
0 0 0 0
0 0 0 0
0 0 0 0
0 0 0 0
0 0 0 0
0 0 0 0
0 0 0 0
0 0 0 0
0 0 0 0
0 0 0 0
0 0 0 0
0 0 0 0
0 0 0 0
0 0 0 0
0 0 0 0
0 0 0 0
0 0 0 0
0 0 0 0
0 0 0 0
0 0 0 0
0 0 0 0
