15456
-16342
27846
20857
-31998
24228
35283
13686
-32210
-29111
-36418
-39363
34581
10371
28316
1272
-9450
-38292
-27200
-27956
-34758
31902
4721
33690
-13313
-23011
22170
3650
542
15748
-32657
-27853
-3887
31057
31430
-21395
-6898
1247
17581
-13568
-2345
-19568
-9809
25406
-30565
-7953
8096
32336
8114
-22797
24270
31798
3999
38428
5188
15810
-40670
-36718
38215
38631
2102
-39564
-35138
22415
-2555
17733
-31910
-36420
28715
-6583
30440
9295
-11682
18417
9408
-36639
-37187
-5402
-35874
34041
-3707
-1295
16916
35808
39380
-11804
-1402
-21932
-22540
-3418
-41248
5916
37272
-12606
27710
5657
-25031
-3089
-21341
-11015
26598
-1203
-37930
14239
-30979
-2654
4412
-25089
-6320
35325
-1308
-12735
9944
37462
24958
14467
-29489
39957
2929
-26171
-4148
15055
36200
11384
-14140
27001
4979
-28258
-34265
-30725
1874
23540
-37553
-19946
37426
31640
-33942
39889
4668
29656
-14637
26463
-8327
27997
-15299
-4873
21147
32149
-40215
-11619
30466
36626
20387
-22220
30622
-1174
20412
-29003
-38223
30018
18476
1561
-19136
-27342
-1584
-34857
38568
-9709
8109
-7667
12940
-3030
-17924
-14011
-2246
34965
-37804
37976
19117
39121
-25107
16001
-6288
4608
28163
25701
-27741
24980
10013
38078
-22069
13258
-5679
11339
-15132
-39203
37054
-14226
6487
22000
16715
-16330
7252
-39480
-20762
10911
-28031
36573
37478
23061
-2101
-1520
-12543
28839
-29906
26962
18651
32691
-956
1680
-23605
2478
37705
-39801
38136
-11318
16988
17577
30640
29294
-37211
-5057
-11550
-13650
-10879
22497
-12301
-27076
-7593
-40875
-21515
-28524
6873
39969
-5854
-6427
-20047
6818
25100
-16629
37989
7528
34829
20199
-32627
-35923
28860
21171
-11169
18480
26617
4681
30169
11784
23532
-12598
11023
-2360
25487
-15202
-18827
-23882
-453
-20990
13491
15214
22204
-41155
-13537
17237
34610
-14909
-19063
33616
-40045
-41103
-34072
-7508
-14253
25823
1053
16226
9794
-8791
17012
10116
-17288
5553
8278
6073
-33033
-19740
-28192
28093
18952
-2806
23650
38741
24852
36374
-10950
-26784
-19291
-325
1429
332
-17870
37305
-34353
-28687
21885
35867
685
3508
10780
-2983
11518
-36496
-3689
22799
-2271
38750
-14368
17823
-31054
-39650
39352
-34112
-36548
17543
-3229
-29515
30326
-16768
-24395
-1145
-2935
17547
23863
-33010
38714
-18411
-1879
10753
-11082
-2633
-11282
-35299
-19496
-28807
-33688
-20036
-2213
5266
4072
23645
5810
-28848
-3236
-36309
27558
-22809
26327
23640
37659
-34012
-42352
-35374
-2342
21341
34055
-12518
-41422
30395
-31665
15415
-6405
30296
-1829
27016
-38967
38968
-36233
9630
36275
-16430
9619
-13243
25549
-31191
32465
-36500
890
-34964
5097
-30348
34113
-10500
26723
24649
10827
31524
23042
29386
20515
-6458
-5033
32449
8181
35023
3111
-26974
-4385
-9581
-38830
-12116
-16790
-11809
-6647
15253
-8304
-15478
19556
-38140
-26388
34450
-1408
-33256
-6165
-37993
24454
-17989
7363
11835
-28974
-1997
-10857
-42451
-1804
6100
4592
-42271
29810
10645
17583
3103
-35609
-14368
29947
-33870
2827
15327
12882
-27185
-8035
34350
-12910
-41847
-10975
12347
-21945
23930
-23692
-19504
-34886
-15561
32312
-30736
-12716
-14981
-26596
27346
15214
-15032
40449
35379
40662
-19129
39283
15087
-37373
15841
-4473
35181
24997
-12825
-25383
-32506
35380
9038
-9783
24923
-20632
22876
-12831
-26822
6393
33274
-8533
-24646
38404
18578
-16741
27634
-1731
31305
-42120
30188
10417
-5600
-1624
20595
-37455
-6949
35560
24854
-16593
35278
-35820
-42467
-15384
4733
3757
12750
14299
-5526
15596
-7711
-1266
2048
7178
-37121
-1099
-8772
29755
-39656
8591
-18291
16873
17307
-18316
-16943
32026
4376
7237
37356
39477
20897
-38548
16907
-39655
-19666
-576
10310
21668
-28880
19022
-39365
13600
22745
16694
11791
14701
-35856
38566
36788
-19613
-6673
28054
3712
-17613
34306
32250
-34510
33297
-9036
-22701
-27252
38
-1995
-24034
-11421
8446
28525
9792
36132
-21305
4495
-13399
-39001
-38765
-40316
14119
-34185
31807
30336
163
-33288
30848
37204
28709
-40394
-4591
9814
39878
36599
-2417
-26995
34329
-5232
37743
-17785
16635
8420
-17735
-12607
-2741
-17542
-26493
25987
3394
-39295
2912
-21150
-28885
1306
-25918
33317
-36627
31863
-37540
-513
38563
-14736
-9524
-20654
-33532
5668
30274
-9042
-705
-30185
-39210
-8987
-11827
40165
22355
-32088
19632
32862
-14150
-17591
-8681
-31289
-8413
3654
6975
7122
-18715
30529
6584
22270
-7237
-15598
-30145
26836
14997
7215
-2725
-7192
-12068
-28681
19115
32231
-27965
-28852
11430
24846
31458
-14206
26044
-27061
-12193
31616
-19902
-18526
-35794
-39014
21788
-41692
33092
23335
-34173
-20582
-15239
2422
-32000
10389
35470
15814
-34514
-8106
12504
5897
-9968
-20089
14715
17836
28973
39507
-7693
-30423
-8851
-21133
20928
18565
110
20079
27699
35675
28457
20158
-19571
-2369
-6850
-11110
31261
13564
-20478
15093
2094
-38453
-3252
-25013
-3576
8561
21490
25209
34242
-24681
-26433
-15110
11296
-27372
-31818
29957
21782
-30743
33523
-27636
39577
4539
-23905
22867
24722
-32817
-40703
-29591
31233
10540
-15377
-33087
-23790
-6479
-11026
-5377
28720
-12557
-21407
21759
35129
-19576
29493
-33208
-3134
-7004
-28856
4129
2504
-6610
23927
-20236
9863
-17928
16279
22861
38633
-6689
3044
-27708
-37860
-10770
-17854
2420
25167
-15050
-30764
-4247
-16422
29229
-269
28454
39721
-21564
-26619
-37263
-37198
5550
35564
-39130
-24216
-14851
-39613
-8159
-34592
28805
-3949
37940
40751
-3082
-41013
-23574
-18909
-18129
1682
12471
5385
5922
-28656
10925
-9476
-40550
-27578
-17651
17864
26754
-15032
24140
-19982
-2671
-38422
-19095
-6955
28671
38580
-24715
38552
-4481
28822
33235
26098
-4122
-17587
29603
-7512
34214
20579
10702
16907
20581
-37770
-30410
9689
-12337
-5664
-1786
14964
14246
13190
37889
-28439
-37502
-23584
-18618
-30567
-40982
5986
-12809
358
14053
-38545
27492
-38473
-41285
10897
9048
-38381
-6478
12641
-37208
20693
32349
-13881
21759
-23278
-1630
-30755
19361
39541
32114
38834
-11545
-26650
36111
-7200
-13710
27390
-12302
-16077
7424
-36797
-32712
32002
7035
31497
3612
-24204
-2742
-14123
-20979
-15021
7304
-8839
-27992
1236
34341
-722
31682
-32661
-21884
-23773
35221
-18013
39767
-5393
39296
18733
36856
-921
-27696
-3995
40741
-4303
-11843
-12083
17228
17422
1543
-27393
39877
37994
-40183
-10753
-28893
20442
-13993
17903
24406
-40713
31089
-30525
-42146
-31418
-24915
33293
-32743
-35559
-2974
-13880
-3468
13880
-7928
-26595
23590
33967
36658
22155
1972
12409
27175
490
15248
-4518
25824
-18391
-5297
-15476
35702
-13442
-31037
-7476
36922
-13683
-31799
28750
37097
9004
38825
7159
-40416
-30869
-27848
-32984
-9920
-27351
-9636
-34574
10489
31304
-5275
-30277
-12552
-17281
32460
-10356
-18541
12775
3386
-25103
587
39530
6393
10598
3542
24079
-4660
-40457
20621
26981
18360
-36138
6455
-26435
-12663
-4508
-21888
-36689
-24541
6029
-21324
-16199
-29515
18650
33267
10714
25512
14848
21521
30649
18941
-25451
7376
-16123
-12801
-14770
23479
4935
-40925
-30767
-38925
31204
604
-20250
32002
19858
-33051
13882
9334
22595
3419
-33860
-41111
22185
12642
25023
22455
22875
-10084
-23933
-32907
-29484
-12141
5271
-34036
-20111
-26542
-38955
-17474
35831
22561
-8780
-19035
-17013
-12931
4283
14125
36034
39397
29679
-41643
-19232
-32057
8734
2466
-9053
-33602
21201
31974
26932
-15961
-35968
33882
25109
-35474
33532
-28667
37016
-7829
-27222
769
-2391
31042
-32235
9051
14989
-7479
30618
36672
21321
20617
-6804
-39416
36016
17461
-37896
23452
30252
-9173
3675
3955
12775
30390
24148
-1821
-16066
-34916
39112
-38883
25718
18185
-10721
-34738
-38084
4356
35947
19183
23942
-25347
-6429
-25285
-17899
-27685
7118
-21903
-5469
23802
-35870
22610
6739
-22734
-13749
-40653
18471
-516
-27459
-18774
-38591
4085
3629
-38954
-9783
27052
37741
-9599
39789
2058
4275
-16847
21409
13247
30820
-3403
-5507
-32708
-28312
-32498
8886
-15584
-11009
20920
22148
31464
19328
9897
-19496
39258
-22806
-22145
27909
-11492
19347
14591
34810
34709
-23875
-11194
-11971
-35513
-23215
25912
20096
-14196
-30602
-29869
8403
7487
4888
-18754
-184
-23036
35578
-17196
14595
40865
-3404
34544
36359
-30281
13184
12450
15363
5929
5165
-17396
-16811
-14783
-40172
-29311
24346
-16907
4795
-18547
-2642
40806
10933
5681
-24631
13716
22912
-35418
-34416
34510
36227
-8600
-18960
37087
-28845
35736
29641
36277
-11087
-23411
-16907
8459
-20783
23675
9259
17282
27620
-26486
-25183
-23940
31939
-12933
12962
-32297
27373
11411
30405
-30541
39015
-23154
41383
-125
-30981
39596
-29698
16832
12112
34635
-18808
-34755
20399
-12453
31881
25794
-10026
-39049
31058
-14796
-2156
40354
13255
-35745
23191
-12140
14816
35346
-29241
-12272
-27480
35222
14470
9583
-15003
38874
-5679
40650
-3578
-10513
-12636
-41300
-17047
-34758
-179
-37954
-41305
-54
15996
8880
-15886
-13224
-34183
27861
2163
6204
31833
-27234
7740
-38036
40370
16598
-14517
-6221
-5490
-39552
40019
-21156
32923
-18310
-727
-6241
-35770
15580
-4907
14602
-13266
7360
39150
31264
-26411
34293
30103
23439
-29569
440
-25013
-3452
-20512
7077
-12632
-23424
-6841
10901
-19757
-1467
24346
36404
-27446
-37163
-5466
-6028
39799
-35117
-25038
-30744
-4629
-22538
-38873
-23708
29971
-14369
-10252
-14138
16316
-15428
10088
23687
-14867
-30820
24733
32753
28841
-26073
5059
-31066
-15711
-28212
-26669
-26616
6183
19698
-2743
-24133
-11092
15890
35859
-28212
-20836
-35632
11335
21766
31689
20781
7432
-39316
3915
-33004
8085
41056
-6501
-2028
-25654
-21939
-4239
27563
-11480
32713
19942
7286
-25233
38008
39839
8085
-25861
21280
-7137
2410
-24917
35860
37641
-38551
25589
39145
3183
-27999
-11959
-32128
-33003
-8173
-22565
-22458
25920
-17730
-18206
7367
27315
22418
-21477
-28933
5794
25427
-6713
-2656
-7642
21964
-2731
-13681
-5896
8758
-32205
27607
27288
-27934
-6702
28161
28485
-11694
6964
-17511
-12912
24474
26929
38106
24355
-13110
32708
23359
20471
-23471
24642
-5892
1817
-26986
-30100
3524
-33696
21665
-15125
18012
38733
9354
-2748
-40998
29458
-4870
-12444
10947
19601
-30168
12583
-34951
32578
-18810
38481
35754
-13030
38926
-36366
-31542
9452
-17408
43105
17473
-35582
-18490
-11253
-1782
-16091
6508
-18553
35517
-9115
19935
42420
43260
-744
26193
1035
41016
32287
-9760
23573
9866
20489
-27757
-21887
29630
23914
-37975
26432
26975
8281
-37340
12244
-10672
11138
-13221
-40867
8954
29792
-6651
-15020
2506
-22129
-34811
8509
-30377
-23117
-31248
25371
-23019
-26685
30269
-32168
-36350
-9429
21155
-29756
-15096
-31783
32200
-27173
21512
40430
42933
-29453
-26317
-26640
-15316
10760
22291
-25435
-17962
-18802
-26082
35911
-5186
28235
36362
10482
-17715
-17732
-23565
-13063
9746
-35
-9098
-39698
-18411
-30753
-32849
-31507
-3773
-26070
-29186
-19293
23929
6511
-12979
18972
30170
24933
-29211
20169
-10488
-20028
11602
-31722
28630
-6991
-887
13973
29553
-7199
-32397
769
4780
675
12695
-8148
25948
-14828
-26574
-31683
-25143
39638
45431
-24232
29763
-15488
18240
-16848
10816
6486
-37812
28922
9080
-3463
-32386
-37725
-18789
12572
-10779
21358
21057
32590
6039
-3778
-31618
-24750
39855
400
28796
6738
-29565
-29515
16178
-17543
-40652
12912
2853
29755
15003
-26691
-26471
-3894
-35637
41047
34113
-32921
32512
3313
-18215
-4710
-2977
17868
1068
37446
-11435
-7229
-18497
5639
-15172
-7264
-9242
4022
24551
38241
774
2449
12893
15235
-5408
-19425
21030
-2970
28097
27951
6428
2664
2549
29328
-5528
-36945
-12812
-4173
37561
12204
-17161
14984
-903
-14370
14026
-7482
33212
-17796
-15480
15005
-38157
-9736
-33587
3429
-4343
13990
15043
-28530
-10517
-29688
4910
2787
-13869
-28789
-2392
24173
-33468
-33774
-2416
42727
27301
-20167
16224
29671
13423
-4292
-1523
45054
41796
-10596
45691
7067
41501
-18446
-21506
8418
35871
-3629
-15104
24828
-30925
-7110
18087
38974
3183
-2670
-24782
-26114
-29768
22027
5560
19390
40247
-35088
12060
39173
-5480
-609
39755
19092
-38788
27810
2586
-26346
-15638
-25126
-3384
10704
-27001
-20964
22647
-36954
-30297
13489
40823
-18733
-36879
38993
27141
-24662
-7165
-8463
12590
-8931
6343
3197
27993
707
-21836
-23144
41591
20401
-30909
18293
-1897
-29624
6022
19758
-30898
22225
16353
-9508
-34171
5717
-20585
2952
-4957
-37891
-11509
21683
17373
-41010
37973
-515
33383
14241
20300
1316
-12543
-28963
-34699
2540
10452
-33622
-11258
31770
-38317
10871
29946
28764
-10301
-8978
25427
22921
26964
9674
41547
21510
-35000
37297
28939
20771
-25603
43129
18632
-2929
-35495
8526
3753
21122
-21681
-13803
16631
4052
20841
-9767
18515
-12785
-40752
-7635
-27431
-37621
26847
-20036
-26414
-1834
-40894
32361
-37569
-31310
9778
-25119
6776
-12776
-6089
-37694
-16920
30494
29980
20064
16841
-16458
16176
13688
11742
-27814
-278
-8969
-3755
-12060
14135
-27717
-17314
36101
3660
-9510
-26413
28641
-35861
-552
-13906
-36060
-35963
5513
-34052
509
-32071
-6046
-760
16128
-42221
26293
-32872
12086
19150
28214
29972
-33729
-998
-15010
15628
27129
-34837
-6981
-37336
-6782
10614
20093
13387
-22834
-34569
30332
14049
-26616
-16932
-37628
-28698
7461
28535
-37517
24826
-17836
-3887
29323
-14903
875
-2610
8435
-8919
28
5548
9589
-25491
1497
-27881
-15556
-42961
2916
-14760
-5093
2965
-16142
-47532
-42494
-7792
29277
21890
7834
-46974
1184
15494
16294
17691
-27600
11008
28368
-3675
-4518
12730
-18727
-5362
-28767
31828
27213
-9581
35077
-20948
-22546
3576
34658
32469
13720
15927
10578
28394
7683
23707
6640
36099
33503
522
-39686
26290
-15167
1024
-14755
-38998
37875
36165
-15732
-8723
34339
-31113
-2128
-40944
-19993
-18848
105
7158
12206
-45654
20434
11479
-30013
-1444
37
-44247
21456
8066
-23623
-40784
37433
-37217
-13360
-31402
34653
15523
-20879
11421
-34652
31755
10525
-6328
10607
15999
-31200
4474
-881
-29147
-39355
4668
-7883
-8577
-38181
39582
-24887
-3775
12672
-38205
26885
-6388
40071
-26969
-855
-18771
-32380
-15002
-20338
-1426
-22912
27060
578
28101
22701
18125
-2401
-12994
8586
31878
31067
31221
-17296
1076
-13236
-43981
-31746
32200
19471
-33365
32112
-7757
4821
-23054
28959
-3169
-36610
10217
38271
35902
-21660
-31892
37273
-29392
-30268
-24402
11039
1086
-9336
35446
36482
4775
8293
-13493
-11650
12470
17835
22912
-3018
7962
-25769
37317
25793
37849
-28020
-37985
18487
-507
-10686
3967
34730
-579
32237
568
-12296
17418
-27732
-19392
-13841
-22285
27376
-15561
33201
15958
-32860
-39073
13587
-33541
-39157
-42011
3730
15982
23525
-17568
10101
-10087
-30053
-21954
26560
-21469
-24760
-25503
37565
639
-13247
-22926
-34701
1400
-17806
-8659
-26298
9614
-23272
-4265
23550
-13079
33372
5677
-35975
7970
-14816
-11594
-19473
-19911
30970
-38490
-14070
39358
-35737
-25941
6741
11599
31267
-18580
10011
-23639
3674
-40936
-14453
26707
19554
-34938
-19224
-27712
9202
15413
20882
-31050
-21660
25208
-1683
19566
29885
5354
-17735
25461
-34217
-3094
-29466
4937
129
31041
2404
-9059
34202
-19856
5055
20900
10587
1243
-11035
-32526
25000
40017
16904
13262
38721
-25678
-7115
-17492
-24810
6152
-39868
-10104
25717
9959
-6894
-29814
-10906
34831
-33926
326
-11664
12248
11128
-41244
-39651
-36803
19733
-7861
21733
20068
-43222
-5868
-39675
16993
-16990
-5424
-3643
-41038
-11586
-22099
33307
-29587
23513
41009
10668
22602
-31148
16196
-37532
33816
11141
-5756
-31308
-18487
35389
13131
15330
-10337
-20954
870
-21069
-11593
16598
31946
39870
12559
17581
-9849
6698
20603
23049
-25173
-25733
7998
-20797
13654
31021
34683
-6019
24053
-14699
12009
11696
7559
10306
33505
-13426
-2643
-29832
19241
29353
-3303
20070
-37729
6501
-192
-39578
33522
-10805
10262
-38547
-5953
-10213
20191
21018
34477
-1320
31082
-35585
-1746
12488
38536
-24479
8935
21583
24167
17590
38699
35571
40199
39560
-16434
-36402
-11840
24267
-13065
-24212
-15372
-19885
-2301
-40442
17111
19366
-7776
11644
33319
38039
-34606
26559
-22992
38594
24464
13482
-8538
12193
32875
22246
16423
-15945
-25235
26874
-20243
-14956
-22727
-1517
29101
15654
-19784
-21706
10891
19585
-6421
-27719
40374
-5699
-1503
14150
-36159
20259
30742
-8074
-40739
37992
-38087
4440
2461
29774
-23957
33814
-36773
15310
26188
23555
-16173
4159
7266
16109
-20609
33508
11623
-34639
8308
-12125
1332
19414
31449
12486
29439
-31961
-12957
34521
-28613
-23142
-40512
-21112
3841
-38658
37319
30796
-12711
-13239
-23778
3820
-20083
-34599
14868
28686
30825
-34595
-13041
27300
23292
5963
-30041
14536
3354
-4145
-6536
29161
39841
39179
30927
-36820
15820
-37631
13383
8573
17491
18627
-911
-16244
30370
41847
40515
3012
20506
15114
-6422
-11744
9938
38013
13645
37275
-4839
34941
13287
-40132
37242
-20661
23138
28199
-23656
17721
30206
27150
-30695
-460
10257
-37008
-37181
20998
17122
-33030
-38230
30986
-3217
-36372
-28629
-19805
-13044
7860
40254
36251
-35524
-34871
-40448
-35503
30167
3662
-39914
-32102
14994
34532
-3105
35428
32065
12004
15158
-38552
31519
-782
-37418
2058
17237
21061
-26035
10627
11445
35577
-773
5053
27396
18482
37962
7320
32996
28204
-557
-7173
27735
-13317
22765
-194
-4331
23031
-4288
-10328
449
-30329
-15189
1306
28053
28098
39383
20720
11291
-8663
-35782
-3993
35353
-19583
-2685
-39833
-20962
-33522
14354
16735
-39831
17761
37932
-38395
18250
20595
39645
-27390
-12790
-31329
-39681
-7966
35010
27433
41922
-25088
4135
8804
28365
2766
31027
-3006
-14247
-40718
-29041
-24026
14790
17028
-12044
31396
-966
-346
26079
17558
11495
-24253
-7222
15837
-38095
-26678
10481
12571
31889
14197
12116
4405
17863
-26529
3874
-35424
15454
-28657
14733
-34856
860
19437
12478
21898
-5603
5649
29775
2714
-12464
21824
41375
-2190
36360
-9060
15211
34002
-15364
27164
37701
-1288
-5996
-26936
5496
-23954
31298
-31883
39930
-7442
-40027
9917
-24294
-22145
4262
-3032
37396
15552
-18742
-875
21980
41771
-16117
8492
-24443
-37670
-3901
27949
11308
14766
-32342
33640
35377
-13253
11765
20156
35386
13888
26297
-24807
30005
-5573
-11205
-18127
14005
37732
-4
-29719
31338
-19864
23958
28807
-27304
761
39124
1418
8967
30765
-14383
-23488
281
-20116
4609
-35260
680
-4309
30038
26804
19964
-17309
28463
-6326
23215
-40444
-32527
-1867
12127
18131
22147
-20754
-1428
-17544
-27733
29066
-34657
34955
42040
9999
-34393
849
-2207
-22324
26879
4865
-34320
2320
-10257
-40421
6408
22038
-30294
-31253
-8762
-23930
37035
-31646
-22069
-10797
-6277
-12860
-32080
10045
-32026
-24938
27206
9048
21252
8627
27315
33186
-6131
-20535
-27473
-12094
2905
-20628
-7788
23455
32513
12221
-37337
-21396
-22632
19285
-17128
40305
-29685
30165
-4167
10626
33429
3371
36457
39069
-14282
-36005
36667
34761
-25028
12637
17018
13017
-2394
-39668
-3296
-22991
3838
16428
40662
-40896
18661
24569
28932
11863
22148
25257
-39271
-39437
28705
-36748
-17657
13383
-4463
37806
3389
-31370
28928
18693
-1240
-36970
-10474
-3371
-37148
7826
39601
34443
-2805
-23430
6635
-36554
4154
3348
-20914
-3915
18978
36116
24992
-7232
39231
-31896
39615
37968
-13400
19539
14837
12546
29284
-28361
33156
20528
-2449
31968
35534
31618
30612
-2579
-37576
30631
-9841
-28985
17558
41353
-32427
-1085
-11786
28740
10425
30308
-14228
-29210
-20699
-2294
-12801
12225
5582
-9423
-15447
-23772
-28700
-36608
9958
33152
24730
40926
26102
39750
19553
3848
-17105
6215
1045
7256
35705
4647
10172
-7829
20761
15139
-34202
-26827
38895
-26993
20378
-26605
38947
-38179
-37259
-27266
-28984
6959
23333
-38914
12512
195
-17390
403
-1594
-33701
39776
-30284
16549
26406
16922
-15149
7679
-6222
8823
-32240
-30469
-11624
10073
-3603
-32424
24803
-34487
40274
23599
24415
31932
16403
-30421
-26594
-15083
12862
-22647
14143
27822
8998
38388
29369
-16777
-28375
18434
2203
-33654
22607
-27448
16874
-34480
4065
-9840
30875
32108
39379
10768
-20743
-5215
31630
-6223
23253
-33711
42029
18853
-33831
-23721
41603
18409
265
35398
10800
-14252
16358
41519
-35485
-35307
11580
28199
-13782
-6929
-21063
17846
-34377
-11923
-5118
41483
-27400
-13843
-21520
29135
-24883
-37272
-5538
36948
18216
34058
22003
-23616
7556
6905
-10260
13394
22038
34297
33755
-35708
40819
646
-11977
11524
-6285
-5214
9357
-2857
37841
2980
15441
32848
-28567
9422
-223
-5237
-24691
-1891
-242
-34219
-13086
-16135
-39746
-32966
976
4890
-22865
-28825
-35181
-22602
-17341
17777
-27633
-7483
-23
4188
-29062
-37244
22421
2132
-9994
14586
37783
-7933
-27565
-2694
30700
-6047
-231
14428
14252
30463
-31978
37856
-28260
9566
-4354
-7577
18092
-31661
-22111
34643
-11349
-19714
14061
-20844
39246
3636
-33590
25683
24233
-36148
20749
-12120
-12453
20600
-32416
-29033
-17501
-23737
-31797
-25365
30046
15129
-15840
-28737
24480
-35741
27265
-34306
-33609
-38770
-26842
14247
3317
-10481
27804
-29271
6344
-33862
15172
-3488
-39830
3929
21960
40563
-25592
-36281
-1231
18278
-22329
-34059
-38666
40652
-27675
23286
-409
3024
-29368
-2877
-18911
-36486
-886
-4973
-2432
31454
-19673
-9339
13170
27291
38972
17657
32497
-25452
-1064
-7188
39703
19332
-32572
11984
-31624
22227
528
34133
-27244
-8465
-19323
30344
17564
-21480
5363
-8976
-2295
-31356
12025
16262
8651
3532
-13821
7729
-16617
14604
-10364
29247
-72
-30360
5851
3219
28059
-30320
-12637
9351
15765
10348
2953
-37477
-33662
26910
-36067
-3121
-38237
26657
19795
-38750
-36811
3141
29336
-12949
12210
-20231
-25452
-16164
-28161
-37363
-19235
-3186
13442
-21597
-18333
-1039
-28215
-24974
29750
19094
30866
-20355
36893
-27844
19172
16244
26027
-26331
-21443
37303
20447
-36156
-10761
-30436
-17915
24577
-7382
-30835
689
-31545
-16902
-20314
-16125
36502
25127
-30444
-27534
-35401
1427
-22562
-39211
-10771
5801
34081
-23411
3490
-35885
4489
-3133
-30149
23202
3230
9904
35488
27988
-39506
36456
-23687
-31904
-23090
-2579
-4618
-9516
-1378
34243
-24393
21901
14359
21234
16613
36453
-31016
8651
15231
16460
-3139
-32836
34052
11094
16456
20269
-28708
26408
40875
-17844
-8835
40509
-8457
-37085
-11130
27406
-20661
33966
-3242
8449
-36168
21297
32710
-39729
-10116
40134
-35398
20601
-5110
38969
7403
42025
-12253
6741
8676
41468
-35006
-32275
3750
16709
25879
-18867
13608
-29924
-16174
23642
-19958
-2455
-1754
-38191
-26935
-20004
1342
-7602
-37108
32613
14628
27603
-9701
22358
-6549
25688
15022
35762
-36666
18820
16831
16160
12329
9021
11137
4157
-18961
-27867
-11335
-38185
22574
-6495
-21183
-1125
-36241
9681
19526
10960
-35002
42029
-15704
2286
-11633
3919
-23353
20922
-34092
24924
16761
16950
34823
18598
-34479
39261
-5623
11779
34387
24163
39501
37001
25563
9160
-39660
27499
25810
36835
-34175
-35544
33738
4990
29709
-20564
0
0
0
0
0
0
0
0
0
0
0
0
0
0
0
0
0
0
0
0
0
0
0
0
0
0
0
0
0
0
0
0
0
0
0
0
0
0
0
0
0
0
0
0
0
0
0
0
0
0
0
0
0
0
0
0
0
0
0
0
0
0
0
0
0
0
0
0
0
0
0
0
0
0
0
0
0
0
0
0
0
0
0
0
0
0
0
0
0
0
0
0
0
0
0
0
0
0
0
0
0
0
0
0
0
0
0
0
0
0
0
0
0
0
0
0
0
0
0
0
0
0
0
0
0
0
0
0
0
0
0
0
0
0
0
0
0
0
0
0
0
0
0
0
0
0
0
0
0
0
0
0
0
0
0
0
0
0
0
0
0
0
0
0
0
0
0
0
0
0
0
0
0
0
0
0
0
0
0
0
0
0
0
0
0
0
0
0
0
0
0
0
0
0
0
0
0
0
0
0
0
0
0
0
0
0
0
0
0
0
0
0
0
0
0
0
0
0
0
0
0
0
0
0
0
0
0
0
0
0
0
0
0
0
0
0
0
0
0
0
0
0
0
0
0
0
0
0
0
0
0
0
0
0
0
0
0
0
0
0
0
0
0
0
0
0
0
0
0
0
0
0
0
0
0
0
0
0
0
0
0
0
0
0
0
0
0
0
0
0
0
0
0
0
0
0
0
0
0
0
0
0
0
0
0
0
0
0
0
0
0
0
0
0
0
0
0
0
0
0
0
0
0
0
0
0
0
0
0
0
0
0
0
0
0
0
0
0
0
0
0
0
0
0
0
0
0
0
0
0
0
0
0
0
0
0
0
0
0
0
0
0
0
0
0
0
0
0
0
0
0
0
0
0
0
0
0
0
0
0
0
0
0
0
0
0
0
0
0
0
0
0
0
0
0
0
0
0
0
0
0
0
0
0
0
0
0
0
0
0
0
0
0
0
0
0
0
0
0
0
0
0
0
0
0
0
0
0
0
0
0
0
0
0
0
0
0
0
0
0
0
0
0
0
0
0
0
0
0
0
0
0
0
0
0
0
0
0
0
0
0
0
0
0
0
0
0
0
0
0
0
0
0
0
0
0
0
0
0
0
0
0
0
0
0
0
0
0
0
0
0
0
0
0
0
0
0
0
0
0
0
0
0
0
0
0
0
0
0
0
0
0
0
0
0
0
0
0
0
0
0
0
0
0
0
0
0
0
0
0
0
0
0
0
0
0
0
0
0
0
0
0
0
0
0
0
0
0
0
0
0
0
0
0
0
0
0
0
0
0
0
0
0
0
0
0
0
0
0
0
0
0
0
0
0
0
0
0
0
0
0
0
0
0
0
0
0
0
0
0
0
0
0
0
0
0
0
0
0
0
0
0
0
0
0
0
0
0
0
0
0
0
0
0
0
