12455
-20884
38497
16512
22188
-4752
-26618
-40142
8141
31725
-2656
9218
-37444
-30422
-39088
11811
-31097
31299
20599
-18496
-25078
-27264
39096
33276
-5268
-18036
18658
-7151
-31464
-26728
34572
-703
28915
32435
1225
-31466
1293
-3117
-14857
-13006
18956
37959
-1947
-19990
6515
-10383
17638
-24651
-33350
-5663
-38949
-25684
29161
39610
-35884
-18112
-32084
5451
17654
-29430
10892
-30391
-16292
-6703
15347
11057
14014
-17817
10344
33917
15850
4628
-23876
-14572
26595
31191
35730
-39417
-38643
20442
-15023
2249
-25270
26624
-35141
-6697
12948
13147
5558
33871
33011
30283
-25732
-7996
27977
-40370
-16149
38721
29052
3147
-4110
-14752
28506
20300
-36512
20563
-18834
19829
11126
-26032
41194
-39853
-31336
27905
8053
-17222
15161
-39925
-28550
6434
35799
-17898
25977
-32197
-4116
-38962
-32697
-14451
32719
-33670
-19604
27396
29035
-36441
17103
-5775
-39327
-31901
18166
6621
35183
-40627
-39309
8847
32992
35576
18855
-20115
-39825
-40325
39693
-27944
37527
-8599
5515
27590
-24700
-14030
2417
-24912
7164
-6223
-26530
15367
8477
-8430
-14431
27137
25337
-6341
-36014
1995
-19666
-6537
35803
-26012
-38619
-37695
29583
-26393
7591
9482
19077
-14858
-6933
13141
-30892
4170
16967
38655
20718
-35713
-1670
253
-5443
-5196
14123
-21273
-19708
29188
16609
-22689
32609
-9671
-4193
-11740
-27038
32043
20743
-32595
20930
-16567
28503
2756
-17690
-25392
-39413
-24090
23114
-21595
20669
22910
-8646
-7414
15703
-6882
25499
-9806
-19152
-10904
-10291
2013
-676
-25759
-30964
25054
1610
27623
-12206
4542
6815
-38699
-17951
-13229
17617
23794
-30306
12075
-35303
-3493
6661
3294
14362
30819
9904
10914
21204
-21832
-28545
-17228
6342
-23028
30666
-38506
35894
12044
40963
-36659
-30474
-11108
-4432
1462
-9521
37494
-16373
10862
-24708
12095
7187
23696
-9298
30644
-10251
-21640
32354
-26400
-26353
-3053
41361
-12886
32479
-29936
1448
6841
8805
1623
18803
-26810
-745
7300
36244
18768
12011
36873
38951
-28758
35410
33032
-18966
-24934
26833
22686
13843
-13773
39039
-1802
49
24764
-21683
18144
-32228
-33824
8406
20795
19025
8185
-2372
-34318
-23231
-11149
-24997
-40652
7451
-21294
4099
-29675
-30160
19827
8998
-32711
32588
-35214
-1605
-7082
-24470
23734
12814
33490
-34659
18045
-31006
3787
-19627
-472
-4818
26742
17251
12673
5258
-18611
20494
16003
-23028
-6231
3161
22460
-13076
-5080
-4474
-3255
1924
-34537
29215
6051
-28599
-14244
39655
-25606
-2506
-9279
15941
30233
-10273
21764
-32077
-37384
2034
35869
34329
-27156
8085
5125
18524
-17430
-12150
-24682
-28726
-37867
24964
-12641
-27626
5528
24800
2219
-26431
39217
-36957
-26610
15386
38122
-39104
-7832
26524
10839
10350
39440
28908
16334
-39199
-8898
-8580
19988
6150
34191
31393
31902
-25776
36122
5215
41541
34557
-30232
-11091
22375
31706
-40537
-26952
-8026
6099
29266
-4931
32568
-4344
41139
7210
41569
26881
3298
-33756
24286
-13415
34224
9718
-13677
31628
35079
4766
-10895
40445
-16334
37078
41631
11403
-15142
-6755
18063
24265
21575
9885
-8108
-26312
32328
-11153
26536
3263
-11151
1199
4249
-31037
-26004
-16379
-23212
-25878
13294
-14479
-30012
-21191
27113
19952
17720
-11141
-31746
-10865
-36477
-15234
25408
-26503
-30506
14455
-36587
21431
25792
10148
-20121
-9194
-16299
948
-14342
-37299
27553
-30355
-2977
-20200
-852
38032
8945
-1880
27030
24275
-34471
6977
-24266
32954
24543
-81
17357
42134
32346
-7707
-28249
-13642
33632
-2152
-17214
32859
36417
5592
-12869
-4431
39823
-3490
-30765
4183
18845
6044
24819
-37683
16358
9601
-9992
507
35868
-8300
39992
-5196
18127
-35682
-17417
33474
37480
35402
25313
14831
-33718
-32407
39579
-32772
-1164
-20308
1851
-29647
-13056
4137
-13089
4941
-32576
-22036
31878
-19359
34985
23357
32267
-25229
-18262
-14324
17247
-27851
-10395
-6223
21886
22875
-27219
8649
-15093
-33233
13935
-22831
28440
13130
-36564
-4788
28662
-26428
-29049
-6835
-20996
-19624
-16481
-6221
15440
30928
-25066
35510
-10513
-562
-39912
11975
4910
-6738
12482
9951
-41061
-26260
33274
-14325
18392
27625
1984
37446
32922
7888
6214
-11025
25621
-38167
-13681
8684
-36883
19084
-13678
18258
29771
-17158
-22340
-26433
3955
18880
-31627
16525
-26683
-32363
3947
7461
33421
-14254
-15847
-5722
906
-34256
-17916
8646
-29281
-35576
-8621
27376
-10305
-3401
17624
24706
24542
-35581
-12793
-12887
40458
23566
12363
-21501
3655
19065
-1621
-32322
33869
-7189
-6493
9948
39864
-19515
-33060
-25827
-1540
24434
-33078
14150
65
22180
27412
24583
41806
25025
-1724
-21084
19462
-11259
16216
41868
-30842
19093
-10736
8742
10828
5001
18062
-14087
-14751
-14656
-20523
26278
-37533
12106
-38617
6322
4067
-17272
-4652
-7578
33482
-29501
-29704
10303
20973
6531
6110
25450
5754
-2447
-4163
-32220
-4908
-1723
-18401
24859
29170
-28673
1874
-6366
40703
29599
19313
795
27533
-19173
1930
-7696
-4769
-38378
18379
4861
3596
34764
22774
-39782
-31731
3179
12143
-16551
-39149
19884
-19365
17611
15383
-32242
6927
-34985
24177
-39164
-18236
-16816
-7375
-23698
-29081
26167
3828
-26550
11082
23031
-39690
-38610
-1045
-10925
-25580
1174
7602
-27048
38471
-11405
-31643
24038
4553
-32390
29391
4619
33974
-1688
-27438
-13294
-9025
9149
-38409
3484
37196
14911
-26838
11686
-17763
-344
-16473
11077
-8942
-4041
-31648
11738
2513
-28853
-19780
17711
25251
4204
-5848
34680
15410
3269
26973
-6606
-25839
36950
-6901
-7666
-33383
-6872
7510
-7445
2037
-930
4959
1892
6307
-8952
-5472
-1228
34536
-30206
-23731
-29511
27237
30455
-36154
-13505
-22274
35681
-20497
-624
-13941
-18049
-29631
2994
14353
-34958
39992
24504
41673
-9720
-29591
-21531
-29233
37283
-372
-37878
15515
20607
20076
-28485
20495
5833
-11489
27756
40482
-24664
-22488
3461
-13778
-17673
38663
-10336
-32390
17995
-4900
31548
-3263
30965
-10522
37098
923
-1737
-39938
-10868
31441
-25390
-26827
33865
-19609
34980
-11319
-30296
13120
-5639
32277
-15378
-37273
-21850
3260
4196
29957
4224
14477
38581
20359
-37640
-20502
-33070
27265
-39054
-7627
-36485
24232
-25028
-16496
6038
-24411
-21978
41011
-28642
-25453
27636
-27868
-8315
-18360
30771
-19864
31605
-20091
38078
-11799
37412
28709
-15211
-20698
-28448
-23465
-7427
23192
-22841
-14328
-6241
14360
-20914
-7728
3404
22829
-16223
29592
-11088
-24713
-27877
40891
-10027
20213
-35518
27528
-25185
-19002
10479
-9542
7502
-9650
-603
-1095
19794
-4967
37608
7104
3857
-18593
-7437
5860
30143
-8338
-922
-37946
-6906
-12172
37516
-8611
17313
-7326
-31798
13697
-13234
14255
37375
24412
-29304
33642
-27527
1321
23577
-29096
26652
40155
38903
-7547
13164
-15921
-34087
27929
8384
40378
-34244
-19303
-27119
29184
-7801
-1438
-26240
-33230
-35018
-11852
12143
-15593
31627
5331
-4402
-25560
-33595
14754
5595
-24820
33430
-34135
16490
-23706
-8564
3061
-2141
-25074
36233
-28528
-34724
40814
39144
-2773
-20813
-28387
170
21566
-20356
-6333
5234
20136
5451
13734
4520
-38652
19729
-4721
-35001
-1255
39069
6924
14366
-25721
-16195
20352
22769
22882
-5174
-9623
36845
-34645
19111
-40827
-18228
12300
-28040
1787
10062
907
20848
-71
-10440
19312
24774
-28000
-32082
36281
35280
18102
18397
-29687
-24870
32745
22987
-10771
-37630
40492
8618
-2537
-32714
-3457
-35256
-16802
-1498
-27025
23183
-32201
-24946
-37712
-6837
-28940
-2661
2440
25570
29822
-37609
2873
37763
-38927
17901
-39192
26274
-11863
-36323
-12446
34677
39338
-1034
36337
-3003
-7988
-14060
14684
17820
-27235
-5693
-9473
-3169
-31292
-33058
-2149
14417
36081
43251
-7723
6043
-20397
-26509
33845
-25925
21096
17840
-38265
-5680
40544
40788
33921
14059
-23460
-22698
13552
33724
29728
-7795
28139
-27258
20447
32318
-22583
12113
37328
35268
-20564
-19468
29897
21431
29268
37752
15133
22746
40125
39433
-13089
3857
-33540
-23624
13791
-25023
-28488
20536
-21693
-17952
-15165
13497
-16072
-33684
2662
30783
-9576
-33199
-9798
-21064
-13143
34361
40043
24512
6988
-28868
16886
40702
-40036
25104
12102
26729
20038
-1777
23758
-874
-11577
33906
-32581
7449
12686
2006
-29293
15971
2882
20065
19217
-7463
1398
38145
22459
-13443
-29781
29127
37193
24155
13457
37162
25276
-11753
-29468
2434
-32011
37288
29020
21309
-8900
-29673
-11689
-16397
-29007
-24090
18308
-28865
-12064
-21130
26439
10786
38187
33191
24823
-15473
22457
6333
-40201
-37723
-2155
-18760
-38563
-40065
39872
-26780
-6893
-17999
41876
-33180
-1595
39584
-32561
-15543
-37138
-586
-18566
-10950
33487
16844
-3985
-8661
-17064
-1055
24507
-23861
4402
27600
-32217
-35483
-15119
-18813
9288
-19658
-11393
3273
4504
35756
-29030
35016
-40463
-22284
24343
-2045
-32276
29756
20400
-12420
29280
-14639
11488
3001
-15973
-2370
40473
9306
37963
37456
-23934
38045
27980
-16979
20650
-4848
-31959
28249
11633
5519
-40690
35596
-11038
6298
15573
-14900
38975
19483
-23784
-14736
-22430
-24006
10093
24849
-32010
18455
33088
-19282
-13435
-12338
38678
-3104
38456
-35670
-2572
2498
2636
27474
-21140
-31122
19235
7944
-39764
32259
-4993
26382
34050
-35068
-1047
-1842
20876
-2952
-30056
-33926
-30522
-23196
-16695
-6815
-22875
-29010
21743
-32253
-12000
-28349
-19670
-36409
28982
-36334
25709
-13614
20386
19679
-39434
29805
-27502
-19845
1469
40535
22852
37045
9247
-21357
-3573
-27940
47
27108
6678
14627
16651
11492
24921
-28433
-24382
36819
-16614
-33895
-39369
8935
-11685
-17215
2103
-14613
-12606
37944
-38828
3099
14165
-13597
21628
28382
25723
-29669
21661
1904
-19589
26659
16489
-16468
14984
-6391
-22633
41614
22269
-24451
-23728
-20973
-6767
-23125
21276
-17077
-1809
40039
-10953
7048
-40880
-20485
-39342
16778
9888
-28909
11437
21703
19157
-1791
10201
-30234
7280
-12130
10478
-30063
29831
-5283
-308
-24018
23603
29988
20303
-23648
-3687
-12450
-28632
135
18595
-17289
31031
18442
39770
5932
-33027
-7854
-15274
8894
-30523
22685
-22774
-13882
-34131
-28399
13996
33564
16041
-17628
-16146
-17402
733
-38553
9558
-18919
-15612
21571
-25608
-7908
41614
-23198
38464
982
6296
15223
-26664
22519
4141
19293
-200
15841
-30871
-26764
-13682
-14964
-25844
-6883
26950
33898
-35951
-31874
-16449
-8493
-39048
-19689
-19343
-21056
-12916
7767
1703
-36825
29890
15487
-37228
4825
3224
-35111
-29690
-17320
-11285
-39486
10965
26932
22431
36337
24530
17108
1629
-33966
-34708
-13241
26431
-35831
-3948
33690
32830
21406
37385
-37643
-24088
14662
23205
-39797
-34113
-19437
-39269
16335
-20965
-29224
-18950
-19231
25536
-34457
-31866
-6761
23431
28844
301
21539
3206
-30732
-5315
-26403
-4481
-21020
-9435
-916
-27780
28082
-1674
32959
-19814
-6955
-29858
-22057
-4283
10543
20969
-41511
5699
-19237
-35850
11163
-31401
-14039
38057
38333
9582
-31418
-34747
16991
-15451
-26917
68
439
-27649
-10723
1345
14239
-11824
38024
-10266
3396
23039
-13215
-32281
-32207
16645
25998
-21069
29640
11580
28662
-24055
-9033
-4584
11756
-19950
37164
28878
3635
-19908
-39563
-12427
-17266
33478
21840
-3173
21136
-37878
-38628
-14877
-12682
21173
8534
29667
-11620
-1795
21575
-14203
16330
9094
-11850
19873
3602
17630
25447
9910
-38208
-30069
-30351
3903
14391
17945
-28833
-12535
17402
9274
-14922
37945
-14492
-29645
-29642
29750
25450
-10743
13017
-18942
-19224
27792
31386
-29304
10920
-7677
33663
-14759
-11465
-3735
-35384
-346
-20967
13287
19230
27302
-21655
-6494
-34018
-1128
-12444
24538
17412
-40070
36247
28199
-23017
31224
-9731
-1638
-2956
3959
1020
-37399
-19028
15633
-3736
-32079
-13677
3783
-20416
-1825
-38794
15607
31078
21234
8249
-5318
39342
14472
-35674
-33539
11918
20369
27285
36516
-24162
13567
-30059
293
-10692
-33117
-10745
-34866
28562
12044
-5603
12424
-717
43523
-29328
-21529
-37834
-4763
22873
20656
-15708
-31235
-21810
35861
-20047
8356
26289
16514
635
-33241
-15456
-905
3581
34473
1210
-23289
-4138
31800
16818
33840
14865
31843
17440
-14825
-40175
-27898
26558
-16311
39508
17933
22772
-14043
-30169
37926
18541
-22158
32950
7849
26052
-26561
-30033
-19297
-36668
36626
-18964
35986
-13106
-7994
15018
5647
12521
-8535
43076
34516
41180
6155
-9635
41475
-31960
18720
-35213
20426
21403
17482
-12440
27398
22602
18895
-37446
39885
18654
11309
6071
14185
-37243
39377
-38367
4143
19362
30828
12405
-35812
19923
-15746
-34712
-28719
-27104
12517
6608
24333
-31513
830
40213
22022
6949
-8536
-7418
38870
-7888
-20376
-15759
-275
30341
-24811
422
37784
6409
-22030
31339
-19651
-24629
-28623
7523
-32055
32865
-11738
-10396
30370
-41288
18884
-10622
7489
24086
31534
1799
33579
28852
16450
995
33492
-18186
-673
-8553
-35952
40007
21440
-17095
-37671
5423
-17301
19755
-4448
22521
-16282
16145
-24549
4104
24747
-37907
-15616
26424
11363
-8886
-979
28670
4712
-2885
-14048
-20972
21767
34529
4021
-5772
12411
-1511
-9213
-2046
-13464
-31934
15380
-6237
34534
-28977
-32069
-18471
30057
31934
-18062
8120
37269
1745
-36832
25137
-2415
7299
13654
13916
15890
-14509
-29001
11391
-2055
-29948
-967
23483
41043
-20799
-22216
22743
-41072
-37565
-16629
40765
-9600
-30224
-19471
-38858
-40065
11989
-15733
9458
-40256
-27701
-19048
-18079
-27422
40379
40959
-19851
15693
-36959
39304
28475
1142
-31436
-21844
23374
24747
14348
-23055
-31947
-35042
-8660
40145
-8504
30794
-25637
34427
-5745
31583
14542
-22452
23019
-7097
21154
-6074
17595
-3330
11117
-32812
24308
-13276
36582
-29523
33471
-28792
-40881
-9333
-5628
40109
-30923
-1045
32506
-10217
4991
23615
-39651
28800
-11590
-35531
-31697
-31851
9354
-26767
-1407
1069
-15843
28326
-16713
-14080
13667
4259
-33241
28926
-16409
4418
-18305
-1131
-20976
-8841
-15489
-3102
18449
-8139
36533
-22158
-14488
-13783
-809
-5373
18566
28757
-39400
29031
29293
-27255
-41434
9386
3383
-17220
-35943
4783
20638
-40572
-28127
-11846
7601
-13664
3019
40039
-39840
-27917
7992
19936
12691
-38188
-28272
-7254
-11271
-23334
-36987
39752
-21250
39575
1329
-30045
39143
-17696
32728
20542
18238
41539
8345
-10612
21843
22915
6212
22939
11648
-12945
36321
-29118
-10417
-11823
8796
-8590
-17366
-34208
-41575
37096
10977
-9759
13638
-38376
-13903
23786
4542
29547
5128
13492
25063
29774
13973
-28493
-9955
3760
-25665
35679
37897
28356
-33978
31023
-30098
-31486
-11799
-26433
-33325
40562
-26187
12032
-12439
-27100
-25677
17265
-4529
-20413
-33215
-39404
27394
832
15610
-14644
27423
38571
-8576
-9923
-17913
-19397
23801
5161
-3575
2182
-34777
26812
-13033
16057
34801
-43511
37149
-20772
-17863
30040
2516
32577
36285
25494
36331
-9437
38191
-18860
-16174
10029
-23604
-15622
2649
34044
-27355
-41552
-5304
38894
-8772
-26051
17920
13064
11369
-19887
-27684
-25451
-40434
-33538
2406
-535
-16914
-32872
-1484
15624
-13355
-12468
-35966
-6051
41127
-19845
-19464
36305
157
35565
32246
670
-35343
-8390
-17360
6124
5804
-23684
-43224
-25627
2210
-36485
-43555
36843
-14115
-18876
-30466
-27409
5512
-21382
2421
-18670
-23040
-25792
26250
-18115
-33756
7028
-26731
28025
-29361
-5687
-37707
-17050
-11529
1640
-10255
-8651
-37430
-39212
-8932
29490
-19162
24814
16890
-4508
-24401
-11597
-16866
-4796
-11351
-6283
-23780
35033
6312
-2062
1492
30603
-35111
17107
22354
-33548
23653
14499
-9624
-22918
-2066
32863
7955
-27340
11215
37426
-19902
36810
-7870
-39294
15425
35775
26936
38962
-41080
34965
14040
31576
7164
28077
-28553
-39235
-35997
-30005
-39186
-40227
9074
19852
36513
-3523
28719
27895
-31293
589
12825
36845
-5557
8039
31011
-13712
12677
-19637
31748
13154
3065
-13677
-39240
-37986
12431
28775
-29538
34912
-27271
-41308
8047
8423
39987
35747
-27888
-3231
1949
38788
-7099
-16585
-33107
12763
20732
32849
-16292
1452
1474
15857
14555
12070
1960
14071
23405
-23047
13489
-3005
-17251
-20329
-11731
-7761
40105
-38938
-26466
-10561
-9460
16152
-17548
23846
-7180
14944
-4042
-30307
9341
-3135
-2216
-18822
-41123
6567
17419
760
5148
31480
-41158
21771
3848
37047
-21315
913
-2740
-23772
8790
38819
-15059
3815
-42363
16514
20977
23328
-11051
1920
-18441
-35416
14275
20231
7129
12633
19062
3967
26317
-15497
-18061
-40787
-21475
20075
-24634
26625
22285
26095
-40653
21142
-37104
-17601
19319
-34564
-33098
22397
33498
25032
-33069
28391
4783
-17091
30270
26967
24354
19647
-19361
-40356
-33657
-13003
-8557
-22129
25710
-23796
-34614
15712
-17018
-7996
-22942
-31701
23169
-11082
-12361
-24096
22710
17645
36269
-24163
9875
3408
33332
-3233
2123
19452
28819
20921
24503
-25669
28068
-13443
-1020
10766
2881
-20342
-5029
-40402
39652
39677
29345
16143
-16545
40190
-25258
33548
-8568
16111
4529
7379
-16013
-37744
-21356
21765
15993
-1088
-33016
2461
-19294
-4555
16478
-31044
38848
28575
29866
27254
-19259
-29606
-41334
8132
-9874
-29887
-6689
21398
-10236
7454
-17347
23115
35444
-9584
-41884
-13870
-10412
27126
-4723
27998
35406
20005
23049
-15563
-16273
-24821
30503
-30767
-26695
10359
-21779
-5789
-29921
7886
-35133
8729
-31601
19906
8215
33591
18143
-22326
-17509
-10990
-22289
-3693
-28751
-30962
15631
10491
1409
19133
-27773
3293
-38668
-23119
25018
16570
-19002
-9232
-38234
-5125
-24433
-30550
28157
-33441
248
11636
8648
34706
-37543
18739
3228
9585
30328
-2773
-15313
25773
32890
-38493
7641
15308
-10604
2622
-17105
-24524
-33538
29474
-29685
-3763
-3160
-21768
-32169
-9276
10969
25668
-4405
29064
-36418
18086
-28964
37901
-23034
30880
7998
-15277
-28244
-32040
-40371
15464
-15239
15645
21481
1124
26702
-36179
-20941
-26374
-1518
-22855
14064
-14399
-9550
-8151
10031
715
-18498
-1668
3264
-17318
-18875
8781
7093
-12410
19745
4651
-15644
-39772
-31658
-24634
30001
3269
-27149
-23786
-5096
-21441
-18141
19552
147
-30297
627
-25949
18500
-11573
13868
16558
-36272
-21166
-12811
-33370
-33002
-3993
33645
-38521
9705
-33292
3675
24480
4199
-16415
-29792
-22210
-3031
-36139
2402
-2435
-31142
11573
21355
8165
-7412
-9114
32524
-14301
11693
-29168
18425
35922
10421
7210
-41114
-40471
-3317
14470
23684
-10650
-10561
-15495
16036
7702
15172
-40212
22721
-35365
-2626
31464
-32323
12163
-40754
20516
-33106
-35789
-11379
-26116
-32342
-28249
-375
7830
-17589
-31072
-4205
-11831
5251
38517
-28653
34152
12978
13234
11970
-19019
5086
-14976
-15685
31556
-25935
11420
16986
-2907
-29075
-12480
-18239
-16258
24283
-16705
-36491
-39507
6439
-16088
-18407
11654
37180
12378
19315
15096
22301
-9677
37763
-35884
-29550
10800
-27050
15409
22769
34735
-10250
-23681
-36056
2922
-25606
28840
-3585
33872
34090
-38096
32424
-13475
-15807
-20871
-17536
-38
-11902
-21498
38349
21188
20402
40991
34359
5420
-30682
17231
14411
-16446
-17324
-34294
-5390
-27785
5083
16697
4249
-14006
-22075
39956
-34336
27755
1762
23055
3902
-2153
-20462
12490
13990
13449
-31258
19256
-19923
-5299
-9615
1542
-36518
20285
-42302
20596
19202
8492
-19831
-25365
-24528
19096
16341
-13118
-4010
22360
-23942
23859
-12934
7903
-22365
16112
-18922
11356
8729
-30594
-35166
8077
-36455
18601
12031
23792
18222
9204
8039
-40318
8844
22369
34802
24960
-18064
-15755
41164
17188
3664
-40173
39090
-41782
-30264
-40380
-4013
-1222
-13964
-20547
-36174
25514
-5098
12660
30902
-6174
26105
-34609
29586
34047
-42029
19265
36178
15728
18637
-23314
15473
-3938
7435
33601
-28163
-27395
11296
1085
13398
37195
-34539
-1010
23037
-22167
-32658
-39650
-39616
9251
-6577
-21089
-22947
11165
36313
11888
20905
-15271
-19242
26905
16049
-11460
37627
-12230
-7295
-4469
7229
-40727
-9268
-21139
-16842
-1596
-42165
6795
24916
-2522
-41989
-8073
-12800
-6033
-41426
17083
3375
-7109
-1633
-12513
14873
-8343
-17233
26990
-1631
-2897
-35592
-14098
-31759
31452
17058
28307
27873
10680
-21701
18092
31627
36893
-38846
-17201
-10445
-14022
21702
-8822
39704
33319
37654
38306
5446
-10630
-41019
1524
-11296
21174
19037
5802
-26089
9129
11875
9943
-6218
14363
-32588
5209
-29372
-581
34879
-16135
-25527
-35131
18579
1735
1149
23119
18834
2124
31557
-10884
-11550
-42148
30896
9913
-40300
14584
-15885
-1535
35996
-8111
37147
7899
19566
22165
-7828
1715
39790
34160
22736
-18176
33672
2968
-41014
-27549
7051
12585
13823
23074
-32393
9665
-2015
9283
6262
-5514
-39111
-17885
19948
34460
-4362
-4377
18480
2884
-20011
-5899
30404
3420
23997
35797
-14574
34509
13789
-37731
-17779
6250
-16710
39427
17108
-6168
-27286
36561
-38474
19127
-15747
18785
-38925
-26820
5567
-41857
14456
-7658
-2499
-26738
38456
39616
-37163
-21676
-10876
12128
6567
14096
17392
-16756
-17749
-20740
2734
25652
-32992
14804
-20273
16349
22936
-18919
9725
17154
33193
36725
-8251
7997
21930
-6735
32242
-10184
31830
9516
20481
-42195
-308
-6900
-10204
-14092
-11807
-26316
-29606
33868
6974
29193
-1932
5331
24555
-16430
-25141
30296
-1658
11887
37573
-32001
-3974
31222
35273
32174
11111
-28109
-19393
35788
-7362
4188
-26626
8472
-18302
-25601
-27579
-23281
22677
23449
20387
27507
-12721
-22572
-23517
34881
35573
6423
5716
-18550
36784
41035
-3241
-33844
1927
-37120
14835
12103
-19591
17672
-15976
37317
8558
35314
37538
-30638
11747
-22734
-25730
-42717
-32680
-38244
26372
-21070
-30128
26027
17360
-10556
-34101
-9801
28174
31862
35170
-18500
34864
-37529
-31419
23580
-14829
22933
36264
38224
-16344
31142
-22751
-15182
31458
20900
-27556
16042
-1039
13013
33521
-17376
-38848
-28467
-33488
-2170
37132
39892
34234
38547
6460
4434
-32359
-22646
7025
31873
39622
24397
35585
-15255
36797
-14493
14344
9511
-344
4029
31641
206
5320
2894
9217
34914
24102
-40775
-29613
-40757
25071
37303
-11253
-4798
37508
20962
35570
2285
-20937
20727
-14628
23638
29259
21207
-12481
-4408
-34554
-16166
35232
29635
25688
-26066
-29899
-39079
8772
-31049
15164
2967
-25876
-8963
-35741
244
35905
-5743
17365
-179
25611
-7295
5291
-999
9075
8974
22931
-32660
-26570
-36890
19607
30499
-38416
19714
37445
17490
-28830
1309
7105
27828
-26954
18896
37736
-31164
6603
-18307
34527
5325
-2077
-26569
-11011
17548
-18006
-421
-32145
-25061
-40638
-24653
-770
29854
29395
7818
18216
27678
37752
-38531
25328
17387
-41124
-2903
-33600
31572
-32430
-3613
-15053
11727
38445
17718
-3530
-2404
-21755
-30722
-2920
11960
21853
-4632
-20261
16925
24092
-25526
21569
-12945
-26777
-23496
-3433
-1073
-36593
-8230
-18705
25915
-41016
11856
-32042
38615
-7102
-18053
20654
33282
-26176
14112
-10437
-16978
-5169
5163
4038
2100
-12793
-7995
40397
-24063
-11979
39035
-14803
-31801
26797
14168
-17632
108
-14129
-35395
-30495
22014
15217
-4277
21250
-27087
-36934
-15517
39138
-27390
-26158
-25842
-7960
27768
-1586
6890
8064
-6434
-4168
-40109
-36423
36397
-27298
6972
10845
7335
-116
39347
-2750
-3341
28638
-25287
-23542
-34105
30680
0
0
0
0
0
0
0
0
0
0
0
0
0
0
0
0
0
0
0
0
0
0
0
0
0
0
0
0
0
0
0
0
0
0
0
0
0
0
0
0
0
0
0
0
0
0
0
0
0
0
0
0
0
0
0
0
0
0
0
0
0
0
0
0
0
0
0
0
0
0
0
0
0
0
0
0
0
0
0
0
0
0
0
0
0
0
0
0
0
0
0
0
0
0
0
0
0
0
0
0
0
0
0
0
0
0
0
0
0
0
0
0
0
0
0
0
0
0
0
0
0
0
0
0
0
0
0
0
0
0
0
0
0
0
0
0
0
0
0
0
0
0
0
0
0
0
0
0
0
0
0
0
0
0
0
0
0
0
0
0
0
0
0
0
0
0
0
0
0
0
0
0
0
0
0
0
0
0
0
0
0
0
0
0
0
0
0
0
0
0
0
0
0
0
0
0
0
0
0
0
0
0
0
0
0
0
0
0
0
0
0
0
0
0
0
0
0
0
0
0
0
0
0
0
0
0
0
0
0
0
0
0
0
0
0
0
0
0
0
0
0
0
0
0
0
0
0
0
0
0
0
0
0
0
0
0
0
0
0
0
0
0
0
0
0
0
0
0
0
0
0
0
0
0
0
0
0
0
0
0
0
0
0
0
0
0
0
0
0
0
0
0
0
0
0
0
0
0
0
0
0
0
0
0
0
0
0
0
0
0
0
0
0
0
0
0
0
0
0
0
0
0
0
0
0
0
0
0
0
0
0
0
0
0
0
0
0
0
0
0
0
0
0
0
0
0
0
0
0
0
0
0
0
0
0
0
0
0
0
0
0
0
0
0
0
0
0
0
0
0
0
0
0
0
0
0
0
0
0
0
0
0
0
0
0
0
0
0
0
0
0
0
0
0
0
0
0
0
0
0
0
0
0
0
0
0
0
0
0
0
0
0
0
0
0
0
0
0
0
0
0
0
0
0
0
0
0
0
0
0
0
0
0
0
0
0
0
0
0
0
0
0
0
0
0
0
0
0
0
0
0
0
0
0
0
0
0
0
0
0
0
0
0
0
0
0
0
0
0
0
0
0
0
0
0
0
0
0
0
0
0
0
0
0
0
0
0
0
0
0
0
0
0
0
0
0
0
0
0
0
0
0
0
0
0
0
0
0
0
0
0
0
0
0
0
0
0
0
0
0
0
0
0
0
0
0
0
0
0
0
0
0
0
0
0
0
0
0
0
0
0
0
0
0
0
0
0
0
0
0
0
0
0
0
0
0
0
0
0
0
0
0
0
0
0
0
0
0
0
0
0
0
0
0
0
0
0
0
0
0
0
0
0
0
0
0
0
0
0
0
0
0
0
0
0
0
0
0
0
0
0
0
0
0
0
0
0
0
0
0
0
0
0
0
0
