-29589
-31402
-3960
-10233
-33282
-36140
1411
14860
-6057
-6185
35697
-12517
4670
-3419
-25942
-21388
-19432
-22452
-21771
10353
15030
28257
12228
-18090
21124
37071
7966
-409
34565
13663
8145
34412
5462
-24408
-24106
32634
4228
-27379
-18130
15140
4994
13882
30082
-32951
-2600
17175
-20942
17224
-17955
14287
3468
18313
-42252
83
-37424
-15779
11079
3567
-33096
-6671
35671
-18336
-36595
-13087
-34883
-18958
-2935
-35126
-20410
13119
-16045
-19671
-38099
-7255
22715
-41263
30310
-34993
-16954
-12809
-8413
-45825
1993
28466
-26612
-21153
3412
4974
25764
-33789
-3396
-43211
-37400
14976
-42242
19381
22869
32637
20007
29752
31771
35288
30827
-35902
-8212
-33847
27220
14484
6601
-15059
14685
2389
7983
-23542
23225
-12364
-33669
452
27279
-32448
3424
38639
-24858
4450
-10871
33738
-41362
23058
26504
-29551
27088
-33575
-33873
-37559
29931
22260
17519
21890
-17864
-4127
-24833
-6309
22142
24347
-11280
-18916
9494
5403
8042
10096
14668
-25359
37112
25444
5759
20362
22127
27402
7347
38770
-4114
9061
24195
-13961
16005
32591
-39135
37204
21510
-27388
9032
39340
-34216
-30219
-33285
15245
-24621
-34408
-24157
35820
7511
-27590
8950
-1028
-32986
3592
-34030
19427
-37149
29487
-41412
-41528
-22240
37120
23100
-21704
31119
9290
-3993
4609
-4523
25498
-2368
16710
31597
25611
-7519
24325
-34735
-24967
27130
-27231
36303
-18204
-27013
7033
-15207
13258
-8663
-7451
-10399
-37974
-19639
19910
-17315
-3370
-42502
9663
7711
-6163
624
38397
-22384
-10067
35881
-28992
23893
8056
-12850
-26318
-14668
-30299
34912
-19627
34298
-36457
10757
-6730
-37713
-8997
-9167
-8752
21641
36462
-31468
5180
-34830
4754
20425
-31554
-5785
-28274
23444
-23093
-28260
20710
-35878
-40491
2418
32603
27838
-37941
-5457
13731
15445
33772
-29424
1040
861
-19540
-33455
8490
-24092
2879
-13034
2420
38237
26170
7689
-16324
-3591
3925
-2667
-917
33007
-15476
21213
24634
24633
-22704
17619
-36656
-21501
31915
-4564
8769
-35373
-28694
30540
5479
-9263
-37388
-39772
-37487
-35594
-40197
-6959
10560
21109
13256
-40116
25845
32260
33307
-7324
3017
-41469
-44182
37893
-21563
-16715
28183
-40264
19979
25122
-38606
-19646
28456
-8235
-18251
-31851
17318
-32446
-30481
-8007
21771
-27589
38224
-21093
-13195
6962
23172
17619
-24944
7677
-33747
-809
217
-4616
-16802
17957
-22105
15671
-25592
15678
1266
17593
37226
20169
-11151
28896
-39881
-12409
38494
-28284
16835
584
-42212
-18668
-45154
21568
-25799
19002
-27993
20267
23916
5333
11603
9585
-22057
-13894
-23522
17593
-6199
-40371
-19450
7265
-22257
27022
36876
-12668
22760
-25893
-23893
38302
31073
7889
-8937
-13523
-21487
31384
-17387
-35077
40919
40884
2280
-16089
-32770
-24386
15820
-25014
32779
31143
10792
1691
-6237
-9677
-10006
12444
27254
23617
-38028
24916
-31608
16714
-42475
-14357
30279
35151
-36568
11449
-14411
2355
25731
-11200
-26265
-34192
5699
-9672
23761
6399
-26948
3029
17679
-28608
-24122
-1701
-7879
25598
-42494
-19396
19619
17390
31957
-28743
12275
16203
1012
33759
-24853
30946
30540
-6120
9415
34247
8484
-40716
38845
-26353
-20575
19918
-12075
22347
14136
-17101
-29240
-19585
22135
36524
3320
-23221
-20976
-35589
-9594
-12392
26845
26340
-35157
4998
-37743
32502
-14659
20156
12160
19823
36702
-33133
-40103
-4339
15709
-34009
-11911
-20177
-33334
-31252
34358
20399
19265
29018
25899
32533
-38848
-14
-1988
-7151
-5252
3129
28602
-39885
-15096
-7981
-34397
16590
-2333
-32446
-13172
-6307
14670
-28965
-36596
21970
38233
-27213
23934
-28172
-10472
12210
-8043
20616
-15892
37859
3704
5167
-18571
27335
-42676
-15766
-9597
1867
9274
-31013
16662
-2574
32544
18095
8800
-23225
5857
819
-38354
-23465
29948
-17432
23690
-1943
35392
-33087
-7641
-9762
-123
-13439
-22825
1719
-35653
23273
-8128
11850
-15226
33140
6503
-31572
23420
33720
19294
10192
32339
-2568
-8914
-20343
18965
3155
-38331
-35575
23599
34362
-17708
-607
38190
-24375
-16880
21959
-20338
21785
6108
-12405
-15642
23351
-32158
-5272
-41368
-10156
-16926
13740
-33760
31760
32919
-33609
-30692
11967
-41470
-17503
11616
-19005
17177
-34408
17193
16008
11949
-17639
21601
-11400
32547
28909
-22295
-20958
34206
-27462
-3477
33251
16690
35528
-23220
30840
7399
-20515
-28791
37221
30211
38031
-20455
14488
39486
-15097
-28300
-22305
-20011
12355
18149
-26667
-31886
-21704
-3904
-42103
-22086
30768
14050
-21088
-31759
-26462
-24460
10875
-41423
-32354
37544
23820
625
-40281
-11122
36552
-38223
38621
-19154
-28081
-9455
-32747
-18919
20636
34289
9836
37992
-36488
39646
-8300
33961
-32721
-20804
34897
26058
15473
-38624
746
-2532
35896
40897
14011
-25529
-11510
15101
-14290
-38509
34760
34612
-24957
-1496
10682
9421
-25546
-6994
18427
-18578
10581
694
-1265
16979
4151
-29727
-21511
24035
8019
-11922
-10393
-25291
6029
-20253
-9348
-28674
33004
16110
16948
-11049
27590
-37160
-34234
13278
30324
37022
-4707
17411
-35496
14785
-35276
-40913
30855
13236
-41561
5900
21277
8456
10405
-18493
34331
-28681
23092
5804
31430
16751
-10298
41049
34671
39924
-13404
-40517
-21000
37435
-10839
25061
-8880
-35982
27668
31903
-19086
-15598
17669
410
36950
-3693
-22277
27123
-2831
-42865
1418
-5376
-26455
1161
13165
29206
29524
-38971
-6652
-21598
31078
-11122
-28160
21005
28595
-23928
7683
15238
-42305
12533
-37437
1424
-20970
37185
-12253
-471
2520
-19947
35507
39613
-23173
25461
-19151
-22138
-6051
-13556
-14319
-6428
-16848
-3157
19009
-32552
-13602
1639
-37542
-9156
17883
29320
36466
33073
38783
12533
-9593
-24366
-18985
-19741
-17413
8661
-2352
-9844
-39223
-4809
35806
-40020
-12931
-20407
-11045
-4285
9432
-27827
-29007
-4927
29505
-12421
16186
-2487
-22660
35672
19623
7476
25491
-3486
35300
-31048
3513
-21031
-21368
-28585
9676
-38657
-845
-2245
-28312
28212
25861
-31815
-98
34851
29054
10258
-29799
25971
-2248
-8397
7967
38820
-5392
31162
-20559
25139
15631
1190
2005
11768
6154
25921
16920
33710
-42108
3046
1263
32310
-3060
-23329
4177
15311
27284
-20309
35785
39775
-6911
35527
-9375
21641
2636
-26058
-7655
10058
-27886
-5362
-14975
13428
32592
-29868
10974
-3279
26072
-20450
-33143
22048
37825
4406
-34234
23225
-34843
37011
-7978
-28937
4824
29846
-36105
16888
20707
-36589
-6858
15503
30303
26881
-24714
-18432
13710
-42019
-18221
-38628
-28572
11473
-20167
32235
19624
-5638
11278
34425
24019
-30945
2929
-15135
-6318
-24570
2062
-18968
37016
-33487
-35434
-10014
17723
-12424
-20071
-14146
-23941
-20737
31029
12457
18461
-29138
-20948
24871
-33130
38155
-33897
-476
-5183
-6659
25588
30681
21851
990
-40215
22477
-18769
-7684
-7350
-34114
-10733
-16231
-12835
23006
-33118
-30982
-23082
-38755
18007
-22660
-20323
34945
-39451
23935
33710
-11492
1691
27279
-31711
35986
37019
36614
32082
-9591
-25012
843
27001
-24298
-22416
34045
8514
-7555
17814
-15482
19084
-21915
-1902
-9757
1887
-3786
-17695
-25630
-8520
630
-16237
-26064
-24383
30189
-6910
-11043
-18122
2753
-34268
-17586
32155
2877
-37246
-9452
-24482
9739
19204
35920
-2322
-18632
29826
12825
-39466
30614
-26912
-25912
-391
36051
27917
9141
-16931
-31327
-15556
-33849
-36410
-33809
-25288
-27915
-36526
20570
-5691
-42010
-31770
-32941
28846
-13063
-19905
2924
-10726
-31731
-38791
5831
-30572
21687
-21695
-6265
29875
-16435
-30389
20048
32213
4364
38221
6079
-10961
-23983
-4395
33611
30841
40777
8730
23545
-10743
27847
26165
7180
-31122
-15365
-21789
-40393
19334
20114
-16463
-32838
-12177
-90
15595
33522
26718
38088
2367
-7216
-10279
-33044
-28445
628
32301
-37593
-7997
6729
-21179
-20377
-9600
3489
-34425
-35052
1561
12945
-666
-1919
12396
-35864
-9197
-18639
5329
39123
-26681
38815
-5070
-6006
-7673
487
29050
-25198
35896
22694
-36532
-37352
-36166
-8586
40811
-40427
-23109
-938
11080
-22853
-5976
14572
22982
14312
38707
-15922
-43976
128
9119
-16181
-7883
11908
22330
-16209
-25663
926
35933
7770
-22557
-10050
-2376
-5864
-22216
28700
2830
-17282
30804
31368
-6704
-27552
-34960
-39255
812
37534
37421
31386
-10011
-30148
28227
-1629
-19030
-1337
-7788
13069
23150
22123
-29056
-1494
27395
17532
39666
9559
4540
-654
26624
40673
-35157
22746
6626
-25036
-31541
-22516
4055
-2609
9285
21766
24465
-40015
-778
542
-3075
10219
-15529
-24168
-6447
-21453
24756
-28974
-16792
-27461
-32826
-26929
-13934
9915
8384
28888
1122
38434
-33649
11577
22762
14592
37166
29034
36286
-2682
-1055
37619
7400
-33497
8713
-557
-38981
13715
13148
19669
-10564
11447
34181
-32173
25649
-1136
-21600
-6796
-37508
33979
1914
-3668
1643
-36778
18450
3806
-21494
9970
-34300
8972
21689
17337
-2490
4653
-26469
-9601
38405
37267
-23749
-13615
40178
-453
-10327
-11677
-24676
-21436
39563
-8837
-38856
23605
34474
16463
-24949
39221
-26210
14593
28468
-1051
13136
-41080
1338
27407
32969
18970
-19138
-901
-17853
34119
14978
-38485
-9907
21093
-18889
7149
20940
-31902
32989
-12221
-7118
29527
-18309
-16002
-34794
18997
10255
-34351
-11803
-41587
-34213
-41552
11671
2288
-15128
6394
25653
12561
-35335
-2178
6906
-39478
-40146
39590
-32040
-41308
-10983
-7833
8092
-5619
-18066
25213
18957
-36712
31731
-20374
-26775
1456
27364
-7662
32989
-39824
9935
-6718
5544
-35875
-38727
-18303
3045
12089
-33387
-20587
18527
7888
-11329
-20393
-11155
25023
33727
-21158
33375
13689
-41494
-2187
-14043
25073
-739
-12559
7585
-22021
24015
-13531
32105
-40171
14015
14663
-33287
18572
-20165
-28148
-20882
-7034
21775
14923
-34694
-11019
-633
1061
-719
-7564
37602
18470
-21445
-8187
-36983
-22093
-37854
-41469
3212
35625
-35643
29653
-7674
23290
-5209
-13828
4609
25682
7881
36270
-28259
-28027
-31873
-1316
24682
-14933
-19880
-9072
18027
35115
-24718
-9359
-18988
-28405
-29060
16950
21762
17606
-14850
22074
-35500
-40193
-9428
-25404
-13257
21271
-19736
3156
-9726
17954
-5876
-32659
-14906
653
24478
-37616
20857
-18316
-29822
-18527
32122
10157
11910
33832
23355
-32592
-19087
34368
-34508
36200
-29412
-7542
33186
-34426
-27102
-28207
15353
-40001
-28941
9121
38781
-30940
-1878
-18340
-29351
-6042
-29990
-10295
22314
37611
35193
12564
12651
-9999
-15702
-4446
-13622
-8470
-13252
20951
12163
-5384
-12759
9878
32363
-992
-2613
38394
-877
-15722
1899
38281
-20563
-20087
-9602
-6495
7805
466
10727
-580
-16204
2720
-7543
16816
-3251
-36810
-22270
-38114
-8235
-36671
-20920
-35058
-36699
-15849
38401
-11277
-34192
6991
31067
23582
-191
-36613
31572
22110
14963
16341
-32441
14969
-4408
313
39350
-11207
32977
-6477
10790
302
21073
-22321
-287
-10129
-32301
36690
17893
-40637
-26293
-19860
36695
1214
40435
21478
7695
-35789
-10282
-19628
24277
-10418
26500
26175
-13577
31004
13128
1761
-28255
6536
-37207
-28641
-36363
38348
34918
8006
-13671
2179
16657
-36508
-39305
-12877
28236
-32356
-16289
-6706
2001
13686
9427
11143
-28834
16699
-38812
20131
-35172
29105
-24407
32076
25885
-26315
-10587
27617
-24295
-35773
-20549
24858
-32737
-37993
39947
-28679
-38963
32580
16958
-27294
-34258
-3659
31791
10396
14875
-4132
8646
27093
-5990
-6944
25405
508
-3483
2038
16910
-28985
-21339
28243
-31303
-26090
11663
-37965
-23017
11267
-38136
14810
14795
-34810
-8549
-33567
-11616
-26134
24844
18296
-13454
-6084
-21727
-20926
21732
23879
29410
24656
-4735
-26165
-29678
-9692
-33703
25548
6727
10864
4693
-7750
-4060
-36859
-31472
7474
-12637
-4938
-28226
25180
18241
17935
32547
-20401
23391
39911
25683
27811
35548
1713
3432
-22546
-12467
-24785
-19111
-34117
-28234
-19267
9891
18347
-18436
-19238
-31747
34959
38362
-37857
24447
-7647
10141
27881
21018
-34345
2517
26097
-10358
9027
4048
35627
-7487
28521
-15172
4949
22307
15472
908
-42538
4328
-11587
-7292
-22356
-11656
33853
-36274
29033
32934
-32199
-34000
-23730
7725
-18064
37382
-35773
-36021
4386
-22621
31581
1299
-12247
-13448
8372
-20734
-36232
-37515
-21387
-30691
-8995
9254
41189
3098
23463
30301
-28548
37628
25413
24533
-4844
-39701
-38673
37398
27828
-5194
15229
-14933
-21828
33931
18871
12182
-18323
34615
-40942
37169
-26070
36051
-9347
-5841
-35113
-34431
-41732
-21786
-30776
-25420
36001
5033
-16148
-14557
3831
4600
-18667
20909
-35776
-14565
-6848
-35099
-42287
-12233
-31685
3666
-8800
-19038
-16500
4261
13674
27369
29590
7396
-32501
-28357
11063
22601
20557
33529
33310
2283
-2400
-37995
9892
-24922
1621
-28912
-8105
-32149
8520
-7613
30260
7142
-26415
951
-27153
32390
31115
9545
-4862
5804
-29511
-6445
-9965
-43067
30653
11121
-25054
-15643
-17091
33423
-39182
-3539
10219
18518
-37367
773
-27153
-5545
1371
-24732
-30620
-12078
-19431
19100
37238
-8379
-32205
-9884
-18386
-1220
-35610
-8197
14256
46
-31891
-24332
8964
-1883
-40073
-1560
22115
-8158
-7936
7204
-32095
-15208
-10125
25579
27246
115
-38593
-32380
-17365
15587
22844
9145
17591
-28485
25860
-22032
-36258
-21233
-23729
20530
-17974
30258
16443
-33297
-28717
-18194
-38458
20832
-13074
-14537
25772
13156
-3146
15985
24251
-5451
-37010
7680
30130
-36964
-31175
-36248
39256
-1640
32048
6272
-11358
36472
37566
8270
41433
-28765
13686
-1539
737
-29540
22801
-31207
-20143
1577
-18649
-42127
-36964
-41913
-4498
14156
-41825
36182
-29186
-10870
-42318
22539
28694
-22819
6412
22471
19855
-23937
-16921
11368
-13938
25100
27598
2361
-19520
-18576
-31119
32179
-10151
2882
15430
11647
-36677
2983
-27622
16034
6692
-21009
-3428
-11612
570
18408
3644
20054
-7918
-32809
-39942
-21454
-496
-5065
-29084
-19620
-13164
10489
1901
30243
-18384
-24813
-33821
-28998
16523
-38373
15772
-17572
38380
-39794
-12701
15147
29120
18642
14978
-32473
-23707
-10010
7223
25443
20878
-32657
-3264
20973
-13741
-28822
26120
-8332
-38127
-20927
-6431
1958
-34261
-30253
15828
11659
29232
-16736
-26705
-16575
33536
2335
37516
-31779
-21258
-12705
3697
37831
-28505
17117
-30417
22514
34699
637
11841
-1523
-17276
2836
-25025
38417
-16286
7136
19148
23739
39821
-19980
17265
-21922
-29886
13844
13767
-22094
8683
-12587
14536
-1408
-22734
11504
388
-11391
-44163
14961
-36499
-15384
-13754
-26281
-29880
-14991
-35071
5303
-17564
-37718
17726
-22784
27251
37248
-18277
-8522
-42281
-9678
6599
-22911
-714
-29048
-6720
-42470
19285
-6548
-7513
-36438
20195
-31882
10416
-2189
-36471
-30394
29753
39355
-16985
2169
1122
-26122
-7158
16258
10931
-10186
3270
34375
-34576
37527
-4558
193
22725
2914
4000
38100
-26453
-12647
1579
-43210
26439
-14518
-46921
-16698
-5641
-10898
33132
22381
-27882
-5254
-5179
-20895
30816
-20981
26771
-11883
-40114
26695
21981
21666
-11451
25141
-5258
-5214
-5035
28513
-545
1750
18176
-24839
-25091
18714
2016
36696
-17935
-36777
-10332
-22945
33064
-26674
16180
-9766
25342
-9028
-39959
12924
19406
12983
22334
-10798
31011
34759
-2785
8049
-33959
-24249
-10145
-32336
14563
17715
-3387
-23495
-11901
15939
-10178
24158
25174
35933
34149
-33874
-2255
32768
-38885
2037
-30363
-435
13677
28430
-23151
-39778
24062
22716
-9859
-11824
-35039
-10352
-21333
-29259
17523
5224
-28456
-37758
-25560
-3339
-1796
-34035
5405
-38911
9346
-24024
40687
-26387
38725
38319
27621
-31566
-30390
-37410
-18227
7607
11572
32687
-30913
-15487
-38122
19956
-11391
36978
17348
-27562
-34926
-8951
33696
11686
30860
33905
33426
26979
12539
26080
-16361
22666
-20011
29781
-4946
24364
-2751
-38198
12320
36286
-35191
-24957
9550
-29846
24492
-3765
-17321
-29392
-27695
-3208
-38969
-1830
-3470
-25104
34413
-1042
8386
15293
37874
-34491
-17413
33584
38175
-28363
31790
36352
41538
-12944
-32132
28680
-26910
-30853
-16222
-9741
-27512
-9028
25465
2790
13832
26469
-14809
6066
19276
-29790
-14465
-13850
-34077
-1124
4720
20497
-23162
-41044
12743
18599
2211
-31206
-43318
8286
-40983
3740
-12139
26552
-22020
42880
29172
-30199
-7922
-2534
23690
-15813
-12066
-3344
-31503
13811
14396
28377
25903
-5761
-25412
-18507
5732
20381
1780
17123
-29813
16171
1362
-8600
-23556
12478
-7708
22573
23082
38266
-22865
-3725
-31906
-3447
-11005
-26297
15233
13991
6990
-17422
-13243
-29872
-27197
29511
-15719
-26115
-7169
-29024
-37648
13386
31603
17172
-36306
-382
-3372
29456
-29089
-21269
3110
-16519
38503
22410
21594
27790
-35395
-39007
-24532
-21353
-19456
-25416
-38650
21188
43067
-15313
-5629
40368
3398
15493
17229
-21047
-17066
2524
-14538
30182
18753
14233
-17575
-8241
-11050
10959
-5858
-27770
4059
1305
15714
-14379
12201
11483
-1928
-27959
22009
-10186
33796
36417
-10069
-24327
14453
-16225
-2869
981
31584
-28616
-30022
-12463
-31370
-23312
39187
-29172
14056
-17239
32682
4466
40834
39214
-20292
24808
-23656
-26942
-6451
-30856
-63
21310
44256
4500
4245
-25907
-14138
-1325
34317
16088
-28077
-20540
-139
-24657
-6534
15773
33942
-36301
-32007
-36286
40271
-25639
-34945
-41361
-7399
2514
37574
-10406
-21573
-42605
-34580
37215
-23613
-1489
8938
-38484
33744
-11089
33704
19752
22637
24811
-10745
14821
-21813
-16539
-24688
-8630
-28666
-28929
-23993
2128
-34024
19969
39321
1104
-22310
6052
40830
26560
9921
-23351
-16108
-29735
-34706
-36399
22752
-3802
1781
-25356
32758
15488
10609
-30727
11767
7298
8899
45006
45710
-14367
20372
17748
-29303
6316
20552
-19046
-22615
4883
14796
-27420
18731
10939
29912
3802
-725
21235
34758
-40657
17270
17856
-1736
-21069
5697
-1311
6323
-8993
14961
-38568
19983
-17791
26401
19704
-34969
-9552
-13854
29747
-32698
-25899
-14058
-36303
25163
-166
42653
-10477
20495
-1209
-31874
30992
-26598
32415
3139
12404
26989
-31672
-4590
-16229
12734
36831
44267
-28704
-768
-33337
-9545
35935
-16735
-3601
-35595
29730
-33713
14234
-33195
34977
4339
-43799
-6410
-11668
-43094
4549
12928
38943
16026
-10803
-26650
-31441
-34591
42356
-30937
-23214
-5351
2845
41855
-14263
-27394
31003
-26215
-30155
-16224
42370
26046
31652
-13072
31736
20403
36700
-24559
-11356
-27171
-36597
-25453
1146
-29040
293
28092
19084
5815
-22555
41949
37243
42754
-15837
34042
12252
4400
-24822
-13438
2325
-8857
-25559
-25645
27659
-37044
35565
-17465
-1937
20618
23838
32146
17006
-10431
-31064
18398
36450
24114
-18354
-8869
22532
16799
14037
-4446
3169
35218
24811
-36546
-18564
-35996
19403
-967
-22681
-33741
-14539
-17780
18436
-31806
-17993
-14898
22821
-36447
43039
38798
29731
-8660
20069
-28692
34579
-23758
4753
18491
2475
15453
-31588
-25308
26920
21424
15328
-36518
-19759
-23875
-8229
32303
6683
3274
-26448
-9190
-17258
38214
-26158
-32946
-39435
-11536
-38044
28539
2005
12113
22483
-33636
7583
-24586
31382
-24495
8164
21156
-33717
-37627
-2748
7021
-5418
22525
16659
30868
-14891
-30128
13364
-5873
34212
-8832
11924
11488
-14138
-15206
-29747
7924
-23165
40001
42428
10732
-26204
9122
6027
-2129
-497
111
24373
27378
1064
14670
35328
-36269
16274
31626
-23363
25636
27236
13303
26913
-30355
-39941
32214
-31071
-11081
20746
-19462
2884
-9064
-6953
21804
-33693
-6686
-251
25647
25840
-2989
35864
-5674
-28205
-1813
-30774
21266
-17635
-14735
2587
-10393
-1790
12722
-8792
25308
23633
45922
-11461
24598
-9491
22792
41588
25777
34556
-17995
17049
-25478
-11520
-38926
-29291
-23797
17801
-7382
-31380
-16289
-37570
2616
-10092
-26534
29279
-25840
-33689
24433
7623
-32787
15901
-42911
-5977
-1589
-11303
-20381
-15322
-17796
12070
34440
38824
-10305
3662
36832
44227
8458
-36001
23266
-23159
-37433
-4098
-29769
7197
-18412
-1275
27563
-1340
17364
-36081
-34509
-23545
12526
-6784
28098
-14524
-19262
15202
5324
34419
23924
26621
4830
23693
-12409
-32091
31744
-25660
-23961
-33694
-27808
-25810
-25276
-11056
37667
15179
-23523
6250
-32209
-11643
-10086
38838
7324
-474
-21161
-27735
14676
-37190
27111
-9357
9800
-27083
44360
36060
28864
16245
35090
38795
18941
-13480
-7234
-21522
27071
-20558
19718
41692
14620
14988
-23911
16133
3980
15609
5772
12025
-27598
9963
-19322
-21878
-34494
-15711
7537
-9052
39392
-17543
17123
-12593
-30114
37963
-39947
-18680
13828
-30180
27012
25005
-36641
39374
-26943
-34563
-5051
-1503
19833
-16434
-7756
19613
-15177
-12568
28369
-36015
31477
-9669
-13239
16999
12659
27178
-10365
25821
-2209
-5506
17497
42922
-16611
1313
40903
-6175
-4146
-22330
-18966
12678
31086
-7560
-22932
-18799
25553
-34258
36158
-20557
8187
6355
-26587
7729
-19596
-17128
-10192
-4966
31517
-148
-36048
33886
-23154
-37473
27090
25640
23468
27768
21257
-41578
-15045
-4401
-29646
-15719
-27500
-24735
-17910
21518
-38242
-5647
-12325
9383
33821
-4451
34824
4754
-23419
-18199
-14284
-10098
13463
-27822
35007
-4216
-18725
33448
26019
32947
10171
39625
22246
32271
-10354
28372
-10956
41262
-12593
-35639
16716
25157
38893
31516
-13543
33060
9938
-26937
-25262
29129
-31000
-1695
11295
13377
11566
11668
23436
22884
5277
-40730
-3086
-25481
-21164
-2167
-16834
-16974
-31773
12978
6364
-36503
28207
-606
31723
-14470
15132
-20967
36974
-30179
-21041
-17291
24344
-28243
39532
23385
-33248
16161
-18889
43449
12470
13247
-1029
5246
-29779
28250
3
5526
14412
20501
-1533
41041
-26187
-15551
-24215
-6060
7410
-24935
37737
7693
-34515
28366
4707
6348
40147
-18938
-4635
21897
-17323
9311
18991
-29011
16794
22032
11430
-32532
-40061
32449
-19238
-26896
-15601
14167
-11084
24071
-29698
-32193
15391
-1201
-29707
40830
16183
9592
-107
30159
21427
-6398
7718
27913
28444
20544
3701
-20097
-29747
-25601
-27178
36113
-12448
-34115
42588
-35842
3607
10330
45844
-28373
-11545
-20577
-12932
-19297
7632
-6683
-23471
-4561
-7517
-40610
38218
-28251
33459
-38356
3836
19086
-1202
25458
12641
-18559
33688
15980
21324
-30575
-11865
21093
40763
8443
21068
28337
38776
30819
-31045
8895
-10598
43227
9970
19700
-14792
-30422
16053
18616
-19047
-21463
3937
17076
12566
-17660
-16725
25083
-11362
22812
-29724
7130
-28296
21957
30097
7819
-27166
40413
-21390
32891
-472
-15647
4028
-1107
18467
-212
-33222
-13559
30478
-16490
4420
7385
-28287
-9029
23991
2183
31937
23607
-34155
32634
-36083
-23850
15506
16389
-30520
39576
-24844
-10366
14519
21991
-18185
-29747
9649
-25861
-32993
-14710
-33509
-3252
-34646
-36809
-30018
-36607
18001
-29303
13295
33870
-22388
-15242
-21018
36435
24801
21174
-32225
27839
-15952
40682
32531
30499
12519
40730
9649
-4834
-23199
-24260
-29906
27164
-29924
29469
-30366
28007
-32518
29112
-23539
-36594
-14491
17166
-32521
-22370
-29343
41624
-25428
31979
12554
-31684
-34483
-22398
8534
40444
-15084
30725
34875
36141
-15283
20017
9797
4090
23233
22878
37399
-5610
21458
27117
42045
16110
4281
9962
33304
8092
31118
20423
31441
4406
-3086
-26795
-14704
17282
19925
39301
-31171
22968
30336
12176
6899
17330
-23932
-15586
-638
-32570
-33293
-13793
36510
-4334
15685
18883
-3884
-1453
36642
37548
0
0
0
0
0
0
0
0
0
0
0
0
0
0
0
0
0
0
0
0
0
0
0
0
0
0
0
0
0
0
0
0
0
0
0
0
0
0
0
0
0
0
0
0
0
0
0
0
0
0
0
0
0
0
0
0
0
0
0
0
0
0
0
0
0
0
0
0
0
0
0
0
0
0
0
0
0
0
0
0
0
0
0
0
0
0
0
0
0
0
0
0
0
0
0
0
0
0
0
0
0
0
0
0
0
0
0
0
0
0
0
0
0
0
0
0
0
0
0
0
0
0
0
0
0
0
0
0
0
0
0
0
0
0
0
0
0
0
0
0
0
0
0
0
0
0
0
0
0
0
0
0
0
0
0
0
0
0
0
0
0
0
0
0
0
0
0
0
0
0
0
0
0
0
0
0
0
0
0
0
0
0
0
0
0
0
0
0
0
0
0
0
0
0
0
0
0
0
0
0
0
0
0
0
0
0
0
0
0
0
0
0
0
0
0
0
0
0
0
0
0
0
0
0
0
0
0
0
0
0
0
0
0
0
0
0
0
0
0
0
0
0
0
0
0
0
0
0
0
0
0
0
0
0
0
0
0
0
0
0
0
0
0
0
0
0
0
0
0
0
0
0
0
0
0
0
0
0
0
0
0
0
0
0
0
0
0
0
0
0
0
0
0
0
0
0
0
0
0
0
0
0
0
0
0
0
0
0
0
0
0
0
0
0
0
0
0
0
0
0
0
0
0
0
0
0
0
0
0
0
0
0
0
0
0
0
0
0
0
0
0
0
0
0
0
0
0
0
0
0
0
0
0
0
0
0
0
0
0
0
0
0
0
0
0
0
0
0
0
0
0
0
0
0
0
0
0
0
0
0
0
0
0
0
0
0
0
0
0
0
0
0
0
0
0
0
0
0
0
0
0
0
0
0
0
0
0
0
0
0
0
0
0
0
0
0
0
0
0
0
0
0
0
0
0
0
0
0
0
0
0
0
0
0
0
0
0
0
0
0
0
0
0
0
0
0
0
0
0
0
0
0
0
0
0
0
0
0
0
0
0
0
0
0
0
0
0
0
0
0
0
0
0
0
0
0
0
0
0
0
0
0
0
0
0
0
0
0
0
0
0
0
0
0
0
0
0
0
0
0
0
0
0
0
0
0
0
0
0
0
0
0
0
0
0
0
0
0
0
0
0
0
0
0
0
0
0
0
0
0
0
0
0
0
0
0
0
0
0
0
0
0
0
0
0
0
0
0
0
0
0
0
0
0
0
0
0
0
0
0
0
0
0
0
0
0
0
0
0
0
0
0
0
0
0
0
0
0
0
0
0
0
0
0
0
0
0
0
0
0
0
0
0
0
0
0
0
0
0
0
0
0
0
0
0
0
0
0
0
0
0
0
0
0
0
