39450
34087
-15291
3844
4357
4863
-19543
-32474
-3462
22141
36213
41283
17664
-22168
-30339
13074
-10202
24714
16342
5415
32470
28630
15350
-28062
-6651
39329
18224
-19598
-1394
-33398
-8101
1956
-35136
28177
-41378
-2551
-12296
7474
-34076
23412
21752
-29814
-26057
29303
-32817
39425
-20915
5148
15909
-37497
35573
-37979
2273
5398
-34349
-20662
-32501
12649
-13144
-31601
10441
41720
42320
32535
40131
27596
24784
6073
2312
12648
1944
17580
-18996
20561
23177
27781
-33059
-33704
30595
-17071
7108
31077
38514
33276
38827
36842
22741
-9845
-13808
21535
-30203
14172
33978
15870
-29386
-5708
-8736
-30265
30050
37899
-14981
-22437
-9337
-37355
21923
-28317
34512
12644
20531
-7095
-39100
6347
28234
-2577
28245
-40775
2872
14040
18666
-23249
37663
4070
-5763
1310
-6819
6410
-13175
-33476
39
30105
2877
16228
-3712
-19161
4900
-27787
-770
-15956
31666
-27305
9062
34741
19494
18604
-37179
-15926
-16102
-23115
22876
-23253
-25329
15345
-22503
-10043
14965
-3961
-4783
-20101
-5751
9191
15199
-25518
11138
38041
-880
7711
-12572
-28328
25688
-35536
-17908
10237
-34707
32928
16839
-9041
27343
-27705
-18851
15206
-9379
39082
17293
43043
17450
-19733
-9722
-32381
8919
35473
35111
31106
-14634
-23287
-27113
-4194
31110
36884
-16101
1889
-30070
-1946
39722
-31415
-32968
37472
-41224
24887
31336
-36617
-5896
8208
-9310
-18590
10431
-11104
-26065
-35031
-11376
-29688
-37132
-37889
-12809
-3768
-34783
28307
-12145
27595
-13600
-30652
28785
14382
-7046
-9514
39584
29418
-7754
-17105
-4119
-37792
27579
19915
-33983
-4533
18529
2053
-32176
41013
3471
-25764
16102
-7403
2569
13251
21010
-34756
-1489
-26892
-5618
-11843
-27534
28401
18911
-19759
-7260
28785
-13080
4478
7881
-21852
-1792
13998
2482
16114
33465
1401
-36518
30996
34093
-17815
-38557
-29660
-1757
27110
-19345
-36158
-39206
-40983
35352
-40267
40034
-36650
14169
4980
-32169
15593
-33855
-35123
19553
14757
-24212
19601
10293
-16231
-29886
28875
37324
17471
12769
-10885
34550
23512
-250
32555
5779
-4028
-14549
34963
7913
-27312
23617
-11410
-2496
36693
19099
-15096
-3975
-41285
24464
37822
-32939
-6382
-639
-2619
6142
-30082
16294
-32233
28801
33675
-29922
31219
27413
-39834
-10658
-39144
27457
-27775
19303
-4381
-11689
-17965
10203
17351
27119
2867
25150
-1029
-18701
17851
3335
31877
-13185
31025
1626
38425
-34515
25164
2694
-426
-32264
26573
5320
11613
-626
33817
-7581
26734
-32332
-33845
-33764
22230
27328
-16626
37378
-27820
4475
16715
-36628
22951
27468
-30667
-33950
-35449
-37247
-8285
-40872
-24776
22417
27662
-28650
33019
-8125
-16944
-27062
-38162
-9780
-27473
30083
-18669
-15180
-12056
-21993
-23068
18243
-15806
255
13287
-15267
-5442
30755
-19990
16726
27142
3749
26250
13722
27726
191
5523
29441
-35732
35120
-27447
4888
-20157
12412
-24950
2786
-1824
-4011
-2861
-25951
-25418
-7154
14139
24342
36721
4628
-28141
35642
-4672
906
-32314
-37756
15925
-5868
37043
20787
32189
-12369
1965
-7535
30522
34480
32835
-40766
-1933
-11570
14893
-17655
-9050
3352
19198
4489
34841
-9901
-7475
-15441
-1214
10857
-31619
-1113
35378
22781
20212
-4609
-30293
41421
-25440
31901
1479
-35234
-13978
-3510
28209
11067
35497
-11863
32574
-6377
-33743
20285
27079
19937
-18873
4416
2451
-10155
-34778
4556
-8971
26614
36485
-15818
6637
-1038
-35957
12912
4525
-19499
-3330
-28532
-4538
6740
-16256
1415
-36935
-38627
20478
26382
-10162
-2390
-33796
-16338
5387
3418
-36664
-36994
9775
-7166
-29221
-35265
22744
-4313
18334
37297
-33099
37592
-7679
12833
34854
-6564
21425
-22385
38974
6406
-12342
-20408
24756
-28490
-21198
3888
-12278
-16438
-20314
31214
-28407
-41996
-28819
10171
32544
20913
477
21642
-19244
3406
-29986
6875
208
23131
-28507
-515
-12418
-30311
27411
-7353
25163
31348
-14856
2478
-20980
29738
1026
-17251
-33605
805
2350
19737
245
26267
1030
27378
-36666
-4927
-22693
23390
33037
8790
-27805
34115
33944
28356
39469
-36454
-23794
-12365
-5741
13364
-19165
21312
-15618
11103
-29181
19609
28642
7493
8678
18944
16164
29991
20452
-25987
39355
-40463
-29206
3498
19781
-37666
17264
-4768
-1971
34410
-20188
-29059
20056
37434
15895
39179
-27946
-14320
-36213
-6781
24560
-25842
-12839
-17975
-11382
32024
29333
22919
-28298
8582
4436
32605
24496
-9533
2533
19662
-2639
-24217
-15300
-28310
38477
-31083
-3513
22636
25380
-22413
17155
38498
-1737
-10679
24553
23714
29745
-42002
-33731
-23491
-13844
-37447
-23957
-11245
21822
-1641
10942
6689
-12516
26682
-38248
2708
36758
22994
16676
-20420
-18154
22248
30349
39782
12124
-4418
33335
16802
-33301
-33359
-6794
-2567
7563
40722
-37021
40599
3142
-3925
41265
11101
37921
28322
25135
40803
12434
10811
29175
33425
3784
22783
37181
-39020
24554
13861
19270
-21388
-10912
-39708
24461
-5922
24610
4881
39444
27568
-4137
-13273
14153
-40346
2100
-6830
4340
4761
-26972
-2413
-37158
-27151
-14491
-3789
17607
767
-15569
30078
-31646
-21218
34636
-10257
-18396
19200
-37779
-6219
39703
2862
11671
29575
-35377
40034
17539
-23614
-8382
42586
12356
-18899
-12206
20958
25380
32227
35063
19158
9067
33018
26503
-27202
-18215
29503
-12162
-31296
13656
-6298
5003
-33413
23748
36552
34902
-24872
-23734
-42189
-9543
-12193
30554
-29599
30206
23434
-42033
-34560
-14869
10911
35223
-4124
17821
13895
-27686
-38703
20655
-10590
-10750
-4101
-12626
-21305
19210
19231
30412
40209
-32932
-35353
-5532
-8799
-3561
30573
35658
30879
25115
34143
25581
37029
-22634
-31705
36131
2448
-7456
2890
-23445
-6295
27167
-3444
-7041
15504
7991
-20304
-7630
1508
19911
366
32535
-16993
-8188
-33654
23320
8154
-2654
12628
3124
-29512
-14177
10536
13473
25400
-38528
-7117
26130
-19736
-31776
38233
25035
-10752
-20363
8709
24255
-5913
28028
26541
15751
39480
30035
2601
20248
-17718
40291
-10943
9743
-10041
-12138
-24672
-33050
8303
20358
-32452
-23963
2455
36837
-39652
32611
13895
16313
18609
-34917
-36941
15174
-7043
38984
-30729
-32851
16482
-1038
7815
40337
2247
27357
36120
27635
-40014
-28885
30221
20951
1774
-33193
16481
-683
-14622
-16278
-16561
-19824
40284
-14315
-31207
17865
38781
-16899
41807
17887
-21935
4804
31967
14119
7209
32276
6200
3886
-24971
-15073
2884
-30368
-8606
26522
-8419
16408
-13081
3157
-4787
32447
-33254
29870
-31063
-15338
-41006
-26868
-31253
-6322
-19981
-29126
4523
39631
-6508
16422
24184
38396
15865
34188
-7347
-30561
37052
-14595
-17048
-21667
567
-23865
-29589
36333
-41946
-24956
-26157
-37745
-5409
-21207
27632
22655
-15992
-20767
-34979
25262
7561
17700
-31943
10054
-39462
-21798
3789
9516
11035
1398
-36819
-35020
5946
24647
33291
7152
7993
-13981
-7077
-18347
22931
26726
-23921
33604
35643
25701
-3294
4315
28728
-30837
-32959
28129
-24346
5516
-30443
37809
-16144
32933
-33386
34895
-13315
-17861
-2443
21104
-41190
15857
-34865
-5840
-33799
21106
25449
7470
25289
-18233
10905
37753
14183
18103
-28735
39251
-12899
-34577
-3519
-21346
21806
40743
20569
15157
-515
-38651
19862
1418
-12218
-21891
14579
30597
-1855
-35178
-11317
6162
-14517
-19422
-31080
13769
20086
-38049
6904
-7594
-22672
-26191
34851
34319
21643
30642
30763
-29485
376
6926
-33939
31483
21096
39856
38687
39194
-4985
-31884
18102
-18815
7594
35983
37146
2334
20010
-13445
-32823
11096
30375
18479
-26544
37528
-8478
36422
-3257
19867
-38284
-8159
24846
313
40901
-476
-11461
-25216
-37757
-5922
13924
-35858
39039
-7305
-18493
27569
9304
-38054
5450
38142
3934
-21841
21365
-27498
-11310
-39924
-38410
-3285
25243
-23925
1627
-19587
23467
-2112
4642
19529
17642
9522
-38767
22352
-10509
-28584
-25692
36492
-16424
24269
27727
-28259
-5356
34627
-22134
-3420
-256
-29135
35306
23108
-36067
13251
20085
24801
24055
-18559
37106
-13451
11239
-28245
-38589
18624
-5138
-39963
-7171
-16760
18569
20037
-31972
33369
7273
-24257
11054
-38933
34001
1211
752
14936
2340
9267
-37334
-19303
-26274
-8962
-28344
-20173
15483
15341
25181
-20846
-32101
-21468
-14010
-37129
10612
-38207
-17802
2100
32279
-22191
35265
16731
24589
15851
-5320
-32671
-27922
-102
26564
-6907
24472
-20182
1751
23059
20510
34517
-9410
-34058
27145
-26951
14630
15649
13954
18549
27696
19081
-8678
-40933
17346
-2290
32567
-10704
35460
26927
-22196
-34911
-30858
-35671
19501
21334
-22697
31025
-30977
35287
13689
26929
-3386
7187
-21120
-1577
31553
-13046
40415
8137
8243
36149
2154
-26932
1556
-22937
-22514
-25341
-31863
25583
161
6628
-17848
-30915
26172
-39282
11324
8125
9926
-16189
7776
-39761
33327
-20983
-20228
-9265
-6140
-34531
-10832
31539
13049
-22230
403
14957
7448
-1333
-28998
-7502
-14424
19174
-12797
-12954
37975
-28713
-28272
-22884
-27265
12831
26763
6001
-39580
-39991
2313
16336
22289
22009
22705
15600
-8995
17779
-16244
-17253
-27561
3637
-26481
-14441
-26581
29552
3119
-9447
39883
36694
6775
-39776
-19578
-20762
4627
39132
-29536
24101
35354
33532
-11979
-35832
7050
-3679
-30773
15761
-22430
-15222
-41334
-33130
-29388
-35651
665
-4133
33352
-6169
-38444
29218
32810
26983
-1062
-36835
18357
151
-40883
-13832
-10673
-8708
-39094
36242
9579
-14519
36054
32367
23106
26378
21194
11516
15667
-31961
-25445
39643
-25678
27190
37989
-23561
34406
5233
-712
28533
22275
-15253
-10591
-22848
-35088
36230
8161
-26713
10611
-15624
-20785
-9981
35388
-33736
4731
-2593
9759
29366
33856
-38772
-7912
10912
-36770
-23400
14542
-1680
-22562
10946
16353
24203
-41050
-5056
-330
7797
27309
30469
-14514
-13078
-1135
-19405
29398
-18402
21736
-19486
40909
-10572
14457
17623
-37065
24760
-18781
6289
-36185
-39876
899
-27669
-25971
24573
33995
4961
17749
29447
-774
32584
10093
14178
-31727
28325
18776
30086
2174
-15665
7446
12808
9251
-4621
32620
7856
-24061
29031
22351
5343
29629
17963
17822
21538
40729
17759
15339
-22654
-22039
26287
-15838
40128
7860
-17767
11489
25950
-23594
-32916
981
-26608
-34080
33778
22774
36191
-7204
-4191
-40504
-10568
22157
-5639
29764
25147
6920
27983
-4444
33399
-39203
28886
2785
-33614
10303
16671
-37905
22961
26095
-11511
-14759
-25353
-34666
-19531
29612
24429
5563
-4400
-11841
-23578
-38300
-455
27286
38138
19223
20312
19798
17937
3944
-38303
19172
19196
-38788
28764
18590
23240
-9303
-12711
-40280
-3965
-23851
-37351
-17771
-32345
-6371
-38029
28619
-18300
-40572
-5863
-40910
-35575
-8862
13728
652
-35810
-16982
-21060
-24408
-28227
-21323
-41287
-34324
32731
-18271
38818
-37026
33400
-19765
-3869
-35233
-9929
-8795
-40043
2876
25599
-39523
-16857
-23686
-27587
-25251
-20095
-35167
-15632
8427
2672
31225
40750
33974
-27675
29427
32764
20334
18859
-16382
31323
24170
29990
-22313
4125
1590
-7950
-2118
29245
7526
-31599
-8830
-32304
-38366
-462
-23694
-21843
-15753
28575
-26194
-5848
29758
-28225
23829
-18460
16342
-7227
-9524
-25284
-29243
-4026
-37397
14044
13262
25767
19938
28282
863
9402
23462
-10857
11565
-5478
-25246
-874
-6668
42776
35886
-16838
-25251
-3988
1236
32976
-14587
30038
29396
-1115
-34052
-8553
-2045
-4460
-21187
19291
-5569
-20589
-31879
-25376
-24945
26061
40242
-32622
29620
8085
39571
-5296
-9631
26063
-18172
20248
-6974
2042
33938
-21438
-8194
35095
19641
6142
26219
6126
5458
-43968
10912
25006
-10959
36130
-18270
16739
33943
-9742
-18027
10258
29640
-15032
-34259
-1863
-24131
-2831
7762
-36195
-20901
7580
-5628
2392
-26209
-9554
38829
10920
-16155
-17329
4805
6961
3734
-13757
32962
35468
23324
12949
14549
-9215
-5860
-28331
-39794
-14016
13449
-3550
-23749
-24250
19885
11563
-37176
27534
8385
37072
3821
14842
-9820
36089
19909
24919
26704
-36485
-26501
-19177
-12098
-36146
-2565
-47155
-9529
-44402
3419
22869
9625
-28743
35034
-10846
18542
14714
-32190
37493
-17356
-1518
-3151
-6593
11581
31055
30449
-2617
-12610
-33480
11539
-5030
11238
-15744
18391
37374
-2401
-21499
-20159
30527
21932
-39260
-33959
-32310
-8322
31458
3975
-755
20479
-10652
21580
7104
-37651
15268
-15592
710
34320
21283
12030
30964
36225
-27807
27042
-42245
-10844
780
29234
-2044
-40674
14182
3369
1212
22737
7737
-23717
-11945
-33950
2693
-19210
23757
-18663
-15770
38662
41301
-36153
-16626
29932
17253
2743
-37455
6063
-15521
41159
-16711
26862
-14561
34203
8375
-3374
40719
-7589
13784
21409
-30318
3065
12080
-41504
-24660
31354
-31158
-8039
18929
-42560
17650
-39301
-19274
-8081
2502
-3507
12386
-36384
-11164
-18288
-7517
15580
15430
1302
-19304
-37307
-9489
-35914
14624
24079
-39126
25255
36225
-35567
-17699
-39926
32734
-9139
33950
-11661
-36654
34951
-1675
-6854
11672
17830
-17729
-913
14712
-31043
34345
-8063
41141
-32587
3085
-4954
-35707
22878
22495
22055
37170
4334
-39999
34538
-853
12227
-39587
19260
11260
-26829
23186
-9831
13083
-9197
-10036
-7364
-37402
7454
-6711
-44862
13929
11163
17947
-21811
-4839
32028
-23214
-23561
5660
-36813
7338
-20150
-37336
19050
15171
29382
-27302
-18495
33249
-27660
-8192
-7067
14234
25266
-39234
15463
9594
-32799
11518
40397
9373
26765
22657
33326
-20626
-28245
25180
-10968
-38140
33723
34134
-34725
-11443
16962
24541
-8173
12755
28115
-3361
35269
18476
34831
24387
-5402
20962
-1923
-10204
35350
1901
4347
5071
32083
10406
9360
-30149
19649
-32578
-20943
-36369
19229
-5474
-33101
15896
-13500
22199
13182
-27518
-453
-26641
-5904
-22786
550
93
-11535
9834
-40436
-6227
-29655
-5080
-10509
4819
-16476
-1623
36155
-8870
-16667
15153
-30285
-4397
-27300
-33422
18547
20431
-34794
-24758
-7723
500
-23733
-31226
31115
-15301
8170
-35719
-22394
18017
-18022
-32221
-13928
22851
-35898
-24849
14454
20687
1142
17160
-14961
-28750
13167
9518
-31713
-26796
-24576
24662
16933
13144
1469
-19058
-22179
-10544
33740
-34525
21417
-38199
10173
-15911
-34290
-40841
27919
38050
-19310
-35607
-34069
-4745
-21923
-31031
36338
-8104
-21509
4166
29551
-23453
-25075
41320
11164
-27478
-12742
-33983
14244
30321
37714
19456
21802
5833
-18316
884
1252
-5871
7828
-33054
16510
-1916
-22744
8926
-13028
-40252
32713
-39412
-27520
-28341
-11244
-26539
-29154
555
-13736
10997
31810
-35700
28950
34312
-39922
15488
-261
23012
10757
-25472
27306
5987
-39699
35337
-15703
-13257
574
7104
-12746
35508
27597
-16453
8198
9821
1684
-7398
15060
10326
-26999
-21305
-11206
-14708
33337
40537
13764
5206
-31554
27452
-21626
36831
628
28346
24932
-131
5526
-43526
-45306
-5956
-2739
28097
33706
-45344
25813
30209
22141
36444
-22394
-12139
-25163
-37818
36943
-34519
36909
483
22269
14337
-35056
-8893
-11501
-19115
-41641
24743
-9303
38213
-25222
-20215
32436
-12815
-36292
-28844
4548
-24138
11718
-30430
-16957
9732
-4132
-20426
-35072
-26887
10113
-23893
-28846
18314
20457
17064
-21086
-29609
-26231
-33494
13408
-7921
-24509
34720
-41999
35180
10653
-117
-27246
-34628
26988
4693
-36481
-11122
26075
-21536
13194
17535
21823
-21310
37450
1268
-28991
32954
-40149
-17536
-39130
36289
-35838
-39279
-25726
-35566
17793
-20702
-18344
33518
17771
20820
14493
-15966
-13912
33908
-13495
-9186
-37621
-29637
-30916
-5414
32598
-12359
27806
-10877
-1181
40774
-23599
29528
-16445
-26289
37031
8916
32630
19023
-24081
-10697
17608
33344
30767
17492
11512
12559
-1279
25065
-34655
-23872
24509
-10763
-38992
-25666
-28003
-1496
14999
7261
-15836
-13423
20455
-12151
-39785
-26926
39011
18278
-30319
-23093
39762
26218
11631
-37015
-27957
23756
-9243
32934
-33330
26476
21433
-27091
22641
-20427
39405
40891
13461
-15947
-20020
1819
-29123
-5196
-15369
-7187
-11543
-26456
1029
19132
5996
11775
-31141
-15392
-37650
37541
-8261
-16725
-28580
10170
-41888
7682
-37657
-37843
15817
7652
-36467
-37477
6412
30220
36974
-32106
-21039
20733
-25060
529
37027
-26265
29692
36545
-4850
24309
14967
32286
-7768
25197
20780
-16482
1910
-31794
866
33918
-23897
-28367
-34515
12223
17757
25019
31856
-33020
32910
4583
-32912
-31590
-6605
26580
35712
34958
-37784
-33062
3948
2188
-470
36523
628
-40552
-22609
7573
18490
30031
-28643
-41346
-42162
-41964
-42044
-14965
21426
-10750
-42122
-29302
-32098
20557
37056
-35106
25031
6270
25539
24583
13000
-35241
-3784
-11198
19956
41062
30989
-36485
-16188
12395
-21267
13006
-8855
-547
-34359
35625
-3496
10775
-872
30799
25266
-2014
-30681
-23440
-34083
-8607
13412
27379
-14938
-26212
-20800
-36464
-28600
19316
20731
-5500
17417
3128
-21989
-30557
27194
-7526
25561
21056
-18170
-20794
13701
37287
-31052
3057
22898
-26438
-30639
13104
-41256
-40183
-18589
-30726
-31112
-1866
21964
10026
814
-4172
-13611
33759
19176
37006
29963
26704
-27040
12539
9360
35930
-38307
-5273
9712
24569
-11280
-5689
-1002
21215
15517
-26564
-137
9500
-18323
-26025
-11291
-143
29718
12451
-24765
-13447
-25285
4164
-38699
16043
-16910
-22975
-28224
-22990
35010
27931
25763
32775
-24546
28606
-9445
-6939
-22939
20337
-9572
-37983
4137
8063
-29405
19924
10142
-29893
-11188
27180
-5098
-13610
-2870
-33253
-13899
-13793
33881
-30137
-7295
-39026
26651
34744
38483
37836
-25338
-9847
14306
-15857
-35760
40146
6543
-37532
19341
-28395
-9161
6507
-25820
-32864
42181
37325
-39522
24058
23965
22849
6052
-24770
-30228
-9335
-39840
2864
-18342
-2688
-22578
14849
38024
4467
-11504
-4547
-4633
30763
-16313
21699
13845
22363
13248
-11463
12964
28888
-33381
24944
-15572
-1887
29022
33538
-10408
41774
-21926
-14557
-6367
-34100
22850
-15764
13570
13676
26625
-15070
-8112
-19181
21663
-31933
14233
-22905
-14495
6098
15420
-38966
9568
-6486
-13820
-28179
30128
23437
-37062
19824
-15111
12403
-43265
-36851
35966
-19201
31280
-22615
16631
-20097
31704
6805
5442
25080
33795
1755
-35590
-29911
-10395
32472
20751
-28156
-21824
-914
38703
-5258
-27225
-27926
-8355
-27397
1940
-39021
-22415
31891
-29972
-22094
-15510
31367
-4835
17585
43656
36052
-1414
35056
16921
-12540
9299
1039
32543
-2985
-29300
-2818
-17673
395
9935
33214
20214
30347
-11167
-43023
-32914
-19807
17644
-40570
-27610
25490
30554
-4283
1662
-28665
30019
-10039
8170
7065
18093
29870
33089
11783
-23741
-17770
-16850
6781
-10115
37991
-7858
6446
-33984
-26592
-22224
15619
31715
-15455
13376
21271
37515
-33129
-33155
7967
3308
4112
-21838
-3209
41049
41608
37131
23281
41550
-15431
20615
20738
17567
-14814
-33508
9288
-24730
15176
-36846
-11998
-12565
-33152
-16937
-15864
-42185
-35910
1238
36403
-35709
6634
25419
-32152
-280
-37728
3336
-14888
-41928
13369
-9184
-29093
16020
-15121
-4560
10223
26762
23831
-13887
-37932
-10771
-17669
-24633
36708
27376
-3639
-29128
12638
33591
-26948
32385
-37909
29587
-32831
-37385
-24807
-31244
10153
41536
-25973
16462
230
12585
-2023
-4183
-35367
38830
30
-9051
20936
-16543
-2085
-24949
-18482
31256
-31200
-14824
9382
-10814
29698
4044
22688
7511
11479
28801
-38908
30763
27280
13227
8725
22480
-6469
38255
-34537
-32367
23115
8963
-29700
31027
1170
-1802
-8899
5146
1364
27049
21799
14011
5067
34920
29859
-28865
42275
42881
-29615
-18432
-18835
3056
5910
-29753
24451
3827
-37739
-23057
-11358
15547
-2380
-35196
29183
-39909
-5226
178
21771
-12245
24637
18872
-315
18583
14175
925
-14165
-977
-7137
21387
21003
-34316
-16440
-20734
28020
32380
-6439
-36491
-22610
30355
-36796
-36660
2964
-21611
17761
-35525
22542
-10890
7771
27334
20507
14707
-35549
18113
-15278
-5783
-18427
-28255
-30941
1923
4483
20057
21647
-26124
13734
42303
39878
-2146
-12252
-39057
40647
34271
-12933
-36466
21783
14045
6811
-29893
-40757
23987
26351
-19450
-17561
-24992
2368
-5661
-17086
-26717
-8787
-32095
-14236
-9621
30732
-35178
-30556
15482
22955
5938
12489
15173
34816
-3462
14691
-8223
9109
-26096
35078
-7629
11905
22963
-13690
4742
18089
945
-25084
-28753
-18010
28232
35995
13085
-12582
14431
16144
-11165
28588
5675
20350
31302
36532
21277
20079
21642
32474
-14157
34732
-8184
17376
17720
-21817
14671
3542
-30527
-14111
30568
31422
32894
13488
-23195
21870
6272
5151
34291
-13688
-8030
-1851
41838
-18581
23009
25389
-26887
-12953
29192
35723
-4096
-36498
25620
30239
10459
28371
1286
-29031
16525
-10609
-31066
43285
-35084
-8722
17688
8925
19359
-34554
-33152
-4322
19936
11779
2732
24850
27759
-4523
-30528
754
-12099
-37327
11221
7314
32958
-9757
25320
-13000
38007
-40057
-30978
-9229
-8369
26283
28936
12683
-11627
38923
-30376
29233
-21596
33503
-1565
-24035
33151
5823
27963
-33975
-16629
-16339
16673
-30574
-3701
-8433
18199
17560
-17476
-9971
9148
34215
-34577
8207
39920
-1487
31827
38035
-4616
-31541
-11089
9339
-3947
-38317
-20811
18854
-39389
-4651
-17204
-17421
-32017
38144
16632
37374
-6157
-35533
-34060
-7065
10720
-6505
-18021
4781
-10888
6892
-18845
-11467
-35070
-946
-40064
-31290
17770
-36997
24010
-42961
-36340
-31246
-17849
-34889
-22048
-32968
35603
-19780
-12157
18000
3760
30594
348
36168
-26192
3320
15408
5256
-17265
18738
18974
-5777
1715
24549
-19961
34919
-5673
12074
21838
9457
-2550
11185
-21695
-17342
-25779
16514
-16584
37277
-10744
-13908
23181
-8670
31931
8996
28632
-17077
-26895
-3467
-21734
-34804
27873
38669
19082
24606
-1158
7816
15105
31129
26945
30771
-30795
12359
-36292
5061
-36617
-22543
26827
10365
-25742
15267
-38049
31686
-22581
-12305
-18188
-17873
-27000
18242
33735
-12395
-15176
21475
-23082
-9633
-11513
34026
32254
33197
-13308
18076
14642
-30476
41013
-18729
-30556
11813
31185
20957
28508
17711
420
23644
-6454
30330
6270
34037
-38588
-18084
-25975
28817
33408
3112
-40565
-34515
-8945
-29114
35770
27288
-22742
-34874
5529
38469
-31948
12926
31913
-7679
-2096
3757
-10537
35294
35824
20044
36742
-2979
9709
26613
-3415
-5573
13662
-15135
5683
35125
-23696
20480
-39006
-24066
-23244
-16481
35689
-33498
-14639
-38950
-3931
23965
25784
5683
19494
34394
30316
29902
-24345
20835
23817
-28291
35269
9544
29036
26167
-31484
-41845
-30328
30675
-5224
13216
-38780
-29603
8811
-21445
-5321
29876
-27184
-33652
11493
-3641
-22308
-32838
-12933
-27875
14851
-38345
24620
-9746
-35485
-466
12538
13245
-30616
25262
9131
22941
21073
-12969
32071
24591
-6782
-38760
35072
-29102
-5329
-17060
-31529
39161
20616
-20084
-21783
10278
22157
10165
28647
16365
39179
30328
-23659
11953
-19143
12378
12285
17284
27669
-32957
2567
22274
28997
-22940
18907
28491
-21947
20741
-18845
30549
-34051
-25272
22636
21859
3484
22065
695
32930
12134
22247
18623
-3966
42081
-8117
41408
-38561
42002
17494
32318
-24820
-24353
-24486
37995
-34249
17969
24197
-4103
42422
17744
-26212
-28589
17200
40236
36084
-30873
24205
-6845
-10531
26180
-2112
-7207
30433
-22965
23588
1772
-26527
6539
-38004
34064
15712
-9381
-18219
38179
-40516
-99
0
0
0
0
0
0
0
0
0
0
0
0
0
0
0
0
0
0
0
0
0
0
0
0
0
0
0
0
0
0
0
0
0
0
0
0
0
0
0
0
0
0
0
0
0
0
0
0
0
0
0
0
0
0
0
0
0
0
0
0
0
0
0
0
0
0
0
0
0
0
0
0
0
0
0
0
0
0
0
0
0
0
0
0
0
0
0
0
0
0
0
0
0
0
0
0
0
0
0
0
0
0
0
0
0
0
0
0
0
0
0
0
0
0
0
0
0
0
0
0
0
0
0
0
0
0
0
0
0
0
0
0
0
0
0
0
0
0
0
0
0
0
0
0
0
0
0
0
0
0
0
0
0
0
0
0
0
0
0
0
0
0
0
0
0
0
0
0
0
0
0
0
0
0
0
0
0
0
0
0
0
0
0
0
0
0
0
0
0
0
0
0
0
0
0
0
0
0
0
0
0
0
0
0
0
0
0
0
0
0
0
0
0
0
0
0
0
0
0
0
0
0
0
0
0
0
0
0
0
0
0
0
0
0
0
0
0
0
0
0
0
0
0
0
0
0
0
0
0
0
0
0
0
0
0
0
0
0
0
0
0
0
0
0
0
0
0
0
0
0
0
0
0
0
0
0
0
0
0
0
0
0
0
0
0
0
0
0
0
0
0
0
0
0
0
0
0
0
0
0
0
0
0
0
0
0
0
0
0
0
0
0
0
0
0
0
0
0
0
0
0
0
0
0
0
0
0
0
0
0
0
0
0
0
0
0
0
0
0
0
0
0
0
0
0
0
0
0
0
0
0
0
0
0
0
0
0
0
0
0
0
0
0
0
0
0
0
0
0
0
0
0
0
0
0
0
0
0
0
0
0
0
0
0
0
0
0
0
0
0
0
0
0
0
0
0
0
0
0
0
0
0
0
0
0
0
0
0
0
0
0
0
0
0
0
0
0
0
0
0
0
0
0
0
0
0
0
0
0
0
0
0
0
0
0
0
0
0
0
0
0
0
0
0
0
0
0
0
0
0
0
0
0
0
0
0
0
0
0
0
0
0
0
0
0
0
0
0
0
0
0
0
0
0
0
0
0
0
0
0
0
0
0
0
0
0
0
0
0
0
0
0
0
0
0
0
0
0
0
0
0
0
0
0
0
0
0
0
0
0
0
0
0
0
0
0
0
0
0
0
0
0
0
0
0
0
0
0
0
0
0
0
0
0
0
0
0
0
0
0
0
0
0
0
0
0
0
0
0
0
0
0
0
0
0
0
0
0
0
0
0
0
0
0
0
0
0
0
0
0
0
0
0
0
0
0
0
0
0
0
0
0
0
0
0
0
0
0
0
0
0
0
0
0
0
0
0
0
0
0
0
0
0
0
0
0
0
0
0
0
0
0
0
0
0
