42655
15899
-22851
-6782
-39215
-1200
-9516
-10013
29405
-17754
6018
-11229
13506
-28091
-8888
7887
-12820
36029
9217
-20534
17123
-39458
14693
17635
3711
14916
-21966
6717
2818
-13018
32627
-31916
157
-19957
-5917
-17522
20137
-28517
-23718
11127
17084
-24264
19526
-19678
37403
-22390
30229
22351
-39451
33373
9391
-24852
22719
-8453
-38518
21153
-4473
-13982
15653
9109
-8
-7632
22061
-30243
-13619
-1260
29385
-21216
36254
-21620
31276
-4769
27628
-28278
-9152
33266
-20453
10572
10606
-804
-28105
-31345
-3025
-35249
-32607
13452
26735
-24872
24583
-18019
38538
-2505
-13301
-26703
-29477
10413
22343
2083
7285
-34553
16381
38330
-1982
-40011
-34690
-5079
10386
-40979
-40632
-5704
9013
20598
-22910
-28698
-33190
-38322
-2164
24437
-22709
-30074
-31461
38419
2534
19988
37951
37758
-36518
30517
16299
12108
12340
35954
-9856
-14536
1873
-4048
-679
17007
-28099
-8980
35991
9158
16509
37200
-28642
38380
-20647
-11206
-3332
-23803
-28991
-31235
-39641
-19374
22527
25083
17591
-29338
-36087
-7240
36985
13197
-10979
-10714
-18653
-10049
-25273
12490
-39369
2425
13646
-41420
-702
-40175
12943
-137
37626
-19361
-36069
35868
38609
4106
29278
12642
17794
24128
26823
29073
-2802
243
-6325
-15074
-35199
42522
-34574
-15046
13005
24995
1655
16725
-30116
-23655
-16433
-24162
9533
607
-21869
-15507
39736
39685
-15613
10426
5137
-16798
-23058
24410
4177
6199
21418
31711
35337
-27828
-10431
-1550
-35044
-1296
-20820
-28582
-33226
-12504
-37834
16800
-36292
28654
33781
6036
-202
-13544
34790
2162
-8699
42734
-20106
1042
-11763
16883
36627
-37813
2077
-330
-20222
35651
-6063
-31183
9413
38582
-22804
-37792
-3070
23390
31719
-27994
-897
11998
22313
-283
35517
-29464
465
33573
2878
36279
31544
-21232
25028
5356
22123
4286
32289
-23935
-33841
-21282
35701
-33708
-18586
-2791
-981
8066
-4485
-13388
30971
-37506
-25882
-34555
-36975
29280
-736
18944
35428
18491
12424
-36046
33828
-28838
6243
40235
26442
30914
9259
-20268
13855
35907
-8342
24983
-3208
-38330
-40015
40268
-2274
-3610
-2194
25895
13469
18067
-3473
-13409
1404
-29720
31655
27684
17507
40662
-12215
20597
4006
25108
-34199
36689
21651
-3186
29439
-35865
6727
16453
19569
541
-17374
-31977
28057
29743
23437
-5391
2917
25158
-20860
-16383
-26266
6472
26087
-18462
19384
-63
29322
41945
-14635
35491
-12055
-9866
40242
-15243
1090
-4965
-26182
36450
17867
-32142
-28315
-22725
28197
-23669
3536
9168
-13382
-20522
-17674
9679
-8368
-9130
27803
-26495
-36411
34157
-28639
10314
-10418
40366
14861
-38158
13435
21641
587
7597
-17900
16474
-31376
-31534
38746
-938
-32772
-30884
924
-36425
37361
-33383
28794
-8385
-38844
-21784
-36867
21943
-2544
949
-3963
41971
-35318
36242
42050
-5019
13575
-2256
12861
20982
-28142
35454
-7175
31198
-32773
4520
17091
-30294
-6279
37596
-17391
-15293
-30501
-27404
-28024
-31708
-21556
27856
5808
92
34610
19250
38090
-21756
-40528
20015
15668
-8040
-31714
14984
-6203
-12203
-27277
-24032
1653
-29258
-8165
-24642
-25641
14710
-11635
-34171
16755
-22067
33115
-35474
-35094
6177
20233
-25213
35273
36724
7036
-15949
17255
-27846
4840
19633
-36250
27330
-13989
-37857
1535
-3425
-5917
30990
12890
15178
14990
24746
-8246
24182
7313
21294
-10565
29858
2213
-37360
16618
18858
-17253
-37377
22193
-14193
-26725
6345
20581
-30859
-27730
-7451
6970
-36414
35358
39601
29605
-29148
-16901
-14759
-28638
30974
21828
-38789
42463
-13265
15864
-35325
-11089
-36727
37055
-21244
-32502
-15987
-32610
32493
21021
32418
-2297
42558
38454
-11154
-36615
9838
-41781
-24637
19
-33242
4331
34115
39871
21688
8324
17728
-207
-29637
18154
-33500
15913
22362
-17893
30217
24325
28750
19351
-41622
2951
32307
-14416
-23304
36805
-21277
-8855
-35005
40355
-18537
37882
5363
19407
-13301
27602
-10473
21559
35714
20067
8477
32451
-30031
-30713
22942
6496
26876
-23851
22689
42967
8979
-23979
30511
-5639
-7678
-23600
21609
21582
19280
19515
-3994
-37247
-19766
-177
2926
-15320
-19506
-24661
-36111
39713
-2616
33717
2195
18543
10646
17558
38456
33272
-5632
13148
33150
8418
-22638
-27430
-18644
-14588
-37782
-39169
-7136
14498
11063
38756
35589
3977
13445
-18898
-12707
-1343
23743
40206
-18021
26952
34907
41247
12218
2744
-6470
34603
-27995
-19682
-32005
13714
23326
-18346
5542
-8960
-28649
31205
-23028
25479
-40915
-23599
38801
9518
32711
12943
39598
17012
-8948
18419
-23336
17361
15193
-32922
-21830
-35527
12734
-33331
24869
1468
15636
-40837
-27641
-41078
-9948
-24415
-28177
5944
1409
6288
26183
24638
31832
13224
-4700
-1052
12801
-33346
12174
25915
-14424
3199
-4342
14719
38564
-7841
8508
13838
37944
11772
-37917
19279
39463
32648
-38280
-22393
9001
4407
8339
32919
19110
21704
-34735
28439
-31150
-12886
-38052
20049
14984
-21171
39383
11380
-16208
-25132
30324
17332
9422
33271
30596
15350
-23083
18645
32036
26053
1311
-11127
38511
-32290
4854
28378
-28399
-6222
31862
16324
12777
29310
-27893
42410
-36215
27254
31891
-29444
-13709
-35420
-24268
40238
34146
-7661
29393
2316
-1725
-403
-29355
25404
3346
23823
-10212
-4386
4050
-3036
5020
-41275
31842
23556
-31380
-35996
27641
1464
-26636
8257
34552
37589
-1597
39339
-2822
31220
16372
-75
-17689
10726
24120
36798
-40308
6495
-34808
-35375
-20881
-35021
-19136
34281
-16359
-7854
-5275
-12714
-717
36831
-39517
38149
-17570
-3622
-10954
-7563
25275
6023
22333
7745
-16803
28492
37472
-20856
-32968
5547
-26614
-37117
5964
-28843
12586
-35582
34577
-10565
39796
-33305
29189
8724
-10991
468
-37383
3657
-15074
28213
-6023
20306
40533
-20741
-35596
-27956
-27227
-9626
-33333
-37041
15440
-33713
-17214
-23602
-14435
4493
-12243
-7164
-27202
31632
4394
42471
-11374
37034
27368
4326
25506
40387
37594
40298
1027
-20514
-20665
-4264
4716
42485
19706
-14421
35417
956
-23133
39024
2986
-22881
-36362
-13509
24763
-873
-41091
28245
8557
-18321
-33125
-25331
10797
38435
-133
10624
29347
18328
18455
-21821
37636
-1340
28758
-25965
11640
-12077
-6253
-6418
1634
17587
-16950
4957
-13890
-1570
2761
14591
32676
34249
-3454
-25019
-25322
769
35515
-21678
-25745
10138
-28305
504
-37471
-6055
-14056
8685
38520
-6839
-9187
-156
-7478
13076
3724
12926
-21956
-32641
-34883
-34824
-9974
-32860
26722
-21293
747
32452
-22579
39511
13676
-7748
-34738
6902
-15480
2634
-22475
-15418
21303
-23893
-34248
-14572
33739
37010
-10342
9067
-27747
30744
32412
-3063
-29266
-10060
33662
-23999
20796
9905
7450
42241
37162
20817
19653
-24343
-14739
-13740
-14225
35481
-12073
-38687
13494
-19526
11383
15116
-8437
-3729
9354
8787
30615
-27766
-8879
-11838
21656
5010
-31030
11837
-23094
16765
-10287
-8678
-18371
16971
29216
-16769
-15613
16745
37551
21321
-27245
19546
7159
39557
38364
-13177
-4640
-19495
-9363
24985
-41645
-21916
-1846
-18583
-1571
-18483
29118
7653
342
23961
-6637
29291
42448
-38674
-8949
16147
-32481
41558
-11299
3489
41309
10720
18111
5927
12481
37063
-18015
-25372
30708
15426
-26593
-16818
25846
-13089
-41526
-37510
-2199
4264
28583
39866
21918
2249
12392
-35935
28049
32930
16104
-22949
25729
-3021
4489
-24722
28865
-13314
15897
-40067
10521
-40494
33073
-10252
18535
24086
-2953
31562
29474
5363
-28410
-21209
-30960
-5117
-12873
35697
17747
-5366
-5394
3707
29004
-10741
21360
-38389
9890
-17550
-26897
-5877
-36061
12361
-27757
-4627
13680
-14136
31606
21708
40774
-29444
22370
-12363
-16538
-19603
-33602
-15920
29949
20348
-33159
35847
39289
-8604
36156
-33431
35768
22923
30373
28846
-41877
27351
29300
25890
-19698
24386
34662
-26178
-3735
-26716
-38984
25995
-10145
6992
-39898
1566
2770
11296
-6366
17102
23564
7084
-28319
23143
40793
-40017
9292
28876
25096
-824
32640
7732
-24711
-7580
35785
-12239
15486
-25745
-8473
37589
22292
-15358
-38160
-11919
-26021
16193
29835
-13337
26751
3844
-6891
-41173
15737
-718
25564
3138
5977
37923
-19339
3970
13899
-14274
-19761
-41710
-22752
-5027
28365
-5103
-12401
-30854
22460
31972
-24413
4094
18062
-20502
6551
-24578
-8209
-31175
-1697
-3659
-31714
-12783
16874
22144
-9684
30093
-3873
29119
26598
-1571
37298
29090
20589
-16167
-29239
27741
-5167
34269
13520
-1621
-35039
-9929
1971
27558
-9276
33258
22460
20876
-33220
-25093
-18625
7677
-2300
39175
33638
-31049
16628
3273
22203
-23787
-25941
12746
-3393
-22080
-10733
-1548
-38403
-36734
11424
-38200
9423
-6813
957
21414
19106
-40072
-10475
-24558
-38125
-18107
-38301
-15678
-19213
-32787
16248
41591
26434
-15410
22472
27156
-1103
21264
26911
17871
474
39221
11032
31785
13650
-35101
-39215
22456
-802
6245
-37244
35021
-11481
-6536
-9899
13433
-5810
10164
-21847
19351
15060
26448
30927
-20765
-40734
19296
-7970
10129
-34677
30142
-8806
462
-14040
32756
16975
19136
32781
29484
-26965
26970
-40045
-29518
-24205
-18629
10653
596
28638
-29534
20799
-26858
38815
11187
-35805
24698
37242
-741
34090
-16154
-10339
-19086
-37982
-27210
-7322
-3914
-39824
-1640
10764
20230
-22912
-20147
16652
-3925
4320
-13374
10856
35611
26283
-26652
20333
-11049
20217
-7062
17482
10273
15931
26283
4716
-26350
-2322
-6071
3199
21870
9228
15081
23888
12833
-38638
-21736
-29469
6785
-38345
-27031
11210
30272
17332
28829
30430
-39542
1634
-12854
13251
36512
-27069
9021
16060
10609
-4607
-17322
35190
21288
-21344
38044
-38014
14134
-24115
-30455
12258
13376
26920
-41289
10256
-38299
-328
-16207
19270
17569
30000
8062
-40831
-14223
10316
37145
3861
-38445
20206
-857
-25683
-2166
6194
-10106
14350
17860
3908
-33407
6900
-22612
-38241
-32283
24018
-30439
21521
-7215
-27759
-9892
40988
495
-32371
-14362
-22702
-21785
1132
16171
-40928
-16869
-38355
-7835
10185
-35117
3114
24430
-3343
34526
-10298
-33930
-22923
-4602
-4894
-7087
-7504
-24935
-41714
14117
24424
32356
10833
19408
-9743
18670
-4063
33418
39277
-40472
-38419
-27060
11117
29122
-17550
12629
19387
30120
39056
-33238
8894
7751
11132
-23789
10410
7718
-35977
10258
-20379
-8489
34397
41485
22812
41880
405
-34922
36304
-28054
-9665
-21916
-3522
17352
21755
-29913
-23111
9012
-15020
-5675
-3313
-2530
-34723
12553
-35594
-8225
-33710
-10972
13608
-13360
-29916
4724
37649
-4946
-19593
25844
-5157
-7052
-28541
-38977
-32643
-34127
40452
-21616
-10617
40627
33097
-21401
9889
8130
-346
32914
1629
-1631
-7586
18982
-28640
14490
-32155
25449
-34284
27573
4204
32318
-38326
-6741
40537
33493
-32334
26174
-2076
39211
15950
13497
-15146
-11458
23894
18687
19139
-30086
16993
-49734
16414
-35864
-7300
-16959
19350
33531
-18026
-16995
13734
-2306
32419
-9638
35377
27781
-7111
11212
-21840
28250
20132
32839
-34242
-27916
-7991
-27071
22400
-12343
29616
25255
-36335
23393
11115
-1347
39050
18023
-1951
725
-33172
2980
-21827
32238
-36097
-32583
-38520
-12230
-33336
-22253
33336
29210
-28094
26054
23533
37590
-39394
-35078
-40656
-39977
11922
-29365
-39455
3767
5363
35289
35378
5707
-18121
34833
8875
-33306
9960
4191
-16804
39278
-15181
37164
26722
-32860
-37420
32665
16807
28638
-38183
-40994
-9910
15591
-21172
-35699
-7190
-39133
22321
12234
-17065
-24975
-7630
14363
9631
30563
-9269
41605
-6385
-18401
5815
12283
-26105
-32739
22846
-3340
18309
3094
-39186
8924
-11416
-13148
16379
14885
26670
-2959
-227
-37102
-38203
30680
8451
-45455
23800
-43759
29738
18011
-32518
13345
-23201
-12600
-13488
-26022
10917
-6893
-7925
27976
14502
-25377
-32985
-41529
37359
23459
-30469
30908
-38466
-14603
30755
-6350
39027
30071
40141
-14428
22300
-20202
-23280
-19253
20942
26633
30834
8576
39867
20492
-28239
-22837
41309
16975
-4637
30909
18928
-20998
19947
-6924
33213
34200
-33282
28165
-32557
-38130
-28117
-13260
21313
-23077
3775
-40930
4656
30031
-12771
-40311
38560
10796
-4156
16440
-12614
-17114
-28618
27078
-26354
-13584
-3735
-38915
3086
7586
27281
18205
10645
30561
-22575
-2189
31409
40958
19846
3927
-22869
36784
27607
-30243
-1708
-9167
-16382
-30856
-13260
34888
14493
-29774
1713
-4262
8381
-19333
840
33682
36626
5443
-36309
-2332
-27734
15856
-22145
32521
8879
33683
-46121
30819
27273
35401
-4853
34994
26420
32190
-972
-29661
6316
22476
16210
10746
40435
9590
-6754
-26644
-26435
-7436
-37729
-29723
-38243
42167
-6160
-30394
3817
35279
24576
14601
-4650
37153
-3278
28088
8858
-37353
28590
-25287
-20427
971
41991
2487
-10557
-35829
42349
-10070
22270
-34255
9833
-24903
33395
16354
11197
7299
-16967
-7198
-8855
-6722
-45703
-8029
19346
-9842
34363
-3555
637
23574
17301
30575
-34014
-2505
-1021
38978
-13956
11403
35727
-29078
-10895
32767
21909
-5927
-21287
17583
-39209
-10876
25842
-17148
-14348
-15932
-38285
-7853
3868
25926
20699
34014
-31525
-24320
2911
18055
-13195
-1930
-33227
20904
-17916
-30914
21684
-5299
11428
17849
28846
6720
-11381
-13055
-28981
-31107
-15541
34344
-21343
-26693
-6907
1189
2165
-11164
-1087
-3425
35444
13273
10477
34433
39987
-23007
19902
31395
28964
-42114
34942
18953
-18357
-8213
36948
-12648
28828
-20815
-36386
-34032
-4314
19340
5488
14109
-25855
32515
8740
-25479
39884
-1140
4761
30895
-243
7981
16927
40615
14097
4389
15213
-13981
41352
36438
26244
-24464
13786
2139
27308
26812
31428
23579
-13394
-10886
-39009
18134
28036
-29980
22966
-14682
-33213
31225
20726
13967
857
15295
-24677
23609
-9696
33672
-29890
-7440
-6857
24009
-26886
-14541
17737
34506
1117
33588
6604
-34899
-26243
28006
19478
34084
-26674
37195
-13005
20076
30841
-15024
22502
-23077
33665
18574
-19518
-36539
-24632
21548
-36
-22896
-7358
-33541
-26898
10302
25300
-32172
-35346
24404
-7068
-27634
-19216
14178
-20223
-28884
-4241
-18090
12261
-25920
-1530
-33986
-34840
18051
-9388
39273
28373
-10494
-5224
-14453
36998
24161
39082
-12694
-954
23674
39737
34463
4877
27827
-30904
1298
-18507
37443
41099
-2957
-11885
34850
27563
4088
-10031
-3950
14918
10108
19080
-6008
-26652
34219
38701
-11270
7636
10383
-7311
25842
-24277
-12038
15859
27418
20555
23803
19721
17884
-15110
14772
22776
24598
-746
-19064
10275
15143
-23896
8563
6671
-41998
24803
-17250
-5423
-34395
4672
-24243
-40242
-10073
-30740
2290
-1897
-30445
7827
-11182
-35350
-32357
21784
-31118
21850
21349
-17471
30925
30285
1397
42027
9133
2854
14869
43394
41300
-2458
3553
-14596
29914
-32833
-5128
-2770
-11891
-36711
-14665
-488
-4920
10781
6304
-35910
-4320
-32795
2770
-674
-6549
-5767
-4986
1802
-25046
-30143
33744
16539
-34843
31968
-15514
-32324
-1384
36151
-2450
34899
-38372
31242
35861
-38940
-26149
-13085
21478
-32630
-20199
13918
-28503
-39103
-35063
10413
20978
-10496
-28905
-8137
1793
30298
-576
-1612
-33119
29969
-28418
16449
-5804
-38095
7739
25300
17686
-60
4546
-5241
1677
18147
21126
10920
15865
34838
479
5001
-10258
24945
-8765
-10177
-28819
25547
5125
-31236
-40471
5540
27267
27840
20776
-9931
-985
-1623
31526
-15763
17203
33590
-30672
5806
15900
4821
23718
-1324
9787
-14826
-16349
-26461
24336
1968
-28942
-37973
-19292
22030
-27828
-21834
7750
23829
-34273
30143
31729
31354
-1797
13112
14077
-24925
-14134
-28458
10970
-11156
6616
16434
-2723
-31829
15328
32067
-13517
35342
13311
-21488
19472
28209
31119
-30406
15375
-22508
34071
-13704
-3034
-28471
-9407
-38299
29325
-2138
-36945
-35786
9844
15344
-11637
30717
-9460
-6284
19632
-1873
-15626
41039
39160
5045
-34060
37346
-5256
-1053
-27496
-35358
-27587
3428
19252
-7237
16641
24936
36707
33693
38963
2030
-14405
-4829
11931
-11341
-11846
24436
-9306
2883
-16692
330
-6938
19819
-19604
-3383
-8927
4574
15228
-27536
-32386
-26080
-20104
35230
2419
26830
18603
-5790
-7758
-27
-823
-24111
-15769
2717
38414
-21955
15855
-23034
-512
-28065
1998
-5449
5805
3047
34983
-31392
-34235
18629
3443
-28171
22369
-25861
-2389
-2771
4550
-10721
38233
35982
20720
38322
-6708
7551
-8818
41460
-33368
-11118
9713
5367
22499
27637
25228
-16540
9541
23677
17556
15619
34690
19565
-33687
-41072
36637
-14311
20027
-21127
30135
-38349
-2747
26764
-10058
-18902
-1251
26491
29666
31730
9233
-32246
5916
38434
-22178
-35927
-30208
15395
-22798
-27980
-9183
-27245
320
-38890
38099
-26435
-32810
-12865
9200
-37287
39312
5320
5201
381
-23054
-7713
1318
38786
-20094
-24220
26640
-3439
5185
-10186
16070
34594
13199
30474
6998
31645
-9379
34055
-1697
31888
19699
-24826
-10594
-18385
25834
287
734
-34328
11299
-38160
20597
-20754
36964
16765
-32067
30745
590
-11833
12032
11645
-37141
33540
-17749
-38765
10312
30363
19171
34880
2746
-15975
5932
31267
-17758
21365
-8466
-31777
-4648
7590
-33349
2155
13557
8963
-22891
-33098
-34435
9951
40484
16840
10511
34835
33952
36746
6181
19863
-544
22159
-13844
-2662
10821
-26323
40567
-29166
4596
-6492
-22871
1162
-31947
-20230
1953
-9305
36328
36580
28749
-7149
-23069
-17562
-30504
-28875
-20270
-8517
-29574
-28042
-7194
-21291
19200
-7175
-38918
-31073
39128
-30729
16387
22555
-28044
-38379
-5496
11088
24373
-24818
41978
-8990
-7467
25927
22776
9984
-19216
39210
-16516
16948
-20366
-30722
9771
-36907
27163
39511
-4548
-11713
-3957
-31770
-10248
-18528
-24744
-21086
32498
22129
-24555
-11674
38591
38914
-41125
-21981
737
35732
10612
34988
-20208
104
4120
3606
-35026
-6715
35797
-28164
18792
14410
33349
8761
-37100
8747
39757
21856
-6639
-38271
-27947
31534
-27603
-11073
-29029
-2302
34858
-16126
1641
-18966
35592
38089
-32020
-9734
-521
21523
-27071
10026
15457
-35625
-8055
35494
-39664
5494
-13221
8125
13353
23739
35666
-10299
-32852
-22282
-27582
22139
-2991
-37432
-10283
-2911
32112
38991
-13721
15090
-22294
23203
-5146
35854
40724
18105
2189
-1760
21121
-35947
35055
22870
-5971
28662
-26610
23149
25328
-19278
6944
-19021
33182
-21198
-33652
-2380
18878
-14579
-6876
4187
-34676
-31808
-25563
-2517
-23724
26375
-27732
-788
-37977
10624
-25365
-7509
-14796
-29170
-38698
-4336
-630
20019
5890
-11614
-36740
31413
-21569
-1087
-37304
22238
-4798
-19266
-28877
-34839
-11428
-24892
-17744
1270
-34135
-24360
-23741
22375
-6150
-33685
-3911
-37940
26498
-326
11941
-6369
-2065
24460
-34047
-6854
7025
40288
15033
32998
-6067
26038
-11185
-5791
-38246
-39107
19642
-25485
23700
2207
36002
4462
28792
32949
-41533
-11687
-5439
35568
-6087
32283
-7104
7608
8208
40044
-8588
13781
-41988
32538
-24021
2752
-2161
-41761
28087
-34277
-9577
9658
10187
-36769
-8545
-16108
17758
18652
32751
-34171
25793
-6723
38020
-5881
-34749
78
3301
-10811
-32820
-8316
-27183
26021
24652
-38516
6781
-13907
-31588
-4489
27093
-37281
14334
-24832
-38988
-21942
40544
-3389
-29501
36697
-28418
40030
-37489
17513
-14077
-35906
36221
13670
-23916
-36991
15288
9037
-4861
-38768
-39061
15467
-6263
29530
4273
-6613
-42319
25826
27825
38231
-8199
-16640
-24286
-7943
38566
18767
-32633
490
33777
-1743
-15382
10134
37746
8209
25702
36291
29681
36756
8911
33027
-7249
-33957
18138
-26445
4546
-20120
-33075
28749
-32396
-24968
17297
39538
-20603
-7758
2372
-11197
-22948
10070
38615
-20985
-11984
5198
-38447
-37677
11130
-1787
-7720
-28004
29799
27555
-20823
36187
-19837
1991
27520
-15903
8560
21221
37773
5903
-32890
-7759
-8200
-34639
-24130
-1926
33651
14952
21796
-26454
-24887
-35551
-37974
-33340
38594
22257
-5955
14543
-37242
-13952
-34261
12757
29964
-30259
-36558
-1289
99
16014
-867
-22129
10721
38093
11952
30604
-15402
-14295
22247
38960
9760
-2135
22899
-12415
-15475
-21618
-31938
-42263
-34163
14010
35012
-19193
-14333
-6361
1879
579
-2053
35218
-12886
-10827
36797
18542
-27213
10769
-34701
-23873
4235
3188
39544
-18815
20455
-24769
3901
18166
29993
33669
28524
34324
-15604
-28456
19478
21102
19801
-3146
11588
-2012
-12631
22080
29778
23614
-6145
11527
-81
42898
-30910
-35448
2844
-18445
40587
-29439
-3873
-2021
35914
8002
39073
-28272
-2413
17513
17522
3814
-19146
17804
-19636
32983
-24254
10952
24030
31098
-29554
27735
28397
3063
3185
-3663
-7947
-17871
2013
-14576
31695
25184
18266
34866
8233
-1246
36671
12036
-21468
-4382
-29455
-4489
-35355
-4687
33171
-25179
29403
-15966
-28677
26992
13635
-27610
3279
20191
25407
15244
-7999
9168
16035
25038
-4600
13703
-20992
11032
-4085
-37042
26446
-16265
-20329
-5037
1136
-3839
33100
8878
-13177
-33276
4028
-7787
30567
31177
-18437
22505
-2598
6882
-15186
-22187
-32829
19932
-36278
-24801
22225
29936
-25919
36986
-27416
-31853
-4705
10106
12829
3041
-15674
26316
-5574
-22970
21673
-27150
-6506
30757
12486
29311
-19312
-37502
20825
33343
-26520
-6969
-20186
42992
6906
12961
36898
7671
15212
-19014
-31292
-34913
-20475
31397
-31410
17768
-40835
21573
38453
-9847
1119
-41360
-7387
-29711
-37562
18472
25878
-36601
-1156
1402
41812
-19453
-28290
-39979
-5299
12339
14000
15515
-30354
21188
37410
-8262
-3445
-26527
-12131
3501
2717
-17780
18978
11185
17338
16843
25595
23403
34620
-2110
26494
-894
-33021
-12526
-12129
-5720
15990
-3333
-39524
18342
-9915
1106
10236
34050
-35474
24844
-1266
-19001
2580
28513
-17120
-35757
-13522
-16340
32576
-27726
22121
-20805
-24363
-40036
7249
-11811
-22191
-38612
-34985
-20663
-18270
5751
30287
5036
35306
-26851
39037
26073
24288
-16363
3919
9755
20938
-22776
33148
18422
31244
-21570
-33377
-16880
-21488
15368
35879
-14214
-3355
-12098
41161
29791
-6836
20053
10649
27638
-11507
-40161
11893
-36216
-3289
32477
-35182
-9787
37084
-37507
-6133
-4421
-15749
24371
-1005
10402
-20021
-30972
17587
-30757
7242
-30299
-32778
38144
-759
19216
13203
-11170
18875
-16734
-12438
-33186
23912
17773
23594
-17357
-8763
25397
12754
26395
-25367
-20021
-30991
-8821
20502
35371
27687
37964
4845
-10199
23694
-13758
-13595
17643
-5825
-15550
30717
32179
-13365
-14024
-40748
27223
-25245
-34095
-37522
-37458
23037
-15135
-29005
-22984
-8268
4592
-108
-34724
-3327
-2698
-20918
-11338
36245
14864
-315
-6202
-9260
-26812
-16383
15196
30020
17361
-10120
16219
-37809
-32046
-39007
-661
17987
-39575
-14876
7998
3291
24051
-36864
-33917
10842
-15745
30514
26978
35260
-33576
-22942
3055
-35377
-17941
32382
-3158
38776
-28864
-31018
424
-30244
-702
-20259
-37913
-11565
-7162
36709
37884
30661
-19115
-12509
36945
36116
-23030
-32133
-9123
-39961
-8379
-2746
-3351
643
16469
-36342
-30941
34087
-11786
37428
-15616
-7674
36212
13334
14245
29104
7779
3243
30131
-8527
-27857
25574
-1562
10583
-27167
29479
20631
11245
-23761
-1379
-26979
-14791
-4271
11015
21021
16976
5939
33554
4322
-28875
12166
35930
-32019
24590
31877
5650
23126
8888
-20152
-2731
-24497
-12633
5526
36577
-34767
28617
-27699
-19619
-24678
-29765
0
0
0
0
0
0
0
0
0
0
0
0
0
0
0
0
0
0
0
0
0
0
0
0
0
0
0
0
0
0
0
0
0
0
0
0
0
0
0
0
0
0
0
0
0
0
0
0
0
0
0
0
0
0
0
0
0
0
0
0
0
0
0
0
0
0
0
0
0
0
0
0
0
0
0
0
0
0
0
0
0
0
0
0
0
0
0
0
0
0
0
0
0
0
0
0
0
0
0
0
0
0
0
0
0
0
0
0
0
0
0
0
0
0
0
0
0
0
0
0
0
0
0
0
0
0
0
0
0
0
0
0
0
0
0
0
0
0
0
0
0
0
0
0
0
0
0
0
0
0
0
0
0
0
0
0
0
0
0
0
0
0
0
0
0
0
0
0
0
0
0
0
0
0
0
0
0
0
0
0
0
0
0
0
0
0
0
0
0
0
0
0
0
0
0
0
0
0
0
0
0
0
0
0
0
0
0
0
0
0
0
0
0
0
0
0
0
0
0
0
0
0
0
0
0
0
0
0
0
0
0
0
0
0
0
0
0
0
0
0
0
0
0
0
0
0
0
0
0
0
0
0
0
0
0
0
0
0
0
0
0
0
0
0
0
0
0
0
0
0
0
0
0
0
0
0
0
0
0
0
0
0
0
0
0
0
0
0
0
0
0
0
0
0
0
0
0
0
0
0
0
0
0
0
0
0
0
0
0
0
0
0
0
0
0
0
0
0
0
0
0
0
0
0
0
0
0
0
0
0
0
0
0
0
0
0
0
0
0
0
0
0
0
0
0
0
0
0
0
0
0
0
0
0
0
0
0
0
0
0
0
0
0
0
0
0
0
0
0
0
0
0
0
0
0
0
0
0
0
0
0
0
0
0
0
0
0
0
0
0
0
0
0
0
0
0
0
0
0
0
0
0
0
0
0
0
0
0
0
0
0
0
0
0
0
0
0
0
0
0
0
0
0
0
0
0
0
0
0
0
0
0
0
0
0
0
0
0
0
0
0
0
0
0
0
0
0
0
0
0
0
0
0
0
0
0
0
0
0
0
0
0
0
0
0
0
0
0
0
0
0
0
0
0
0
0
0
0
0
0
0
0
0
0
0
0
0
0
0
0
0
0
0
0
0
0
0
0
0
0
0
0
0
0
0
0
0
0
0
0
0
0
0
0
0
0
0
0
0
0
0
0
0
0
0
0
0
0
0
0
0
0
0
0
0
0
0
0
0
0
0
0
0
0
0
0
0
0
0
0
0
0
0
0
0
0
0
0
0
0
0
0
0
0
0
0
0
0
0
0
0
0
0
0
0
0
0
0
0
0
0
0
0
0
0
0
0
0
0
0
0
0
0
0
0
0
0
0
0
0
0
0
0
0
0
0
0
0
0
0
0
0
0
0
0
