-38650
-38813
-31812
40776
-5792
2099
33563
25577
14141
36199
-24271
41740
-23151
25856
-9943
-36329
-16455
-38949
-18087
12589
-25083
-29283
18643
-7116
9816
-6084
-20915
3312
-41073
-5367
-41000
10465
17762
-8108
-23984
4128
-34440
-30221
23169
-8228
-37216
33763
-21091
-15740
9285
-1545
10940
-7044
34081
-12481
-4435
-19456
3873
34502
-23324
-18481
21214
7606
24895
-33323
1885
-4867
11786
-33847
41947
-31058
-1299
41573
-39431
126
-1564
10654
-13761
-38702
-17191
-24294
681
-39145
-39716
37868
7438
38954
-16125
34084
11182
-3686
2581
19441
179
-39822
-7495
2917
33055
35801
-5243
37834
-50
3033
-10164
27186
-6548
-12234
-29673
-42993
-11927
22963
22671
11196
-27475
10
-38819
-34238
-13546
-30002
14488
-36166
15033
-2970
24131
15844
19419
39461
-38096
-27530
8065
16341
1083
4295
19578
-32723
31320
25424
9048
4781
-2967
-4987
-14046
-2549
-11952
-35402
-10633
-33414
37755
18176
-12659
-4747
23964
24872
19783
-6036
-41104
-39674
10756
26000
-13198
-28053
4732
38349
-40875
33137
-7378
14259
-9978
-22697
38522
-33595
31917
27991
-35920
27422
28416
-21316
20640
15244
-35361
18908
31229
-9669
14663
-9843
8285
-11538
41750
42574
37248
-810
7874
38214
-5704
-38947
-24496
-760
37348
-26129
-2253
-23099
-32637
30077
29348
21810
-1837
20867
-12285
-6546
-9956
-6422
38832
16570
8837
7101
32787
11022
36329
-39752
30728
12502
-15248
34888
-11341
-16961
-22725
40
-19754
-30207
37878
-27628
35191
-29023
22484
2660
-32581
32580
-42107
15267
-35657
-37208
-20114
-15677
28383
-19683
-27320
-16035
17243
-27971
-29883
24467
33968
-26428
23494
-35271
10562
16975
-11642
37605
3838
-16253
26431
-1738
18219
-2665
12257
-21659
-26535
8530
-39888
37616
25370
26518
-39661
30275
13319
-32420
13630
4067
-33481
3303
-17876
-20196
-33332
15769
-20686
34292
21218
9184
-24423
12141
-16460
-13735
11901
-2616
-2506
24265
-42099
8776
-24107
-11842
-35814
8486
2408
-18098
29784
22834
-35434
-33348
-12579
-12717
41417
-14946
-9220
-37373
29473
-16070
-25326
6260
30144
36728
27021
-12406
-17103
10773
27193
33446
16153
-18633
2436
-15130
-34917
31788
31501
-13870
-679
20717
-31256
6641
-34395
22980
-30019
7944
-42260
36985
32530
77
-30394
38362
24259
-9935
-19779
19285
14436
-11165
3270
302
31716
-21872
28370
-34695
-19203
16557
-31688
25816
13948
-39081
-38213
8046
34215
27208
40493
20611
-19852
38602
528
-31725
11085
40064
-29823
-20391
8604
10162
-33161
-34019
19675
16932
35186
-27712
-24897
32153
36583
-42497
-29026
4176
37111
-35440
26807
10220
1978
-20582
28604
-9065
11287
8800
-6470
1833
2049
3540
-6290
-5247
-30097
22212
-27605
-5206
32123
-7271
-20949
-14610
36332
-30578
-38349
21772
-21489
23468
16088
-5010
8099
37662
13708
37024
24721
-35647
15571
34763
-27591
10007
7632
-17312
26581
12009
-30625
-40285
37889
-11669
16398
38307
-27659
9301
-21906
-30548
6967
-32068
23648
36065
33089
13722
17891
27243
-38200
1662
-30247
34037
-10501
35184
31943
23990
8950
504
2359
-11959
-41913
-28739
-15934
-34680
-23673
-42108
32418
-16649
-26638
-25863
5449
6769
-12720
42138
39343
-17403
9290
2540
23696
3530
-13172
-22255
28021
-2071
-18167
30776
-12262
7863
-23142
24352
716
5886
-16513
-32422
-8216
-914
-14936
34439
-30496
39737
-25352
-23374
24484
-21543
-43314
30218
38144
16117
-25907
-13844
4491
26969
-32909
-11962
13540
-6993
-36433
-14388
-39488
29945
30174
-40334
5043
15870
-20392
-26937
21510
22197
-19101
-14704
-18417
-4909
30198
31272
13866
-24459
-21097
3206
25516
-17189
26771
854
7271
-23641
31621
-12874
13323
20393
20357
-37728
-6970
-2122
-13222
-35380
25067
32042
27398
-37699
-35900
-22655
-38221
-14102
15661
-22975
-31225
34605
-8046
6518
19548
27287
20017
-3488
-31605
23502
20317
-23308
201
-27661
-18244
6173
-37261
-30892
37737
29885
42555
4269
-32212
5496
22937
-32416
-13135
36364
-34227
37327
21576
-34275
-22667
28256
-21012
-6855
-27397
-28593
-20771
-35867
-7112
-14712
6173
-15933
-24174
37005
-1676
-11203
-9922
-27058
22161
-16235
2105
-16347
16894
-12117
4985
5169
-597
-20281
-29423
-18172
-7201
-13751
-23637
11019
-2413
-22532
-42806
-27702
20537
-40440
-483
-32137
-13143
-36389
-1871
-40384
21392
22332
38831
-32981
23058
-563
-23620
15682
-28625
-19233
8699
19686
21466
-35827
-37991
-20746
2062
-32853
13863
-12924
-19964
-18561
-7015
-25204
-5553
-38122
-29921
-31633
24631
33097
-29197
34355
-41637
39246
-9181
-41715
-14698
-41386
-38590
28982
33872
-41509
23945
387
-35246
6378
38367
10120
587
-39575
8842
10659
-26752
13519
16887
15945
-26439
-21099
9468
29642
-25492
12797
3587
12239
24283
-30694
20859
-4140
36819
7911
23021
-3695
-17140
13822
19804
3420
23782
25915
-23364
4982
-14377
18963
38365
10467
24255
-23939
17119
7712
-15419
-14434
-15459
-32862
28810
2264
12047
-33511
38225
23716
-8284
18915
8082
30947
1532
10023
11428
6242
-21395
-34154
14477
-31520
-34561
6848
23256
-32363
-1578
-9435
-2232
-34381
14452
27982
24610
-29468
-4185
-27557
-31297
15713
-13847
1103
-12743
-22280
15882
-5164
26668
18385
-35292
-18249
-23684
25838
-31295
-40235
206
39295
24953
22543
15629
-22458
-34999
-22732
22278
-24020
26082
-13496
4884
29654
24594
-10533
-16740
6685
15444
11641
-2149
-11953
6007
28112
36993
-35642
10268
27391
7029
-14649
-25964
-23744
-8830
28456
-32261
11143
-5150
954
18449
-27775
-29304
20608
4833
-31317
39961
-24490
-34764
42831
1351
28301
19061
19499
-16251
23233
-31197
29767
-3398
-19595
17207
-38464
-19671
39085
13198
18987
13857
10751
-26619
30221
-39805
-2406
10254
31906
28561
-6936
-35949
3631
-5140
-9263
-5923
-41214
-25795
38545
-3762
-26002
-1152
-16466
23954
-12554
28597
-1740
-9030
12640
12683
34587
1605
1435
-35296
12071
-4148
36333
28582
-35936
-13427
32378
13737
-31583
-34452
30500
-3643
-12914
-31859
-32839
38237
-30742
13611
10196
30465
27184
41315
-28019
5217
37173
-9766
-3173
-7714
5338
26643
22616
38538
15988
29205
13424
-30967
-6193
16496
10335
-26439
20609
20016
10220
11960
-36157
-33345
544
-24234
26965
-2429
8021
-35722
-35332
3222
-24188
-20780
12060
-20393
22475
9393
21795
-4806
-2591
-20945
13051
-22137
28938
-25361
4570
16914
-12506
8797
-25519
-4734
29841
24093
-3828
11323
-24386
-9993
31707
19076
4731
-17141
16378
8127
33226
-18631
957
7519
4851
-40487
8408
-16442
-32523
32658
33629
37311
-5715
33932
-5018
-4494
38197
-1675
-25187
-6097
27677
15232
28843
-8879
22511
3629
-4291
12554
30357
-32365
23942
-32432
22096
17273
28643
-35981
35075
-35687
12405
-18785
7684
-13302
-36118
29206
39114
14923
-30688
29353
42484
-37514
-19454
8320
15934
21540
-11626
35663
-3521
11820
-21421
18413
-41614
-33249
6234
-13614
34610
-14902
-34144
12068
37627
-29165
10192
-26742
29367
-5290
22704
35235
32782
5800
-21846
75
-22429
-29971
-7610
-26744
14249
-39778
-12340
-22413
-13415
37237
25250
-4453
23136
138
-1099
-7308
-11811
30409
5898
11425
-10003
41652
41148
15559
-26440
-31379
7581
24581
402
1201
-34651
-14951
33325
20799
-14154
4555
-11316
-12220
7761
-10787
14432
-22358
-41760
-22372
31215
-18525
37809
-35064
-23372
-175
-30730
36891
-20080
-27322
-41331
-40732
31257
3343
-34353
-30828
-9221
24911
-16840
8782
-2647
10874
-40517
-17170
31166
-5244
-37097
30205
21481
29919
28269
3180
-14516
-32391
-30435
-35787
23850
-26099
-5530
-4009
-17405
26643
17872
-1415
32416
-38233
30749
40876
-10398
-10696
-33525
39734
-39221
14590
8103
1856
19156
35296
-38586
10920
-8509
-30453
27011
-36666
-29695
-8399
-15169
37727
4178
24451
-7979
24533
-40591
-12787
-279
493
36260
-27748
-42848
24277
-23949
-11822
34075
38662
33856
19863
-32313
-4496
-18883
30232
-6053
-34274
6068
-27837
-6611
-33073
760
14082
24752
30047
9482
17318
-24850
-22360
33223
-14005
2022
-34919
27080
-2108
-28239
-21805
12247
-30679
-2842
30383
27353
20843
34340
-36156
-37480
-23080
5345
38860
15709
-38076
-29413
15529
35968
15343
-40813
-6049
8204
6701
36300
-6276
5350
-4608
-40248
-34582
25196
-35937
3746
6003
14854
37479
40354
11419
33983
-10978
31880
24798
6017
-17164
-2875
-20792
-26120
-944
21182
21222
12324
-27417
29817
-149
-30167
-6691
-30171
-18805
-19323
9049
23515
20577
-15438
-34093
-38265
20286
-20644
-7135
17983
-30677
7042
34483
-21916
-8743
2550
-20182
-7870
32489
4558
24956
-36790
2678
-37331
-39583
31010
36272
-13836
22990
-25231
36157
13192
14895
22186
43863
39611
-9265
-8200
14666
-22257
-12341
-25584
35042
8638
-5310
36021
32527
29429
-37303
8648
-30088
10536
37131
9256
8253
38152
1378
-34948
-36524
24200
-719
10594
6778
-27501
18523
-3208
-40820
-15388
32720
4460
3795
27545
-10130
36430
-22904
-3782
30497
-32926
24328
22447
-32326
-19491
25544
-2033
-17852
-22845
16467
-19525
-19691
-40900
-25104
24005
31462
-20190
-10425
-28194
-3036
15764
-24774
16012
-17249
-2148
-11010
-35585
39246
-14412
36627
-800
-8032
43588
-19025
24539
26348
-32269
4467
-18030
-11275
34920
38898
23582
-14419
-16002
-22660
5829
15180
1193
-9969
3518
-38086
-4263
26750
10015
9546
-24310
-28307
-26249
4815
13684
-29761
16049
22131
36172
29092
9754
-20182
-26376
22260
-1187
2310
-5300
-41396
8040
-11081
-21831
27231
-30656
-33401
-31604
-14235
43771
38879
13054
34796
31549
15094
31752
8922
38591
16956
22952
-17839
-31307
19583
28994
23059
-29185
-22042
25086
-8990
44083
14779
31112
17109
-23886
-32206
14292
-1567
37689
-21784
15706
-27814
-10973
25272
22393
-34919
-20070
22839
15387
-26556
-14991
39727
-19834
-10708
21431
17371
-21705
20233
-24964
15662
-3501
-13199
22512
-12797
-3233
-23137
30285
30441
-10686
36526
-492
6271
22176
-30587
8254
25380
22053
34639
-25900
-8312
-31588
30455
-21148
-17661
-15673
23629
4708
9577
-12150
-37003
15851
17047
-18142
5133
-29395
27868
31377
-27158
9085
-28235
-4338
-15322
9007
-35175
-30322
21180
39888
25187
13290
28323
-36330
21936
19417
2492
-30464
33016
2264
7967
20952
25079
21064
-25268
-9728
-17154
4023
38144
-32664
41870
-1688
-4272
39175
35060
-4781
-26667
-20487
-15718
21935
19506
28019
23430
-17022
30556
20330
-28078
20325
-8704
-18359
17697
-22954
-28957
15360
42579
503
26719
-2398
-23567
20893
-30398
18643
19458
39471
29843
-17716
-37989
-28289
30884
-31785
26093
23549
-12876
-29979
38061
-19745
-4383
-19528
-20005
-40936
15877
22633
35867
18128
-28745
24241
1917
10667
-2552
43315
-9289
3401
-3794
-32030
-25365
-26608
5267
12957
-5254
32699
-19900
-3132
36905
32305
-9049
44716
39646
-22332
-12912
16445
35725
33982
31836
8777
-11726
15420
-25870
31115
27775
37228
33489
-10319
-36749
5813
24044
18097
22612
-30511
22660
31041
-17072
-31138
25067
14871
-33998
5010
-14410
27021
-36315
2176
36368
5453
15796
1992
-31087
16171
-24496
-15194
11452
-10253
-33055
24765
-7098
25033
22836
6009
37069
14640
13673
21652
-7388
32832
-11588
-30876
-26881
15387
17546
44283
-4684
-33518
18831
7179
-7572
27178
-8720
29260
7707
38783
-36179
-1273
27482
-17629
9584
-20716
-28145
6631
36794
-25443
21399
-8379
15073
-10593
-6182
14768
27544
27034
18824
37170
39655
-21208
-23395
-19487
-12130
-598
34276
40767
20513
-30197
2581
-7650
-18205
-25728
44547
-15962
-33035
12331
20145
-34387
21001
10344
-33648
22774
42682
8593
-15106
-10733
-673
-11471
27962
-4372
-6130
-29144
8615
12152
19908
-1924
46283
-28461
-13984
-3159
30333
-20684
30646
33522
39473
3415
18678
-23270
26252
39732
25731
3500
4535
31574
-37963
17852
-7039
-15912
25883
939
-35214
23102
30800
12691
-31748
28432
-36951
-10463
42493
14302
25011
4145
-6883
6608
35057
-13037
10327
-22279
37456
24273
-24786
26622
30117
-3411
10712
-19642
-670
-20712
-7618
-31181
18044
34394
14425
7572
-28212
-34371
-2146
-21139
-1733
22203
21412
12486
6773
-12835
11603
22023
-31983
-25993
40709
-36013
29893
-11523
41916
-32197
24417
1777
-3394
31483
32600
43105
-21967
43052
-26309
41954
-4338
-17595
9617
-28349
40558
-21303
32564
-14262
-11828
-27956
26881
24877
20934
-25635
36158
-12443
-23401
-9618
-23606
34170
-586
-3240
-22068
-9915
28906
34976
45482
-10942
5483
-15920
30253
-30724
-31437
22819
1746
41361
6829
36398
8217
23663
31748
15100
-33960
34251
-23854
-28479
-11893
-4421
-10195
39264
2286
-30941
-32706
-31882
35742
23195
17292
-33827
-27972
-22834
-25248
23785
13153
7880
34596
37559
24368
11823
-101
29247
5180
27863
-20933
7359
9204
-6143
35845
18485
7818
30395
-7428
-18428
-11778
15817
-9939
-9358
-25146
-11889
-30759
1636
-33200
-14332
-3470
44792
18686
-16416
-23652
28417
-931
-27874
15900
-2687
-19037
10092
35838
-8597
-32524
25291
32451
17313
1141
5250
-6884
-16939
-15660
25367
21524
6426
3247
-21075
34549
18858
32577
9287
46051
-11272
-13222
17396
19165
47082
29597
-14484
28020
-29617
46558
-6775
27955
42779
17673
-9735
384
-26951
44310
1272
48140
-3020
36576
22052
42882
-17541
-26875
-37037
43341
-28857
4411
38414
-5166
-35167
40677
-18645
-36406
24380
23499
12276
29058
41838
-18290
16887
-37357
18430
-37565
-20839
1886
18980
11514
12377
16895
20780
2677
16282
27943
26879
-10406
-5465
25205
36892
18941
23213
-32838
-3803
37931
47666
8557
29224
13306
17254
4087
-2925
26828
15187
34222
32367
33792
29312
-10560
22893
-15540
13211
-17861
-1272
15495
-24190
-4376
41998
34327
36383
-11278
3149
34162
26297
4413
15489
-18230
-23448
23308
22556
22664
34291
9061
-30845
5821
-20040
43013
-30095
21902
-17205
34702
-15916
-31067
-9993
-15728
15778
21509
29943
-4157
31402
39899
4170
13289
14839
11353
-15313
-31343
41876
-32748
37119
28074
-3927
-13125
15453
-18465
19689
35096
-36600
-13392
-9172
-36727
17685
18708
-33094
2071
35633
35247
17773
-672
-1582
-5410
-10458
-4012
11330
-26478
-22698
41780
-24065
-17840
37886
-9236
-15281
12638
-14282
-4589
14594
45277
38146
-14246
8928
34897
641
24055
-18903
-17250
-20025
-28334
35408
22321
-7381
-21919
30414
-26198
5116
-21552
44348
-18591
1430
-32496
35425
6284
11728
21759
-17522
-17915
30272
7678
-22218
7846
13942
21331
-8547
33139
14778
5408
-26272
2501
7331
-14150
8659
891
-4256
-27044
5048
12839
29378
21273
-40821
-2480
30223
5034
-10568
16097
10281
-24614
-10553
12209
-19166
-3707
-8782
17779
10013
-22544
-334
691
10934
22955
-22469
11019
23762
32520
15213
-10555
-8135
13509
-6661
38698
18620
-3301
-8131
-19758
35108
-1728
-31560
33488
23340
-29000
1481
26113
30363
-6189
24361
-6866
30139
5431
-8152
-8234
-10799
26969
-11311
-23875
23390
-29744
24241
15985
19504
27385
-1790
-4941
29433
1969
-26542
-35617
4514
-34026
-15566
15441
33139
25556
-9761
-15841
42896
39787
-32119
12087
-19817
7721
13103
35663
-28226
-34742
-30734
-17789
43558
30281
24552
39545
-10893
17401
-6482
-33630
-4167
9212
-36152
-1641
-15648
13228
4943
484
-40470
-36348
-20373
-12545
-11531
-14621
26728
7688
-34225
-28273
12378
14707
5497
18714
-686
-8057
33810
4823
-153
4013
13786
17836
-25685
-34664
5967
-4017
29913
24021
32475
-11476
-24853
9920
-31400
12449
-28675
-19490
25526
27437
-34692
27126
-17388
-23159
30450
-24757
1744
-16730
-25447
-17889
11971
32938
11150
-11494
41075
6113
-34282
12615
4139
-5989
2300
-10743
13163
21836
-31948
1909
-38372
-7972
-4053
-40919
-8147
-16674
13261
6604
-16700
-26940
12465
-36425
28378
-1071
21388
-5141
35387
4296
2132
34545
-25271
36295
29016
22500
-20421
23274
-4808
12719
-30391
-28416
21902
12339
-9683
10728
23264
-24913
38362
-30675
37327
-30085
-1917
15278
-29350
23174
24930
-22016
-1340
13244
17059
-29213
-10266
21177
16350
-38256
-30567
18546
26806
6628
19912
-18234
3174
-20312
-28855
-42825
26945
21634
17911
19935
-37533
-7429
-24350
-26013
17909
-3247
26331
-11857
-5257
43288
37882
8131
-15659
28906
11757
-19980
14332
-14384
-4308
10663
24011
-15683
-22855
21619
-10960
15929
-36566
43813
13642
27879
16974
-30893
-7452
20852
29923
39106
5916
-2093
-8873
10033
-20843
28592
16650
-22294
5835
12875
-11792
-4129
-7247
32538
-19025
30271
-34494
16058
18216
18172
13595
-13871
8182
-11245
2489
-13538
-15654
13666
-26454
1770
-1842
-16219
42731
41209
11372
-30712
29878
-390
-5366
16775
21115
16267
-6296
32405
-20472
14757
35192
-22799
32282
-16603
31126
35853
35919
38008
33045
-37827
-32907
38554
11389
14100
-11341
17032
-31711
-7359
33700
-13722
34977
-11952
-37578
-14493
-18969
6532
-33387
29020
-31579
-35084
16251
-42367
15868
23655
-27128
3243
25926
-39123
134
8586
-13453
18829
12030
15562
23664
-17135
2893
-2891
-35112
26514
-18371
32628
-1164
10981
-25691
-1399
41156
34512
-1686
2858
38572
-932
-20792
-24394
32903
-8309
-25690
-15463
31523
-29870
-20864
-24591
29561
3876
-26951
-19930
24439
-38890
-42365
22881
-39056
37850
32490
17931
-4735
17523
34513
-44225
1082
-8278
32151
-2751
-1823
-15637
-33046
-40124
21510
-4894
-1067
-43490
24239
19696
-43775
-29523
3943
-27198
-34520
15451
-10671
-25193
-25504
2763
-31725
-13788
43788
41532
-24908
16942
14459
-24613
-25025
11053
33173
-9694
-34626
-33066
31799
-2640
-11224
5440
-33652
15763
794
18903
8685
92
12858
19978
-33310
-6770
28565
16670
-25724
-26292
-6457
5636
-40437
-25055
3211
-40289
-42037
8189
-22397
-34155
-867
-29888
-6919
-11758
-12810
3904
-36865
6106
-17909
17336
44976
5442
17758
-26635
16417
-10819
-10620
9231
-35213
-22320
20293
-7503
478
-20704
-14223
-35491
42114
-3291
20596
8739
1295
39938
8969
-10885
15640
-29337
35169
39191
-34891
-13972
32108
40281
-4236
31620
-26140
3085
-39558
-27786
33473
-10104
-43076
9320
-27287
1033
-22488
26294
-21190
-33242
30145
7114
11215
-2017
22823
-32789
-39383
1356
2353
37680
19243
31804
26874
42871
-28408
5622
31421
-25389
-6816
30790
41952
-6964
7126
18257
-33177
717
-29363
-30882
-18277
25527
-7087
-20379
1425
-597
40106
38894
25442
-26524
-28333
20953
18361
-27763
-30647
31715
24616
-2278
7926
-37123
-25757
31107
-3902
-13429
-22778
27417
-27243
-12956
-37896
-40903
-37137
317
-8587
-36252
-12880
-10362
-16456
-674
19256
-21818
9227
30345
-19889
-9978
-33556
43194
2930
23415
-32333
3567
-8691
23976
-37801
-23074
-17816
-25646
-24812
-18870
665
-30639
17409
17910
22838
9655
22429
-15398
19739
-20288
-8943
32038
31463
-16846
-2800
20911
35834
-7123
4189
38022
19032
3664
-24264
35212
32581
31575
-607
-42253
-33463
24966
7868
27302
-42916
-19121
-43069
21420
-43486
-31193
14107
-40043
7437
26265
-4000
-23829
31262
-15362
-34412
11445
12763
-3262
25905
19294
32851
-10960
27713
-75
-10417
10922
22372
33599
-24413
-14471
29063
-37438
27614
14969
-10850
27755
-16270
32079
-30479
-343
-39009
-17798
32394
-25824
-25854
-29943
-28494
-39095
14103
-19498
-38639
-5165
-20804
34415
-11631
-9819
36201
23143
-25987
19234
-41322
-39494
19966
-17802
14273
37266
10565
35189
-6059
-472
-23380
-17739
-30308
-3250
41795
20522
-17883
22088
-579
-14153
27564
39263
40509
-7835
-25870
-25673
32623
-27093
-10050
37125
42352
-22426
-17436
-19265
10474
25863
-35155
-10030
4625
-34519
-36147
38617
-17217
38773
-16614
-38275
13344
-3340
-28032
7692
-34846
-17156
-36846
-23425
-39301
-42439
-2734
-33451
-9883
30263
16288
-11546
-3356
7253
13073
-18182
31262
-37505
-27737
39496
-30280
-11956
-29568
646
35499
-22088
40587
34076
9813
38415
28378
3479
-26305
-33984
36884
30380
21969
-13867
24677
28197
-26610
-38639
-10206
-37326
28101
1193
-32765
35179
-8671
-14782
642
11969
22077
22595
-3371
34207
30594
-13163
-12352
-21533
-25045
-36749
37250
-1214
12676
12363
-27894
8202
36181
23577
-26329
33967
-43911
7164
26445
2702
-33312
21982
20880
-15942
18918
26954
10247
-32009
32369
29611
-22327
-18018
33134
-16289
28080
-15455
36665
-9805
-24272
-21982
-21496
31071
-28427
23623
-10372
-29572
-17368
10263
30402
7429
29844
-22294
-40814
-37739
36401
-7313
9835
-15732
-27209
35856
-38120
-5052
-9239
26473
-12111
-31120
-31030
7795
-12992
-24840
6854
22858
-27672
-40595
25156
-37933
2834
-13342
25019
-24907
23292
-32498
-35614
15363
-7102
24012
5758
35003
33600
-16841
-34833
20937
-5210
31275
8971
-37386
14472
-16820
-15522
-36730
-25113
-31001
31964
-10766
7393
-30755
16198
-19621
-39335
41227
30966
16418
3601
-29486
-20984
-14019
4245
-25105
31985
366
25276
10358
10747
-9741
-4534
16785
-18267
34822
-32526
-25677
15059
-41382
-15972
8628
21932
26952
-27005
-6008
39
-25857
4506
-22363
-35874
-36693
-13011
-1463
23182
-24549
-2218
12210
-9874
-15570
38460
-1187
38109
-30288
-36000
-2745
36246
-5886
-1116
37606
7819
8038
-18679
18547
3921
34772
34368
-5711
2495
21328
-244
31625
15938
11378
32818
-38781
-16031
32478
7545
-18851
-29792
-29454
11859
24702
17292
-27782
16185
27477
28379
-8402
34765
15908
-3841
6140
-19904
8518
-32067
9136
10545
-27753
-4300
19632
-19542
-21893
32485
32879
-22142
-22529
-9234
40221
21558
-20310
30239
29500
22764
23434
14632
-5968
-36052
2799
-22560
-36238
-21899
-26750
32297
-6007
-29406
7983
28702
8851
-31096
24444
-40120
-16101
-12138
28133
7356
33780
13822
-16639
31602
-26427
-15545
-35478
-40149
10202
-17242
31366
34371
30840
27697
-24265
-22211
22485
41102
43845
-29860
-32446
10362
33537
-26858
32019
2305
-31368
38862
-6900
26808
7417
12098
2124
-10442
-16657
9104
19958
6807
29119
17365
-34140
-17282
-16815
30023
-30055
33815
-26918
41412
-4499
-38440
-16452
-24959
-17551
14913
31607
13071
-11700
-8729
-9937
-17188
-29855
-7337
36626
-6935
-23877
-20120
-27276
-24372
-30628
15872
-3982
28917
-32473
-12305
36096
-23249
39274
-20378
22054
-32991
15277
27660
-28282
-26005
-20482
33796
19328
11034
-597
-7838
30128
-23219
24980
7110
1262
-7327
25088
-21731
21062
-8108
-16874
9804
20064
-9588
-39034
-26107
34618
-9362
6226
-31995
39961
5857
18715
-1567
2768
-2324
-19049
29786
31208
3238
25346
-41037
-32117
-25059
10933
28914
-16571
24155
11935
-37151
4439
-37833
21227
11020
-9413
25281
-17568
33332
6776
-30742
40614
9742
-37378
-24244
18546
23321
-9447
21180
4975
-24507
17640
18806
3638
11140
27004
-30682
12994
21343
25565
-1863
39583
-25197
-3228
3177
-10621
26592
-24644
-10532
-5450
6091
-20578
18107
38391
86
-34468
27863
-12930
37008
-19627
21025
23574
-35462
-6740
3814
-18520
3743
4328
38455
1225
-42600
15962
27221
-31853
29840
39559
40087
20679
4432
8462
-1066
-21885
43364
20832
13184
33677
-9108
-2524
-4482
23137
998
20132
33873
-7694
-28992
-19513
-1872
-24896
-39856
-24547
10764
21558
5671
16523
-29096
36696
-29959
18155
-9862
-30837
0
35202
29682
852
-33226
5558
30488
36942
-17617
-30697
-14904
-27187
15448
-7722
-41891
14461
-28820
-23292
28426
37237
36048
11578
-13599
31031
0
0
0
0
0
0
0
0
0
0
0
0
0
0
0
0
0
0
0
0
0
0
0
0
0
0
0
0
0
0
0
0
0
0
0
0
0
0
0
0
0
0
0
0
0
0
0
0
0
0
0
0
0
0
0
0
0
0
0
0
0
0
0
0
0
0
0
0
0
0
0
0
0
0
0
0
0
0
0
0
0
0
0
0
0
0
0
0
0
0
0
0
0
0
0
0
0
0
0
0
0
0
0
0
0
0
0
0
0
0
0
0
0
0
0
0
0
0
0
0
0
0
0
0
0
0
0
0
0
0
0
0
0
0
0
0
0
0
0
0
0
0
0
0
0
0
0
0
0
0
0
0
0
0
0
0
0
0
0
0
0
0
0
0
0
0
0
0
0
0
0
0
0
0
0
0
0
0
0
0
0
0
0
0
0
0
0
0
0
0
0
0
0
0
0
0
0
0
0
0
0
0
0
0
0
0
0
0
0
0
0
0
0
0
0
0
0
0
0
0
0
0
0
0
0
0
0
0
0
0
0
0
0
0
0
0
0
0
0
0
0
0
0
0
0
0
0
0
0
0
0
0
0
0
0
0
0
0
0
0
0
0
0
0
0
0
0
0
0
0
0
0
0
0
0
0
0
0
0
0
0
0
0
0
0
0
0
0
0
0
0
0
0
0
0
0
0
0
0
0
0
0
0
0
0
0
0
0
0
0
0
0
0
0
0
0
0
0
0
0
0
0
0
0
0
0
0
0
0
0
0
0
0
0
0
0
0
0
0
0
0
0
0
0
0
0
0
0
0
0
0
0
0
0
0
0
0
0
0
0
0
0
0
0
0
0
0
0
0
0
0
0
0
0
0
0
0
0
0
0
0
0
0
0
0
0
0
0
0
0
0
0
0
0
0
0
0
0
0
0
0
0
0
0
0
0
0
0
0
0
0
0
0
0
0
0
0
0
0
0
0
0
0
0
0
0
0
0
0
0
0
0
0
0
0
0
0
0
0
0
0
0
0
0
0
0
0
0
0
0
0
0
0
0
0
0
0
0
0
0
0
0
0
0
0
0
0
0
0
0
0
0
0
0
0
0
0
0
0
0
0
0
0
0
0
0
0
0
0
0
0
0
0
0
0
0
0
0
0
0
0
0
0
0
0
0
0
0
0
0
0
0
0
0
0
0
0
0
0
0
0
0
0
0
0
0
0
0
0
0
0
0
0
0
0
0
0
0
0
0
0
0
0
0
0
0
0
0
0
0
0
0
0
0
0
0
0
0
0
0
0
0
0
0
0
0
0
0
0
0
0
0
0
0
0
0
0
0
0
0
0
0
0
0
0
0
0
0
0
0
0
0
0
0
0
0
0
0
0
0
0
0
0
0
0
0
0
0
0
0
0
0
0
0
0
