13716
-19100
5542
-854
12144
-5603
-5409
-7135
-31172
-12028
21698
24418
17364
132
29798
23897
-5301
32429
-7287
31918
25509
-20201
6370
-36802
-31639
-26264
10720
25225
891
-5999
42094
37004
5355
8654
26145
-23237
29912
-24030
-595
20708
25387
30755
-16327
31501
41985
15463
-7657
-36389
30603
-27526
18548
32697
27714
-22562
38627
10813
-12596
-14209
-20119
40434
36911
-28343
9233
-36409
26579
10903
-23266
321
-35060
37012
-4696
10147
-32388
14229
26783
-20364
34557
-16870
9214
42426
-29214
-7400
17844
-4574
-37095
6977
-30824
-39747
30545
-14972
28469
8569
38114
23662
-21177
32418
-13113
23616
9719
10193
21041
-37025
-33089
-13693
5522
-9294
-37869
-30987
-9146
39673
40757
-23350
-24083
-24566
-22678
-2415
39531
40734
22937
-31610
-37837
39792
35460
7012
-16574
38785
14930
38038
-11623
-14853
19027
8300
-31217
-19625
-33266
-26833
-21923
908
27078
-39904
15576
9829
-794
-16569
-19037
-33378
31408
39061
-35273
-12567
14545
34651
-27800
22330
14812
34626
39764
19252
9883
-16930
-2345
-38340
-39964
-27295
4305
26154
24038
35146
23427
-16108
-17620
5519
17071
424
292
-1422
-34009
24056
-30108
6952
22068
-1482
18235
-2531
25298
-29061
-5586
-3685
15536
-5596
-31933
26776
-7647
30146
-27694
-32006
-30551
3205
12743
-6907
31197
-6027
-29764
-19459
-33068
-30481
18497
-8595
-21514
-3731
-37080
28394
-36696
-32408
-10995
-12770
21649
-34665
22525
9804
-8874
-32516
14380
25283
-33731
29724
22813
-13340
31054
15020
-13162
-33375
23346
2316
11641
5601
41263
14531
22602
29382
224
-4930
-25982
10645
37714
-9163
35516
15349
22904
-2430
-6381
-9635
-2211
6798
1530
36757
-15938
16129
-8807
8476
-35628
32397
-25881
12950
10058
-23726
24459
31973
-34050
14742
3129
27888
-25682
-16715
-829
35167
-24029
23562
-9850
-8168
-31333
14823
12882
22508
-34048
9363
30096
-31992
28858
-13554
31727
-38353
-9866
-19554
-19531
-1989
37693
7226
17932
-29746
21505
-20304
-8364
1286
22216
14298
41895
24699
-4126
-38779
12307
20072
8810
12604
10182
40674
15578
-7530
-11674
41467
-28827
23532
-19106
30219
18271
34227
27877
-5985
-21905
34279
-31221
3163
-23537
-10065
3999
35149
19370
37064
34399
-15543
40323
-11671
-27382
-34536
24437
25703
-15
19779
-21767
-13582
-35707
-19923
20987
10493
-28026
-24810
-7441
-685
13825
35360
4522
-12821
20218
-6521
17231
8190
33781
24362
-996
20049
-21628
-15478
-1263
40317
36325
-21714
-23120
8602
-32173
-21631
16451
-36845
-1606
22975
-17654
16587
-5914
36248
-3782
30251
-22245
22059
-15864
27374
41597
-34931
-33988
4291
-13496
-5573
21470
-34130
37167
33974
10213
676
-19102
-26152
-13962
-21241
20540
-13639
-23955
-115
14575
17820
37982
13645
2461
33021
-32674
41701
57
15231
-19321
-37109
18981
33772
-7929
37798
34135
25858
12380
28446
705
-7311
-13318
40982
-4165
-1734
7112
10408
20396
-10650
-20431
34989
2440
-33745
-31486
26964
-24751
21301
-31249
-23316
-26824
16365
30805
-10878
-12314
-29700
4772
-35816
-27487
-26034
-28190
19307
-38058
24982
6902
-40445
-26031
22270
1475
-11114
-10883
-28928
6608
-27704
-23474
-31823
25260
31098
31717
-1408
-16410
-5542
-3500
-22595
39740
-37641
22097
-9423
32147
2250
-34647
17812
3336
13819
-31424
17032
-34026
33893
11771
23846
-27536
39205
14577
-14030
23130
-29224
15359
30351
-27200
14714
22981
-1100
-34079
23280
-15560
17569
12017
-17019
-24459
-3055
19225
-29123
-35431
-11606
10062
-8005
6307
17561
-37633
-34754
-25426
15201
-19453
23841
-38236
20601
26928
524
-21372
-1648
-17634
30584
-8360
14759
38451
31109
2749
31452
-19351
17527
13265
-35428
10039
-29750
36924
37171
13120
-10989
-9261
26830
-12272
10523
16208
-26761
40304
-13716
33094
-26007
-6544
-31349
-31812
-37152
7894
4329
17223
-14016
-4803
33307
24859
18251
-18665
38969
-35650
9057
-436
14459
-11776
-29154
-4496
-29760
-31234
34679
-364
5845
20021
-37069
14006
-33845
22148
-14129
35725
36252
-22572
-7413
-5619
-28048
-37295
-5047
3256
22568
23035
6245
5968
-22774
-17182
-24186
-34402
10097
-9360
20731
-3120
-374
38665
-7486
-37276
-16726
15010
-3824
470
-12148
-35171
6292
27095
35790
-16134
1795
-26369
-2742
10013
26456
-18104
-6923
2276
-32525
38601
-38051
-11739
33761
40772
12422
-27897
38757
13556
-14164
-1889
-18915
-16918
26430
5784
41527
13872
33922
-30729
20974
41607
13889
-21190
-5736
42696
40007
22441
-19856
31383
-158
-1211
40639
-15664
40884
15997
34583
-28255
-8271
19402
-5219
-31875
-30193
-17836
-36181
24351
-1660
5399
-985
37900
26355
-39818
-25886
-31933
-36770
-4475
15246
-37710
859
-24798
-19897
-31023
-358
-38371
-14033
-18957
-32604
20774
11532
26296
-5633
-5108
-35766
-29584
11978
-36777
12963
-10679
-22091
17327
9427
-23011
-37945
-30566
-25751
-3471
-34935
-33214
-16554
-3846
-28814
13523
-25330
-8017
465
-9602
-7556
-1442
26248
19865
17395
26836
-23177
27229
-28217
-813
-4023
-568
40303
35895
-4955
-23492
8235
203
15878
38208
-22063
15339
31016
22762
-8306
17185
2498
18432
25657
15977
-17342
-28635
-1707
-4617
-13455
26262
-24597
2393
11692
-5847
-30587
19138
29809
13435
27565
-5362
28983
-558
-14708
-21871
-35515
-17610
12103
28276
26612
27570
36919
29563
-5548
-27741
42227
-1259
-14793
24553
-19169
10096
-6110
19199
33104
-32336
24402
35632
35805
-10348
-8124
-37866
-25291
-10901
32597
-24179
41425
22701
20282
-35038
-13541
-17266
31910
41593
-23773
19570
-24959
-1019
27747
18689
10906
-39129
-24090
-16906
-19422
-24294
8188
27392
-33407
31340
-33374
-22914
24338
29258
-29984
-7149
25687
-14529
10175
-609
24346
29691
33832
-21940
24438
-17491
14178
-11270
-34408
-28918
-33970
8153
28020
6400
-34374
20601
23760
20129
18982
-40099
5095
22246
-28943
36041
22389
5097
-25257
-17533
-35175
-23051
-10898
-12046
32928
-13824
-40928
9482
-40454
7596
8
-15463
36579
-12630
-39870
-8115
-25886
2761
11336
29407
36339
-18846
-32793
28306
-10359
10602
8236
-30926
9410
-17703
-9608
28532
22997
10801
-2898
-25191
-4317
28703
27251
-30251
33728
-5457
-33070
20427
-5563
-12522
33526
35921
9764
8390
3708
32487
-38234
25240
-40090
22131
-37305
-20263
2408
702
3066
9575
20244
17714
-31888
-9811
-19425
34399
-6659
-33248
29646
15439
10953
23816
-38633
-19790
-8870
12187
-18629
-10202
-16197
38887
14057
-26824
26772
-2044
27693
5407
1225
-5779
42171
25140
16019
37675
27238
-31832
-14993
17199
28359
37360
24583
22890
22661
40177
38326
21519
1764
-31829
6885
-36489
19967
-22731
21552
-16349
-7382
22500
-15028
-37494
-6111
41233
1108
-39257
-35491
18869
3397
-10768
-28615
-7178
36740
34265
-23213
-5561
34209
18898
41872
-1397
13538
-22247
-12588
2667
5847
-20190
34968
14294
-12529
31556
-18262
-8001
-2943
-25393
42217
23048
29445
-38516
13010
-28148
-10823
37818
-11092
-27996
39322
27427
-33936
27743
23219
-5662
13551
-33780
-2939
33912
13267
23985
1268
-6248
-37485
-6928
25124
-38701
-27048
-4757
9762
-40729
-27466
19272
-34784
26982
35255
-25008
6912
-11498
-10997
-23712
15129
19062
-21577
28831
-33139
14343
1665
-19415
-407
13595
-36012
-32601
-6539
21765
-26527
-3244
30815
18504
-3299
-24679
-35630
-19944
-9996
928
34872
-13998
-38622
-25890
7131
33063
30961
-25505
-22846
-6860
-18274
2296
7592
-9484
-32791
-22277
36369
39172
-3557
33821
28772
-39034
-33651
-17900
649
25252
4835
25805
20256
24486
21145
39133
10542
-14596
-14284
22225
17979
-16991
-15956
-33352
2802
40430
-5109
-25215
15499
-31017
24018
41782
-9968
-31499
31623
-19743
5151
-26848
-23519
19190
22936
41230
10013
41723
21108
12446
-29591
7942
31275
-9284
-11944
24935
-10743
37929
-8488
16395
-34812
38572
16090
-39464
-10488
2318
-360
26444
26136
25573
-2865
39134
10312
18985
-27004
4528
1106
-7685
-10882
-34549
-8375
-35632
2119
-824
2480
744
16102
-33554
12834
-23612
7881
-17509
38986
32465
14529
-19906
-38469
33270
40456
-18069
-6155
31689
-34586
-4118
22469
17211
13491
-278
-22598
-15583
17135
-38890
14973
15779
39607
-20690
6820
26785
29670
-33033
-23416
22018
-40506
-1361
-899
41383
884
-27947
-40069
27498
-6782
1768
-27085
2445
19400
5679
25726
-18743
4435
-1454
27182
-1909
16030
-11492
38656
28192
34371
-39945
-787
-34869
-31086
25736
-14270
32917
12538
-9959
21986
53
40370
2005
-34397
37644
22851
-3765
-17247
37612
10342
-8351
-35168
36649
28008
14080
9640
-21810
-27968
-32250
-23439
9522
-31212
-39324
14719
41633
-30159
-2319
-20360
31117
-26015
-32787
38888
-13763
19806
5728
-35343
-41863
-877
39179
-25731
19000
-7076
20259
38727
-22403
-31074
-8891
23314
-1655
16643
357
-7734
35124
-30615
-21057
-22747
28932
-27319
-25057
19515
23149
11783
-11105
-8145
-32914
-10481
28821
-29732
-27536
23469
20111
-40729
5017
-30947
-7265
-5124
-21009
-30302
-3458
-33107
2606
21212
-923
4892
12093
37689
-27041
-38865
24214
10479
26039
8902
-39951
-19101
36341
13708
-18673
25683
-13818
14080
10657
-8863
-10671
-1535
-35912
-33790
-13474
33924
20629
-21189
34902
20838
-35437
-31334
16502
-8211
-11079
38888
23643
-25399
-2233
36159
-36935
-31899
8958
15366
31696
41078
8805
-28335
15770
-33220
-20750
-18360
-38203
-18495
4324
-25955
-32656
-18765
38927
-8020
-17951
-16902
-35652
-14978
34073
35770
32440
20308
9417
39687
-20375
32717
21372
-23294
-12563
-37615
927
8204
2508
38266
19768
-25170
18456
-8397
-26676
-39043
16206
15652
8010
23120
-5336
23495
4016
32124
-6298
21784
3761
-29182
-2474
16646
40400
-34403
-14947
20826
-4143
-27098
-31084
-5659
1655
-11328
16058
-2807
27454
-29168
15765
-18382
2664
-20324
14174
-34448
22479
34592
-6849
-2288
23172
-41051
12541
30779
19682
21951
3307
-1832
-15248
38866
499
-27582
-12205
584
-20156
-34933
2041
19306
-14681
-22836
-42190
-26153
17471
-6407
-9889
-8514
-27753
5507
-25521
26623
23146
-23170
-6631
-34019
-26511
15967
12902
-38244
-9693
-7183
-25039
-38889
38304
3666
38312
3253
-2994
-28954
9430
-28314
23776
-28445
10468
2723
-17274
42316
-25854
4797
-15693
6180
-12542
25400
-13002
-29580
-38372
34907
15868
34395
-12127
-7770
25149
31173
-17248
-24178
31764
19029
-7648
-12266
-19139
11133
-32105
-26387
4965
-34062
5530
20589
-41266
12224
-33966
-33041
-42117
-43218
29363
11856
-5055
-13252
-35730
9123
36533
8467
8304
33145
-3944
-17175
-1293
-41236
-28400
-2253
-8389
26727
41741
-18498
6735
18069
-18962
23944
23974
27410
31957
-21353
-4396
-35259
32958
-1890
-41115
-12612
23644
-4737
-1701
31526
25217
3200
20093
32632
10847
30514
6249
-14909
11377
13546
10466
-40335
28401
-5254
20522
21760
442
27458
-44111
-19508
34857
26529
36784
-30212
28245
36908
31189
-28858
-39632
19528
31217
-27382
17898
36730
774
-5472
34669
1820
2609
33285
4390
-37382
40230
14525
-10531
17257
-34772
22107
25558
25320
11217
25169
-35719
-23296
-2482
-29416
-5637
14036
16182
-8406
-25866
-12067
10698
-37897
-18711
-44336
29246
-23987
-8112
7638
20818
-34098
21273
-34933
35452
-13563
-32050
-30333
-33170
31190
-14815
22036
17703
-20972
-25774
23196
20409
-33110
-39219
-6744
-19576
-682
4718
-19365
-22970
-17202
37812
4064
6152
-13135
8941
-27634
9529
41713
-9923
32186
25906
18320
-18039
23768
-31275
-24548
14766
-13911
16625
-10763
-19187
-40905
-47024
8919
-6841
-36917
-43093
9282
-32417
-32009
20521
-27056
32233
-37385
-26288
-15207
-24904
-48779
12300
-30421
28871
-30802
-15448
32987
26849
12167
30924
-21145
-9570
18834
6767
37959
24222
-19197
31432
28862
21696
-3415
-4028
22785
-4653
-22573
29012
40159
-816
2211
23113
43082
17550
-23754
-22552
3799
9333
20158
18674
3538
-30843
28309
10727
-4493
-10626
-28975
31862
-44907
32197
22813
21645
-23135
7243
-18702
-6070
6577
15096
-29967
8664
-2652
-23862
8420
-38113
-17503
15645
-39824
8297
-10096
19399
19972
-10930
-19407
12178
15334
27698
-21843
32104
21
-34614
25081
18469
-15258
17318
30638
-37545
-34626
-22149
29797
-28366
3027
-27330
26961
28657
2783
-14642
-6468
-49446
23701
-15903
12641
15062
18724
-29969
20491
4380
-43767
5876
-8361
-39244
-48498
15605
16764
2746
-29176
23322
-32574
-28395
-8802
-5731
-24708
11977
-49130
25051
6298
-40876
9765
-15288
-44132
18666
22949
7646
39129
4972
-36932
-22249
-20197
11079
-7963
-13316
37706
-1615
-30008
-31029
13245
35852
-196
-5
25806
36521
-29040
-25279
21355
-38369
9769
5367
23614
-1722
10012
-44566
25994
-40572
-4204
22199
-36400
-49808
-46938
29095
6346
-4885
7040
-38680
16064
-47881
28928
5954
4576
-30449
-24450
-4756
28486
29215
-32424
-27426
13337
-23982
12989
8982
-34923
-31012
-19940
-36582
29319
-9247
199
33503
19637
-31280
-6752
40537
-28065
-16861
14690
-19872
-14860
-15040
-37918
-12088
21023
-27850
-4158
31974
-11911
23650
15165
1059
-41290
23831
24908
25219
20845
5894
-44970
-16722
21810
-2997
16509
-4690
-21602
20921
28725
-30917
-24004
22150
-48930
8376
27195
-27258
-11780
-39601
-41669
-12214
-45683
494
23006
34591
35134
-1966
-28157
-17400
-41928
38280
4056
-23018
-39307
15369
-4780
-4226
-38070
-18976
31353
-39510
9260
-14371
40215
-10095
-35769
26349
-33441
10392
-27792
-39466
-36419
23217
10995
-15077
20922
-27083
-17983
10797
23781
-46901
12950
-31907
6048
-12352
17070
-29286
-13435
7512
-45765
27
-20113
13523
-47148
-9302
-46628
21676
-17582
5351
15409
4283
33097
-40225
30668
-43018
26305
-8973
-38899
28868
-30802
-31696
-638
-31415
19735
-28838
-21909
21139
35279
-2922
37749
27137
-34240
1350
23534
-24675
38665
36075
-30897
-32020
-5491
-37237
-31332
8716
30917
7677
-15395
15772
-24825
-24734
-35373
-12901
-44370
10716
-40695
-10124
23784
11661
-30383
-6575
-34337
-34708
-25727
-6453
-25585
1888
-37856
1366
-46397
-22340
15090
-28211
24989
15165
1679
-21764
-24760
-38481
-10221
34339
458
-37190
-8250
27492
2488
4936
26365
6557
-16248
31808
-26504
25815
23121
-6756
38633
-22425
38771
23118
-8581
-39125
-3901
-4952
-8494
-7549
12591
-20054
-32774
-37240
-6320
35693
9474
2299
33753
-12887
8982
-35584
22746
19027
-37030
-40175
-11230
26132
16230
-33691
-42179
-4325
4214
37028
-36362
31099
-31479
18076
-23038
-3852
-41071
-24393
24456
-28558
4472
-987
11594
5455
-23673
-32615
-32411
11523
19379
12014
-22179
-4709
40504
-28312
-12870
-24583
-37031
-18642
-43782
-22011
29560
-1859
-20432
23608
-23348
7008
11054
14265
-28342
-15211
-8355
-41922
-13983
34306
-38507
-43231
3697
-22406
5981
-27079
15691
-6306
-7708
27777
16552
2000
17987
27876
-34847
13290
-29493
-26358
15432
29299
-39214
-15984
10011
19620
3546
-35647
36626
-7668
12615
9983
40293
-1566
35863
-10226
16233
30827
-16057
-1165
-13044
34811
-10013
-23037
-15437
32065
-2182
-25885
33343
-32034
6094
32992
-6183
11943
19348
-21907
9057
26098
28780
5336
37544
-24345
-13382
37047
37280
-13131
-19665
38492
-5008
24696
-9138
13411
-18019
-1803
35693
-10743
18052
-33208
-1596
9096
-6445
5716
2180
-20675
36641
-32909
155
8996
17529
-6382
-33313
-5723
-21298
25043
14242
8047
28018
15355
7622
-3783
-25058
37665
-8399
41011
1073
-10019
-22782
1897
33636
8855
10773
-5235
-4798
-30040
-42780
33532
-26176
37807
-214
-4480
35000
-41953
26954
-6159
-27202
-20044
-31949
29764
3437
-4510
30635
-14967
32519
974
-37763
-14648
17761
2701
5624
-9182
37945
30661
-7270
4549
-4948
7307
8241
-35261
23334
-6577
20940
3898
-19595
-38215
-12730
-35480
13961
34593
-21790
-37019
110
-41605
-18641
7115
32741
32193
-42972
22047
24290
620
-1926
19194
14743
37663
-25730
-13737
7299
-11782
9743
23007
36455
23776
35890
-21551
-15310
9232
-23571
16448
-25427
8825
28770
-5717
20131
31607
12981
17732
7161
-7821
-2851
-20537
32579
36160
2616
-11826
-22045
1236
18108
-4299
-36980
-4910
-186
-31649
-18049
27960
1826
35221
14380
-41365
27618
-17258
-468
-25275
29293
-9920
25739
-4441
39040
12545
4438
-19381
-34738
25507
-29789
-30806
7730
14902
23242
7211
36081
32819
-14653
-17977
-26912
-12969
-31885
28721
10867
-21032
-21030
711
33932
31999
25685
-13291
38079
19199
-23725
36290
2541
-37487
-36
25578
37359
-16274
29384
-18496
-34482
32743
14668
-2199
39621
9804
-33422
-5094
-24034
-18391
16152
-12732
39877
-14225
16176
-26642
36823
-7163
-5939
-6601
12834
33486
-6573
-41458
3586
-23639
18378
-17106
34755
40127
-1538
23184
24500
11513
-32080
-8063
-4021
-1945
-23630
-33547
15379
39625
-20977
16562
-126
-40282
-5362
2266
-10623
36010
3562
10158
-10465
-33016
-13591
16386
-3668
-35992
29855
39977
14710
-10487
18014
2206
-31290
-29041
20741
-31027
-18191
-28320
25346
-5530
35935
-29401
-18322
-20164
15731
-9902
28701
-4623
2285
17071
34376
39385
-6092
36779
-9542
21367
-30892
19452
1745
7965
10010
36564
-32329
-33099
-21089
18967
14073
5218
8875
31595
21404
-23551
17599
-38434
-9092
-37881
18181
22744
-7386
-14081
36115
-8295
-10910
-24038
-778
-41409
-7022
-35524
-29521
11561
8096
39333
-14355
-39398
-16741
-16909
38027
-29390
-33902
-8901
-10321
31244
-16546
38833
8599
-34571
11960
7666
14593
33602
-32209
38474
32343
177
-3123
-28649
601
-4182
-13702
-23821
-40242
-26711
-10671
29036
-36157
-37404
-33368
-11111
1365
-6536
-40092
3154
-16521
13363
-22374
32643
-14451
24823
10934
-8942
13721
-27875
11329
-41486
26988
39356
32160
22762
29901
19484
-6506
-18056
31876
38431
-27521
2467
-7167
17435
-15730
-22574
-2203
22055
38017
-3788
-36136
34140
21335
-10286
-34329
-16184
-10301
30942
-39290
14765
26375
19337
12758
7123
-20731
13557
26911
23002
-70
-11302
-34319
32610
-6593
-24786
33798
37742
16198
-34411
-23120
-25997
-26562
29639
30024
20504
16600
-15059
-20502
-29811
-33907
-40870
16639
-3824
34453
-16693
28019
8751
-35034
20970
-5719
-23177
-19530
-39599
10743
-16748
-17050
35868
-4219
-37799
30954
943
-11738
21877
29907
-28361
25304
-14338
-40598
-24274
40647
16377
-15534
24763
-10179
21709
-19877
-32079
27056
31510
-11832
-21531
27614
22654
-32034
-33434
27256
-29047
12400
-34705
-21628
25783
-17918
20559
-27743
11252
-35412
19068
4322
-33281
-757
-40747
19636
-20854
-13953
-13670
27213
2856
24640
-32404
25140
-7969
1526
9834
-18247
-13132
-42051
-21857
-5032
-9351
-3398
23381
9622
-25550
37028
-38779
25043
21938
-34208
28430
13042
-37213
1692
-39385
13385
11209
4425
12141
10628
-27819
23106
21515
36470
-13865
24243
20534
19440
-24331
-390
22038
-2601
-4873
-17788
-12664
12932
30492
25673
27344
17772
22565
18307
35908
22458
29453
-18171
32600
-20588
28444
21355
9111
355
-27952
36525
29524
16358
19088
-9141
1299
21846
27645
24265
-36667
-16515
3020
1464
-41583
-40318
-17161
16392
-4617
1519
10631
1748
34028
-27901
-20290
-23707
-18598
-39452
-25787
-31201
-18609
16952
7305
12539
3215
32419
4796
19282
-6617
1556
19395
-8015
6362
19000
15524
11314
32925
-39858
-13781
24369
-21720
10797
9634
-40464
-35844
32656
-27837
7067
-11766
-7397
16289
-33034
-4670
-17065
7746
-7853
19996
32912
-29649
-6205
-5617
14779
-40244
-36209
-16646
-24466
-23387
-27582
-4309
28185
40602
21840
38537
18699
25093
-30376
-28935
22367
19429
11982
-20801
9256
18634
-9417
-25703
-22624
12319
-20775
7299
3611
-8974
-19731
-38647
14152
32474
-32272
-33582
-22056
28395
5746
35518
-27516
-12630
39982
-24688
-30916
-19438
4303
28542
-14775
24403
-16400
20982
-29347
-13940
-31888
-29274
-16280
3875
39175
-31570
-19008
-28558
-19760
-41505
-1949
32101
-1008
23971
-14506
24147
33882
5916
38696
5696
17640
-7151
33055
-40548
-2646
-21336
19757
-40505
35065
20636
-2121
12938
15213
-39468
23743
-19219
-4359
2329
12508
15240
36077
-10230
13731
-19334
40978
28165
12691
37380
38725
-18698
40064
21480
34803
2504
12742
9393
-40786
-25383
-1006
28116
9414
35676
35450
16507
-9026
12237
18414
-19286
-14533
29658
-29474
-17389
-18565
9035
-1868
-41408
-2472
19649
41134
27784
39923
-8301
-30972
20438
12333
22601
858
13756
38797
30458
2443
-41037
38282
-33475
40856
-6192
-1392
26223
-36406
-29629
-2976
12293
21632
-11093
-33067
-30505
-39901
18278
-26742
-1893
-18106
1501
-39466
-13666
34997
-16089
-21151
-9546
11903
-3798
16217
-8145
15393
36596
12528
13769
38883
38816
20022
21385
-7898
-30475
16020
-38436
-22563
-23327
8191
-13762
-25033
-8317
-41337
12033
-19394
37513
11120
-8030
37226
15142
24018
309
28234
11974
-13777
-3724
27032
6691
-2447
-40658
7955
2976
391
20294
10527
-10986
11796
8656
9148
33627
9292
-6562
20630
-26517
-24745
15518
-133
33779
-24840
-8949
-30664
25897
39880
-37057
23237
33417
36367
-8409
1623
22269
-40740
-26480
1775
-2816
18078
24409
20819
21781
-22732
38520
8002
-12081
-16371
-5849
33345
-8789
16816
7998
28701
-36369
35320
35023
-12289
-1109
12959
17688
-7801
-5861
38224
28432
9197
-25694
-25014
95
-21420
6641
-15299
-39683
-4996
-34468
30770
10279
-21021
-30151
16339
25183
4719
-15021
-34595
-40620
-29236
31916
6862
-34815
-29334
-47
24588
25005
-37335
32211
-38729
-9849
-15274
-29733
-23805
34705
6641
-34877
-33150
7862
-7384
38064
32594
4952
-26515
172
34618
7723
4407
-11496
-3851
-29244
-34742
18392
-38205
25543
21409
25652
-25855
-37850
37574
38527
-7386
34031
-27943
-30851
24459
13040
32536
-39546
34315
-38096
5599
-31735
36724
27207
-41802
-36943
-6933
-14140
18396
-33316
1120
-28691
-21800
-19569
-7190
-276
-25154
-7005
-24006
1901
-8709
-3298
20474
-32731
-7420
-16671
1542
-890
41197
16626
-36415
29825
-29631
-1482
-16227
-2864
35948
24791
-36278
-22606
-17948
30879
22896
4579
15761
-26982
31669
40300
-19405
8283
7602
14058
-8141
891
33235
-25876
14497
-603
-15762
-27832
-22415
29932
437
25682
-28782
27478
22386
13914
-5250
2013
-11133
16649
-39065
20364
-16114
17332
37145
29009
-41304
-27227
8917
-3937
-36962
16157
38091
-22915
-2287
7428
-13726
22140
-9606
8598
-19761
20073
-17635
38281
34272
-3760
2581
-40673
-30417
-22036
838
-25652
24667
-12628
-12043
11258
-3758
-9979
-4265
7730
10243
10860
-9272
-18788
29258
26280
-20607
12740
-38036
-22206
-21889
1128
16623
11238
-26198
-10839
27448
35666
-6765
-9140
31507
22799
13635
-10639
-15834
47
5030
12392
7896
-38857
-9413
-14575
-7491
-40972
1383
38782
-10984
-25216
-4032
12049
-11779
-17362
9057
-4668
-36737
17187
-5552
30534
30099
-5807
-34281
27603
39897
-1240
-30005
-22463
1559
-6498
-7612
38071
-27407
25161
5519
6234
35463
-10783
1304
-37793
39888
20177
24154
-1658
28828
-1019
28496
-14140
-8566
-12111
-24945
-6309
29797
-26524
38313
8069
-37951
-41580
17013
-648
16254
-3440
36629
-36805
16525
41092
17822
40922
-35968
15567
9018
37035
31601
35459
6820
-4332
36459
33977
14356
20669
-30544
38039
1799
995
7405
-25399
-4397
-41433
22505
-36454
20254
-6099
36566
-7344
17627
-10536
-25616
32113
0
0
0
0
0
0
0
0
0
0
0
0
0
0
0
0
0
0
0
0
0
0
0
0
0
0
0
0
0
0
0
0
0
0
0
0
0
0
0
0
0
0
0
0
0
0
0
0
0
0
0
0
0
0
0
0
0
0
0
0
0
0
0
0
0
0
0
0
0
0
0
0
0
0
0
0
0
0
0
0
0
0
0
0
0
0
0
0
0
0
0
0
0
0
0
0
0
0
0
0
0
0
0
0
0
0
0
0
0
0
0
0
0
0
0
0
0
0
0
0
0
0
0
0
0
0
0
0
0
0
0
0
0
0
0
0
0
0
0
0
0
0
0
0
0
0
0
0
0
0
0
0
0
0
0
0
0
0
0
0
0
0
0
0
0
0
0
0
0
0
0
0
0
0
0
0
0
0
0
0
0
0
0
0
0
0
0
0
0
0
0
0
0
0
0
0
0
0
0
0
0
0
0
0
0
0
0
0
0
0
0
0
0
0
0
0
0
0
0
0
0
0
0
0
0
0
0
0
0
0
0
0
0
0
0
0
0
0
0
0
0
0
0
0
0
0
0
0
0
0
0
0
0
0
0
0
0
0
0
0
0
0
0
0
0
0
0
0
0
0
0
0
0
0
0
0
0
0
0
0
0
0
0
0
0
0
0
0
0
0
0
0
0
0
0
0
0
0
0
0
0
0
0
0
0
0
0
0
0
0
0
0
0
0
0
0
0
0
0
0
0
0
0
0
0
0
0
0
0
0
0
0
0
0
0
0
0
0
0
0
0
0
0
0
0
0
0
0
0
0
0
0
0
0
0
0
0
0
0
0
0
0
0
0
0
0
0
0
0
0
0
0
0
0
0
0
0
0
0
0
0
0
0
0
0
0
0
0
0
0
0
0
0
0
0
0
0
0
0
0
0
0
0
0
0
0
0
0
0
0
0
0
0
0
0
0
0
0
0
0
0
0
0
0
0
0
0
0
0
0
0
0
0
0
0
0
0
0
0
0
0
0
0
0
0
0
0
0
0
0
0
0
0
0
0
0
0
0
0
0
0
0
0
0
0
0
0
0
0
0
0
0
0
0
0
0
0
0
0
0
0
0
0
0
0
0
0
0
0
0
0
0
0
0
0
0
0
0
0
0
0
0
0
0
0
0
0
0
0
0
0
0
0
0
0
0
0
0
0
0
0
0
0
0
0
0
0
0
0
0
0
0
0
0
0
0
0
0
0
0
0
0
0
0
0
0
0
0
0
0
0
0
0
0
0
0
0
0
0
0
0
0
0
0
0
0
0
0
0
0
0
0
0
0
0
0
0
0
0
0
0
0
0
0
0
0
0
0
0
0
0
0
0
0
0
0
0
0
0
0
0
0
0
0
0
0
0
0
0
0
0
0
0
0
0
