23784
37058
-25170
-18775
-29510
12332
28769
-22065
-8466
30445
28352
-9145
-30735
-37150
-10476
-39458
-39367
3128
25711
-4710
37552
34880
20769
-23522
-16028
-1212
22835
-35833
-21482
23248
-8331
-9962
37303
-40849
30633
23842
-32054
-35023
-16503
-14361
-36741
-15415
-4520
-32218
-18314
39205
14319
21696
-24084
-34485
-27807
-38687
-15162
23388
-17480
-31159
-19457
-39014
13294
-7856
34642
2899
-14454
28201
13229
12150
-15026
56
32621
-29724
3654
-10494
20875
16635
-23345
22682
1080
34733
9755
35076
257
34683
3861
22973
-41333
33944
13990
4851
34050
-293
29336
30538
19766
-1805
-9231
-3147
-374
11073
2618
22327
21480
-33840
-10431
40228
13386
-347
-23314
21906
19230
30766
26516
-20007
29910
5509
24878
-39911
33109
-38075
-12065
-11106
26084
-13167
-40506
-33104
25959
37079
-9093
24466
-33866
-4863
-31054
39317
21294
-30072
24915
-10774
25672
13986
-29807
-29614
-6641
-1660
-10654
21758
-5307
-23542
2709
-25983
-15959
19465
-7909
-12467
-3782
8626
24414
2041
26941
12908
-28467
8913
18922
-2552
37491
-37069
-29390
-17441
-26617
-9664
6586
35235
-32023
32391
23324
-10660
-2317
-38429
-39790
7393
-34585
4582
-34323
30294
-9195
-38315
-39035
5034
10090
30876
628
-32995
-15423
1627
-28969
13448
8495
-31105
-28488
-39780
-11954
23098
-31224
4380
14730
17776
-9460
-3451
-28877
-25653
12891
39974
2920
-40730
22507
-14562
-5589
4144
-36362
-254
34539
-3379
-12040
20595
5536
2016
-15197
13200
13083
-31683
40915
10960
-22111
-13905
26452
10828
25924
-2161
-8497
2764
-16858
-1258
-29328
-27043
-15917
-880
18868
22014
218
-28240
-11245
-4200
-40227
9367
-38112
-10516
25874
-7151
3749
10745
3269
11015
40102
15201
-5267
35438
-21349
-9352
-3412
-11731
-33014
31125
38827
33907
-15355
-239
13054
18561
-38460
1046
19799
35023
-7103
14990
22947
15571
-17667
-32713
12726
24975
18802
-32172
-30543
-26264
-12366
4374
21534
-18841
-31584
-13856
11561
-7286
1932
-13794
-37840
30511
-39242
21286
-21988
27084
26283
8062
37681
-6338
-15836
-7292
-30064
-25936
-7779
39598
11245
19021
-41570
-27661
34636
-37502
27347
12707
39918
32073
28329
-30341
-30593
-36965
-26340
-21870
14549
31487
11493
-24332
37359
19621
-16587
9384
30897
16650
-14225
-9517
37284
-36830
13435
28340
-19250
9416
-35782
-36513
-31645
-18630
24868
32437
35601
-39479
9745
-922
-4896
-16312
30389
-22808
-3349
-10695
-12600
-20101
7356
6339
-20313
-5113
20337
-2879
-35159
-1562
-4327
-39817
16838
-7102
40020
-4680
38901
-8935
-26186
12780
13577
30131
41653
-28160
-17482
35578
-34222
32322
-21416
22123
40726
-30239
-18251
13740
-26573
6034
12981
22114
-3142
-11421
10488
-6172
353
-27190
42394
4368
23487
-31756
33523
34098
-6737
8198
-41219
39178
3796
32557
-11523
14757
18896
4133
27453
18360
37628
2417
2713
23263
-41367
-33501
-13092
10208
39624
684
15133
-25090
-16144
36492
6682
1866
-34093
14669
-36043
-18058
28946
30133
16638
-9641
-4571
32694
634
-21202
-10503
11051
-9404
-20088
-7267
39935
-22742
660
-33246
32972
2563
17683
33099
11907
-15779
10899
-5465
-38795
26404
-16224
21668
-13484
-27611
-18008
30839
-11527
-3676
16412
33423
33524
-25558
-36346
-36600
-39546
22762
-37860
-40435
-22626
34315
39890
6804
17100
39746
-22290
-31022
-13974
-18274
6930
-38047
-26654
19596
14729
-31456
864
2406
5157
-38980
20930
39699
-23271
-1451
27553
17034
30466
-16973
-27660
-11262
26433
-30887
-35265
-4835
-24819
-4624
-23948
15255
-39534
36048
22446
-30035
-38234
-9084
22463
7064
29356
8729
-39705
-11069
30506
-13917
-8820
23137
-13858
27319
-31636
-6597
13128
-42563
18478
-33783
23062
35424
23825
14359
-23081
-7018
24555
-24582
-36476
38216
-15403
25822
-10719
34188
11112
28645
24060
-20056
17875
-30785
18657
-6533
27331
-38123
-6249
-38615
-32356
2820
15148
41344
20050
-33841
35498
32259
-16112
-39686
28651
-33166
-12871
22329
3908
-30445
1121
26649
-42834
-2090
25968
2064
7644
-41418
-34447
28218
-3052
-31555
21378
-14794
20878
-2849
-20326
11755
3207
-22560
23770
-35789
-33306
-31285
2426
12815
-37168
37768
32142
22541
-3948
5930
-22354
27278
20111
40612
25900
35966
-23392
-7813
-20475
-30686
-25245
-20157
31097
-27279
-22796
-18610
42337
33552
-2828
23249
-40279
-24923
35763
36821
5342
23029
23614
-42955
28476
23298
-2833
-28123
-30319
-13375
-29266
36701
-17634
-26136
-41818
-31040
13322
-5473
29574
6406
3167
13395
19040
28846
-39271
37388
34273
21211
-37274
32496
26047
-31039
-13309
3564
17029
-20619
-6257
-32137
37356
-34442
30868
-32421
-11384
21094
-6615
42067
32861
37820
-11445
-29314
7432
-39353
27472
-37772
15233
35538
20240
2740
-20249
-10702
20248
30941
-5832
-16537
-31592
34481
-27830
30659
7281
28284
39408
-36512
-9963
29906
-20514
-2640
-20205
-37059
2414
17859
-35883
24584
26094
1429
-29494
146
9911
26853
-28666
-37535
27723
-20633
31121
-13963
6531
1079
29969
23272
-21986
21261
15810
37097
-33898
14485
-3991
37527
30142
-26791
24944
15428
19545
375
31521
20461
8768
35430
-2179
4965
23667
5713
8651
-12962
35844
-34516
-5434
20040
-18436
30576
15478
-42353
25291
-14231
-36171
-27899
-16010
5691
-2428
13623
-12712
-18359
-37275
11195
3246
-19426
479
23560
-21510
31399
29154
42594
41888
7235
36336
35431
-11687
-8541
10120
29746
-484
21597
26886
14358
27552
32014
27387
11812
31783
25311
32084
-29182
-39460
-32763
-1331
5646
-18970
19860
-13663
13377
-3261
16771
-27441
4081
-6891
19297
-36023
-11708
-12851
-2242
-24139
24731
112
37543
-21960
11558
-9467
24268
-18232
-13952
27291
-12196
-16336
31077
-18610
33140
298
11888
-24530
21921
13671
16742
-2743
-35878
-21804
-15447
-15790
-6599
-4296
-2946
-1763
-30818
14137
-11368
4770
-27554
-1405
25401
14268
27638
16746
11997
9364
-12892
9413
-9861
-39961
6178
26017
-15465
34319
-2217
33148
7942
35259
-32983
-21726
37503
14405
12752
14649
-35760
-5066
12704
38106
876
-8851
-8470
4013
-40444
11111
16428
-11253
13222
-25755
-35003
-21412
15608
-29409
25744
18250
-15672
-29404
38891
17016
-25088
27747
-36466
-3512
6158
-24446
-21155
-2721
-38590
16147
21680
-1577
31761
6458
-11796
21246
-16369
19028
-27109
29405
-11902
19824
-12887
-17114
15312
-40012
20262
-13452
-31166
-29995
-25168
-5563
3295
-20525
31832
15693
-30212
-18996
-31070
23953
11705
12431
-35602
20864
32631
11489
-24252
-12099
-39682
33159
37178
-38870
6278
-3729
-35080
-24266
-8829
38372
4586
-2373
35629
-27955
-16214
-27543
-26705
27445
5654
-19554
20046
691
-10323
-36610
-29306
-37031
37797
-24168
6246
35667
19395
37179
-12703
-15981
-29221
-6365
17785
-34612
15131
-5979
9795
4501
19339
-32220
-27741
-41023
-5912
20310
-3150
31329
2266
-22880
-42770
-19632
-11363
-30691
21135
-7046
-8263
7670
33689
39989
-17419
21101
33795
-32641
-19568
10860
-38217
-14865
3254
-25572
-30693
-13373
-19033
37546
-22289
8570
-19834
4676
-34081
27947
-17857
-16349
16265
20550
33708
-2647
780
-6684
14390
32412
-23135
23795
-35479
-6098
-21031
-24642
26561
4411
24702
-35784
3579
-32470
-20535
-39138
32918
985
-23771
34610
8986
15680
-20501
15341
697
6356
36090
-29318
-15170
20203
-14123
-18320
38660
-19552
31043
-19282
27260
-884
-9159
12143
12637
-8742
-26663
-20580
24638
-5015
35443
-32714
-23991
27197
19234
31922
-15473
9613
4030
11223
-23099
-22919
-31855
-26622
3453
-26195
-30457
-4330
36263
35538
4394
3862
-9055
-18434
25687
-41308
31200
-13703
-37330
-24969
-1766
-10968
18045
-51
-34067
-10881
-28837
15591
-3750
-36708
22342
-68
-15913
8363
36191
29862
18325
8546
41441
-8227
13625
-25
-32647
17883
27413
34420
-29068
-3483
-37036
30400
20281
39529
22317
11146
-27856
-4573
-12889
-6583
-23465
-34511
-17158
10971
-13374
-27958
-38758
5709
12805
32502
27095
22467
-17037
-6734
30861
-20891
-34274
19982
24010
-13541
4463
33659
38905
12554
27553
-22176
27878
-35821
22861
27346
-7260
25978
35095
-26362
1128
13094
28184
-14093
-16347
-31890
3418
8545
33338
15174
-4264
-3890
-9766
-28404
-24633
-31563
38904
-30988
16382
-13593
-14057
-2723
-26073
29740
28762
22898
30921
4560
-29053
-39459
8797
-28814
36346
15501
-36748
-34041
13367
1520
-23073
17468
-38574
10196
37715
21356
3067
20749
8514
-28307
26716
2536
-10041
20576
-18229
16934
35360
-9284
-18905
11797
-36168
34658
28401
-13464
-5392
2058
-32355
-10104
8039
-5099
-38390
33627
29036
-18691
27833
3892
-20157
-1955
1937
29237
28285
21832
-19776
21752
18293
32427
-18244
27912
-41362
-34710
-6281
32178
25815
-26877
-4656
-11798
-21329
-42551
7797
-18041
-41074
-37772
-13695
18065
-25266
-40326
-17105
35611
-31639
13532
-39680
-40242
-7661
-38747
-33677
-10582
38572
18283
11521
-18516
-20543
-7110
-39169
268
42170
3417
32743
27053
-22218
4158
29084
18431
-16850
1790
-2251
38047
-30200
25159
13469
-37564
2664
6147
3487
19241
-22075
-42858
-23237
7483
32493
-19761
12376
34702
-34491
26987
12797
5451
-3546
-44297
-14625
-21024
11054
-25628
12975
-28643
27824
-40137
-33984
10633
-23559
1853
-25627
-31505
-22949
-22539
26603
-35994
21129
-14408
-11927
-38342
29968
26583
-29511
-24601
16149
-1808
-37169
-30179
-26817
-30178
23755
39534
-26135
34897
23198
-24079
40990
24813
-2337
-24104
29067
-7151
39809
25140
18552
-9973
21345
3369
31208
15568
-20721
-1075
-21146
-34856
9091
-14465
-25054
-6492
-7641
-31825
-34343
22561
13018
-37168
-17965
-5388
-17306
-15306
-39712
-43482
-33230
19920
-7308
-19993
-30812
-33613
13480
21829
11412
5867
-16589
-10678
1883
36244
40638
-19899
31976
16782
-563
37433
-28941
25019
11711
-28558
-17231
-23438
-12675
-25776
13014
-38243
-5230
35216
-35130
10271
17863
8915
24365
16928
-31728
63
-5509
-43969
-42974
-30323
22493
17725
3520
-2013
5809
-24975
37190
5311
26612
-31255
-26120
-13069
16468
-11620
-28817
37349
18440
15403
23163
23928
-14122
10277
37341
40240
35301
39039
-35179
-1635
-34503
3389
20689
-1395
23529
42870
12249
1594
9537
-36852
14845
26466
37213
23914
22678
24240
16006
19335
-13370
32248
-6735
7404
-34145
11570
-21208
7584
-21754
-28245
822
-33317
-19432
9447
26804
18346
-14324
-21689
238
-38705
-29056
26157
34141
-2886
-17377
14550
25894
-35926
274
18352
-33666
7599
18995
-37086
24872
10222
14012
31473
36003
28143
-28722
-35019
-36306
10365
-31491
22961
26028
-2015
-24626
-32105
6246
21048
20872
34959
15372
17988
-13691
-18951
14979
-15046
731
12074
36064
-32167
27228
-3425
-23858
-28748
-27029
3453
-8069
13821
5395
19932
-33258
-3434
-34097
2028
-3690
13333
-32972
-13260
-33325
-36289
20835
-24959
-24657
4342
3918
19244
-15412
-9179
-3960
23873
-14768
29131
27144
-21921
21698
3384
39301
30663
-8679
-4820
13603
41385
-3249
-4444
-26678
-18209
-33824
-18140
19839
35684
-25421
-18772
33144
11752
-36398
-31486
-43877
-12704
29309
3931
-7580
-28179
-42691
-5364
24435
23216
-20096
14881
14612
-17833
-14857
35566
-38214
33449
21619
-3704
-40047
-15666
-31132
-9054
-29273
947
-15872
34495
20712
-1896
-5951
-13295
-19681
34966
-35777
6927
-15685
23324
38111
2088
-20115
42713
-20732
-13801
-35994
-13203
8754
-14933
-2034
-4069
-30926
-1929
-5713
-3974
-4637
-29056
-13095
-35248
19208
-6709
81
-8280
-3185
19046
-601
-9285
-32854
9033
24839
-27036
-44339
32204
21051
33267
-21307
-21219
27627
-9910
-12193
-26056
-16865
20938
-28199
-9889
3698
30868
33965
-36554
-26537
37817
9121
22790
-25980
-2635
-37304
16074
17775
8446
34031
-15103
-21790
26337
2514
34145
-2679
41547
37617
-37108
29515
-6742
40442
-32737
7508
2786
-38098
22404
-27328
-31990
19755
-38232
26696
4401
-7243
-10624
-16826
5413
-32126
26249
-10754
-15833
17700
32951
-42232
4892
381
-25794
-38104
-24369
25916
-575
9481
-4305
-23149
4429
19409
5954
-7232
-40784
-42248
-8596
38610
-11898
-12870
-30001
-19996
-39339
2684
40688
-28405
16317
-19385
33598
-30198
-6198
27283
-18171
-28625
-7336
10581
20337
25436
39208
-12050
40779
17470
-29646
13918
-27801
38258
-42593
-26151
-42368
-7598
-12296
-32006
5408
-37939
11440
-32243
20602
37348
-41742
30178
-17027
-18636
30514
690
-1250
13061
28205
11940
4877
-7065
-4358
22796
6990
5056
-14065
-32555
-4534
7140
20284
38588
-4068
-36253
-9681
-17399
-12212
-32680
-31739
-32795
11389
29447
-12387
14447
2391
15262
25980
-37111
-25908
-11951
26192
-18476
-35726
-26965
21638
25273
-42658
-36461
26825
11418
7590
-15073
-1335
32126
-35682
2936
31698
35639
-32600
-22742
29404
-34351
5881
13075
14073
576
36435
11423
36485
-17535
-36444
-18436
-11175
-37191
-38232
-37654
1293
12110
32119
5275
5267
27749
10946
4365
10448
23439
18472
18713
10693
29045
-13633
35243
37090
39232
-16402
27283
-4041
19744
-5384
31326
8338
-24866
-19015
-19912
20626
23053
-7870
34548
-32150
21933
-14079
34984
-11264
14695
18885
-19979
12149
25116
-27444
-36716
16129
32107
-5668
-42224
20382
8437
-41668
-39414
-12178
-39142
26978
15967
7155
-41924
27788
-4530
-17551
17740
27501
24617
31860
-23033
-35407
-36034
-27897
10488
-22480
17408
29353
-26607
14060
910
20763
-3509
28092
-20070
-17911
11366
-37411
34945
7462
-16867
8144
-41406
21811
-18475
28758
38467
-9265
12631
23716
-25712
35642
-32498
38283
19665
-27888
37356
12175
29439
-6820
-30383
28413
30439
15257
27220
-24493
-11852
-35656
27410
6049
-32158
24593
-13817
29089
-35123
25981
-23386
34545
-34453
11928
-22697
30856
-33666
-21978
-5068
-34465
2167
-18512
-30450
16984
17806
-26447
34098
13433
27853
-8656
37442
-8510
26311
-11195
-9151
-8343
6932
16814
34220
-28736
-35284
8291
10013
-22648
32770
36666
6311
10799
30478
16448
10748
25834
36404
-32907
-42170
6628
-24215
1655
-35724
6678
-36123
11782
-16870
-32155
-34392
32311
-22259
28727
26592
-39256
39210
15529
-22963
-22188
20478
-26208
-12646
36274
8902
-1166
23668
-19805
31114
28921
16479
-35891
-7354
-18805
-30414
3691
-31558
-24135
1103
-10506
-26550
-28051
19489
-19790
35671
34166
11850
-30330
-6257
10664
-5663
30926
-31548
-17202
-11979
-40963
25004
-11974
35124
-15939
-40139
14827
-28069
-37218
17352
-28754
6978
10307
-19790
-36294
-9676
-21662
3753
-26553
37866
6862
7923
-25413
-17575
6266
32924
-29527
18322
-25850
22614
-38843
-38482
-18299
-27052
-4687
-29536
-22619
-33841
34733
8620
439
24418
-25854
-11500
11971
5852
36072
-38286
-39225
-22682
-16911
24515
2456
857
33631
19780
33497
-23823
14091
3048
21316
38529
-11059
-25614
-24880
-4822
3529
34774
24288
36259
33004
32555
15288
6703
-1805
-22247
-34734
-794
34083
-29205
-1323
-22918
3556
-7188
-18322
-14374
5000
-9475
-39292
2035
-31698
35639
-39559
-22123
-34093
18828
22128
-17801
-3711
-18118
-26907
-3246
22123
29164
33909
8859
-2639
-29845
18350
-21195
-2460
6378
7600
-20835
29258
-5385
-13401
-433
-32183
-35833
-23119
-12609
2778
-16744
14960
38078
-40417
21687
-39515
1025
-25185
36336
29747
12793
-12170
-6025
19780
29606
26110
16115
31143
35179
23091
-20740
-21485
-8748
13103
26518
-35389
-35948
-21149
1177
-36035
-25293
-9583
24083
-7396
-34301
-17978
5813
-30696
31891
-34750
-39932
-7085
-41109
25547
-5389
510
-28337
-15641
11204
39998
24343
-11917
-13256
2468
40428
28801
-38963
26685
3292
-22944
-8630
35551
-22877
17589
27832
34522
34900
4822
34909
12444
-38891
3330
5221
35876
21937
-30432
4200
2780
-15385
-32582
36147
24131
-10898
-5509
12652
37206
-37218
35030
-8948
39391
22447
28383
28338
-32458
-10782
40034
15197
21387
-31126
-39765
-30042
20165
8126
30312
-9537
25798
30491
-36805
-10547
-18157
-5728
-12318
-26790
-1894
-14436
9407
1957
25918
-10067
-15914
-5638
-40260
18721
-22464
8557
2166
-29162
-28928
21367
18460
29703
124
-12144
34569
35754
-9407
24899
36907
30287
6558
-37444
-30503
-29453
-26759
31993
-17610
-15098
-834
-40597
316
40384
16359
10260
41467
-12981
32812
-32629
25793
4368
22834
-27653
10238
-39140
-10107
30699
-27058
16595
7280
2847
-37233
-3903
-34783
-26009
-33622
11773
-25748
-36129
3346
22289
20241
17243
40990
-2925
-21160
-24113
-39987
13153
-20071
-13986
-36189
-8535
-17605
14717
20473
-24410
32311
14589
26419
12837
20276
22292
15747
-33756
9428
8125
34921
-30185
-6067
-30581
12086
-1276
35375
30853
-8945
17080
-12743
-35935
23892
39474
-37807
37323
-1383
-41380
-16629
-8144
-2973
-54
-17639
15064
17103
-3348
12270
36733
-38862
-24828
30012
-36103
-5003
-8596
24036
3664
21705
1303
-24582
12286
-13268
37424
23114
-13576
-30158
-3355
32096
-22111
12251
25985
38346
-21243
-39107
-36829
28378
-8721
13824
-16424
15203
4025
5416
30359
-3936
39224
22925
14548
32751
5420
-39328
-13069
15058
-2259
-38562
-173
27387
-3452
38164
-41258
19636
27093
22168
5578
-10565
14419
14229
7720
7293
20924
18117
27971
24005
38125
-10386
2466
-8994
11967
-3077
22072
-16460
-15574
5732
-2816
-26068
-27246
-2483
9129
5724
39178
39513
-19458
-2223
-23819
-35707
25986
-6234
-30522
36325
14923
3700
2856
-7962
13013
5821
-18851
-36396
1858
-35224
32182
15508
-30792
2962
-33466
-28240
-528
-23622
-2514
19811
8657
-15179
11085
27400
-24406
-32469
-17199
-7734
9226
33734
-37045
15329
-37685
-1037
-22592
-4407
10703
-33086
-5591
3518
13563
11234
22068
17690
15767
-33413
-14104
-9979
-20460
-11480
33262
-11525
18138
20620
-25443
3965
18896
-33022
-11130
2552
163
-9122
16665
-9984
-28767
10533
27821
-12052
-20780
-10821
-9231
5599
3800
-2171
-12191
-17575
26322
-20385
-16071
1518
-20278
12579
25732
8526
-30676
-18218
-38187
34563
35291
-26770
15313
-19122
-39143
23411
-17502
-7415
2136
36100
18445
31308
-12442
34908
-26977
24912
-7529
32185
13252
-7718
2853
-29599
30643
8454
-36699
-39480
11257
-30095
-16233
-36120
26455
-30273
5693
40589
28173
38873
3296
-36282
-13781
-30443
17285
27445
-14830
40209
-20502
-19802
32535
31402
-32126
-34811
-17797
17236
-2128
4313
12024
-6519
-397
26942
32943
1681
-23343
-34018
29286
-4741
-11719
-11487
1768
-12410
24150
29644
27982
37199
-38458
24587
-10015
-25176
14796
-5112
32460
52
6251
14892
-30807
-33584
-24985
32175
29836
6919
35659
-6484
41290
8807
3281
9802
25289
-31893
-3445
-35172
-20622
11694
6243
39658
-29491
21700
-5650
-27287
-15051
-36236
-959
2340
-32229
-29068
-35949
-4902
-16543
-17498
15700
-31236
-30602
16522
-2339
4325
-26095
14807
-23584
23447
7688
16555
-15081
-2185
-12481
9461
-11358
-25818
31251
-1146
40362
914
29722
23869
-6710
-22523
39283
38325
27341
-4655
-2743
36945
7113
-6936
-3652
36845
31056
2409
17114
1448
-14837
-3819
-6040
16188
-11557
38361
19589
-16394
-3060
39643
17308
17621
16299
22683
6000
-809
-29626
-39717
39118
41201
-20175
-32183
41883
5582
-10738
7880
-5807
-8014
-2775
3518
38996
-4508
13171
7120
14602
40329
-16708
28446
10167
-1711
-38457
-26533
-9186
21845
28843
39247
2158
23681
6678
17326
16492
36143
-18170
32268
-6756
-13080
5416
12359
38121
36659
-11549
-29372
920
-36300
13611
26199
27357
29226
-40522
-24904
-9195
-37895
19800
19318
22708
17853
-40623
187
34419
37489
-5319
16950
-25017
24504
19988
25419
5146
4865
3097
-39987
17341
9212
-1423
-5857
-15388
-7572
-26657
32125
-7209
21282
14910
-35418
-28837
21572
39504
26182
36505
-9780
9093
7878
19123
34189
6550
22397
-7030
34332
-1982
5451
5955
-40955
-17708
41341
-8756
17596
39454
-36479
5305
-38615
8438
7534
33861
31663
13771
-46
22599
20663
-13679
-13375
-39164
19295
6555
-30422
-34828
-36798
23245
-30859
-1267
-17757
12448
-15294
33812
32948
-16278
-29271
-18216
28660
14039
36193
1288
-1160
20362
25080
27419
31850
31390
-18232
-38904
-30284
24716
-2745
27076
36303
12902
13028
39564
26046
-11089
-40783
-22383
27428
40413
-32993
24795
29716
-783
20094
25336
-23613
2952
14295
-5883
6012
-29633
-2613
37439
-23257
-7703
38122
30831
33666
-19334
-952
8838
23557
6992
38320
-29219
30125
-35172
-20387
-21088
18657
-20406
-25413
7619
-4004
29582
4319
-18246
35270
-28562
39127
-39800
8213
18018
-30759
25297
-25388
22401
-19247
31134
-11315
11015
-10577
16800
8880
-34901
-5025
29612
28336
-38906
-9599
16958
-9428
24522
37628
-36581
-25078
28692
7716
-29038
9569
-38889
-25855
9193
-1752
-27453
803
-38487
-25882
-23346
-13076
-25193
14357
12760
-10788
41026
2221
25018
31251
6029
41843
16917
-31593
5085
31010
-26703
-33991
38873
5761
-19930
37996
-38737
-26800
-14160
-26667
26296
24537
-439
17232
-39587
14142
-23678
6147
-1660
28088
-6552
-12828
-811
-5578
8083
-7983
36941
-29871
-27922
19194
26777
27269
523
97
-3129
-27903
18110
19266
21282
-18330
7108
655
-5794
2226
-33082
-38112
430
18061
-1604
10316
-26120
7079
-27028
-39584
18547
-10942
26732
-21815
-31752
19383
10325
-38917
9030
953
37813
-15987
-39510
37760
2290
22468
32750
-34895
4581
-8840
-36657
-7034
-30697
-24127
-36930
-24088
3762
-1626
30900
28538
-22136
-12530
33154
-29009
-28216
1345
26154
41297
-12440
-39689
-26204
5126
-33824
-3793
-26087
4787
28122
18168
17277
19494
34801
-28703
22978
23677
-37474
-294
-35389
18811
28587
13494
2974
-1713
-25184
28930
-12578
-24284
-7401
12622
-18840
11969
30458
-40614
-9122
-6072
10363
33423
-1941
-28989
-20385
-2777
29822
-3800
10441
-35809
-19722
-36887
-15081
-30739
-27522
135
2444
33447
7245
-24351
-27340
33235
12975
-31114
-7398
-7676
-11759
-4426
-33124
-20293
-3697
-19602
-40595
-16915
-9990
-11214
34194
17189
21423
912
39321
5830
-9985
35858
-871
-15898
-37809
-3323
31303
-8604
-8887
-32551
39100
-8716
-22702
26578
-31402
-41083
40454
-1323
29899
-21454
10709
-8669
-29188
34269
-33245
10370
-31973
41134
-3578
-5240
-33129
18108
19260
-21257
-8023
-16635
28812
14575
-34970
1629
12136
-18180
12369
34945
37382
5099
12096
14740
-35668
16915
-29018
18770
5014
36462
-32469
27727
37857
-39353
-28161
28677
12009
-1689
-25159
-32038
18312
-31170
-6542
-11323
-26364
-1656
34600
4551
1318
12646
-15244
40314
-29872
5832
-11495
6463
13870
-29820
-5383
7171
23464
-6811
-38930
-39711
4429
8807
8332
27485
-19307
34918
14152
33494
-7660
12951
10996
-8511
-8917
-29595
26892
-16179
13229
-15953
41708
33157
33311
29731
40493
40577
27581
-25500
26100
-36384
-22665
-18809
-19990
-19427
10002
29693
-10057
-35105
-22925
-8005
34464
-3651
22230
-30602
-36372
38235
-1567
35910
-12610
-10732
-14246
-16945
-29598
-24466
-28444
-14894
4541
-734
35702
3331
-1682
-28908
6291
17713
-3270
18868
17740
-9002
-32139
-11897
27476
18902
21064
-37924
32472
40751
-21496
-8621
-37792
11130
-37061
23327
-6071
8651
-465
-2127
-4347
19859
17299
3241
8388
22834
40363
18296
30434
-25230
3549
5273
-30074
-3367
30946
-6324
-3478
19455
-27412
7271
8023
-32784
16731
-19274
18501
-10411
4114
35078
32774
6360
-23800
39280
-3337
2882
-12251
0
0
0
0
0
0
0
0
0
0
0
0
0
0
0
0
0
0
0
0
0
0
0
0
0
0
0
0
0
0
0
0
0
0
0
0
0
0
0
0
0
0
0
0
0
0
0
0
0
0
0
0
0
0
0
0
0
0
0
0
0
0
0
0
0
0
0
0
0
0
0
0
0
0
0
0
0
0
0
0
0
0
0
0
0
0
0
0
0
0
0
0
0
0
0
0
0
0
0
0
0
0
0
0
0
0
0
0
0
0
0
0
0
0
0
0
0
0
0
0
0
0
0
0
0
0
0
0
0
0
0
0
0
0
0
0
0
0
0
0
0
0
0
0
0
0
0
0
0
0
0
0
0
0
0
0
0
0
0
0
0
0
0
0
0
0
0
0
0
0
0
0
0
0
0
0
0
0
0
0
0
0
0
0
0
0
0
0
0
0
0
0
0
0
0
0
0
0
0
0
0
0
0
0
0
0
0
0
0
0
0
0
0
0
0
0
0
0
0
0
0
0
0
0
0
0
0
0
0
0
0
0
0
0
0
0
0
0
0
0
0
0
0
0
0
0
0
0
0
0
0
0
0
0
0
0
0
0
0
0
0
0
0
0
0
0
0
0
0
0
0
0
0
0
0
0
0
0
0
0
0
0
0
0
0
0
0
0
0
0
0
0
0
0
0
0
0
0
0
0
0
0
0
0
0
0
0
0
0
0
0
0
0
0
0
0
0
0
0
0
0
0
0
0
0
0
0
0
0
0
0
0
0
0
0
0
0
0
0
0
0
0
0
0
0
0
0
0
0
0
0
0
0
0
0
0
0
0
0
0
0
0
0
0
0
0
0
0
0
0
0
0
0
0
0
0
0
0
0
0
0
0
0
0
0
0
0
0
0
0
0
0
0
0
0
0
0
0
0
0
0
0
0
0
0
0
0
0
0
0
0
0
0
0
0
0
0
0
0
0
0
0
0
0
0
0
0
0
0
0
0
0
0
0
0
0
0
0
0
0
0
0
0
0
0
0
0
0
0
0
0
0
0
0
0
0
0
0
0
0
0
0
0
0
0
0
0
0
0
0
0
0
0
0
0
0
0
0
0
0
0
0
0
0
0
0
0
0
0
0
0
0
0
0
0
0
0
0
0
0
0
0
0
0
0
0
0
0
0
0
0
0
0
0
0
0
0
0
0
0
0
0
0
0
0
0
0
0
0
0
0
0
0
0
0
0
0
0
0
0
0
0
0
0
0
0
0
0
0
0
0
0
0
0
0
0
0
0
0
0
0
0
0
0
0
0
0
0
0
0
0
0
0
0
0
0
0
0
0
0
0
0
0
0
0
0
0
0
0
0
0
0
0
0
0
0
0
0
0
0
0
0
0
0
0
0
0
0
0
0
0
0
0
0
0
