-30517
20212
-29237
12810
-18088
-19571
4894
4669
-36909
-2192
17789
-11955
6440
-427
-21283
4469
32310
-20074
29069
9170
29594
37556
21937
37247
33591
14814
-11568
41074
-6886
8260
1566
25168
21795
25573
-9221
-35938
-11176
4094
10100
-23022
-35227
-196
-16645
-38034
5827
-33883
-16338
-19434
37616
11311
24884
-10369
11658
22157
-33726
27436
37382
3631
-21211
-18594
6107
-31876
17073
-28349
-4675
13148
-16530
5779
41847
40737
5434
32845
-31683
-33271
14222
-22992
-16769
-14786
-3116
-16397
-4686
-33585
1779
38682
20012
21942
-3712
-3945
13952
39464
-36671
-33295
38027
-8158
-14090
-9151
-20263
-2719
-26423
20316
15812
38906
28245
20565
-24316
-13281
15538
30194
-32175
-155
-32294
-9060
-35414
-35263
-31016
10306
-13457
-31484
18185
13901
-9710
18812
-23163
22143
-24035
13390
-36762
33738
29939
30296
20603
11146
-25637
11519
9139
-2427
5626
-12713
30478
-16898
3003
8264
29757
19289
-10052
16706
32043
10268
-22695
-833
2365
-31656
-798
22446
-23879
-3584
-11044
-21913
-36953
-21376
20643
4517
-7389
21765
24545
3087
-36117
15318
-424
15141
17482
7247
-36293
10209
5844
-38577
40729
-10783
-6379
-23295
34120
-21558
-6844
-2736
-17917
37815
-32679
-36466
28398
25827
19146
-24018
12615
3912
1054
-34000
-25680
32134
13484
-10344
15710
1878
-807
4847
27777
39969
-4251
-19877
-17138
40175
-625
40073
33312
4371
12287
16067
-25842
-7938
-14204
11468
-13191
-24961
-27843
1069
-38210
16902
-4655
35781
-3418
-30160
-17912
-32724
16238
-532
14423
10920
-2168
-7287
-24583
17401
-21791
-18162
30095
1120
-13537
11754
-26210
-9780
42967
1958
41388
-30135
30089
35955
30810
44397
-38017
21522
-294
29136
-9787
-14061
-18852
12662
27984
3072
36847
14708
-10115
-17573
-32622
1728
37055
186
39390
23503
38260
2793
-31375
-31416
-18963
-25568
13424
-31683
41834
-10524
-31670
36894
-36377
26507
8563
7718
-15928
31686
-7599
27134
-20559
3147
2272
8928
16267
-24869
-9990
41379
-13697
-27788
6339
-17756
26454
-6401
14535
-27565
-22300
35775
-3371
17094
-18809
5746
5022
-15890
-27640
27255
820
-13718
-3853
-4858
25347
-37402
-5388
-10991
42218
25862
13444
-7746
31676
-13145
-19446
-28016
-9239
27475
14866
7433
28623
-38917
-13814
19542
-28605
26419
-27304
-29978
-17683
-40787
15582
32664
12541
-33676
19233
-25961
-4275
689
17866
-3162
33796
24589
-18441
-16284
-30969
41455
-4287
-2464
-14643
31706
30710
-21764
-28773
31385
-12380
1633
16911
20424
22806
3214
-8151
-22469
-34759
-25411
39675
-17993
-7448
9601
28171
25700
9053
-22656
14519
-32277
27905
-6898
-26583
-30073
12392
-17542
4456
-30437
-10829
51
-2508
4715
-35189
5106
27119
25184
-16507
30470
-22041
-10606
-14123
491
-36356
9451
16959
14796
1942
41816
-1274
-16821
-348
24908
-11895
20761
37958
6686
-18432
27186
16412
-12214
10402
-27541
-1701
-18561
-11149
24054
-3874
40513
4504
-23748
-5701
-28129
41095
15848
15848
-18077
-1140
-12180
1998
-3113
-1136
18098
27860
-4449
-21578
-10096
-19553
-28947
-17218
41531
22878
13390
37044
-40905
-27963
29925
1805
13630
-30129
-4929
-19685
-24871
-31260
21168
-30799
-9686
-16354
-1743
-30671
-10957
-25450
5071
-36008
41502
13997
-3688
9224
14691
-30535
-14229
-33455
-21543
-7756
24343
5868
-3059
-28926
-33340
-10800
20952
-34749
40495
16479
26372
-37502
-24942
39657
1942
-4541
3583
-8004
35111
-1244
-24204
8760
23383
27656
40700
26806
-37545
-526
-36876
-11280
19978
-5206
38936
42741
-11455
-26960
-34527
19416
-17301
38225
41762
5825
15671
8614
10953
28301
-19550
-35637
-13019
33440
-31228
-10451
-18387
-22729
-7104
-8362
-3637
-16706
29897
-1236
21691
14381
-15380
28623
9170
-14553
-28547
35666
20612
21121
-33740
-12746
29306
4865
-19437
-19843
24197
-26919
-40062
18410
40422
-1788
-33927
36433
-18941
-27362
-33197
25050
1017
24968
-1331
-28421
-8618
26390
31155
1908
30085
10291
-284
25275
-31487
36602
-19049
-25133
27447
-24177
22517
-24924
-32292
9487
-6213
-1616
41359
40881
-419
17770
-24160
-6714
-4398
19677
-28627
-12196
-4221
6648
9151
34113
-34548
22569
28822
7244
2658
-35823
-17195
-5960
-38698
3352
-31714
-21029
-339
-37479
-18116
-17533
36100
-19589
-30175
26984
-13775
21568
-36759
4557
-17862
11864
26053
17983
30076
21207
-25780
24942
19162
43368
-7088
-27079
42312
13772
-11952
-7969
6557
37216
34770
-28212
10245
-9477
-35794
44289
-15763
-34977
215
41780
19072
5232
-335
-30737
12337
12272
21910
-21832
17392
-37769
-31116
-26678
-14474
-37872
-20274
4749
-36148
20185
10679
18649
-21689
-27395
301
18808
23864
16812
22129
19634
-38993
34187
-17395
22216
4240
19780
16600
40778
2596
44273
26296
144
16817
14659
-34780
-14931
-3743
41695
-3885
-32283
43989
-32165
3669
-24460
42350
-1683
-12558
-36897
25290
-14385
-15695
-22051
33572
-31711
-38010
20452
29677
37815
-31182
5412
-30336
28449
33756
-38484
-35148
10651
-13719
-23851
-12942
-15220
26766
-20723
-11309
-11493
12837
-681
-14853
-15121
14073
-39191
-11888
-34343
-4383
-22053
-24595
33727
23395
-32445
-15592
14843
9033
-33432
-36872
13587
42629
-23081
43164
-12166
3880
-23155
5370
44558
-37195
-2322
26470
33148
19296
10111
-2823
-14333
-13398
20360
-34753
19272
-28085
35596
38402
23019
-6514
17930
11984
-37702
-8275
21739
-35939
36910
-30794
18065
39642
35593
11066
-22938
-6650
31224
18211
28506
-39446
37045
-40645
22283
-20352
32944
36994
-17270
-14953
17128
21300
2717
8820
19189
26944
-21954
17581
42105
-26564
18122
17108
-5203
48
-23376
13228
44654
-2260
-16611
6216
-4850
-29501
12935
24180
44359
39504
12153
-12101
-23162
-37185
-38066
-31168
14637
36987
-17094
-32243
36825
-25352
4498
-36062
-8834
20613
12421
20073
-34316
-32711
11290
11448
-32238
-12631
-13542
2330
17490
-7310
13699
27366
30071
21378
28690
-3025
-19474
38521
25630
28161
-14012
-1583
-19036
-4394
-24085
-12130
-10770
-36506
7219
36223
29766
-22920
-26958
-27546
-8937
-25289
-27606
18338
15673
-14562
25130
-8582
-35401
-1645
15118
-25362
-34931
4655
-1802
-24800
4950
37087
-26844
36824
35404
1082
-6133
4936
38409
13426
36993
-15650
19569
2147
-31789
-35440
-38612
-29901
12052
16379
39990
16913
-30464
-23766
-30365
-20353
36556
156
32063
-21369
-10137
-34327
14551
-23533
34923
10093
-1256
-25473
-32604
8123
-18108
20669
1864
-31532
-20034
1333
30102
24641
30236
-24494
-4706
9510
37749
24999
13627
27584
11730
-16980
26185
-41150
33697
13455
-36974
36714
19909
30714
-6765
41206
-15197
-12083
-11659
-3291
-5206
8477
14786
-18544
7282
29256
10113
4711
-29844
-33121
28413
-9780
31500
-25040
34676
35176
-26396
3898
-1719
20629
30025
35280
-29000
1271
-35641
2501
-22968
26241
-9861
-30950
-14864
5893
-7453
17768
-6688
-8488
12570
-18294
36384
14566
-13102
-25131
-39285
19733
-7430
-18349
35421
20074
33541
33478
34816
-20389
15574
-37914
-17204
-29001
34405
31129
2199
-6673
-15278
-30032
38635
10975
-6289
-31049
32841
-4884
38765
27582
-26709
3064
-10014
3827
6626
-34170
18015
12819
-27794
6934
25175
-9808
39145
31906
-1659
36324
-5098
-14561
20516
-6280
-663
3770
9621
-16210
-3765
-27625
30804
21784
-7571
-22758
-14433
-38299
-13319
-3744
26153
-9304
-39816
20342
-12671
-4767
12620
-40135
-35813
-27831
-22058
-29396
-11586
-31503
21252
-35762
-28429
-14049
-23254
19862
8415
31069
-19467
-28945
-21642
34360
-12284
-2916
5539
35164
-2578
27969
-3207
-7588
-23482
-2468
-33712
15362
3326
-16068
4309
9369
-15599
-24328
-1484
-4571
-7043
11011
18054
22895
-35552
-1831
-28528
-12389
-34727
-33857
-14081
-29798
35487
-23693
-14028
-40926
11083
-19651
28193
362
-13915
-511
14282
9073
-41320
18200
-35893
-37898
-22831
14943
23322
39068
-15785
-21905
-11141
17376
-31737
27129
29021
37503
-18694
43674
-11803
1194
43123
-35682
-10640
13281
22103
8388
40343
42173
44410
-18054
11144
6028
10490
-29647
37999
-70
-16029
20163
-10305
-11526
-10365
32357
22514
-6669
-1371
25175
16334
18314
-4124
-38535
-14774
35108
-2925
-32557
-16252
35486
-15322
6751
-20400
-4756
-2608
-30285
39516
2267
-7474
-11466
28217
-39400
-27379
42241
9100
-6948
-36814
5826
-4431
-9644
27884
4546
37896
-20992
18963
33552
-13064
-9963
43773
12626
13543
-7000
-29382
24698
2551
-34173
25045
2041
-1950
-15997
-23487
3889
-4912
2928
7573
36336
-32630
11152
-21815
17670
-33043
16308
2379
40486
-23592
37233
-39554
-320
24111
17720
-39905
3478
5872
-23514
-13459
-16375
23715
36685
-7509
1359
30285
-32130
-20635
14700
40769
-37753
2670
-21957
-39461
13165
-28641
33352
-7289
17497
34886
31371
-5371
26019
-6756
-30091
-30180
11789
-12729
27356
-21445
-19908
-7506
-35046
-6200
39255
40507
-10010
-31312
11208
-35940
38352
-10515
-37033
32581
-36365
-31828
-1569
-8088
-18635
-4149
-21626
24845
-6212
-20438
-17364
8005
-24740
10584
31790
-34287
-16976
23816
-17406
13666
-6655
37813
-14895
18156
-5748
-2295
23033
3850
29856
-2526
-19862
38028
-1183
31199
-24411
1809
-29214
40634
1649
-4131
-27326
28515
22759
7442
1568
4270
14736
6118
24434
8503
1720
8199
42195
-22922
41590
-2769
27285
-442
-9333
-30409
13882
31432
-41493
10887
-38878
23626
-7372
23326
-19687
16572
-6948
25503
22243
562
28738
-38124
-2461
-37627
20300
-19186
-4177
-39143
-1262
-15831
35801
-36424
-3269
-35125
-19546
35228
-3581
-33360
-9382
-32669
-21157
-37720
-22258
29975
-32185
-12157
31127
17972
7096
0
240
-37766
-38816
-10147
10566
22773
26801
39837
-37893
-28016
12457
-4005
-35698
2109
32727
-30961
-22879
-33494
-37413
-35440
40187
33925
-39148
18527
8514
30567
21441
13691
23882
2233
10097
-30034
32139
-19267
37406
-17372
-16805
-34698
9592
-3749
-28913
-1699
27417
-37326
-9420
30904
-31651
6429
-20342
-35385
12505
25515
-16335
9258
-20499
15768
37130
-39828
218
-31314
-35545
-12417
-32840
240
11257
9023
-27393
5140
15304
-38443
22684
22738
20014
-4545
-14196
27930
22207
-33420
-7023
19418
-10813
-25736
17781
-36661
21577
9260
-7039
-17944
-34107
-1286
11175
-28515
31492
7002
-5214
-2712
-12657
-9470
-21369
-12038
-32749
-39576
7756
-2228
-38068
29698
-17225
38009
-31750
35016
37291
-16455
-30451
3580
-6310
-17083
-32548
24408
35796
-20672
-37162
-32978
-40148
21272
13911
4582
24588
-19279
22771
7245
22605
28173
-10589
1308
-39646
668
-33738
-19920
-28657
-13898
9057
-38123
23562
-38502
-32161
-1563
41496
-11267
-24341
6143
43011
33461
-18453
-6326
-24028
-37350
5056
23406
-6456
-21210
2073
17469
19882
-6944
39132
-36143
4311
-33694
29582
-33653
11046
14138
10321
-35993
-42096
-12122
8018
28031
-39678
-32208
27114
-12173
-6915
-39336
-21047
-6812
-20222
-42470
1555
-37405
-8683
-1094
24967
-2858
19076
-16396
-5661
8983
1338
14880
-29276
-32240
-5082
-31297
-11605
-30633
26136
-18795
31668
34634
-15127
-2641
39273
38996
-32776
19727
33305
36604
-13576
36427
-2087
32907
8108
-20955
2505
-28097
36355
-34557
24808
-7068
-19100
-18182
-11039
-13588
-38701
2901
25945
26997
-43142
-19745
-40352
12214
8951
-43543
-21584
-16031
36428
38743
27139
-14034
18169
7863
38462
15704
24425
-25169
-34210
-21028
9318
-25177
10701
37579
-1358
-8209
6243
-23087
9034
34294
34599
20077
14306
43972
-42455
-24601
-13205
-40599
-8763
34134
-27713
11520
-18896
-40232
-14403
34051
-20875
2980
-21910
-10649
-27766
-85
11198
-27314
-43305
15111
19443
-20158
9180
8183
-20532
-51751
30423
-22706
30305
-41867
-12029
-41876
-30239
29053
16955
20170
12557
-22646
12616
7602
-26294
22248
-832
19075
41952
16770
-7915
28680
28754
39340
-4755
-168
-8028
-10640
1392
-26789
30338
27260
13145
-4972
6278
28507
-33633
-920
-270
19817
-35611
-24739
8756
35117
30927
-26649
-19367
8652
-47458
7115
15311
10995
1439
30484
-321
7086
-8403
13318
20022
-9645
7464
3143
10475
1260
-30194
-6512
24962
-35066
-6451
18536
16021
17206
-17040
4891
-2174
39473
9143
39015
-33378
-28961
-26281
-19156
-28162
12053
-6275
90
-30554
34158
36444
4313
-416
-22410
-24624
-10460
-38288
21302
-38874
-37868
-22030
-24040
-24902
-5824
-21458
-666
-25843
-2187
-27912
15864
-29
15269
-24214
15766
-12662
-12266
29732
5728
-47188
15219
-31250
20717
17876
-17805
35628
14147
-2842
-3158
-2932
-12501
-32780
-30991
-10910
1091
4114
-18767
-24367
-16944
-7640
44473
42474
-20452
31729
43026
19851
5986
37070
12911
-14910
-17421
39929
12305
-44475
29261
27774
10938
8762
-19319
23681
6731
14999
28110
-2921
26681
-18022
24042
12381
-21465
-11433
7603
9894
6214
-22258
-43159
-8639
2643
15651
-26783
-9327
8883
-3620
-41175
-41898
31745
-36915
-11385
2776
-30734
-671
16552
-12166
-6157
-15736
-31975
109
-9382
-7789
2368
-18917
-11186
-14971
27458
7995
37066
19844
-4709
-2671
24693
30201
-22868
-5436
-3564
19254
-14027
-34316
-21944
-10910
15380
-45783
-5828
5720
14747
-35507
-340
9498
5749
-22399
-27409
2335
-22024
-1009
5432
35463
-29597
-1202
-36337
19854
-43693
26200
-1288
8628
-5656
-38627
600
-20784
2640
-10518
32647
-10041
-37211
29320
38301
-19142
-16603
36022
-33038
29817
1626
31448
-30794
-34671
36214
-35279
-28925
22734
-4323
29201
747
6735
26051
-10897
-5239
-16843
2090
22523
-43072
-25777
-10897
-24129
-46597
21014
16997
-15203
-7284
-15564
-39863
-40746
-16911
-14153
-83
-37924
-38140
13694
15373
-10667
-36996
8321
6283
3177
-12413
15913
-26255
-6581
-40315
29763
33894
5819
-15756
-6235
22012
-2731
-2506
6566
1881
-13119
-1981
33198
3574
36160
15906
4797
7944
10594
-18253
22494
-228
-3304
19398
0
29972
8719
21776
26556
-10472
18950
6758
8120
3339
3149
-10258
24546
-32590
-38273
-17313
7272
-31169
-32799
-11491
-29808
-15523
1109
-17979
-24755
16636
-41158
19514
9020
15677
36176
16869
36063
36097
-26571
-25235
-7083
28362
21393
-28881
-24160
-11952
-22834
25486
21518
20931
-29394
-2082
-21925
-538
-20254
35787
6899
-8874
-34251
30203
-10187
-6959
-4290
-12155
4128
26733
-81
-193
24833
16701
-42708
-35302
-40797
-44360
-29793
-34471
11545
-38518
-36429
-12762
-20162
-27488
37226
-7698
-2016
13929
-36529
-15945
31657
-25031
-7640
-16654
28520
-10121
-40981
-41471
-33674
-18886
-2085
-28114
-4640
-31447
37790
-1760
5325
-36105
-26840
-15449
-10694
8505
-10459
-12321
14983
-41800
17488
-35504
-14041
34658
-17944
-12773
-14521
38458
21030
33732
-20746
3599
5353
25513
-30000
-10653
7428
-8910
-1269
30089
10354
18584
-38509
21302
3278
22596
-2160
33900
16088
-19939
-10608
18430
-33927
-716
-4954
24620
36636
-10636
-37515
11986
-24499
32403
6023
-38868
-35518
-15800
9025
-646
13702
9852
-14378
22772
10606
-30590
1024
-15445
1266
-32380
-25690
-34165
19566
-34390
-38747
-13010
-22635
9821
33474
14423
-1155
13282
-31809
32515
17437
28954
33134
23139
-38001
-13672
-35866
-36704
36005
36533
-9634
24643
-34895
34936
-21694
-3498
36730
-12980
28587
-6986
-29050
-12538
17859
-31165
-18049
-36400
-24659
-17962
17669
-18631
24197
-15399
4920
22691
22605
11651
-9549
595
-14902
-10301
14792
-30819
31295
-14989
-7355
-3786
16134
-16628
-40754
-20954
-40609
-14573
21395
-12814
19613
-32240
6006
8815
5728
2132
-19072
35572
-5875
-26846
7328
16682
-6922
30381
-20316
-24473
-15598
-24906
2625
20624
36778
3066
8728
34201
-28254
10421
219
31495
-21507
6678
-4702
1692
24841
35267
-4966
37807
36949
-39494
-31886
24162
14123
20424
35929
-23375
-27300
13084
-21570
-36353
7707
38138
-20893
37010
10417
-32591
38716
33716
-30778
20992
33445
3176
-1447
-2795
18224
34148
-31920
1619
8401
-29533
36956
26746
39692
-36170
-37085
-25243
6945
30986
-24067
-3259
-36702
15987
-1018
40708
-11475
-2365
-2719
23678
9094
-16581
37383
-16387
37296
-24667
-10451
16717
27808
-33200
18658
23859
-35259
23924
27499
4621
21783
-6625
-5720
10592
15104
-30716
-19862
34698
-31541
-22627
-11012
-37581
-8410
-25594
-35300
9770
-27349
-20028
-24587
-24475
10371
39723
-39180
18877
20283
-30966
-31705
13519
-14198
25978
-5510
349
28121
-32856
21773
-27934
31462
-9451
-39332
-28356
39064
15622
-17688
-23032
-10725
-2611
11815
-30278
22634
-688
21928
-30360
14364
25022
-8889
-9816
-12108
35955
-19236
28053
-22816
8773
6968
9421
-23252
33682
9630
-5961
-2617
22383
20673
-22702
31640
-34289
-30727
-27648
-20622
38613
25866
-24503
21574
14492
14876
6442
1578
22420
12667
-28156
39661
-1289
13398
-28522
-30924
7101
9581
12170
-14228
-20661
1668
35822
26574
23069
-33666
14375
33515
-4934
-36305
39946
1629
-17324
11583
23325
313
-949
-19225
822
14513
20345
-4175
28994
27223
20877
25563
-32890
31254
36112
-14823
15921
-21584
-42772
3333
-5026
26005
16560
-22215
36539
30368
14155
-25397
-12018
-33035
24233
-30388
-7902
12285
38982
-41528
-41471
-37255
28540
-12451
21868
-14627
37103
21998
-18557
-24983
8952
48
-8488
-29624
-39246
-4710
-16206
27622
-38907
-13671
-11200
-7753
38367
-14480
9257
-16862
18437
-31388
8100
33940
7955
-961
-21113
-30750
34736
-2775
7194
15571
-3981
9436
-37706
32559
24119
-34406
21378
22324
31575
34389
27058
23901
12767
-7208
17031
20279
-3345
288
-32818
17215
36737
10812
-8826
21697
4452
37126
-7812
-10146
23855
28027
14748
17211
-23389
9320
-33200
-24632
10875
-17964
22383
-8157
-2545
19089
35999
21210
21588
13604
-866
29995
-17145
-12671
19280
-42411
24335
18514
-19108
-27234
18155
36742
-42864
-32553
-3698
8622
17975
11039
-3757
-9838
25755
-26209
-8143
-29370
-26154
2089
-24725
-32713
11136
-40634
4671
-25640
-6330
8998
-13508
39318
-35557
29225
-37832
11000
-32442
37809
5305
10835
-29327
-40786
26596
-25290
5360
-11111
-37201
-13768
-12667
-35480
-36696
-37838
36802
10988
-25362
5045
14238
11895
29195
-19504
30659
-2013
-9158
12643
-39391
-30158
-16482
-39109
5612
36476
-9182
-34331
11183
10024
-28431
8633
10923
6989
12693
20369
-14064
-14926
-32246
17366
40168
16313
16363
-24941
13724
-31666
12551
-14617
31858
13433
-9893
-12077
-3222
30534
19698
2026
-707
17069
4500
-22679
-23579
-41822
24859
-19706
-24188
-21049
-22903
-33590
-26497
35476
7833
-11101
9850
-29930
14694
-35273
33388
-962
20546
-41334
-33525
15762
-20310
-12166
-29055
3484
29116
-43204
-35272
-21267
-20767
-5100
-24344
10804
-40713
-32070
-13919
-40752
-41234
-15174
-16579
35756
11499
31812
-35665
23410
17774
-16562
10157
-31085
22380
-29401
32276
-10794
34485
38365
40343
-23980
39664
-19162
-27513
-35515
-27365
-38714
-24312
-24478
-33645
4800
12894
37367
2143
14832
-41896
-35395
-34280
8286
-38243
10458
17879
-9484
24402
-24751
-12894
8150
4468
-13943
-23491
-7976
34327
12231
32230
-12510
3917
30997
-9369
-25089
31356
28160
915
-3649
-35337
-31399
24213
-32762
6663
-31287
-30861
-30961
-10226
-20652
40033
9481
32653
13139
1223
11931
34269
33722
19242
9734
-13964
-413
-29227
1696
38636
-27490
30200
-29118
33667
17838
-33571
-39758
-21864
28320
1669
-39848
-42382
-36587
35248
1127
-30764
29353
-22914
15369
-27345
-3911
-40456
-1493
23337
-26813
26951
13553
6166
21182
-27879
13745
36547
-20172
17736
34657
-24886
9220
23200
-2159
9639
19736
18096
-20521
-11404
6966
-39834
-5529
40401
-34984
33911
-26261
-10277
39340
-14006
-40369
34892
2026
-19474
659
28908
7670
-12438
3343
-24650
38875
32488
24542
3880
-14944
-857
-29859
14833
-10463
-15537
28139
34813
-16772
-31715
23979
9622
20275
-3582
-8757
-29988
17496
39872
26779
27799
1309
32887
38309
38203
-13650
21822
22160
6233
-17737
10033
15013
-6403
39299
-20406
39222
12451
35163
18052
-40200
5091
14270
9057
35234
27122
-6151
37957
-11238
-37872
30764
8639
11408
-27327
-21767
-15783
-23469
-32018
-38644
34872
11736
-595
-30808
-3173
8725
35565
12784
-36482
37660
16708
-39252
-31354
-8054
-24785
25927
-41044
30805
-35952
-25723
-12544
-22296
-11583
4335
-12028
7917
-10628
20453
-18021
239
-41324
30952
-11630
10291
9376
-38986
-22205
8586
39270
-1297
-15406
-18195
-36899
6056
33878
-30811
19619
32464
-17643
-41809
9405
-38035
13573
16076
33854
-7098
30544
-34227
-15224
-18346
-39433
-22920
17899
-16915
32199
12506
16864
19761
-40393
37633
6533
4603
-44384
-9094
2090
26547
-31587
-8173
-11045
-28464
-35380
-29261
25719
35576
38138
-8625
27094
10223
-37815
31039
788
-10047
-23441
15537
26211
-31732
-39817
16145
21230
27504
26074
-19486
-3468
9119
17505
-29536
-41707
35471
2212
24685
-7226
29379
17521
12921
-11304
-16082
-30469
-15381
-28774
-40255
-26881
-28745
-3708
32077
-19688
10140
-2656
31709
-36161
-6322
-13618
5213
-41726
-12546
29840
-30054
14777
4927
5433
-22812
21327
9850
30815
19757
-3697
39917
-17418
-2929
31512
-11747
28415
-37506
14730
33070
8916
-1827
23158
-4288
-16788
19915
-6087
-21144
7687
18128
34603
34064
-4093
-25485
34482
-23267
-38362
-22815
18014
20368
-41059
28644
14527
-7675
-43213
32975
-32294
-15936
29423
7769
34795
-20046
-14960
8669
-37007
-3179
-24365
-6150
18779
-25246
-37318
-10826
7724
14407
-28379
-10255
19780
15460
-34034
-28320
-28078
-23305
-34110
39328
-25496
-31450
27619
-6847
9698
-25431
-38835
-10377
-11176
-17912
32002
-23054
23705
-33413
-15307
21836
-16510
27872
26310
-9266
9282
7649
744
-10969
36313
-26060
22046
-5029
-21123
-38980
-39670
-35783
-30525
-7268
23032
-29375
-41877
26410
-22373
-11643
-10994
-16215
20168
-22716
-7359
39585
-155
-7549
38537
27598
-34346
-800
19189
28745
-4250
25613
14406
-17015
34867
-32867
38272
27809
30794
40263
-4259
25618
10583
-19965
30008
28544
-37894
-38261
-27852
7125
25228
710
-34160
8716
-34997
-9515
-6639
-39164
6917
23698
-41403
-35694
-34319
7889
-25305
-4063
37276
-11277
1738
-30763
-20007
-41964
5886
-33906
14761
-18283
-9229
29404
-29143
-27309
-39416
16053
-26746
35514
35689
-7302
-22180
14945
30612
15052
-14056
-2347
26107
-37981
-13448
-21908
23229
26727
-40092
-34469
37142
27601
33539
8931
29419
-20225
31022
6988
-32543
16831
34646
-32897
-13121
-34189
13031
-41857
-6404
2252
10791
27805
-21447
-12268
31648
-19547
-6080
16684
-40884
-5056
-33976
-27887
19229
35641
18390
6837
-36714
25787
28309
-32257
-25229
-34907
16708
8611
4981
17528
35933
-16436
28287
-30790
-26847
-14022
-33791
-9578
13999
3464
-20517
-17891
29613
23278
21850
-27169
22200
8231
-24491
20166
-36707
-15856
-39575
-21081
-18984
-28044
-15128
16658
-10337
-1127
-3689
37110
-31181
3034
-30708
-22427
-2762
14676
-9541
38076
-16212
-22008
10747
-5810
-20183
-42867
-3794
13971
30926
-32234
-31582
-14654
-17215
-28205
38940
-38126
-9457
12245
-6749
9898
40432
37867
19966
-5606
-7997
-40193
-41186
-35230
36839
-5192
-10671
-28413
-1381
-21300
11555
16146
34333
3549
-36546
36980
37273
-4719
-9556
9966
20677
-29905
-23365
-26847
12315
36767
18170
37577
-5759
-31290
-12019
-31052
4203
34283
32366
-25454
-33307
20041
-4751
6857
3333
-34127
33373
-28909
-7741
5598
-29240
-23096
30142
0
0
0
0
0
0
0
0
0
0
0
0
0
0
0
0
0
0
0
0
0
0
0
0
0
0
0
0
0
0
0
0
0
0
0
0
0
0
0
0
0
0
0
0
0
0
0
0
0
0
0
0
0
0
0
0
0
0
0
0
0
0
0
0
0
0
0
0
0
0
0
0
0
0
0
0
0
0
0
0
0
0
0
0
0
0
0
0
0
0
0
0
0
0
0
0
0
0
0
0
0
0
0
0
0
0
0
0
0
0
0
0
0
0
0
0
0
0
0
0
0
0
0
0
0
0
0
0
0
0
0
0
0
0
0
0
0
0
0
0
0
0
0
0
0
0
0
0
0
0
0
0
0
0
0
0
0
0
0
0
0
0
0
0
0
0
0
0
0
0
0
0
0
0
0
0
0
0
0
0
0
0
0
0
0
0
0
0
0
0
0
0
0
0
0
0
0
0
0
0
0
0
0
0
0
0
0
0
0
0
0
0
0
0
0
0
0
0
0
0
0
0
0
0
0
0
0
0
0
0
0
0
0
0
0
0
0
0
0
0
0
0
0
0
0
0
0
0
0
0
0
0
0
0
0
0
0
0
0
0
0
0
0
0
0
0
0
0
0
0
0
0
0
0
0
0
0
0
0
0
0
0
0
0
0
0
0
0
0
0
0
0
0
0
0
0
0
0
0
0
0
0
0
0
0
0
0
0
0
0
0
0
0
0
0
0
0
0
0
0
0
0
0
0
0
0
0
0
0
0
0
0
0
0
0
0
0
0
0
0
0
0
0
0
0
0
0
0
0
0
0
0
0
0
0
0
0
0
0
0
0
0
0
0
0
0
0
0
0
0
0
0
0
0
0
0
0
0
0
0
0
0
0
0
0
0
0
0
0
0
0
0
0
0
0
0
0
0
0
0
0
0
0
0
0
0
0
0
0
0
0
0
0
0
0
0
0
0
0
0
0
0
0
0
0
0
0
0
0
0
0
0
0
0
0
0
0
0
0
0
0
0
0
0
0
0
0
0
0
0
0
0
0
0
0
0
0
0
0
0
0
0
0
0
0
0
0
0
0
0
0
0
0
0
0
0
0
0
0
0
0
0
0
0
0
0
0
0
0
0
0
0
0
0
0
0
0
0
0
0
0
0
0
0
0
0
0
0
0
0
0
0
0
0
0
0
0
0
0
0
0
0
0
0
0
0
0
0
0
0
0
0
0
0
0
0
0
0
0
0
0
0
0
0
0
0
0
0
0
0
0
0
0
0
0
0
0
0
0
0
0
0
0
0
0
0
0
0
0
0
0
0
0
0
0
0
0
0
0
0
0
0
0
0
0
0
0
0
0
0
0
0
0
0
0
0
0
0
0
0
0
0
0
0
0
0
0
0
0
0
0
0
0
0
0
