36393
-22528
-29717
-18294
-34336
37175
-30222
25668
-23528
-35247
-17731
27274
-1599
17681
8086
-34122
-1773
-30918
15480
-11275
27369
13482
-5185
-4132
14912
7317
7870
33992
26411
22672
32004
25301
533
38108
39920
-23665
-11216
-6648
28179
-15796
929
-22988
36548
29430
-31059
-29810
30800
-18033
-3756
4397
20
5623
-12258
-27606
17675
26485
11456
-37060
-32879
-26314
28283
-7465
101
1190
22544
173
27651
31210
11391
-28072
6846
-32727
14951
16705
18898
12541
19669
9078
-11594
-31079
30640
-28235
-37518
-12988
19422
-11768
-31851
-39631
28091
-39972
2242
35191
33431
-39350
19938
39224
-19797
1249
-39104
-40218
15144
-15155
-37135
2592
21147
37657
28940
36114
27863
-34161
6785
40204
-8511
-36361
7363
-33816
9331
-24124
-390
-32529
-19259
4430
-34383
-10557
40420
24312
14479
-39234
-13981
21542
-91
26548
18053
-38697
-17008
-23720
-7311
-5380
-228
-32085
-9989
35231
-21750
21215
26884
-21751
-19063
-9295
-9528
-37461
-26812
-18266
-38591
18562
2227
-19142
41093
-28148
-23188
16171
-2857
23564
31809
38394
-19878
36638
-11863
38642
-35530
34773
18733
-12111
-15540
17472
-28876
9439
19803
-38289
9460
28978
38872
10926
8516
6074
-9014
-7502
23056
41181
-32031
-34602
13554
-3169
33339
-7386
-10542
25130
-33999
23963
26525
-15380
15560
-34576
-34740
-36643
-10632
1695
2171
8696
566
-18418
-4305
24357
-9913
14124
20472
9101
11343
18277
-29197
-33410
29166
6392
-9217
-16002
36076
-3459
24372
17962
-30007
-6449
-26186
-27506
916
4791
1272
21078
-23498
-36787
-24164
10499
16967
36569
-11836
14391
23293
27447
13591
29859
-7536
39143
41961
-15247
1173
22913
-35145
-30517
600
40738
-36364
11873
23541
33436
29017
14847
-36762
-30206
-6559
30179
-28948
23175
-5551
23187
-7290
-5599
4940
16934
23065
-36903
-24542
20467
-12743
-7713
1825
19450
-7768
7824
-32424
-37234
118
-5708
-14437
-24333
-34093
16652
28792
-27963
3315
30573
41604
-18152
41499
-25000
17601
24022
-9606
41580
-31628
-31680
-32345
-36355
-14147
-36214
-35044
-7369
4329
-33222
-8283
-35875
-11275
40915
-7598
8043
5670
14857
34324
-16109
813
39976
-31080
16259
-35819
401
-39124
41490
35155
9395
41178
25447
31922
25167
569
10173
-3200
39160
19925
-26179
25024
4562
18546
22048
36068
28546
4680
-9791
36453
-6706
40167
18480
-36692
-23090
33318
23004
24172
-20296
-29667
22860
35473
-36541
-9009
35852
-16833
41297
-21139
40304
-11538
-12741
20970
-30508
23265
-31184
-12645
20111
-33066
18377
40820
-11031
-34388
-40256
-36005
-19671
-24469
36327
-18787
-8624
33277
-10322
18217
4108
10616
-1469
9725
40578
-20299
-34546
-16208
38827
-37314
23373
25189
-16820
-35725
-11855
-37260
28756
-3405
34336
-1662
19646
41468
-12175
2511
-40024
26700
38731
3456
-34056
24749
14402
3359
-21917
40940
-33684
14853
-4762
9458
27287
-37239
-12791
-20622
-25779
27580
10362
-35741
-31347
-33319
10815
3080
-7154
22532
-2888
-5968
-24990
11500
-37729
29821
19335
-32949
972
-13101
-36245
-26164
15535
-37969
-21212
25641
20334
29323
1175
-17711
-26283
-32157
-19186
-5764
29589
19058
-19846
17222
-22172
-12096
-2072
-8768
-35037
-18915
-33585
-11917
-35201
3414
24932
-10687
-21284
-36596
26635
-23765
-39740
-4394
-12792
-28522
21532
-19018
-1952
5269
3629
-34805
-28352
1074
28703
-38856
34230
13238
26318
1514
15881
-40087
-26828
-16395
-23885
-7828
14271
-8505
-35470
30647
-30679
-17797
18837
39681
30133
11356
24422
29959
-17265
-40150
-3494
-18957
4178
-27623
291
-3432
9016
15664
17914
27886
39510
41144
-40403
26863
-8728
-31952
-23872
12049
15640
-34728
-4859
-31498
-18654
7823
-39289
-9183
-36661
5592
-10282
-13264
23559
5062
1810
-31968
-22557
14010
27047
37781
-34682
37453
24861
-31906
16956
28126
-4915
2121
2409
-1834
-34536
4778
-14502
-9151
-2804
41930
38426
19423
-4405
-39440
32560
28449
-37404
-19374
9920
37659
-35782
14606
14643
-12332
17209
3829
26433
14142
-25558
-8959
39718
-4276
39559
-3558
-21908
-34173
23360
-21773
6042
-24710
35942
16127
360
-34490
28129
-19653
-26892
-16364
-15285
-29007
12436
15207
-8981
-23070
-4791
-9311
-27822
31537
-13332
-38840
5931
-27261
27359
-34929
-35669
8886
-11499
41063
-11270
38059
2265
6437
31598
3201
-10873
35118
32037
14796
9880
-9151
36669
-23196
-22299
34985
12344
-3246
35605
-26178
37131
21349
-7820
35947
19719
-36466
9046
30631
25361
29586
37854
40645
24685
-6511
-17103
20009
-30326
7374
-16406
73
-21724
-10399
5241
12067
-36383
-13040
42468
8192
29460
-3710
-15687
32165
5931
-1150
12481
11070
-19308
-4480
30814
-9120
-13631
-31126
-19389
31985
-14001
2863
24898
1617
-30046
30483
-26659
-25314
-28431
27474
-40626
-39678
1110
-29655
33028
22132
-860
-7467
33867
-16190
-1633
-1386
6244
-1682
-7313
-19624
-37731
30345
-3267
-19525
8782
38725
-11811
-1847
-13947
34021
20355
4435
17108
-12306
-3944
-29036
35416
-23918
-1639
-18003
5365
-19814
34567
26669
-39524
-28659
-17812
7276
18661
-162
-14422
4196
-23619
-26002
-39012
8852
7651
3934
-27483
33704
-5949
-1652
-26762
2946
-13110
8296
-24400
-6761
11947
26391
14207
2776
16756
1803
35936
-3696
15685
-7154
-9239
1208
-33569
-5532
340
23924
21966
-17574
14732
-34255
28521
22673
-19896
26451
-30663
-26671
1283
25546
15443
17641
-1596
5721
20502
-8472
24871
23200
-23741
29675
16671
635
24879
39565
15377
-5904
-20852
-4180
17356
28733
-27538
-20219
-14002
-38159
23817
19329
-37589
-10552
-30803
18696
32144
39268
-33060
982
13212
5237
-10692
-22550
16096
-36509
24189
-5471
15624
24417
-25367
38184
21461
-2211
7619
14688
22981
-33856
40914
42372
-17768
-14072
-36088
-1176
12390
33067
-3591
16117
203
-16897
35265
5438
-2557
3883
5426
-1892
5359
22095
1830
20400
17234
1659
19910
7660
25511
29241
16620
-20358
6011
-24776
14496
-5183
13902
-6416
2427
31085
-14225
-18098
-3664
-30547
-31517
-19203
-28717
-8769
15037
-13895
19371
-15601
-37347
42261
18460
-14485
38262
25914
41535
22059
38437
34007
395
-11834
22935
-12864
-7279
-21716
23546
-22001
23030
-27495
-24462
-28409
31125
-10240
-10781
-12819
-37543
-26876
-4047
-38055
35357
40819
12294
-34069
-39135
39916
29621
-10492
11432
18390
-34839
-12164
17110
-13800
-40511
-34129
7401
-33641
1948
-39457
-29339
19035
2443
-8077
-31939
-32391
12655
39561
32890
-1728
-14809
22900
-32901
22819
-36932
39963
-3262
-33428
36590
29027
26394
38922
34307
-39559
-34347
40615
-23429
-38294
34387
-2673
-4108
-11531
20062
19615
31023
-37271
4538
32129
-11693
-13063
27373
37796
-33826
-39111
12475
-12504
20529
-15915
-13777
-25587
32098
2291
30081
23402
26282
10541
-23337
-7504
28674
18273
-3922
-30913
-20297
-6147
-36358
35410
-18009
-26502
-29818
-14171
-15611
-28148
-17379
-17414
-27179
-14625
-23710
-21651
18720
-10640
28784
7763
-29640
11884
-1990
-35389
-39803
36640
31099
-15295
39202
-25507
24234
-16381
20988
38651
18785
-29506
-37776
20021
-17948
-22062
-2274
-22655
474
-9779
-17162
1301
-4972
-18260
70
-8523
4025
33096
-19585
-23655
-33908
24171
22055
29152
33743
-25297
120
-4876
39386
-107
19242
41659
-12266
38172
30005
23457
20641
32601
-24132
15508
29490
-2235
21646
20539
-607
18203
-29261
32926
23983
-39143
-15649
19815
28979
19274
32367
-29477
9461
-19562
-2875
-13106
19005
-37967
-33250
-34231
40592
9309
-32702
-26179
20162
39482
21439
-16447
-25453
-2942
18795
-6321
40191
27257
25173
35922
11115
-19723
-14199
-19101
-5135
2182
-31821
-10209
-18514
27100
-10172
30752
-8448
-6907
1318
-35062
-16974
17899
-6751
-36689
32400
-25681
-16243
-3820
10560
23904
-7781
-30321
-30241
-31159
-22015
35125
35755
26982
-39435
-31929
2198
-31011
-16171
16901
17188
-39438
-26987
-35492
22756
31531
-25775
-22165
-5018
-6976
-2120
-2442
-4003
-30391
-11313
-12747
-12961
-30194
5344
32453
-7662
-1990
12867
1290
-14709
-38014
-29892
-12129
-10065
-20014
-19664
-36839
40508
17882
16908
27542
15911
12039
-6587
3352
30853
40844
38418
12987
-12819
-3972
25961
-37013
-8899
-40486
13334
-29006
-9347
34141
15791
-2180
6718
7593
9176
-6375
-23895
13889
-33243
10901
-5795
-18240
-5208
15253
34080
23418
-36232
15722
7060
-37673
7949
-31246
-19858
19454
-39884
-21962
-10459
-24360
9744
32298
-38865
-6621
20559
8264
26817
13320
-1110
-36344
24381
-24563
28923
36594
-14852
9473
-22403
6737
22395
-349
-1163
23200
7077
40625
-1943
-32412
12778
28986
-33051
31915
-36352
-25654
-39520
34020
-38324
-26038
7092
12965
-26732
20141
-8160
-4697
9045
12721
28324
16135
-726
26409
4447
-9348
-36769
-11881
-7203
-12886
-19209
-39398
2379
-31450
5798
30311
20114
10813
6293
31150
-235
-10979
-16832
-20598
-41970
-28905
26752
-19616
33094
-21616
37645
-36381
-21038
-15094
24496
-13676
18345
-34968
-2639
-27752
3527
1952
-32333
-29120
-4281
36412
16490
40839
-35780
38602
41487
-29978
1353
-13855
-30161
-37012
13567
-12056
-33933
5088
-5618
-9949
-16988
-22676
-36207
-8084
-9159
-20203
-28506
-31268
-36342
19358
-2852
-37856
3694
22589
6614
32296
-23692
23132
-19215
-16554
-734
2876
28808
38603
29444
-17021
-37157
35303
-4328
-34276
-1583
38938
-18956
-21110
16619
8776
2544
-20525
32967
-26460
-9846
-15396
-30406
-22762
-41018
37601
-33906
-27411
-460
-38991
-7200
-20655
-11982
-18162
25688
16271
23863
2839
3689
-9685
-20994
28787
28425
-20606
-31505
28641
401
35572
-36673
-12326
-43475
-17801
17766
-29795
-36438
32025
-27317
-29682
-5146
-40439
4748
17138
-42958
-29709
24957
-608
37416
-37716
26842
-26480
29129
-31181
10273
-37568
2996
-38230
-20085
13271
34797
38303
-23988
14503
18063
16978
31816
30050
-29392
39922
-30673
-1751
-28823
-17796
-17629
11410
16197
-4969
15006
-31182
37133
-9225
9891
5517
32270
-32104
-13865
-7710
-38443
-23275
-24381
24066
14354
-39411
7801
-9253
24914
-6978
-20468
14200
-21317
11358
28326
-39836
27073
26059
-26787
-9922
22721
-16895
17490
23740
10123
8804
-24565
17250
22053
28808
11370
1590
12933
-40757
-30390
-40281
-14210
10085
23609
31050
39773
26530
-20569
21639
-25449
-40470
8170
34653
-25191
12065
-2887
-1187
-36557
-1804
29959
22502
13113
-17937
-17772
-26885
-13367
33600
-28024
-10320
-41923
-23720
21851
32876
-3361
-8861
-27681
14201
26733
-15806
-35100
-44968
-4553
-33208
6065
-41604
14346
-2463
-35229
-11013
15502
4939
-33541
39919
36729
33376
-22764
33793
-11628
36724
-34271
-9373
-24237
1536
7964
-35501
-15058
-9578
-19978
19602
-23716
27065
27094
7438
-20737
-16539
-6486
-5876
13431
-19225
17873
-34776
15794
-30779
-24195
-33428
-3047
-16270
-34486
-43866
-4800
-36
-13903
25273
22874
-43135
-42052
-1930
-28015
-7825
-5042
-25668
-37953
-7539
-1468
-16049
-11395
-21400
-35934
27954
31860
-39142
32196
-12166
23416
4011
-29735
-15857
-30699
16518
9659
-10803
1131
-9374
-10411
-2534
-39466
9936
-31006
21764
-502
-35012
33596
-35731
8383
-26193
-24549
-24197
-39888
-31655
-20855
12747
-23552
-16874
24055
-9952
-1049
27955
-47500
-49259
18086
-22193
-50559
-7189
-15576
29668
-16918
18110
-24360
9889
-47009
14823
-35524
-4771
-29714
25089
-33165
-42376
-19035
33764
22565
4352
-20828
-3143
-39874
30673
-28513
-31617
38312
9444
7109
-1593
2489
6739
13623
35479
40850
19488
-32606
-18536
-4764
-26114
23636
19049
11694
-4978
-3365
-27904
27590
-24709
-3531
19092
-38871
-42135
-10683
-44383
-6889
15281
7031
-9495
3107
-4139
7922
9141
-22380
-31355
-32978
-40352
20442
-7225
-30
26654
564
-5843
-406
-38725
-13331
-18193
38706
21379
-17661
-31785
19007
23105
-35639
-26440
-21457
17136
-9083
-23567
-2361
-33762
-30827
-33667
-15630
10513
35379
-8002
-3474
1712
16336
431
8762
2109
8945
-8152
-36211
-16627
-8163
-37822
-7860
-32702
-31940
-33616
20539
17536
15390
-36820
5811
-39770
22692
-17796
-28225
-41815
-11157
19988
-7909
2249
-33017
-33209
6403
-23614
-21529
33920
29840
15334
-15632
673
-14593
12040
-37319
-8986
5538
33719
26896
-12324
32777
10883
-35271
-3777
3594
-852
-41154
5719
-300
3571
39681
-38616
-4737
-33263
-39462
32622
32357
23131
24197
-18859
29316
-16138
-18051
30147
-42233
2025
-27456
-6269
-29742
-38496
-33267
-38095
32371
25022
32746
-21155
23474
16414
18092
-9149
8320
6150
11978
-33273
25919
-4186
33897
28106
37198
-19196
26885
4725
31289
4791
18509
30804
-38550
25790
-32116
24921
9740
-42006
4159
28506
-37413
-30247
-9552
-26865
39912
-28385
-156
37587
34403
-6371
36902
2739
40115
-16886
30215
14368
14043
-38204
-21628
-208
-37908
-10792
-13699
-33307
36386
1711
-14677
-40405
19337
32013
-38393
31420
-22522
-25080
-41757
22949
30527
-8755
18314
20202
-1557
-36924
454
-39459
28390
19419
21440
32243
-15511
-34911
-6929
15099
9854
-28097
26113
-35140
37338
7689
27239
-36973
28413
-27014
21428
-12117
38499
31372
4036
-10809
-1888
36459
37462
-22662
-22381
32160
-39732
20790
-29359
-27547
-29151
13909
29020
9422
-4158
8216
39427
25943
21981
38740
-17754
-12181
4177
17758
-16360
5109
37492
-9741
34308
-11679
21766
13936
-43926
-42157
10241
-30935
-42933
8144
27752
-20674
-21915
-44643
-28057
-13261
-40981
31673
-3736
23784
-37951
-28058
28682
2949
-43376
23060
998
4421
27870
16503
-22145
3707
41408
24611
10383
30320
12559
-9175
34365
15293
12148
36065
1135
-28695
9706
12224
-30862
-8977
2927
29916
48991
31771
1901
24066
30816
22984
-327
25800
3048
11023
28845
36369
-1199
-25975
-14667
14392
-28388
2685
32063
29377
-13369
10421
-30567
5039
8308
-28601
2494
23004
-34929
16522
35830
25764
21861
-10477
38503
19688
22431
-23856
34456
30882
-19864
27911
828
-16615
35120
-14151
13055
-33884
32718
-9248
-15383
-1626
46658
16670
-21098
49615
-18509
-4026
29854
50704
18453
-28216
-8155
9872
-29686
-22698
-8279
16941
18905
-24043
-33727
12156
30598
35866
14060
-30638
-41747
-35951
35585
-12834
36971
-8826
37654
-26715
-8210
-11660
-8829
27528
-22797
-41451
13270
-18664
36439
21480
-31879
32588
-32036
-25569
-10838
-19839
30452
-10472
37507
6436
3079
33187
-1681
-23964
-33613
-29828
34872
38832
43678
49514
-5820
33468
-28653
23217
27432
45360
-17020
-15858
5606
21620
-7578
26500
32025
22985
37074
-29039
18259
-31282
23713
29668
-30462
-17171
26792
8543
12293
6500
36082
-26762
-18002
-25380
-29642
-4142
5522
-19440
-9110
7065
736
-17554
-26613
35760
3056
-8794
-20627
-38721
7803
-28907
-6580
116
-20778
25234
-24283
10564
22353
11671
-31661
31132
-9084
17332
33348
-31404
15140
-1154
-31140
14786
15169
15625
4613
-13993
37802
-12586
-27439
29702
-19980
4884
5215
13425
2092
-34095
25127
-19824
9125
-22800
-28787
-23789
-39619
13338
32784
4489
-25555
-25432
-21972
-32892
-38678
-19776
-41343
-31272
-7560
-6982
30725
7165
-5442
11620
-30523
19926
11289
-16411
1167
-25146
28082
-33582
40228
4310
43400
-35471
-5794
-24710
24718
-25609
-15327
6009
24400
46451
10461
32714
40295
10339
-5794
-18168
335
20666
-15164
32287
-12509
-17438
32406
2760
2304
-39931
-1389
12135
-12964
24228
-6545
22230
-3966
27869
24505
-11275
9719
-30033
-26716
32395
-28481
12105
11747
-22582
39179
19274
4115
-3303
4606
38233
-19508
1624
8667
13484
-28535
2971
18859
787
31037
-14065
-34334
23101
-34671
37875
924
39783
45063
15146
18851
19378
18704
33313
36175
8806
-1254
20642
21419
-37034
33709
-32296
9936
20295
14995
9120
25954
-33974
17836
11964
21047
30514
-25436
-6978
-26186
27929
15698
31606
-3596
18124
16115
32351
-40917
-23640
19576
-18672
36234
-29364
-19634
-15178
27168
25306
-27339
30754
-24200
-33622
19283
-3631
15101
11980
-27269
-4626
31580
3641
-2586
28133
6391
3414
42102
34928
20459
-17055
-3242
7556
16459
22795
30935
20063
13679
16144
6943
-25006
-15420
-33916
18212
-30523
19144
12401
-32720
4112
-30144
29548
-8494
-7975
8195
-37458
39590
15290
-23770
-40064
-38830
-30682
-2474
-7916
8853
-14738
29229
23698
-2680
8348
1662
-23203
-1170
-13540
32814
13512
41594
-6788
-7027
-27331
-360
38012
-10162
40722
25661
29326
-24499
-14146
21707
-18797
-27178
26026
4679
3163
23657
-12779
9515
-8378
-14467
-3096
-7737
36538
-14610
-15640
-3225
39935
7500
27198
27358
29479
11501
33490
-39022
12368
-41010
38531
-35731
-10882
14768
25574
-23456
25553
5535
12528
36096
5058
-24195
-11368
3401
-2830
25190
-33875
-30716
-13924
-7334
6415
-21320
-12601
-18097
9211
-33016
36128
-10366
10550
-34845
35568
21814
-21459
-14725
15479
36113
3043
-8495
-27359
-10710
-29231
-18014
32414
34706
30185
36923
-29363
32003
11074
4471
28966
-41204
-8710
25864
16261
-34865
-11125
18320
-26037
-4066
-6136
-8248
-10741
17072
23746
-28085
-14774
23680
-29762
-11496
21598
-38551
-10039
24897
-17462
41412
41548
-9204
40223
18647
40484
15792
-18773
-39904
33740
13244
5731
-1949
-902
-14321
21234
30801
-6062
18839
41255
-10498
-21386
-19627
-28941
-10750
6132
36798
-8764
13907
-31835
2945
26412
-40125
17362
-37032
-40
-21336
9347
12072
11421
-23696
-38584
-18735
22620
-8439
-33106
22207
-29073
28007
27833
-28446
21420
-7554
-2153
-8416
-13835
32424
40542
-23425
22578
-38879
-213
9653
11489
13429
-32446
41205
-9158
7832
38812
-37681
-35658
-5328
40893
-29760
-37706
31301
-37892
-32367
-27584
-34669
-4285
22826
-10061
-19491
4333
-36817
-40029
32765
-35466
-21865
-26233
-16875
-19806
32853
21869
-37528
-12536
-9251
28272
-37748
-10658
23807
-24670
-1161
-30274
31711
291
-35269
5250
14505
-11670
11683
23704
6992
-38317
13358
-20670
9865
10447
14148
-7061
-13467
22575
18883
23035
-327
14528
28461
17101
32532
-11228
-39414
30494
-32094
9490
-14109
17903
135
12758
-13342
-9534
34217
15128
-27343
13652
-41735
15405
-21625
-12308
-28069
3872
19047
2763
20133
-16010
-31840
-2736
32700
-12325
-31735
3453
-21760
33108
-9998
39985
-21170
-327
-7956
-14635
29315
-18096
14079
-21589
8305
-26406
34725
28456
33163
-14309
15429
25619
3748
-1632
-5901
39799
-37902
-28775
-27662
38435
7694
9911
34405
13107
-17981
38792
28642
21836
34536
32999
14539
24923
18126
-15687
25375
-6347
25802
12172
9443
-22994
16701
28832
-29500
26084
20590
-29854
-26624
-11793
-25948
12220
26099
3775
-16422
-41321
5142
-37837
-27620
-2777
-18202
11840
10409
-39083
39547
-34580
10202
-37103
41371
12321
37584
24540
-25137
-21965
35929
11390
36513
25133
12636
-30590
12848
28768
-8621
17464
-8523
13344
23503
-27331
-30469
-36114
-16060
16915
-38035
-1208
29464
-3524
18978
-10839
24400
13598
-13261
29765
30281
-7811
-7668
1298
2309
34461
-40270
-26998
-14004
14358
-10338
-1928
33523
-28613
21506
-16358
21581
-6923
-19414
10766
7583
-8109
-20748
18707
34538
-19612
20028
-1045
12156
-17299
3828
-34111
-8759
-39985
7566
-27668
7465
-19661
-16377
29925
-21006
34742
16250
-5306
-36873
-33719
-31573
26329
37885
33845
27275
-10782
-3040
2365
-6612
23641
-17780
-15218
-25058
24157
31705
-25586
-6445
13937
-7763
4638
15927
-34340
-38937
10624
33152
12806
-12204
22080
-19950
-30405
15832
21864
-13304
-39948
32703
-30195
-36916
-29391
-40537
35343
17874
-36742
-32568
8044
284
25006
-18818
-40234
-38814
31971
33325
23213
-8851
-6770
-36509
25390
9341
-31024
19402
-25359
-24299
39302
13420
1245
-17292
11998
-31520
-14839
-16474
28947
-37950
-28634
15526
26627
-15177
-7391
2217
-31546
-13454
-9524
14589
-15022
-16517
36608
19791
10125
10155
-35703
35913
-11340
-27822
-38959
33654
10132
31327
40186
19140
-40962
-39955
21177
31179
-13348
8430
-35083
38291
23679
9078
-20166
-38339
-36567
24842
-28153
1057
37859
-15945
28768
34662
-24109
-15048
-5329
37344
-4001
21939
-34089
-20043
-30978
-30174
2835
-31323
-16642
35132
19952
6494
-29404
2931
-26566
-39396
-36644
-27089
27027
-20796
8528
-6305
-20149
-26945
-21385
-1113
15103
6154
33065
-4469
35722
-27403
30168
-31315
-15789
5040
-3229
17412
17321
-31770
-2973
-4059
25564
-29139
-5974
-25090
-194
-1020
-1075
29960
30102
-18691
25756
3267
35858
39078
-4822
-5144
1938
-39264
35215
31534
-5966
-39686
-2557
3940
23393
18397
36133
-11636
18933
38938
40207
38428
26256
-29964
-9401
-27850
21743
-2947
32986
34969
-7748
27685
-8290
-28268
20946
7925
25858
-3158
-13465
13164
4643
-7162
-24140
38957
-27193
-36265
32016
-13207
-14217
-18805
-12566
-727
-37129
27307
-37382
-19794
5762
-8144
31737
-37056
-27927
-17245
-19562
-40769
29711
-4773
-34070
40112
-16534
29137
10465
-5177
-39945
8713
-34318
14964
-9842
603
13019
-30111
-30588
29431
34660
-26840
-5686
-6475
-14506
30746
1473
26636
-34117
23849
27964
4495
13201
-37128
6194
-11158
-252
-31958
21441
-34857
-36632
5514
-12207
-3502
15293
-29311
37058
32575
-40577
-1691
38103
-40623
22246
-40900
-37065
-8079
-6188
-7725
29936
-9384
20016
3078
15341
17298
-32867
1738
-40392
-36351
-41683
-1966
-17667
6325
9667
-4839
-24516
-4395
-21945
29906
40301
29595
35535
5399
-22075
-30057
-9365
5765
30196
39944
-18224
6598
-6779
-21256
-15703
-11601
29842
13635
-11500
-31337
33767
6873
-21687
5688
-6497
25710
-30939
28786
7278
12585
6998
-12709
25095
17364
38485
-11348
27939
-15868
23873
-6026
-22946
10706
-22447
10607
32200
-23446
2474
-28097
-19803
-14623
-40790
-23159
-8923
-3447
31617
-8206
7876
3407
14599
-9937
22665
15133
-9082
31039
18908
-27982
12
19859
-5312
-22280
-28096
-8602
-18251
-31692
-12601
-26577
-3716
-4525
5014
36382
16090
-17752
2231
2805
-10029
-35489
-34331
33082
-13786
-2084
25885
40084
-37823
-14488
-7319
12198
19095
-19768
-9593
40559
-16652
15679
-19605
30040
39396
-7436
-16801
-34982
3128
17610
4634
-13194
37796
-40347
-17286
-35637
38805
30131
-18749
28405
-25583
-6720
-10453
-24888
33246
-24868
19984
-3706
18598
30093
-33747
-36072
-10996
13906
-38638
22582
-1074
12734
-39604
32072
-24772
-2582
12659
-29915
16567
10436
14775
-37202
22082
-32217
17248
-3698
22818
-21467
16767
39345
-3074
-6354
7579
-13155
35292
37271
13721
22002
35328
2904
-27636
223
6825
22781
6401
6600
-37264
-35839
-19402
-22330
-1469
13456
19770
1190
19957
31671
-13112
5371
8409
-33530
15573
-25262
-8260
-34443
-10303
-25728
-21385
-35481
-13543
-30452
-18551
-14013
-39630
17052
-33841
27881
7780
-34941
-11520
19083
-30660
-36926
37759
-27584
38642
16877
10411
25899
-9263
-24379
29197
-9637
33873
-7068
7812
-5950
-36404
-2230
27309
-15172
-39692
3031
-21533
22373
-22548
1779
-41651
-39516
5646
17183
18778
37343
38241
19026
-16258
26402
1667
-35343
-12886
-15386
35193
38232
20322
14870
-23369
-32261
31432
-21610
18707
-20951
-4767
25529
8183
23022
-25654
-35875
-40323
-17560
18559
-37581
24022
36295
29184
-1244
32400
23702
-15198
36709
29827
-157
14860
-13866
-15221
-721
15078
-36155
-29465
-18525
7570
-10935
-2533
-31157
10166
5735
-8634
1297
-18744
27564
15615
-38428
-6402
36338
-33744
-6876
32364
-35613
-32213
33894
-19390
15179
-18347
0
0
0
0
0
0
0
0
0
0
0
0
0
0
0
0
0
0
0
0
0
0
0
0
0
0
0
0
0
0
0
0
0
0
0
0
0
0
0
0
0
0
0
0
0
0
0
0
0
0
0
0
0
0
0
0
0
0
0
0
0
0
0
0
0
0
0
0
0
0
0
0
0
0
0
0
0
0
0
0
0
0
0
0
0
0
0
0
0
0
0
0
0
0
0
0
0
0
0
0
0
0
0
0
0
0
0
0
0
0
0
0
0
0
0
0
0
0
0
0
0
0
0
0
0
0
0
0
0
0
0
0
0
0
0
0
0
0
0
0
0
0
0
0
0
0
0
0
0
0
0
0
0
0
0
0
0
0
0
0
0
0
0
0
0
0
0
0
0
0
0
0
0
0
0
0
0
0
0
0
0
0
0
0
0
0
0
0
0
0
0
0
0
0
0
0
0
0
0
0
0
0
0
0
0
0
0
0
0
0
0
0
0
0
0
0
0
0
0
0
0
0
0
0
0
0
0
0
0
0
0
0
0
0
0
0
0
0
0
0
0
0
0
0
0
0
0
0
0
0
0
0
0
0
0
0
0
0
0
0
0
0
0
0
0
0
0
0
0
0
0
0
0
0
0
0
0
0
0
0
0
0
0
0
0
0
0
0
0
0
0
0
0
0
0
0
0
0
0
0
0
0
0
0
0
0
0
0
0
0
0
0
0
0
0
0
0
0
0
0
0
0
0
0
0
0
0
0
0
0
0
0
0
0
0
0
0
0
0
0
0
0
0
0
0
0
0
0
0
0
0
0
0
0
0
0
0
0
0
0
0
0
0
0
0
0
0
0
0
0
0
0
0
0
0
0
0
0
0
0
0
0
0
0
0
0
0
0
0
0
0
0
0
0
0
0
0
0
0
0
0
0
0
0
0
0
0
0
0
0
0
0
0
0
0
0
0
0
0
0
0
0
0
0
0
0
0
0
0
0
0
0
0
0
0
0
0
0
0
0
0
0
0
0
0
0
0
0
0
0
0
0
0
0
0
0
0
0
0
0
0
0
0
0
0
0
0
0
0
0
0
0
0
0
0
0
0
0
0
0
0
0
0
0
0
0
0
0
0
0
0
0
0
0
0
0
0
0
0
0
0
0
0
0
0
0
0
0
0
0
0
0
0
0
0
0
0
0
0
0
0
0
0
0
0
0
0
0
0
0
0
0
0
0
0
0
0
0
0
0
0
0
0
0
0
0
0
0
0
0
0
0
0
0
0
0
0
0
0
0
0
0
0
0
0
0
0
0
0
0
0
0
0
0
0
0
0
0
0
0
0
0
0
0
0
0
0
0
0
0
0
0
0
0
0
0
0
0
0
0
0
0
0
0
0
0
0
0
0
0
0
0
0
0
0
