5983258
5985998
5989532
5993542
5997902
6002526
6007341
6012281
6017292
6022335
6027356
6032317
6037176
6041908
6046483
6050834
6054940
6058768
6062274
6065414
6068192
6070549
6072482
6073981
6075015
6075584
6075668
6075278
6074421
6073088
6071299
6069037
6066356
6063248
6059729
6055841
6051603
6047034
6042152
6037000
6031599
6025978
6020162
6014204
6008118
6001939
5995712
5989461
5983220
5977004
5970869
5964839
5958946
5953253
5947822
5942726
5938077
5934051
5931020
5986108
5988640
5992079
5996109
6000558
6005296
6010252
6015305
6020444
6025615
6030777
6035880
6040879
6045758
6050478
6054971
6059201
6063173
6066811
6070069
6072938
6075387
6077433
6078989
6080056
6080667
6080724
6080357
6079474
6078103
6076273
6073969
6071208
6067981
6064411
6060420
6056034
6051355
6046353
6041049
6035526
6029760
6023813
6017720
6011511
6005194
5998833
5992451
5986079
5979741
5973508
5967372
5961368
5955560
5950023
5944838
5940166
5936229
5933394
5989809
5992245
5995738
6000048
6004832
6009814
6015042
6020380
6025821
6031151
6036602
6041941
6047301
6052422
6057394
6062126
6066628
6070864
6074780
6078234
6081413
6083981
6086105
6087761
6088828
6089551
6089765
6089272
6088380
6086930
6084899
6082604
6079683
6076415
6072566
6068446
6063821
6058931
6053724
6048102
6042355
6036354
6030115
6023697
6017313
6010709
6004165
5997588
5990965
5984426
5977937
5971542
5965364
5959371
5953510
5948021
5943111
5939127
5936406
5994026
5996489
6000247
6005101
6010369
6015833
6021395
6027132
6032853
6038661
6044520
6050231
6055894
6061429
6066809
6071962
6076923
6081367
6085480
6089344
6092720
6095695
6098136
6100013
6101221
6101873
6101979
6101733
6100568
6099215
6096971
6094397
6091344
6087907
6083733
6079311
6074475
6069205
6063501
6057666
6051616
6045255
6038722
6032015
6025204
6018309
6011347
6004328
5997411
5990543
5983769
5977070
5970601
5964192
5958050
5952080
5946693
5942474
5939762
5998615
6001169
6005268
6010659
6016451
6022411
6028469
6034602
6040803
6047018
6053254
6059435
6065559
6071569
6077416
6083021
6088361
6093380
6097986
6102219
6105933
6109129
6111723
6113763
6115157
6115944
6116119
6115705
6114650
6113023
6110815
6108038
6104720
6100898
6096564
6091772
6086553
6080951
6074943
6068661
6062115
6055309
6048320
6041175
6033926
6026616
6019279
6011948
6004636
5997396
5990267
5983236
5976335
5969559
5962929
5956501
5950621
5946157
5943394
6003479
6006165
6010494
6016273
6022649
6029110
6035637
6042239
6048898
6055592
6062301
6068982
6075608
6082122
6088482
6094615
6100486
6106003
6111103
6115753
6119850
6123367
6126265
6128490
6130050
6130939
6131144
6130684
6129564
6127789
6125389
6122389
6118815
6114694
6110044
6104894
6099297
6093268
6086860
6080119
6073086
6065807
6058339
6050721
6043007
6035241
6027459
6019701
6011993
6004363
5996829
5989409
5982117
5974948
5967889
5961073
5954745
5950074
5947229
6008548
6011339
6015994
6022216
6028933
6035861
6042864
6049940
6057082
6064273
6071490
6078704
6085870
6092952
6099892
6106623
6113078
6119174
6124833
6129968
6134499
6138390
6141578
6144038
6145758
6146731
6146963
6146461
6145238
6143317
6140722
6137474
6133611
6129156
6124143
6118611
6112588
6106117
6099234
6091991
6084435
6076629
6068623
6060478
6052252
6043990
6035737
6027523
6019383
6011333
6003397
5995582
5987896
5980336
5972892
5965696
5959095
5954158
5951220
6013748
6016662
6021489
6028044
6035274
6042659
6050134
6057692
6065333
6073042
6080802
6088578
6096339
6104045
6111628
6119024
6126159
6132909
6139188
6144881
6149926
6154209
6157729
6160443
6162326
6163387
6163634
6163081
6161732
6159641
6156809
6153291
6149108
6144296
6138889
6132932
6126447
6119489
6112086
6104292
6096167
6087762
6079163
6070435
6061640
6052845
6044085
6035393
6026794
6018314
6009956
6001741
5993663
5985722
5977917
5970267
5963406
5958332
5955304
6019027
6022062
6027227
6034008
6041671
6049489
6057429
6065478
6073633
6081879
6090207
6098590
6106988
6115368
6123664
6131816
6139714
6147240
6154258
6160606
6166201
6170954
6174818
6177785
6179838
6180982
6181229
6180589
6179111
6176810
6173726
6169892
6165352
6160147
6154311
6147885
6140912
6133421
6125454
6117056
6108287
6099221
6089952
6080568
6071165
6061784
6052481
6043279
6034206
6025275
6016497
6007874
5999411
5991100
5982936
5975097
5967879
5962561
5959446
6024342
6027496
6032784
6040025
6048083
6056334
6064735
6073278
6081955
6090759
6099678
6108695
6117766
6126883
6135965
6144968
6153765
6162206
6170097
6177213
6183437
6188697
6192935
6196177
6198383
6199595
6199813
6199083
6197429
6194882
6191502
6187321
6182383
6176744
6170441
6163516
6156007
6147950
6139368
6130310
6120820
6110992
6100954
6090845
6080761
6070763
6060888
6051157
6041595
6032205
6022996
6013967
6005119
5996447
5987933
5979692
5972306
5966826
5963609
6029656
6032918
6038530
6046078
6054478
6063154
6072019
6081057
6090265
6099640
6109179
6118854
6128650
6138541
6148480
6158428
6168275
6177841
6186794
6194804
6201719
6207516
6212159
6215638
6218018
6219268
6219448
6218579
6216714
6213895
6210164
6205583
6200215
6194098
6187287
6179817
6171742
6163083
6153859
6144089
6133801
6123082
6112150
6101209
6090387
6079736
6069261
6058993
6048922
6039070
6029425
6019993
6010767
6001740
5992915
5984334
5976766
5971056
5967763
6034925
6038319
6044165
6051934
6060807
6069917
6079243
6088781
6098528
6108483
6118649
6129007
6139548
6150257
6161111
6172085
6183120
6194032
6204259
6213284
6220955
6227293
6232343
6236102
6238581
6239857
6239957
6238919
6236817
6233683
6229573
6224534
6218675
6212032
6204670
6196639
6187953
6178681
6168769
6158267
6147117
6135382
6123408
6111576
6099982
6088639
6077560
6066732
6056161
6045839
6035764
6025930
6016332
6006957
5997795
5988922
5981163
5975246
5971865
6040120
6043637
6049744
6057877
6067061
6076596
6086379
6096414
6106699
6117244
6128046
6139092
6150403
6161946
6173735
6185760
6198026
6210312
6221832
6231864
6240297
6247195
6252623
6256630
6259261
6260572
6260590
6259370
6256967
6253445
6248925
6243424
6237050
6229863
6221927
6213304
6204018
6194091
6183526
6172270
6160261
6147523
6134520
6121785
6109421
6097401
6085714
6074339
6063264
6052478
6041977
6031750
6021785
6012074
6002617
5993475
5985375
5979361
5975894
6045213
6048837
6055202
6063612
6073191
6083144
6093382
6103907
6114731
6125864
6137306
6149062
6161131
6173525
6186248
6199313
6212713
6226216
6238887
6249882
6259077
6266561
6272404
6276685
6279468
6280779
6280695
6279276
6276595
6272719
6267739
6261744
6254821
6247053
6238519
6229276
6219365
6208797
6197549
6185569
6172761
6159153
6145283
6131736
6118634
6105967
6093679
6081765
6070189
6058956
6048034
6037421
6027102
6017059
6007306
5997865
5989583
5983398
5979829
6050180
6053926
6060465
6069180
6079175
6089524
6100211
6111230
6122586
6134298
6146371
6158819
6171659
6184895
6198536
6212615
6227078
6241709
6255423
6267332
6277274
6285336
6291619
6296180
6299094
6300433
6300259
6298631
6295639
6291374
6285928
6279402
6271903
6263533
6254378
6244504
6233954
6222734
6210825
6198145
6184609
6170243
6155606
6141330
6127556
6114251
6101395
6088959
6076908
6065229
6053903
6042917
6032253
6021896
6011843
6002306
5993610
5987288
5983647
6054976
6058830
6065518
6074665
6084956
6095704
6106828
6118322
6130198
6142485
6155179
6168325
6181905
6195971
6210525
6225581
6241109
6256792
6271553
6284360
6295049
6303703
6310409
6315257
6318328
6319680
6319395
6317553
6314241
6309555
6303605
6296516
6288406
6279396
6269590
6259064
6247865
6235997
6223426
6210074
6195850
6180794
6165455
6150519
6136102
6122217
6108824
6095879
6083368
6071272
6059553
6048210
6037211
6026547
6016216
6006220
5997499
5991043
5987323
6059579
6063540
6070468
6079948
6090506
6101651
6113193
6125153
6137537
6150376
6163684
6177490
6191813
6206683
6222123
6238151
6254730
6271489
6287302
6301029
6312468
6321709
6328851
6333995
6337209
6338577
6338181
6336104
6332444
6327308
6320825
6313131
6304368
6294681
6284191
6272994
6261136
6248624
6235410
6221408
6206524
6190794
6174841
6159251
6144257
6129815
6115902
6102493
6089548
6077044
6064957
6053267
6041953
6030999
6020395
6010235
6001285
5994632
5990839
6063970
6068052
6075174
6084764
6095811
6107315
6119268
6131669
6144540
6157914
6171811
6186257
6201285
6216941
6233252
6250230
6267873
6285738
6302644
6317303
6329492
6339337
6346922
6352343
6355698
6357080
6356564
6354238
6350214
6344617
6337559
6329214
6319760
6309359
6298163
6286277
6273763
6260613
6246770
6232144
6216625
6200260
6183673
6167512
6151954
6136999
6122617
6108759
6095399
6082517
6070079
6058063
6046453
6035220
6024355
6013930
6004848
5998038
5994172
6068112
6072295
6079582
6089360
6100803
6112675
6125014
6137838
6151175
6165049
6179494
6194559
6210274
6226675
6243813
6261734
6280440
6299390
6317432
6333035
6346022
6356438
6364448
6370164
6373664
6375039
6374395
6371832
6367437
6361338
6353698
6344683
6334493
6323344
6311423
6298848
6285679
6271907
6257463
6242234
6226100
6209134
6191972
6175243
6159179
6143744
6128909
6114644
6100901
6087665
6074898
6062578
6050688
6039199
6028107
6017477
6008173
6001242
5997316
6071976
6076234
6083722
6093979
6105502
6117697
6130396
6143616
6157378
6171728
6186705
6202335
6218681
6235789
6253729
6272531
6292280
6312326
6331514
6348034
6361748
6372755
6381192
6387160
6390791
6392181
6391413
6388592
6383826
6377254
6369017
6359319
6348389
6336495
6323852
6310589
6296786
6282420
6267407
6251603
6234903
6217353
6199654
6182422
6165881
6150008
6134765
6120120
6106025
6092457
6079387
6066787
6054634
6042903
6031598
6020744
6011246
6004226
6000234
6075553
6079921
6087503
6097915
6109846
6122348
6135378
6148958
6163123
6177916
6193365
6209528
6226458
6244204
6262862
6282503
6303189
6324319
6344526
6361910
6376347
6387886
6396689
6402916
6406667
6408047
6407165
6404121
6399022
6391994
6383196
6372861
6361231
6348622
6335289
6321384
6306977
6292053
6276502
6260167
6242949
6224886
6206697
6189001
6172037
6155764
6140153
6125156
6110736
6096875
6083522
6070667
6058274
6046329
6034815
6023890
6014123
6007000
6002934
6078822
6083276
6091030
6101683
6113814
6126598
6139931
6153848
6168372
6183559
6199439
6216077
6233524
6251849
6271161
6291505
6313029
6335019
6356170
6374350
6389362
6401354
6410499
6416927
6420782
6422170
6421199
6417963
6412569
6405159
6395897
6384983
6372756
6359520
6345579
6331099
6316154
6300709
6284659
6267860
6250185
6231667
6213062
6194955
6177615
6160985
6145037
6129734
6115028
6100889
6087289
6074199
6061590
6049440
6037726
6026634
6016676
6009527
6005392
6081757
6086267
6094285
6104999
6117379
6130422
6144026
6158241
6173085
6188620
6204882
6221938
6239843
6258656
6278494
6299443
6321603
6344427
6366172
6384941
6400449
6412810
6422217
6428834
6432776
6434173
6433123
6429734
6424127
6416417
6406780
6395456
6382755
6369039
6354610
6339655
6324229
6308325
6291840
6274629
6256566
6237659
6218716
6200263
6182584
6165648
6149415
6133829
6118864
6104489
6090664
6077365
6064562
6052237
6040372
6029005
6019087
6011789
6007598
6084340
6088923
6097043
6108002
6120570
6133799
6147642
6162107
6177236
6193081
6209672
6227080
6245347
6264581
6284856
6306251
6328877
6352192
6374385
6393602
6409406
6422035
6431647
6438385
6442402
6443805
6442712
6439230
6433471
6425565
6415693
6404125
6391104
6377077
6362307
6346974
6331175
6314887
6298031
6280473
6262088
6242892
6223646
6204892
6186944
6169736
6153246
6137428
6122239
6107653
6093633
6080150
6067185
6054699
6042685
6031265
6021169
6013762
6009539
6086570
6091230
6099424
6110385
6123260
6136698
6150750
6165438
6180805
6196904
6213763
6231464
6250052
6269593
6290180
6311899
6334776
6358475
6380804
6400225
6416236
6429020
6438748
6445582
6449652
6451067
6449964
6446422
6440591
6432599
6422649
6410928
6397826
6383619
6368643
6353086
6337003
6320409
6303250
6285410
6266769
6247323
6227816
6208848
6190663
6173235
6156535
6140513
6125135
6110371
6096182
6082549
6069433
6056813
6044687
6033147
6022886
6015456
6011201
6088448
6093106
6101394
6112812
6125552
6139116
6153336
6168208
6183770
6200076
6217165
6235094
6253902
6273687
6294496
6316415
6339435
6363158
6385512
6405004
6421079
6433923
6443729
6450614
6454712
6456161
6455051
6451508
6445653
6437679
6427719
6416045
6402936
6388736
6373700
6358006
6341742
6324926
6307529
6289466
6270611
6250991
6231268
6212114
6193744
6176135
6159261
6143073
6127539
6112630
6098305
6084539
6071304
6058572
6046336
6034717
6024452
6016896
6012597
6089942
6094670
6102832
6114350
6127323
6141032
6155389
6170402
6186121
6202591
6219839
6237939
6256933
6276879
6297826
6319848
6342843
6366579
6388818
6408204
6424258
6437112
6446944
6453846
6457966
6459432
6458336
6454812
6449012
6441070
6431178
6419636
6406646
6392540
6377539
6361805
6345436
6328465
6310893
6292658
6273639
6253865
6233984
6214690
6196180
6178429
6161415
6145100
6129449
6114418
6099984
6086119
6072788
6059972
6047631
6035977
6025544
6018012
6013707
6091034
6095789
6104156
6115620
6128643
6142445
6156899
6172021
6187847
6204426
6221807
6240030
6259133
6279185
6300211
6322267
6345241
6368823
6390931
6410201
6426192
6439042
6448842
6455759
6459900
6461359
6460301
6456807
6451040
6443198
6433434
6422014
6409171
6395182
6380264
6364551
6348119
6331047
6313353
6294992
6275851
6255972
6235978
6216582
6197958
6180111
6163000
6146590
6130845
6115730
6101222
6087281
6073880
6060996
6048630
6036844
6026467
6018847
6014524
6091735
6096496
6104886
6116398
6129487
6143346
6157861
6173043
6188946
6205602
6223050
6241344
6260523
6280632
6301701
6323763
6346711
6370165
6392110
6411328
6427258
6440060
6449866
6456775
6460912
6462410
6461351
6457884
6452173
6444382
6434702
6423390
6410670
6396796
6381956
6366267
6349813
6332677
6314912
6296468
6277259
6257289
6237252
6217771
6199090
6181175
6164001
6147532
6131731
6116571
6102005
6088016
6074575
6061646
6049224
6037234
6026962
6019399
6015051
6092030
6096809
6105214
6116670
6129843
6143727
6158268
6173484
6189411
6206091
6223577
6241900
6261106
6281240
6302325
6324396
6347295
6370682
6392613
6411772
6427679
6440473
6450261
6457174
6461317
6462808
6461761
6458311
6452620
6444856
6435209
6423956
6411288
6397463
6382657
6366982
6350520
6333363
6315564
6297087
6277848
6257862
6237767
6218278
6199561
6181621
6164420
6147932
6132105
6116918
6102335
6088330
6074868
6061928
6049511
6037720
6027261
6019610
6015272
6091924
6096729
6105030
6116524
6129722
6143596
6158125
6173330
6189239
6205915
6223383
6241692
6260892
6281015
6302097
6324149
6347091
6370421
6392500
6411636
6427563
6440358
6450156
6457068
6461208
6462694
6461650
6458189
6452491
6444704
6435048
6423759
6411062
6397215
6382390
6366704
6350244
6333101
6315314
6296851
6277625
6257655
6237566
6218083
6199377
6181447
6164262
6147775
6131964
6116787
6102211
6088215
6074761
6061830
6049398
6037609
6027074
6019531
6015192
6091419
6096192
6104576
6116107
6129129
6142952
6157427
6172577
6188439
6205058
6222467
6240730
6259871
6279955
6301011
6323071
6346096
6369461
6391674
6410890
6426855
6439685
6449493
6456407
6460548
6462022
6460960
6457468
6451727
6443886
6434160
6422784
6409983
6396036
6381148
6365435
6348990
6331890
6314165
6295758
6276589
6256651
6236639
6217191
6198541
6180656
6163515
6147073
6131303
6116166
6101631
6087670
6074252
6061351
6048963
6037142
6026825
6019162
6014816
6090521
6095265
6103561
6114911
6128035
6141778
6156178
6171239
6187006
6203526
6220834
6238995
6258046
6278041
6299036
6321075
6344127
6367657
6390032
6409340
6425391
6438247
6448068
6454978
6459116
6460567
6459486
6455972
6450184
6442247
6432404
6420883
6407950
6393872
6378895
6363155
6346753
6329736
6312111
6293813
6274739
6254902
6234971
6215614
6197043
6179245
6162186
6145827
6130131
6115067
6100600
6086703
6073345
6060498
6048165
6036328
6025987
6018468
6014156
6089237
6093953
6102301
6113516
6126487
6140107
6154385
6169312
6184947
6201319
6218483
6236494
6255389
6275254
6296139
6318118
6341199
6364813
6387333
6406746
6422833
6435706
6445511
6452431
6456525
6457973
6456853
6453314
6447457
6439491
6429537
6417881
6404801
6390604
6375564
6359837
6343518
6326631
6309158
6291012
6272070
6252372
6232572
6213332
6194895
6177218
6160279
6144036
6128447
6113488
6099117
6085313
6072041
6059278
6047017
6035400
6025062
6017477
6013187
6087555
6092229
6100395
6111674
6124443
6137934
6152048
6166815
6182264
6198449
6215409
6233215
6251902
6271563
6292275
6314097
6337153
6360679
6383270
6402715
6418774
6431612
6441382
6448242
6452327
6453751
6452639
6449071
6443212
6435198
6425210
6413478
6400320
6386090
6371063
6355426
6339250
6322558
6305291
6287343
6268592
6249064
6229421
6210369
6192090
6174581
6157800
6141705
6126260
6111438
6097194
6083506
6070346
6057688
6045518
6033771
6023717
6016210
6011934
6085513
6090128
6098235
6109412
6121960
6135267
6149185
6163747
6178974
6194923
6211627
6229167
6247587
6266962
6287383
6308950
6331750
6355218
6377585
6396917
6412842
6425557
6435236
6442019
6446052
6447453
6446341
6442821
6437009
6429038
6419090
6407413
6394324
6380178
6365297
6349844
6333907
6317484
6300488
6282795
6264280
6244981
6225546
6206707
6188642
6171336
6154752
6138847
6123579
6108920
6094832
6081295
6068268
6055732
6043679
6032203
6022103
6014654
6010412
6083107
6087656
6095663
6106596
6119010
6132121
6145813
6160126
6175087
6190746
6207152
6224363
6242421
6261437
6281478
6302660
6325036
6348153
6370140
6389141
6404807
6417303
6426806
6433481
6437455
6438844
6437756
6434317
6428609
6420789
6411029
6399547
6386672
6372790
6358182
6343043
6327445
6311368
6294713
6277336
6259114
6240101
6220928
6202355
6184550
6167495
6151146
6135468
6120410
6105951
6092050
6078680
6065817
6053433
6041509
6030222
6020146
6012791
6008613
6080352
6084829
6092686
6103422
6115649
6128504
6141947
6155971
6170630
6185958
6201994
6218815
6236451
6255011
6274561
6295183
6316991
6339504
6360868
6379359
6394619
6406780
6416049
6422562
6426447
6427842
6426815
6423492
6417985
6410413
6400948
6389828
6377359
6363891
6349714
6335003
6319838
6304183
6287936
6270943
6253075
6234398
6215576
6197325
6179829
6163067
6146997
6131578
6116771
6102538
6088854
6075683
6063005
6050787
6039036
6027829
6017920
6010693
6006546
6077256
6081656
6089324
6099776
6111859
6124461
6137610
6151316
6165627
6180569
6196191
6212555
6229706
6247718
6266656
6286617
6307675
6329336
6349874
6367689
6382377
6394121
6403082
6409386
6413190
6414552
6413625
6410471
6405226
6398011
6388986
6378369
6366446
6353543
6339926
6325758
6311101
6295936
6280156
6263610
6246172
6227904
6209497
6191628
6174490
6158074
6142321
6127201
6112672
6098702
6085260
6072314
6059845
6047817
6036243
6025116
6015410
6008301
6004222
6073847
6078163
6085702
6095988
6107690
6120006
6132825
6146185
6160098
6174622
6189782
6205642
6222213
6239609
6257856
6277040
6297170
6317842
6337407
6354356
6368387
6379633
6388220
6394300
6397970
6399346
6398505
6395574
6390646
6383854
6375357
6365356
6354107
6341885
6328922
6315368
6301294
6286672
6271410
6255368
6238432
6220656
6202707
6185281
6168563
6152525
6137135
6122350
6108136
6094460
6081289
6068592
6056353
6044546
6033157
6022383
6012696
6005670
6001644
6070148
6074374
6081680
6091813
6103179
6115167
6127633
6140602
6154099
6168160
6182806
6198097
6214071
6230776
6248241
6266553
6285693
6305252
6323743
6339751
6353069
6363735
6371931
6377743
6381279
6382657
6381937
6379237
6374667
6368347
6360428
6351101
6340578
6329097
6316848
6303962
6290504
6276468
6261766
6246279
6229900
6212686
6195254
6178326
6162062
6146457
6131466
6117056
6103183
6089827
6076952
6064536
6052549
6040977
6029784
6019139
6009693
6002817
5998848
6066163
6070284
6077448
6087296
6098339
6109977
6122066
6134621
6147659
6161213
6175319
6190012
6205299
6221266
6237917
6255291
6273386
6291827
6309182
6324258
6336792
6346880
6354641
6360173
6363580
6364939
6364352
6361900
6357694
6351861
6344541
6335896
6326111
6315373
6303851
6291661
6278849
6265420
6251315
6236425
6220638
6204020
6187174
6170783
6155027
6139890
6125339
6111332
6097839
6084835
6072284
6060165
6048455
6037136
6026200
6015699
6006533
5999728
5995831
6061923
6065940
6072942
6082330
6093181
6104455
6116151
6128261
6140825
6153857
6167374
6181416
6196012
6211190
6226974
6243393
6260426
6277714
6293985
6308111
6319871
6329365
6336678
6341929
6345187
6346537
6346068
6343868
6340031
6334676
6327936
6319946
6310875
6300871
6290071
6278569
6266421
6253627
6240142
6225879
6210730
6194741
6178505
6162700
6147489
6132861
6118782
6105219
6092134
6079501
6067296
6055499
6044086
6033041
6022350
6012088
6003083
5996420
5992604
6057456
6061360
6068166
6077302
6087767
6098657
6109931
6121583
6133642
6146112
6159031
6172407
6186266
6200626
6215516
6230953
6246916
6263078
6278280
6291475
6302471
6311356
6318233
6323183
6326290
6327637
6327285
6325318
6321844
6316946
6310751
6303392
6294991
6285683
6275581
6264764
6253282
6241142
6228304
6214689
6200198
6184869
6169287
6154108
6139483
6125405
6111840
6098744
6086089
6073859
6062024
6050568
6039471
6028713
6018302
6008287
5999479
5992944
5989195
6052788
6056573
6063142
6072196
6082144
6092616
6103446
6114619
6126152
6138060
6150347
6163031
6176124
6189651
6203621
6218061
6232944
6247998
6262145
6274404
6284635
6292920
6299350
6304011
6306974
6308294
6308053
6306320
6303167
6298716
6293041
6286263
6278502
6269853
6260418
6250269
6239449
6227968
6215795
6202859
6189056
6174445
6159558
6145037
6131056
6117567
6104538
6091942
6079749
6067941
6056492
6045395
6034627
6024177
6014032
6004238
5995707
5989307
5985628
6047944
6051625
6057910
6066658
6076270
6086354
6096739
6107423
6118425
6129736
6141388
6153364
6165694
6178367
6191389
6204800
6218560
6232474
6245529
6256842
6266302
6273986
6279983
6284356
6287168
6288475
6288334
6286816
6283994
6279940
6274760
6268533
6261364
6253344
6244554
6235054
6224889
6214072
6202575
6190349
6177294
6163441
6149318
6135551
6122243
6109384
6096929
6084855
6073142
6061773
6050733
6040008
6029585
6019448
6009587
6000146
5991673
5985499
5981906
6042956
6046518
6052645
6061015
6070261
6079920
6089840
6100031
6110484
6121212
6132208
6143481
6155019
6166833
6178897
6191230
6203830
6216476
6228342
6238660
6247331
6254422
6259982
6264082
6266758
6268052
6267997
6266703
6264180
6260511
6255794
6250101
6243494
6236076
6227911
6219039
6209519
6199361
6188565
6177076
6164828
6151836
6138621
6125661
6113116
6100914
6089061
6077529
6066315
6055398
6044778
6034435
6024368
6014560
6005016
5995902
5987651
5981579
5978069
6037866
6041299
6047194
6055231
6064105
6073339
6082802
6092489
6102396
6112534
6122881
6133448
6144210
6155164
6166270
6177514
6188841
6200075
6210593
6219874
6227727
6234245
6239405
6243243
6245777
6247054
6247118
6246007
6243786
6240514
6236228
6231024
6224976
6218128
6210556
6202312
6193409
6183897
6173780
6163060
6151690
6139748
6127550
6115519
6103732
6092224
6080980
6070008
6059297
6048851
6038655
6028710
6019004
6009533
6000302
5991352
5983449
5977557
5974137
6032693
6036007
6041693
6049304
6057848
6066656
6075658
6084840
6094206
6103750
6113462
6123331
6133330
6143444
6153628
6163813
6173911
6183754
6192929
6201164
6208264
6214191
6218955
6222508
6224907
6226166
6226319
6225393
6223427
6220484
6216626
6211888
6206338
6200044
6193038
6185379
6177122
6168249
6158821
6148854
6138360
6127456
6116319
6105208
6094202
6083391
6072762
6062346
6052144
6042162
6032402
6022857
6013527
6004403
5995494
5986862
5979134
5973442
5970122
6027468
6030659
6036097
6043354
6051540
6059914
6068449
6077127
6085955
6094919
6104007
6113199
6122469
6131774
6141071
6150289
6159306
6167969
6176059
6183361
6189740
6195121
6199458
6202763
6205006
6206220
6206421
6205631
6203903
6201262
6197754
6193435
6188354
6182546
6176077
6168979
6161287
6153051
6144287
6135046
6125373
6115359
6105149
6094866
6084617
6074461
6064446
6054576
6044883
6035372
6026045
6016910
6007959
5999191
5990593
5982328
5974793
5969281
5966054
6022240
6025301
6030518
6037508
6045221
6053146
6061208
6069387
6077681
6086078
6094562
6103109
6111682
6120244
6128735
6137075
6145166
6152874
6160062
6166572
6172293
6177161
6181108
6184138
6186218
6187365
6187590
6186913
6185367
6182981
6179790
6175835
6171165
6165820
6159832
6153251
6146109
6138459
6130320
6121758
6112814
6103584
6094155
6084613
6075056
6065531
6056087
6046761
6037561
6028511
6019619
6010891
6002325
5993917
5985666
5977643
5970486
5965112
5961962
6017038
6020000
6024932
6031546
6038889
6046373
6053965
6061651
6069421
6077273
6085177
6093104
6101030
6108892
6116643
6124211
6131507
6138427
6144854
6150687
6155832
6160233
6163821
6166574
6168494
6169559
6169784
6169195
6167787
6165617
6162703
6159079
6154778
6149839
6144302
6138200
6131577
6124462
6116914
6108966
6100679
6092126
6083374
6074496
6065567
6056631
6047738
6038926
6030204
6021609
6013146
6004826
5996649
5988611
5980721
5972941
5966079
5960950
5957891
6011911
6014751
6019449
6025678
6032597
6039625
6046745
6053940
6061205
6068526
6075880
6083233
6090546
6097776
6104864
6111745
6118349
6124585
6130374
6135620
6140258
6144220
6147473
6149984
6151728
6152707
6152923
6152388
6151116
6149128
6146451
6143111
6139146
6134583
6129449
6123790
6117636
6111029
6104012
6096628
6088932
6080981
6072835
6064553
6056197
6047805
6039430
6031100
6022846
6014689
6006647
5998730
5990947
5983295
5975771
5968504
5961821
5956842
5953868
6006911
6009620
6014040
6019897
6026357
6032920
6039563
6046275
6053048
6059865
6066702
6073512
6080267
6086918
6093402
6099675
6105677
6111321
6116550
6121278
6125471
6129053
6131997
6134267
6135844
6136742
6136931
6136433
6135271
6133441
6130979
6127901
6124224
6120004
6115251
6109993
6104274
6098126
6091597
6084728
6077559
6070149
6062545
6054805
6046975
6039086
6031195
6023322
6015503
6007767
6000134
5992617
5985225
5977969
5970834
5963888
5957576
5952827
5949946
6002107
6004698
6008853
6014335
6020202
6026273
6032425
6038663
6044972
6051326
6057677
6063963
6070210
6076340
6082289
6088027
6093459
6098608
6103348
6107639
6111423
6114657
6117297
6119380
6120809
6121611
6121773
6121311
6120225
6118562
6116224
6113390
6110016
6106110
6101680
6096798
6091459
6085737
6079652
6073229
6066545
6059652
6052517
6045273
6037909
6030501
6023059
6015614
6008203
6000870
5993633
5986486
5979488
5972624
5965925
5959391
5953493
5948961
5946167
5997579
6000068
6003870
6008780
6014182
6019648
6025417
6031166
6037026
6042944
6048909
6054759
6060511
6066226
6071535
6076868
6081916
6086578
6090766
6094800
6098021
6101110
6103459
6105373
6106520
6107467
6107422
6107037
6105978
6104527
6102386
6099878
6096414
6092937
6088958
6084406
6079222
6073937
6068212
6062321
6056108
6049604
6042798
6036033
6029134
6022168
6015145
6008105
6001015
5994024
5987238
5980466
5973817
5967352
5961108
5955035
5949536
5945331
5942595
5993406
5995873
5999442
6003882
6008661
6013786
6019099
6024520
6029946
6035486
6040998
6046463
6051857
6057125
6062118
6067087
6071537
6075939
6079818
6083468
6086543
6089328
6091582
6093222
6094331
6094995
6094994
6094751
6093639
6092244
6090140
6087743
6084789
6081473
6077490
6073289
6068637
6063653
6058348
6052612
6046667
6040602
6034324
6027907
6021344
6014625
6007952
6001254
5994556
5987922
5981352
5974855
5968611
5962442
5956617
5951075
5946078
5942030
5939281
5989742
5992307
5995792
5999889
6004417
6009247
6014256
6019419
6024649
6029912
6035154
6040354
6045459
6050419
6055221
6059810
6064127
6068168
6071875
6075198
6078134
6080642
6082671
6084275
6085384
6085980
6086073
6085677
6084766
6083347
6081469
6079094
6076267
6073009
6069315
6065245
6060819
6055992
6050900
6045526
6039909
6034038
6027996
6021784
6015470
6009072
6002623
5996144
5989689
5983271
5976918
5970705
5964641
5958752
5953144
5947895
5943152
5939175
5936313
5986926
5989687
5993269
5997345
6001781
6006481
6011378
6016401
6021503
6026620
6031728
6036782
6041734
6046559
6051211
6055651
6059832
6063720
6067295
6070501
6073316
6075723
6077693
6079224
6080285
6080865
6080954
6080554
6079667
6078294
6076450
6074140
6071389
6068215
6064626
6060664
6056346
6051682
6046703
6041463
6035969
6030244
6024337
6018272
6012094
6005821
5999499
5993158
5986819
5980523
5974297
5968187
5962226
5956460
5950954
5945795
5941088
5937012
5933936
0
0
0
0
0
0
0
0
0
0
0
0
0
0
0
0
0
0
0
0
0
0
0
0
0
0
0
0
0
0
0
0
0
0
0
0
0
0
0
0
0
0
0
0
0
0
0
0
0
0
0
0
0
0
0
0
0
0
0
0
0
0
0
0
0
0
0
0
0
0
0
0
0
0
0
0
0
0
0
0
0
0
0
0
0
0
0
0
0
0
0
0
0
0
0
0
0
0
0
0
0
0
0
0
0
0
0
0
0
0
0
0
0
0
0
0
0
0
0
0
0
0
0
0
0
0
0
0
0
0
0
0
0
0
0
0
0
0
0
0
0
0
0
0
0
0
0
0
0
0
0
0
0
0
0
0
0
0
0
0
0
0
0
0
0
0
0
0
0
0
0
0
0
0
0
0
0
0
0
0
0
0
0
0
0
0
0
0
0
0
0
0
0
0
0
0
0
0
0
0
0
0
0
0
0
0
0
0
0
0
0
0
0
0
0
0
0
0
0
0
0
0
0
0
0
0
0
0
0
0
0
0
0
0
0
0
0
0
0
0
0
0
0
0
0
0
0
0
0
0
0
0
0
0
0
0
0
0
0
0
0
0
0
0
0
0
0
0
0
0
0
0
0
0
0
0
0
0
0
0
0
0
0
0
0
0
0
0
0
0
0
0
0
0
0
0
0
0
0
0
0
0
0
0
0
0
0
0
0
0
0
0
0
0
0
0
0
0
0
0
0
0
0
0
0
0
0
0
0
0
0
0
0
0
0
0
0
0
0
0
0
0
0
0
0
0
0
0
0
0
0
0
0
0
0
0
0
0
0
0
0
0
0
0
0
0
0
0
0
0
0
0
0
0
0
0
0
0
0
0
0
0
0
0
0
0
0
0
0
0
0
0
0
0
0
0
0
0
0
0
0
0
0
0
0
0
0
0
0
0
0
0
0
0
0
0
0
0
0
0
0
0
0
0
0
0
0
0
0
0
0
0
0
0
0
0
0
0
0
0
0
0
0
0
0
0
0
0
0
0
0
0
0
0
0
0
0
0
0
0
0
0
0
0
0
0
0
0
0
0
0
0
0
0
0
0
0
0
0
0
0
0
0
0
0
0
0
0
0
0
0
0
0
0
0
0
0
0
0
0
0
0
0
0
0
0
0
0
0
0
0
0
0
0
0
0
0
0
0
0
0
0
0
0
0
0
0
0
0
0
0
0
0
0
0
0
0
0
0
0
0
0
0
0
0
0
0
0
0
0
0
0
0
0
0
0
0
0
0
0
0
0
0
0
0
0
0
0
0
0
0
0
0
0
0
0
0
0
0
0
0
0
0
0
0
0
0
0
0
0
0
0
0
0
0
0
0
0
0
0
0
0
0
0
0
0
0
0
0
0
0
0
0
0
0
