24861
-18616
26062
-7810
-4052
45335
45400
-419
-17290
16589
-31900
34332
-26633
-13645
21572
-4919
-27752
12563
17183
-3112
43482
17774
28758
12946
30491
-31713
4456
-34189
-26590
-26750
-10553
37715
21144
-22282
-18749
-36952
-35317
-24212
44200
-14602
44961
33884
-33377
-22878
-21828
33573
26755
-24957
-7700
26778
224
30885
-8851
-6914
18369
11539
25965
-7163
28189
-1357
-30248
7089
-914
-3329
-24305
-25334
3368
37768
14991
-8201
18007
40070
41630
-25360
27601
22369
25520
45771
-20419
5829
-18068
-12744
4166
38190
8462
-4663
14702
-13077
-23472
34614
31560
31329
34132
1113
-15459
4535
-1665
37929
-22089
761
-26174
4893
17601
4266
45141
24965
-26605
-25140
23170
-7247
-29480
45126
-23113
22055
-8720
3040
-3902
37190
-12112
22390
35283
-1036
41543
-7072
27931
-11190
-4246
878
31281
15407
-23447
-428
13147
-23632
35308
16317
-19939
38352
32200
21862
-7738
32981
15597
20010
11537
1653
38997
17603
11183
29122
25757
-19435
7693
6870
7060
-15545
-20852
40096
-2286
-19042
10091
41764
-16211
39708
8025
7359
20297
-1005
-35255
-4892
34496
-26120
12009
41503
31996
15395
18069
-36851
-26924
9345
-22090
-5883
-17257
-23420
43780
44981
-22721
27280
8130
-24820
-11796
12257
2267
10586
28613
7088
8653
4700
-20715
4209
-7370
40764
-12440
-6649
14326
11730
39796
29382
29875
-24038
-15544
13908
33293
31836
-23662
-21288
35067
-27717
-1446
39068
17997
3983
-3537
35818
-14424
39536
44763
-7819
12253
29449
-25419
30164
28514
-20270
-26665
7011
32349
11960
34721
25286
38603
-25731
-21179
-13067
-23539
-34061
26826
10376
-28550
-24850
41428
-18307
-33160
44555
33736
8708
6857
-17287
-23456
-14908
21076
-33110
3333
-17297
-16893
45043
-8607
31278
23663
34798
44754
37590
26423
29742
-32800
-15329
43648
34560
-29481
-67
-3095
560
-23741
-36156
-31285
-19793
-22750
8049
-26417
-11095
-35464
-24564
26977
25455
23905
8240
-14007
1744
-4294
16177
23873
-17243
-25434
24216
-15798
30457
-35087
-36508
13133
-11220
-24308
-10495
10908
20264
-11494
37433
12303
-21839
-22906
-13236
3145
-35899
20271
5667
11973
15365
-11554
-27686
-19249
27123
32609
38886
43373
18229
-28908
41888
5730
32911
28055
-16421
-24316
-19635
-24692
-12315
-19922
-13168
-11474
31877
-24891
3970
-12621
-36480
-21790
30548
1888
39075
42204
-29147
-9023
-18177
-27959
44333
8469
35715
-26498
26114
43122
-4879
18855
25078
-23130
2904
7703
-33519
40096
37331
27605
-5431
-20212
46315
-30310
-25774
4734
-21398
-29936
-17681
40476
24107
-5622
9289
17792
-7894
15423
-7765
18464
-27999
4517
-18465
-420
-21813
40267
16499
-35210
-18859
-30005
-10751
-34442
2304
-3877
-6503
-3740
11109
-28656
7175
-28273
-18818
-13848
-30833
41255
19002
15968
-11180
44803
23508
-6653
-7032
34938
-7007
20592
-21466
-33759
-29230
32686
34756
40301
45540
-25640
3494
4468
-7185
-12311
12918
-1870
-12044
34507
14379
39213
-24413
33444
37631
8171
-33494
30950
-36260
28188
36289
37083
-28299
11900
1929
-28068
-14519
-17086
40060
37931
42501
-7524
11822
21835
-22749
-19644
-31500
40574
-19671
-14864
14178
-21689
-33978
17467
23466
23423
40563
45145
3000
-21711
13444
-18188
26266
-17206
-3942
25784
33096
18753
24701
25451
-25151
33947
-27253
-936
28895
35625
-29997
19740
-26485
42697
-6052
34783
-34136
24286
18327
-30156
-28851
-34086
35399
43194
19872
-13535
-24350
1941
7179
18886
-1416
-27427
2607
14750
6665
-1768
41395
39518
38130
-21614
8587
10161
-9865
40414
-3941
21987
-15517
-18275
-23004
31190
7307
5244
-17489
40225
-1251
4370
42518
36599
-3008
-10414
-22775
38321
-7130
609
-19792
11059
32468
-29333
21321
14342
-5560
27372
41127
23258
39655
26842
19800
4843
9168
3134
39828
39032
-4714
18989
37591
-36003
33160
14694
-14188
16491
15825
-13360
-6857
31145
-20022
-12082
18952
-34766
39968
-30136
5408
35895
-27756
27194
2265
38500
248
-5050
-30842
-20559
-22449
2190
8697
3771
12182
-30080
8145
-23143
23978
1713
-1157
-9419
34937
17713
34289
-20712
-15859
39392
44685
14412
16274
18556
-29973
31934
2848
27445
18858
-36010
28825
13453
-621
42731
15992
13373
-22203
-9536
5304
-32583
33249
-3675
14271
-30229
-31022
-10019
-12575
8650
27528
23818
-26395
-22265
-15854
34630
-26645
33869
-3657
13942
38826
-14602
-19951
35911
23492
-13334
-36613
35332
21099
4701
23863
1348
32535
37869
-22384
-14415
-29672
27487
11709
-4683
42202
-10028
16792
-33664
15972
44293
-19577
-21184
-1785
-12904
-19954
35443
-10334
-26360
23397
16487
22560
-14540
-37431
-20603
-327
40240
-15262
37764
26031
-9658
-3075
3914
-25663
-24296
21026
39653
-31876
-13648
16503
-20445
453
7288
-20405
-8543
-37553
21208
25213
4793
41283
40787
10456
31681
-35893
20816
45279
-14795
-30744
15582
13188
34138
-32384
-27825
5871
10685
-12789
9689
23705
25359
-21104
14630
-6694
40855
-22493
27568
-3185
-30851
18904
-34332
35814
-27173
8791
-11397
24707
2628
20203
35973
32845
33240
31875
12676
-34881
14492
42351
-36719
18384
-3087
7990
-1252
-17594
1183
-34911
-32520
29164
35462
-1157
24909
29816
31242
31976
-17394
-22830
-16863
8447
11053
25019
-10338
-29711
944
41912
-21848
32436
-23990
16752
26100
24903
-4060
29208
-15074
5988
37578
-18518
6325
-33913
-35468
-35320
7204
3153
-9634
42898
-5919
28619
-14716
-30539
11192
1989
18533
-31758
7105
41637
24274
-6183
1546
13332
-6638
42510
3897
3740
-12483
-1498
-4135
-21942
35931
-16554
757
-37923
13196
28998
-34281
-12960
12309
-11395
37881
6890
-30508
40100
27583
19435
-18336
6418
-20876
38153
-2275
1016
-8383
17630
45059
-26652
41789
2238
-17168
5466
-7668
-25679
-35904
-21171
-1953
-32414
-5086
-22279
26781
17871
19431
40610
-2197
4767
-31638
-7929
8350
30495
37372
-10302
-37831
-36895
-4019
-17615
40618
-19987
21837
34241
-27178
22294
30026
-27880
-8246
10381
16488
44122
32301
-31568
1280
33719
-32104
3777
34537
26215
15273
-6731
-13674
-5073
4038
30748
-6422
-25665
-10089
42487
-17089
42764
-35517
-24869
-19195
28574
1631
35625
-37334
-5300
-12878
-1861
-22240
-18556
30339
-3546
32250
565
-218
16861
-37541
25052
-11180
-1769
17907
28251
-14449
-18157
12071
-19926
14766
-16551
36111
28957
14032
-17210
-15535
1485
39886
-34280
8343
-35729
-17192
31044
-16261
9175
20654
-6919
39595
-386
-22309
-33040
20038
-34240
6406
-32573
2933
27443
30636
-34191
15107
30647
10463
-26980
33824
778
-17532
-24113
-24400
-30345
36697
-21376
41139
21559
42730
21111
-34180
-26175
209
-13125
-11427
-22567
19642
18544
-29447
32845
23474
11544
457
26728
33155
-3321
-9589
-21627
-26831
-7809
-36375
16898
-16199
-3977
42
-36885
34796
-6653
22051
-13369
-13747
6798
-13091
-20506
35430
-8740
21651
-33132
-33449
-17750
-20176
32108
18732
-24155
-35058
25896
-19685
-677
-36305
-22097
35833
43865
18453
-14666
31159
-25117
-17233
29733
27406
22001
-14978
-23549
-31940
4765
-15938
33194
-1722
-37467
-6534
-24046
-34674
-15192
27280
-34038
9315
34355
42364
-29528
4687
20895
34070
-23141
21754
6571
-21979
-3007
-34802
-23601
-14330
5210
-9918
-34985
-30261
-4448
30411
19332
-18349
27185
-21550
9734
24264
-23044
-35433
-28139
5857
-17464
-21265
28742
16377
-31392
-33376
21866
32688
25525
10613
7345
43662
16285
-38189
4029
-30417
30192
-21799
-29882
228
-12822
-2337
6480
-27403
35559
-17668
-28622
8870
-22448
12690
29421
-33501
13476
-10580
9223
20104
18136
24666
27401
-39658
6678
-26257
-36702
-5231
-1392
28051
27045
23679
-13131
-1257
40846
28092
-9551
-31459
27524
92
12254
-14036
34814
-35594
-30382
35526
-21440
-24400
15965
-36812
-9226
22830
-34921
43176
-9924
-5275
2838
12064
18249
14351
20180
28226
-32392
28512
-6235
-26406
-37885
1699
-32213
1400
41892
-39109
7686
-35531
26576
37014
2043
4926
-36822
-29434
-34803
40021
-40187
14205
8927
-25201
-22973
25021
-40528
23960
29252
2951
-29801
8146
41477
-35630
34641
38535
2124
38330
7515
-382
2863
-13039
11186
3842
20626
34199
-34583
-1208
28859
-31205
-19507
19837
-17221
24127
-16667
-13398
-13647
-13630
-2905
-10434
-19707
15551
6477
31709
24627
-36607
26966
-26369
-19527
32330
17842
35191
-27428
-2095
-37219
-24757
-11492
28549
-24876
-38828
15187
-29383
29924
-29411
28293
18160
-18412
-16662
14725
13366
33614
6361
14770
-2502
-3816
39301
-8821
-20305
9025
24570
8241
-21904
3604
-2838
38344
1750
20445
-16616
8797
-23787
-23733
-26793
28432
31460
-9695
14799
-10232
6424
-7354
-31302
39424
-23697
3732
-4552
-25139
25117
9276
-33842
-34933
-38385
-2650
8439
560
-3348
20836
24860
35470
27645
35074
24478
-30610
-4665
-14317
29164
-43801
-42751
-12640
23072
192
-34890
-41139
-40141
-8667
27556
5601
-24449
-581
-13237
1575
7816
-35097
-21427
14780
-16052
-229
27968
-1605
-36155
4085
-26845
31506
6166
41594
-10582
-14709
15517
37712
-19275
13016
23759
6776
2132
33998
-4195
-15860
21765
-12545
1559
-33182
-40019
39146
-23848
8589
-2088
16249
-21188
-26411
-22184
19736
26672
-622
25699
13233
23002
3527
-515
-12903
-28891
24783
27723
-31790
-35549
-20021
-47608
-15704
-4052
-9877
-5397
-22534
-14568
21129
-13036
25154
-1567
-22438
35865
25446
-9039
-23449
-12644
-8067
3355
8397
-32616
22836
-23775
5839
21182
12284
-16713
11270
-19404
24248
-31717
23808
1178
7378
-33735
30750
-5330
-22370
-18569
-42294
-34586
-28290
5911
-15247
-49724
-46581
11619
15195
20269
-7311
-22095
-2290
19321
-16973
29240
107
-47905
-764
-32652
-19634
-12590
-35694
-9383
12918
-4391
-33337
5897
-6813
8724
-739
4106
-19764
28445
5571
-34173
-9896
-32862
-19914
23920
-23950
-4062
-4668
-38151
33833
2336
35184
37186
-36034
-28796
-8835
-35430
29399
24303
-23695
-25772
-42556
10752
18940
14153
30285
17631
4822
17846
-43749
-51856
-52236
-50284
17402
-5982
19970
14044
5623
617
-31462
-14370
-46766
-25805
-36232
-29280
-33896
-25510
23221
-34827
21265
34639
4734
-15578
-7660
-37360
-18224
11876
-35861
-17222
-18338
16480
34171
36496
13915
42088
-7210
8888
-31086
-1869
38905
2932
-8275
33849
-30815
33344
-25140
-25041
13133
16211
24094
-869
-13282
-40509
-25492
32514
19068
-24677
-29618
-37137
-25749
11659
-48216
-31090
-56713
-34016
-29534
-28645
3065
11568
-49397
-27392
-29615
-9609
-39537
24980
-8633
758
-17588
-35727
33254
13837
-31854
9167
35018
-24080
-4450
-7189
9737
42349
8294
-3437
-7511
-24650
6091
3723
-3156
44150
843
-22087
-11243
-820
13877
30826
35048
1551
22071
30486
36853
-28264
8861
-41003
-9742
-33410
-20258
-38097
9890
-57123
-7510
-8214
-4145
-42065
-2704
-49388
-43130
-46209
-48613
-63059
-7919
-58095
14335
-28506
4657
-15283
-22713
-217
-21560
-8222
-44345
-25884
31474
-28136
-33008
38140
7985
26899
-12697
-19817
19339
21076
-4213
-32042
-8693
-6852
5764
18576
32621
-32842
-37152
-35152
-5026
-17236
28365
-21549
19671
-32091
35983
-7051
14091
12225
13487
-19194
-34236
-9516
-46491
-37240
-1059
11318
-17707
3070
-40810
-54432
-8977
6048
-18598
-18533
-35084
-50153
-53939
-6240
-54506
-59026
-57215
-54070
-44790
16113
336
-21254
-30977
10542
-35354
-24711
-7067
-19113
-29249
2674
-14145
-14981
24227
-34107
-4034
2522
-18914
25666
-15410
2968
-14806
30261
-18269
-23761
32955
42706
21232
5786
-23975
19225
-10408
27015
18794
23606
7825
8706
-25004
-20631
-28724
-14151
-53129
-1791
-45242
-18214
-62585
-39235
-46505
-15597
-20073
-12104
-40743
-48908
-65975
-14488
-28243
-56293
16626
16052
2531
-30814
8030
-19365
8282
-24242
-13684
31483
-28740
40859
24372
-7100
-3991
36204
243
-33519
-2691
-36749
23847
37635
5188
34320
32607
-14382
16752
-35987
10784
-4837
37104
-9423
35888
26616
35824
-9471
-5025
-1980
2037
3504
1993
25995
6089
-32680
-56355
-52107
-16055
2755
-16001
-20176
-56577
-63666
-56922
-40906
-8038
-45909
-36423
-31718
9147
-27290
19985
10722
33153
11934
37141
28049
-6610
-2158
9466
-21431
22685
3045
16215
-14880
2460
4878
39457
-2454
-30419
4998
-11374
31290
-4899
-21706
-30959
-9149
32627
28596
-1858
-16332
-22886
30530
40359
9242
20301
-23634
-6723
-4591
-5229
-18578
-25011
-32236
27885
26489
17020
-18599
-27123
-6295
16719
31425
-7969
3360
13735
-9076
-11011
26696
20695
-25182
-10590
35889
34141
38140
-22090
-15940
-39550
18330
-23584
25814
36668
2137
18425
4170
-15226
-27942
12460
6330
-19997
-26481
-1633
43977
13621
-5863
-20137
-37734
8544
-210
13665
-12127
-29309
-11932
10289
9715
10670
6558
47964
8017
37289
14890
46063
25557
27741
38364
-10623
21357
40264
50088
-1589
5087
32361
14975
-25098
6964
-23156
-29699
47521
-612
40448
-14414
-36797
-29082
4062
2919
36271
-17158
-33952
27041
32925
45049
37139
41931
-15371
32515
7397
5829
33523
29479
19367
39896
31051
25354
-5761
42601
-2129
20862
421
22162
43495
35302
-2290
-22980
24747
24315
-25511
28990
42196
19643
1549
54699
-3554
915
49848
61709
-521
61908
6597
49264
39363
-3501
30289
13802
7820
-8750
-6648
22215
-9362
-3894
-21293
2537
42960
-25161
-16510
31085
34663
31340
-23102
39536
-6769
10338
34601
-17992
-15669
27877
36217
-18161
-25577
-14152
-6797
23216
28659
-17201
9667
39272
28318
7932
-19525
2193
23566
41115
-15013
-4511
43467
-29284
38910
13319
-743
10765
55805
53434
-2110
27693
48124
19867
40321
41484
79295
12246
75394
68893
39914
69986
38062
53614
18550
17079
44247
-6668
39210
41688
25299
-25093
40788
-32802
-36277
17819
-36193
16516
-34868
-4306
21223
28117
-31361
-11550
30888
-2689
-29303
22699
31071
27847
-6687
14267
24347
-28339
11158
-16064
-22082
39769
-19336
22798
1079
2917
38341
10606
4637
38478
-6758
1039
19972
71855
52790
4917
48549
20510
70488
7839
19653
70984
72620
67891
7896
45348
69763
20436
56457
-4609
32210
37944
43091
27382
11297
-8991
22058
37164
-31247
-1594
-22869
6242
19829
6869
31222
-38198
-17795
-38553
30262
35482
-6976
39520
17175
-5420
33838
-9998
2914
21440
-16584
17651
-16910
31375
29172
-30876
39855
-10721
38721
11527
-22450
19681
35282
35316
36848
41732
30429
33170
9681
70936
32440
50905
8560
2325
38788
39598
48196
54414
65185
1595
-18615
-8108
-8684
32717
38033
-5165
19968
3197
-14459
32817
15135
33365
-16217
5206
38664
35566
-19061
-6833
40346
38857
-29996
-16930
17636
18658
-25791
-39342
-11794
15773
894
-24552
31611
-4106
32959
18146
43730
22398
29195
-28900
-6844
2843
48664
31133
29221
-3268
14175
35259
25788
65358
65888
25535
41576
-232
14556
71181
18244
69054
43220
49577
53383
-6344
401
51835
-19896
25267
-8160
-34967
-19333
6375
-17360
-18375
-11637
-34199
25305
21962
-746
-15032
32957
38426
13123
17894
10657
-40945
-26408
-16773
11690
34753
-33892
4939
-22364
-10289
33893
12450
-19002
22547
-8759
31240
33747
13923
8077
-2637
-9203
26292
20825
20302
44914
63599
19864
59441
2302
18952
-11677
61988
40999
23952
59350
55632
15313
51432
9876
-21181
32131
337
34784
-9521
19159
26721
8620
32266
15003
28112
37854
36033
16797
-25410
-10429
-4706
32998
22733
-17065
7889
13971
-40839
-2313
-11726
17167
2163
23966
-8874
28932
4824
19253
17380
18128
-8359
-5393
-16310
-14353
-12918
-18659
-262
12897
34328
18120
-17362
-1355
9606
41237
34149
29294
-2204
33379
34240
24950
3075
-10529
-6611
7994
26742
-15772
22889
35246
-12706
10317
32064
39632
-16871
-20440
30299
-12828
26667
37283
-4654
19241
28507
-30620
35516
-33798
8033
-26976
-35712
14705
6960
-17126
26514
4813
-30756
42747
-3866
-34788
30946
10641
-7422
-33169
-8524
43400
31871
-3360
-23334
9199
36489
12711
-10775
52114
173
39998
9412
25601
48976
22507
7501
-4725
1184
22712
45087
21394
-28493
41055
-25517
7712
38385
-29943
-32365
11285
-16826
1328
-14670
932
-19423
-9563
13143
2768
4452
40316
-1283
-35880
36504
30822
-17419
1206
-14268
1913
7210
-27725
3733
38986
7068
-23462
26877
8779
39068
19153
-23249
43698
-22153
-10838
28353
-13446
45742
-11088
-1980
48267
11936
25282
51416
-1070
-7004
38933
16534
42515
11784
36240
-21560
27398
-18888
24825
-35431
22326
27141
16908
-1175
-34560
-38130
8164
-15255
17197
-34629
-29946
29194
27505
-39703
-19914
-4162
11884
26159
3766
15021
-27072
-41130
29168
27493
-35651
-7990
14242
8676
658
1514
-37443
2129
-8491
-28463
46030
25206
35285
34743
26144
-13566
-21178
-22446
-5828
20334
21075
36511
10346
-18216
-16959
-32537
-15459
-21730
31029
-28599
-2681
-2635
37449
-30032
-18703
37783
-11849
39010
-26546
-1820
-7602
30557
17381
-8944
-16247
23557
38242
18631
13136
-31784
-38093
35480
30269
-42360
9440
6715
-28913
8145
-42736
-38392
26968
34933
-27476
-37375
1228
35843
29048
42470
-20581
-13440
-36373
8931
1444
44355
-4064
22292
-12130
36553
7680
-5972
26520
-26254
-37709
-24812
-28894
-38921
22436
-2082
-18472
-5759
-16785
9324
-13570
39929
18181
27744
21875
39899
-21034
32072
35346
-7026
-37489
6225
-9040
-37624
1946
18559
8776
-32949
-116
-439
-17642
8452
-2050
26991
27087
-35445
23583
20999
37692
-15796
42786
-2303
-16985
-10792
13776
-4726
-26785
994
3674
-26958
30818
41795
827
-36922
9258
-36052
9626
6587
-12904
-11305
-21735
-14205
-7810
-34700
-41374
38211
27831
25603
-42370
-11586
16965
8778
22467
18260
-25591
7619
-20437
-9455
-14523
-9326
-10343
-26295
2040
36900
32711
-34006
38617
26395
1648
-40553
10130
2994
91
16966
-36942
-35744
3842
-20852
-20303
7700
-35451
35912
-6287
15548
41315
-2999
3723
38406
-25156
-28029
-5659
-7125
6971
-39276
-17578
-25503
-42388
4658
-27801
21697
-563
15592
-33562
35778
15147
8796
36751
-36974
-28394
-38481
10565
24423
-29935
-36819
-37703
-40269
-952
-10550
5352
3216
-839
-1607
-4433
25395
31040
-30409
-18683
29193
-28798
-38295
18294
-33691
-22985
-29566
15318
-34241
37378
31316
40493
10582
27144
-17481
-33025
-32399
21233
10239
-33722
-32314
16414
-33500
-13992
-21048
-33593
-35242
-10447
20611
-2794
-31573
1409
-21253
-33271
33580
12912
-6475
-17183
-22264
25312
-15726
11290
15253
-40608
17635
-2065
-21652
-35785
-16663
-22987
4016
-26795
9841
10335
13808
4326
-14345
35461
-36209
-27375
-15780
-23854
-30448
22489
-3864
32655
-10584
30310
17404
-31090
-34074
26270
9377
20754
7820
13883
-24808
-11281
-8459
-33595
-20613
-695
1109
-34753
-10544
415
33720
-40579
29007
-30678
-39839
3666
-33658
-41015
-7965
-8578
30158
4116
29544
19318
-10984
-25533
2008
-26351
36341
27275
-27968
-19012
13861
-12872
-3336
25263
-1425
-43678
-13031
15646
-3807
8057
19794
-28917
-20594
-30565
-1530
-16964
31054
4043
-14107
24785
8066
-14920
-36935
36883
-12510
-28720
-6279
8469
21450
-30665
-20277
15083
8594
27922
-872
-41364
-3417
-13964
-37535
-40024
20420
1416
25824
17579
-18388
9834
-28261
-30773
657
-16477
-32278
24127
-31447
-4494
-141
-42030
34713
-10301
32194
-35847
-34327
-16549
-30754
-512
-11896
-25593
5000
-25996
-19651
5761
22723
3254
16119
13258
34440
-5491
18609
40791
-2191
9275
27172
4277
32001
27751
-31053
3474
32921
4445
-35351
21065
-30135
25735
-24197
37897
7737
29201
-4909
-11671
-12500
-23082
-26290
-26130
-44991
-17467
-39826
35825
-23055
21860
12553
-41262
-8300
-11203
-28678
-40702
-13561
-15648
-41550
19924
3512
-20153
-32683
3246
17154
5623
-18458
16594
-12405
18044
-5471
17
-10994
27443
1341
5237
-5371
-18187
27736
15431
-33040
28490
-23956
-37327
-11065
33773
-2775
35795
-9465
16961
-31886
-334
-40340
21058
38161
4180
-18287
29483
33201
-22227
34014
3776
-19826
-40099
-9929
12906
-35829
-36993
-8652
31644
18822
-28664
8405
13252
18542
5533
-4763
-882
-9506
-40504
-41070
5403
-24629
-18802
-4690
-4770
28848
5393
-32660
-10645
3299
-2797
24993
-24216
7414
-43450
-44125
-8386
-19041
13203
-27312
31528
-37791
9406
40106
-30699
22300
-27339
31283
-24342
-472
35964
-5975
-36757
36431
30365
26088
-19664
-25190
-39176
-5201
-24780
25920
-10614
5032
7019
-22791
932
-10435
-24725
30493
-10784
-23363
-6939
19550
-23797
21227
-1734
29460
-3596
-23879
-40569
189
-40668
-1464
26711
-43681
-30669
-17500
-35174
-16618
-43753
7931
-35626
-22217
-16409
-28163
-8166
35607
31217
-26493
5208
37821
9505
25468
-30604
-18708
29227
-28364
33269
24509
34274
-41800
-8631
-41335
-1964
-6083
-34787
-45058
33011
-33786
27688
-26720
-7033
-19451
-43697
-56
2332
-32036
32738
13593
-9787
-12491
-33834
-35100
-21619
13390
-7769
19712
225
3694
-20672
37305
-35284
-3025
-26957
-18989
12809
-1449
-11007
-4348
-2406
27169
18452
28224
27759
31768
18576
38449
-4921
-2402
-12248
2009
-10407
-25597
-6833
-38496
-37828
25624
-4726
-26277
-1623
25866
-17864
25443
-3772
27286
6041
-25427
11352
-40535
33952
-27819
22407
-18180
-10511
-31359
-18815
-14216
21836
27444
12699
20963
-13380
-12331
30294
-44210
-30467
14700
25718
-22842
1235
-12352
12240
36023
-13390
-29989
-13043
-53
-14459
-13352
-30650
-3600
-16672
23942
31443
-23305
20364
17835
10935
27953
26356
14059
-28598
-34170
-18706
-8746
30483
-15485
-7690
12398
-10305
-43479
-26948
-18110
32389
36515
4939
-42049
16638
-21967
-22680
24864
5342
-26893
-11359
17772
-38421
-33171
-37593
-31072
21536
-15282
24543
-28525
-11857
-30463
-29385
-36526
2812
-6655
-36304
-15691
-38728
12285
-35281
2742
-41593
35719
-22472
-27988
36843
-11506
-38196
24330
30425
22115
-39459
286
-11761
25979
26892
29384
-13376
1566
-12590
-13917
-29720
-22104
3946
5967
-1914
-21024
14622
15167
12596
-1887
-2101
1071
-36181
-37350
-31680
-9067
-1492
9730
35873
-41571
31661
-19618
-46480
-13582
18038
-44405
-46287
-4846
25280
30302
-15308
12621
-7777
-45312
-18254
-17282
-7281
27958
23942
-33027
-5855
-7018
-7968
-29228
322
-38820
27520
22193
-20689
28880
-36632
6700
17170
-26264
27888
30649
-39644
-37848
12670
11943
4068
-6253
-38026
-9898
-23309
-24678
-17633
21232
-27574
12678
-8100
11685
30827
6741
18408
-44532
-24506
2044
11183
14066
-11572
32142
-41196
-3792
23126
-34726
4747
-17960
24115
18101
27380
16330
-23516
34219
13235
32790
-39101
-11786
12826
-40703
7508
27903
-16102
-30888
8377
30978
35260
29861
-5733
-7370
14243
-33061
33422
-26605
8145
-29226
-40128
-4255
33161
-27575
-8812
-32138
27108
-44720
-37095
30434
24944
-9370
-570
12404
-9191
-21146
-13977
34719
26735
-1528
-19882
-16586
30775
-44433
-42503
5178
21432
15684
-19904
-11943
19856
-12710
-45730
31475
12089
-3068
-26093
-9382
17742
-18233
-36052
31450
-38993
-8830
2908
8887
-27084
11515
-29136
-25357
10892
-35099
-24506
33885
-37781
16079
31856
-14186
-27844
20946
-19257
-37669
35831
-19345
22277
-13736
-38596
-6094
24704
-25542
11807
27051
30098
-26225
-31769
-21969
29178
32139
33849
8024
25458
-37722
-18334
-19669
-34772
-35872
-33099
-24255
15560
-44148
-9402
10463
-14765
27235
30368
-22215
-32603
33227
13369
-39060
7023
-2437
12636
-9962
32412
-35087
0
0
0
0
0
0
0
0
0
0
0
0
0
0
0
0
0
0
0
0
0
0
0
0
0
0
0
0
0
0
0
0
0
0
0
0
0
0
0
0
0
0
0
0
0
0
0
0
0
0
0
0
0
0
0
0
0
0
0
0
0
0
0
0
0
0
0
0
0
0
0
0
0
0
0
0
0
0
0
0
0
0
0
0
0
0
0
0
0
0
0
0
0
0
0
0
0
0
0
0
0
0
0
0
0
0
0
0
0
0
0
0
0
0
0
0
0
0
0
0
0
0
0
0
0
0
0
0
0
0
0
0
0
0
0
0
0
0
0
0
0
0
0
0
0
0
0
0
0
0
0
0
0
0
0
0
0
0
0
0
0
0
0
0
0
0
0
0
0
0
0
0
0
0
0
0
0
0
0
0
0
0
0
0
0
0
0
0
0
0
0
0
0
0
0
0
0
0
0
0
0
0
0
0
0
0
0
0
0
0
0
0
0
0
0
0
0
0
0
0
0
0
0
0
0
0
0
0
0
0
0
0
0
0
0
0
0
0
0
0
0
0
0
0
0
0
0
0
0
0
0
0
0
0
0
0
0
0
0
0
0
0
0
0
0
0
0
0
0
0
0
0
0
0
0
0
0
0
0
0
0
0
0
0
0
0
0
0
0
0
0
0
0
0
0
0
0
0
0
0
0
0
0
0
0
0
0
0
0
0
0
0
0
0
0
0
0
0
0
0
0
0
0
0
0
0
0
0
0
0
0
0
0
0
0
0
0
0
0
0
0
0
0
0
0
0
0
0
0
0
0
0
0
0
0
0
0
0
0
0
0
0
0
0
0
0
0
0
0
0
0
0
0
0
0
0
0
0
0
0
0
0
0
0
0
0
0
0
0
0
0
0
0
0
0
0
0
0
0
0
0
0
0
0
0
0
0
0
0
0
0
0
0
0
0
0
0
0
0
0
0
0
0
0
0
0
0
0
0
0
0
0
0
0
0
0
0
0
0
0
0
0
0
0
0
0
0
0
0
0
0
0
0
0
0
0
0
0
0
0
0
0
0
0
0
0
0
0
0
0
0
0
0
0
0
0
0
0
0
0
0
0
0
0
0
0
0
0
0
0
0
0
0
0
0
0
0
0
0
0
0
0
0
0
0
0
0
0
0
0
0
0
0
0
0
0
0
0
0
0
0
0
0
0
0
0
0
0
0
0
0
0
0
0
0
0
0
0
0
0
0
0
0
0
0
0
0
0
0
0
0
0
0
0
0
0
0
0
0
0
0
0
0
0
0
0
0
0
0
0
0
0
0
0
0
0
0
0
0
0
0
0
0
0
0
0
0
0
0
0
0
0
0
0
0
0
0
0
0
0
0
0
0
0
0
0
0
0
0
0
0
0
0
0
0
