17535
12168
25900
22825
-7635
-36952
-31346
-35702
-13519
30777
37466
34077
-397
-34813
13136
-6916
38812
15041
23980
-20655
38381
-5275
17090
35903
38751
8104
-494
35110
-16800
41695
-20517
-20604
29644
-10177
-33455
42747
-27047
-21395
7745
-29188
-37452
14540
18975
-24187
-698
-10279
10235
-5971
-24939
17209
29452
23303
11382
3322
-23362
-34118
-710
-28101
-9626
-30706
-27746
-10837
14099
-24352
-34636
9310
15763
-15826
41243
39874
10870
20041
40654
13975
-34520
-13134
-8721
19769
-4330
21970
-29510
20598
7177
3502
-23033
16382
5316
-25808
16571
30724
-14285
33496
-39395
-18152
-8866
23244
1715
-34073
38082
-18163
17212
20167
-12856
-3915
-8754
-21986
32371
-28686
-38752
-1415
25103
-4709
5487
-3636
38172
9524
-24026
-9225
-1171
32859
25097
14001
-16471
-30850
-34908
-16092
-30098
4007
-4279
25313
-27726
35321
-14618
-5221
-22279
-3603
-15450
-26005
34226
-7438
-2941
30102
5865
-34626
3444
18141
6974
28445
-200
3806
-23016
10676
21942
23968
9276
-23676
-30091
-24202
32563
-39909
-6635
-25618
-35827
25621
-7957
-18183
41527
-36001
1504
15773
3457
31950
-16013
-21915
-6739
15371
-39665
-15358
5656
484
29700
-8818
-35860
21629
-5223
-39745
9086
12564
17736
-36698
23978
10190
-22758
-26968
25811
-9891
-35419
28431
-22683
-27053
-23704
-31533
4350
13191
-17611
10446
-1705
27268
12135
17895
-34763
24635
15054
-1931
-16570
-28753
9710
-33197
-30003
-2293
26440
-30391
27757
25348
23226
-26629
-13616
18993
32946
-24773
-2238
39804
19560
-14810
25449
30122
-38515
20415
11228
-28230
38009
-972
23330
-30132
39410
-40729
2837
42056
2674
-19479
25212
38590
12022
-37971
-1724
-33463
-33352
14806
13791
7370
-37456
-17837
-23349
-4296
2122
-21877
31440
34765
7143
-2771
2697
16248
27479
39869
-32778
-25927
-32555
13693
-6617
39402
-32250
-30003
877
23676
41962
-28728
15458
-19742
-15187
11481
-26913
-36614
36361
-7376
2195
33455
530
34742
-9304
6219
17213
-35803
17599
-12428
-36465
-34993
-4577
-6925
-3469
-1992
20080
13593
-493
5583
33219
-1406
-3969
9057
17494
-21063
-32719
5472
25974
21663
-18107
-1919
15142
-32394
35884
-35322
-3051
3509
-34519
-21588
-30624
-15361
27235
24299
-39803
23123
17640
-8222
10486
28753
-2538
22501
29973
-14153
7924
-7338
21392
26010
8894
27707
17283
12077
-20209
-22928
34041
-27999
22786
38491
-6110
-5840
-15912
42091
-8371
-31557
33994
-5649
3741
2940
-16951
11439
41080
8847
24044
2528
41557
16555
-1495
17135
28315
5660
25000
27747
13659
42584
-19910
-2901
27614
3913
-12475
2075
34062
8472
-3244
-27126
35112
40253
20699
17175
-25440
-38637
-36642
2790
13663
-16736
-19020
-38148
-7986
22542
87
5503
-8101
-21105
-9111
453
-6288
18394
22226
-38224
-17402
24946
5362
20800
-14056
37373
-37624
39891
4039
-35364
-37861
-24580
24642
29944
20462
5424
29911
18300
34465
35140
-24431
-34244
30737
-10198
22555
-26623
28741
25165
5158
-30791
-35230
-24859
-19167
9954
-21025
37101
26454
4697
-17220
-37029
-39687
-6432
-16040
-11451
-28728
11364
4564
9767
-24772
31206
40499
-1402
29715
24601
-36050
5849
-14083
-10269
22603
36845
4662
-26739
-35000
-29913
-14340
-10013
23711
26428
3979
-24681
-59
-10150
40916
28605
-5682
12003
772
23554
-23037
-18320
36167
-22311
-1032
12425
25072
-28347
-31701
-2612
3630
-18097
42527
-12666
22710
-4686
224
-35543
9789
29245
36854
-23216
-3737
4717
-28721
-4
-38862
-9683
-35823
-26195
-24748
-16015
4754
24665
17309
-8293
14010
12418
12457
397
20152
2332
10469
-17435
19779
34480
-17263
-33475
-6719
-4315
39700
4600
10242
28462
-19183
-18138
-26811
-5467
-16247
-31683
-35891
-12075
17437
-8706
39679
8401
-23269
-33613
6224
-113
-4006
-18553
-7033
-11577
12821
-21513
25391
3078
-8958
-23811
-34260
-24032
-27107
744
-15194
28789
23986
18266
1175
-699
30651
-14378
33523
-28406
25157
2787
38953
-3473
10292
-23437
-13346
-2706
-9817
-4015
31350
18228
-31313
20201
32245
-33092
397
-2285
31899
-24329
38557
22145
42104
-1388
30980
33494
-7870
-7915
33109
32299
17007
25136
-28753
-20915
11415
-7721
-16064
-7972
-18007
-19350
-36746
-12102
24085
9268
-1269
8803
-11143
35630
-40522
-485
19897
-8854
-15239
-33871
40902
-35538
-2734
-16045
24973
-16285
6424
-17427
37353
-27052
-26055
-6921
-32744
11308
16415
-4278
-20856
-34099
34469
-27906
35280
-27261
-12616
13831
7249
10785
-25602
-31213
-12163
-34988
-29615
-27439
26801
25139
1794
-7668
-10370
-19044
36169
-35003
21679
-16848
-7329
27163
-7829
41790
-27240
31134
24817
-29601
25343
-35216
-34520
-36681
11867
5432
23266
13083
-22886
9024
-23836
-17566
36556
-31503
-16515
-28718
-13351
12485
20090
13602
15708
-3717
31316
-17574
32061
-40621
1144
13475
-3810
-35638
38004
20969
-11139
8185
-3154
14870
-12272
23809
41024
22369
33316
2498
-10418
4061
22230
19809
-10145
-8533
18345
38189
10940
19894
-10015
-19958
-33182
-28243
31863
19037
39056
-16605
-12284
21028
34472
-36902
-30156
26466
36829
-25165
18738
-28385
-30653
-6083
-14962
15794
2391
-17769
-13359
-16109
-17813
810
-15697
-21978
30855
4725
-12061
36766
36546
31301
22566
-3634
-17266
42262
-1820
39749
25009
-19101
40711
1366
-33494
-26926
-22092
4729
35849
28624
-18089
7793
-34921
21241
-38496
37057
-32580
16261
36730
2645
-29582
40259
-18794
12035
39118
-12203
19285
8311
-31305
-26983
-1590
37809
9035
11039
-17873
26990
-23971
32576
36171
-16578
19736
-2736
-20759
20482
-18180
-3769
-34077
-17402
5318
-31484
-38973
34758
13335
-31009
-22415
-30020
35070
-7157
9699
31434
-16632
36180
17409
-38175
11282
39139
13911
7033
38922
8586
13230
17908
4173
6925
4194
-28432
-39070
18480
21309
-3022
-6794
5664
-16561
1435
-39039
37243
-20891
18980
-39641
26415
-31801
27517
30657
18331
-18661
-33750
-11582
-18840
37864
-10223
12297
15433
38733
20794
1059
-35143
-5009
-5619
8060
-36331
-31981
8620
-38927
2094
-30621
-800
17491
-8679
-4371
3377
25173
41945
17716
33229
-17014
38978
25756
8312
-22419
7605
33310
21635
11049
38689
-30869
36842
-34800
26945
12437
-23962
27960
1256
-23118
32536
17020
-29299
23296
17768
16608
-25422
-16709
-23095
39338
8050
-35189
22932
22817
30000
-2758
-37787
-32132
-28504
-9902
-18107
-14999
40806
-19153
26748
14271
-32743
28706
4260
-19337
-37652
-770
-17725
-23935
27843
-39258
27988
-3871
30364
38357
29748
34636
17878
-3271
41737
-19183
10775
31694
-32474
-29837
-4627
-29756
11062
16498
-24728
-25859
1233
24391
1757
27909
41387
2197
16997
-9324
25813
23641
-13594
37552
33561
-14792
-13436
-11440
37437
-10684
8439
-26345
41027
23800
27454
8107
13755
3996
-39359
-776
37856
-26359
-17098
-7174
-38487
17603
10282
4468
-29891
-39650
-14410
28252
-30068
20071
-39465
-39141
30847
26695
-9083
27658
263
-20484
-17166
15972
-23859
13918
-1988
-17654
-28370
-33805
-26172
-14178
17436
-23912
-38082
3374
-29256
-15131
-18871
-7648
1864
-12936
-34021
-39579
6591
18418
12292
38941
-29471
-39035
-16379
35590
-21916
35939
-4688
-28333
-33716
37577
-6278
-18067
-23651
916
42121
16194
11973
11206
22379
-1470
40065
-32442
-6418
-37520
33911
-4750
-13711
-30380
13536
-14058
14387
24612
2597
-15946
-12732
29346
21597
-31509
-26786
-7054
2769
-27840
30091
5476
-39724
17399
-30540
-39505
25206
-28484
32338
6748
-7000
-20946
-11607
-33068
-36963
26419
17664
500
-9589
-31946
31269
26564
17987
37137
20016
-26438
27360
8022
693
41764
29707
17422
30226
23083
39956
-4283
9803
-12959
-36588
-21827
227
-7285
37462
-2781
-20667
-2428
35504
36849
34103
35629
33367
29759
-5597
-31579
5741
26961
-16964
-812
-39254
18533
-1948
20013
-14463
31446
31639
40715
31475
7214
9812
24725
-7900
-1354
-21880
-9941
-23208
-28811
13352
-20159
-39650
16441
18571
-4256
-38915
20415
23426
-35687
38119
3687
33637
1005
-37138
-404
-28790
33048
-14422
15215
18046
19032
34924
38658
6412
16149
-6808
24726
26096
-696
-29967
-39178
-22036
27756
19195
7621
-30837
-12030
-36180
9268
-1761
-17766
2339
-1322
39396
-11419
23511
38213
-7536
11666
-8168
36359
30829
-16068
-38269
34113
19551
28688
2158
21475
38713
-30413
14691
40480
16410
13550
-32741
2943
16308
29414
3033
3338
-26207
-6085
-39951
10158
27941
-11281
-2203
-33257
12281
31466
13051
32605
16140
-6077
-32052
1291
-21888
-9804
-31943
27328
-22835
1337
3184
2581
8503
36566
6312
-32701
4948
-26925
-32785
-17114
-14463
-19479
-22677
9858
33387
8671
2994
27932
-36871
32857
28890
26092
28141
-36998
10589
-14818
26699
30162
23893
-11548
38877
-9863
19687
33994
-36613
19269
-27462
28156
2085
16835
18774
33023
-6030
14106
-21310
-4040
16477
-18050
33876
-2600
39041
4470
-7303
-1633
36571
-29596
-24828
-40029
-8400
-9895
9145
39671
-8571
23765
-34514
6392
-3478
30124
-15012
4146
25290
26251
37915
19168
-14831
-18638
31709
-6405
33210
-12417
-12207
18300
-21315
4261
8668
31643
2313
2000
22390
-35216
-23246
-36612
-37237
-17421
-3214
29095
-41349
25483
35876
-27977
15381
22758
-11585
2370
-2675
9177
-22877
-1308
31641
-37042
-16177
3392
36034
-32651
17598
-13332
21729
20053
7467
-19320
-3695
20443
22636
12003
19553
-26957
-14622
10709
-38592
12842
2490
13951
-9345
-21725
30568
-35144
-1651
22107
-2322
15719
-22772
-32134
-39342
6875
16848
-32835
2075
-7823
-21323
-40096
-38074
19799
33603
31536
7355
37057
-24021
-27859
36790
39780
2592
-388
-38570
30198
16395
30056
-325
29469
2774
-35275
-41437
-35095
6445
20599
-15753
-10820
14187
293
-3522
19912
32106
-40211
-10661
11378
-38584
-5776
34974
9460
13630
-11106
5709
1463
1297
26178
-39283
-1368
-7300
35380
22322
-39805
-27101
28759
-21133
-9005
25187
33855
4400
-27989
-5335
-14914
37191
-21535
-34960
29733
32557
38241
-23159
-35140
15460
34922
33804
-13957
-24159
8117
27978
40058
-9002
2977
30551
37368
-34969
-10469
29399
28868
2005
-24910
-26812
10677
7171
40046
-29944
31567
-38387
7744
-30383
-26674
-35589
22407
13045
-36053
20560
30760
23297
-39425
-39047
10530
-4077
29185
37707
-15023
30039
-29312
-10708
133
15917
-38831
-26786
-10180
-323
38511
-41419
3157
15476
13931
-29857
-24281
33979
25715
-2147
5179
-28769
29749
-29839
-18183
-24468
-23165
-22255
34764
-21681
33838
34346
-38280
-18120
7417
-27945
23855
-20774
-36486
-28304
36552
-8779
-22841
39946
-26445
-773
-35987
-29604
12351
21212
-2207
26906
21860
3642
35026
-30107
38960
-39721
22918
-38180
-34289
23512
-1119
-30386
-16467
-34309
-25706
-4674
29756
-40983
-1750
-5164
34526
24269
-8070
-38353
6093
-16594
-26115
23348
35997
7175
21315
-18610
32307
22415
-12292
-23375
36981
9724
16971
8562
17519
28151
-32748
-4307
21464
34815
11048
35799
-494
-21811
1957
12049
-33926
18489
40664
-14340
-710
5732
36329
12246
8323
-12722
12625
-3494
18834
-27315
12383
-40018
-20163
-19874
-17729
-1466
-15391
12940
-144
38826
-40839
-9610
9547
2647
4920
-1917
22732
-14590
-3210
-28705
11988
36845
35236
-14463
-22313
82
6757
-37299
-42955
10183
38144
1976
-32870
-29642
6500
-20392
16486
-13791
-9239
17720
-29708
3811
39714
-30257
7800
-30674
35441
39639
35618
35136
-24536
29271
5681
26780
29766
39283
19732
-7691
35025
36544
24432
26567
15901
-16208
-12597
-9658
-6827
-37229
-12002
17232
38758
26725
-36828
-39485
2118
4133
-32495
16871
30900
18652
-23867
12185
15945
-23483
17300
-22905
-8196
37197
36051
-6221
4612
16403
5744
24024
33976
-3260
22580
-21822
11441
18887
27221
-1180
-31502
34863
-25813
-4536
-10608
-32354
-31423
16387
1407
-15968
5345
6881
-22186
-38980
33124
-19676
9380
-40722
-30143
30227
-4325
-2758
-26965
-15614
11259
-33401
22279
10675
31285
22054
1360
-7838
-33595
-3200
-11365
-3399
207
5930
12396
-34536
-11016
32377
20013
-33310
30679
2588
6616
-41660
12355
18111
-7541
-33499
10603
22299
32813
-39872
12275
10306
37501
40
40435
5415
32597
-40915
-7996
-36471
32236
-37785
-11871
9168
40501
39332
-32085
31110
38031
-18900
-24916
-9939
38765
-1663
22718
-25644
-33176
-7421
29870
19061
32356
-16299
-13235
3815
25070
14175
-16621
27070
-18554
17915
-27787
-25991
-36061
25372
-43318
-28846
27493
1790
-1477
15614
-3685
-7026
-8038
-25226
-5207
5237
-10178
2056
-15295
-24805
10200
-3668
-32516
-13219
-3792
-21663
-23206
-25499
-35287
-32771
37934
11459
24488
-4252
-7607
6895
-16562
-1736
-17796
-16252
13872
30854
38639
-26328
-9068
16268
-5297
-2113
8245
-16105
12907
-15506
-40034
-12610
4280
-1253
25599
3117
14085
-45304
2511
-18902
21420
-20296
34299
2536
-9981
16062
-13530
-36010
-30654
15998
-36136
12890
-19341
-39594
22866
34380
2641
-37432
-26257
-24401
24061
16285
-31850
-5461
7748
-23844
-34177
35628
-5852
-21553
-24570
33129
33660
-38146
20362
1290
-37023
-6554
11732
-42945
-33577
22675
-9969
-24807
-43218
14380
16011
-23424
34817
23725
-26856
-32114
-34861
-2528
-7128
-18931
10913
20514
-41983
-13020
-25395
303
13173
21052
-40736
24432
-3146
-24348
33466
-3805
2910
37205
-33786
-38263
-11260
632
-32661
28133
8904
28687
-840
5461
36961
27128
1764
36420
-34437
-8923
33935
41092
31596
12556
17308
4062
36686
-31542
-3767
-6245
19092
-13513
-1336
18163
27259
-37969
-29458
-36647
37007
-6193
-3801
15393
-7841
37477
18131
-24543
-13283
20884
4991
-20976
-42593
-14180
29039
-8750
-14270
34738
-38352
-7908
-2299
-1465
39834
21008
-23433
36662
37206
31184
-39727
22379
31294
36547
-31563
7076
14301
35693
14271
-365
-26594
-31485
-3967
-31927
-27980
-27550
-7839
-11332
28634
-13659
-2926
-31533
34576
-30558
-2239
-24602
38923
29545
-40247
-31223
-15512
-4656
-19218
11162
-25274
32295
-39505
-39564
18833
-15476
-7089
10700
-8199
14424
-31074
-21621
-13484
-18932
13410
32607
-30215
14598
18217
6639
-26294
-12426
-2857
30866
22080
-6644
19388
21355
-13135
-26799
30664
16974
22126
-15943
40890
21339
34738
37456
28491
5581
26610
-22985
10224
-14927
11125
-41874
-25134
19589
761
-9352
13819
-22123
9385
-18212
25323
-18173
-26646
-29997
37701
-10171
-23169
-30567
453
15990
39374
-35454
-20014
-4131
25081
14441
41545
-33346
40766
-40390
25316
614
-20973
-7507
-39261
-26591
21513
29391
37175
35861
-8972
27108
20259
-35611
17190
-353
-3811
33027
-30710
-41230
-40384
-19051
-13226
9456
-30395
-7434
23881
1196
25557
828
-36463
-18362
25963
25076
14467
36745
2873
-23064
22761
-41132
1245
15293
-28887
-37633
-4512
22209
19827
-41176
-6463
2522
-13185
20385
-17985
37503
-32520
31863
-29768
-29820
37469
-27637
2053
37645
-27507
31044
-21813
17887
33361
-7512
-25036
-27244
29544
36746
11360
11565
-35185
-7260
9309
20913
33260
-665
314
-36777
-34367
-15210
3434
-5990
-2663
-19351
18719
14081
-26819
-24394
7433
-5086
17932
-25361
15813
-12674
-32448
-33505
7638
506
-18515
6523
18202
-12777
-4734
-37771
-10229
39015
-31520
34949
-4275
-37000
28854
-10257
-16681
-2445
-20660
3941
40272
-1427
-10209
8333
7277
-16998
8492
-20250
-23455
-5850
14517
-37727
7045
2523
-40281
-1031
-10632
23817
7078
5308
7746
33005
18209
28220
31464
10055
-14744
18635
10625
-21388
-11239
-13980
23593
-31105
-32880
10988
-33808
15226
-16143
12541
20623
34795
-2543
1894
1262
-30289
-31881
-11413
-10112
-28200
18873
-31200
-4235
-10861
-1961
-14568
23468
-28165
-37078
253
26264
-24379
-10084
-3248
-11535
17151
-36189
901
-30818
-2638
27671
16948
-34714
-2457
-34414
35929
-34037
35116
33680
20479
-1563
-41064
-21352
6377
37184
-27135
37234
-10704
1566
2327
-24319
22556
27350
28677
-41111
-15871
-15785
-21816
13451
-14283
-19429
-12455
34634
-7775
-3464
-15313
-13715
-15779
-3075
18305
19439
39959
-20338
33287
-32621
-22446
32638
-26882
12589
-12157
-15073
-9338
18018
-31539
-32105
-1391
14131
1145
-5858
25544
-1394
-19463
31673
-14585
36753
-23138
10012
-34636
27648
-32912
-2881
33461
33642
-35827
-5944
-7504
35481
-38086
8044
9785
-5683
-21780
7464
-42614
-4802
-17392
24692
-23980
-2490
-23451
8486
-2612
26313
13657
-18102
14260
-10292
17191
19400
-14644
6332
18712
-7565
-28093
1986
-22707
27995
41127
27627
28255
-35315
-30335
-10105
-32952
-33810
-15865
-24343
8382
26333
9228
6345
-26256
-2931
2018
15301
8201
-7779
-20476
-23405
12088
28788
33514
10311
22814
-3225
13620
-17593
7218
-32171
-12380
5350
37588
30506
-34276
-10281
-8
15827
5999
-15687
31105
-42486
-37956
-31800
-30931
-26569
-12305
19446
-22166
4645
19085
-10150
35091
36744
-28027
18637
17305
30191
-29342
-2331
-14454
20127
-16433
-17514
-23042
-4152
-10733
-39395
-7932
-1693
-2472
18129
-29477
-15843
-17469
-28887
-14894
20272
-9996
-13948
21340
36693
-15919
13022
-5545
21689
-15727
-21331
-30509
-29763
17424
-27210
-4979
-37751
28073
23766
6979
26477
14990
10385
21924
27391
-9399
17164
35823
10496
-13477
33204
21830
3878
37825
-12857
41211
-17951
40794
-14920
-33057
-12866
-33834
7820
36364
1624
14002
-33768
-27255
36528
19327
-12556
-38530
13544
35478
-39390
-1760
35275
-24469
-9872
24729
19649
40413
39606
-8584
-17826
27099
39554
-4179
-28217
-12673
-32619
-40152
28906
23949
-27161
-27473
-28582
-30567
6843
-42423
-17428
-41311
25918
-21003
-6641
-29636
-39637
3692
-3013
31613
-15573
-42029
-17185
-19760
-39348
32853
-1511
149
-35437
22008
20539
40621
-36549
2023
24607
724
-40012
-24068
31389
-37526
35262
12582
-4287
30718
1002
-31263
11586
-2771
-7687
1999
6311
-14689
-41290
2904
26002
-11373
-41632
39653
15776
13812
-27290
7529
39040
3867
-17743
25569
-34221
3375
15322
33667
19502
-24856
16464
20532
28603
38647
-24289
-33445
-3155
-33990
-33814
-31474
24077
6491
20621
28321
14475
14496
5982
10146
1071
359
30239
5101
-29180
-14507
5251
21192
-12051
-33820
-13956
25299
3352
-32380
-694
23671
26293
39143
-20481
10232
5806
-29519
-22819
-24506
5623
24633
20250
-17307
32549
-34249
-24722
39028
-27474
-6250
1317
27459
28776
-13707
-26527
28414
34407
-1448
-40582
2558
32415
16189
-21657
23027
30353
25118
36582
-22773
28551
-13226
5047
30332
-19259
38807
-34972
-33982
39721
38407
-3039
7655
22831
23538
-23605
25902
7873
-4882
10406
-32124
-23504
29198
21227
-39841
25979
16809
20021
-31755
30248
-14202
34510
-33510
-19964
37632
26194
-11924
-32586
-10178
26690
-14704
22706
26111
26131
14538
-13982
21644
-9839
562
10079
-26411
-38304
-21491
13233
-7408
-18381
-39578
-11673
-9143
-27631
31707
-1114
-9845
10637
-29428
-20004
28355
9049
-31181
33126
2561
35584
10609
-33253
40955
-33071
36298
-28842
39415
-3662
30939
19219
-20486
-6307
-39340
-10091
6806
28081
-22816
-40837
-29465
38170
32582
9010
19995
20144
34301
20958
-31928
-33802
-14801
-16443
24435
-5432
-21111
33837
26314
-31539
-16756
-21356
-28393
22313
12523
-38532
-37262
20606
20421
28702
15256
-29859
-26031
-24579
40000
22481
22641
22148
29514
-7353
-10971
-6837
8777
-14535
4144
-5787
-31323
-27788
-25887
-19313
14109
8764
2836
-16228
1596
23116
-15607
29227
-19640
-2222
-12106
-13421
-13101
-2192
-15889
-40989
-9808
-17734
22902
-4502
-7419
11526
18222
2383
38079
12310
26998
20602
23455
3801
33404
39236
-14529
-20484
-38751
-31345
-29151
-6362
-25720
17880
24827
20571
13097
-28613
-38228
6410
-40061
-11882
-11193
29411
-30733
446
3039
28867
40274
5103
-6470
41190
29595
-15188
225
-13577
-35041
-28099
14961
-558
5123
10400
-4169
-21913
-27024
-21804
22648
-15495
-36540
9087
-6870
12621
5708
-16988
-25725
-20858
11421
32661
-20890
-23668
-37244
-38130
-6541
-29020
17250
31884
-34069
16548
-9958
-32823
22068
-23886
27437
-304
-20544
-38793
931
-23471
-37413
31509
16551
-27863
16980
39778
-14198
-35293
-8850
-27432
-10965
1764
8463
36048
11170
38880
12626
32953
-25349
-18764
17345
-21004
-7374
6738
-15911
24929
5658
-36719
-27867
-15636
36875
-34676
27615
-25192
22791
-36045
-40291
-39983
12465
12613
23274
-37040
37045
20873
35658
10965
23836
18201
-23594
8236
35421
-22131
-40602
33173
-38737
2664
-25595
9519
36552
-40405
20571
10926
27752
12198
34935
-18259
-31610
-32481
-35
-16067
18023
14253
-17372
-13443
-3461
-12051
10745
18484
35029
38255
36014
-26144
15937
32924
-18325
-10997
-20798
-14722
-23244
13831
21414
-13557
23120
-578
-31535
3600
12337
-23759
18430
37568
18307
-10867
-23492
18940
14678
-6393
-30308
-30287
25602
-32030
-8035
31160
-24500
-4011
-15804
22798
22887
5736
14125
23787
26641
-39456
-5156
26253
16394
2239
-1702
-24397
14942
-38438
-2366
-30303
-28514
9386
-26526
34168
11363
-25710
38404
-4119
-31268
-41658
-6486
-3760
-32663
-8241
-8008
-27461
-2362
-22434
-41729
11153
-38869
35274
39713
-6175
28803
10291
-38966
-40358
-15960
-22137
-6175
-30289
6930
-31613
-5254
-42426
-1548
-20253
27199
-21814
-18374
34232
-15837
18521
18210
5519
37313
23904
28686
31931
39533
12528
-14570
8808
14656
-31113
18189
-12700
19977
36455
-23099
-31685
-29478
14283
-35326
-24902
12672
26729
-21988
17901
-19768
22456
-30442
-7474
-38052
36948
33155
10913
-10500
-165
-22727
16811
-33395
2311
-30960
28928
21303
-7888
19966
-733
14341
36420
-15660
21353
-15050
-38559
9171
-29769
14975
-11440
12085
36268
21060
-7368
17283
24657
-21744
10730
-38904
-3681
-22532
-24558
29302
-1270
22881
3206
-19406
38805
-27421
15754
-37593
-22392
31139
37586
-39917
10452
13981
34588
-21018
37277
20643
-332
14694
-16195
28708
-33878
11349
17370
-27042
11155
1778
12898
-3364
27477
-28913
11174
-7006
-24284
14211
-16914
-40287
18663
-12764
-33859
16544
8984
-6813
-22532
-1727
35699
35945
13253
-11526
-27437
-6761
8190
-28507
19479
-23557
-34744
-35492
12206
-26280
8809
-9435
-7619
17021
-18619
38121
1367
26960
-3957
-15867
-267
-16730
-22725
-29049
-38538
-32096
9131
-34086
-24240
-37726
6468
-16160
22150
-30736
-5195
-26073
24735
14057
-12951
-19956
28126
-34086
-7291
7659
-14859
-25858
-17144
-16363
-15989
2939
23158
-4775
28605
-36116
20308
-31635
8005
-32962
19724
-5883
-10338
-38038
-31101
3011
30452
1950
-14980
34714
-3985
35860
12305
1602
11509
40971
33115
-25800
-35810
-40752
-9311
5892
31175
1092
27359
9176
-24268
-20030
-37793
-23195
-22046
-32382
28979
29373
13935
-10046
-22495
-33716
28787
1308
26355
16057
-34450
31021
10867
-22399
-3509
29757
-21239
23080
28487
28186
-6380
-27396
-40193
25757
7274
26360
-8272
-24244
30508
-35905
1465
-32401
27408
-2296
22155
-33251
-1769
-19706
-32534
-20435
-20396
-21541
10169
12078
-36238
-16202
-8553
29262
-21155
-19634
-42618
26515
-8419
39894
34674
2276
35059
-29146
6921
31645
-31426
15697
-22442
-31167
-35024
9822
11576
12959
-2697
38407
-21511
22451
-35359
18006
-14400
15645
27994
-35434
23316
21795
14109
-13058
26435
14506
28907
40167
7953
13600
8892
30456
7267
18690
-24734
28422
11562
-9197
-28694
32535
10299
20275
35291
10116
-35882
36045
15426
21590
-7764
32352
-41019
0
0
0
0
0
0
0
0
0
0
0
0
0
0
0
0
0
0
0
0
0
0
0
0
0
0
0
0
0
0
0
0
0
0
0
0
0
0
0
0
0
0
0
0
0
0
0
0
0
0
0
0
0
0
0
0
0
0
0
0
0
0
0
0
0
0
0
0
0
0
0
0
0
0
0
0
0
0
0
0
0
0
0
0
0
0
0
0
0
0
0
0
0
0
0
0
0
0
0
0
0
0
0
0
0
0
0
0
0
0
0
0
0
0
0
0
0
0
0
0
0
0
0
0
0
0
0
0
0
0
0
0
0
0
0
0
0
0
0
0
0
0
0
0
0
0
0
0
0
0
0
0
0
0
0
0
0
0
0
0
0
0
0
0
0
0
0
0
0
0
0
0
0
0
0
0
0
0
0
0
0
0
0
0
0
0
0
0
0
0
0
0
0
0
0
0
0
0
0
0
0
0
0
0
0
0
0
0
0
0
0
0
0
0
0
0
0
0
0
0
0
0
0
0
0
0
0
0
0
0
0
0
0
0
0
0
0
0
0
0
0
0
0
0
0
0
0
0
0
0
0
0
0
0
0
0
0
0
0
0
0
0
0
0
0
0
0
0
0
0
0
0
0
0
0
0
0
0
0
0
0
0
0
0
0
0
0
0
0
0
0
0
0
0
0
0
0
0
0
0
0
0
0
0
0
0
0
0
0
0
0
0
0
0
0
0
0
0
0
0
0
0
0
0
0
0
0
0
0
0
0
0
0
0
0
0
0
0
0
0
0
0
0
0
0
0
0
0
0
0
0
0
0
0
0
0
0
0
0
0
0
0
0
0
0
0
0
0
0
0
0
0
0
0
0
0
0
0
0
0
0
0
0
0
0
0
0
0
0
0
0
0
0
0
0
0
0
0
0
0
0
0
0
0
0
0
0
0
0
0
0
0
0
0
0
0
0
0
0
0
0
0
0
0
0
0
0
0
0
0
0
0
0
0
0
0
0
0
0
0
0
0
0
0
0
0
0
0
0
0
0
0
0
0
0
0
0
0
0
0
0
0
0
0
0
0
0
0
0
0
0
0
0
0
0
0
0
0
0
0
0
0
0
0
0
0
0
0
0
0
0
0
0
0
0
0
0
0
0
0
0
0
0
0
0
0
0
0
0
0
0
0
0
0
0
0
0
0
0
0
0
0
0
0
0
0
0
0
0
0
0
0
0
0
0
0
0
0
0
0
0
0
0
0
0
0
0
0
0
0
0
0
0
0
0
0
0
0
0
0
0
0
0
0
0
0
0
0
0
0
0
0
0
0
0
0
0
0
0
0
0
0
0
0
0
0
0
0
0
0
0
0
0
0
0
0
0
0
0
0
0
0
0
0
0
0
0
0
0
0
0
0
0
0
0
