-38856
30393
18884
37458
-6960
38744
31603
1826
-39168
-35979
-18849
-25411
32785
-41752
-848
-26044
30075
-6299
-28808
-16708
-29844
-36318
18119
3522
23738
13906
27393
20883
-33346
-28214
-10465
-37207
-9945
5143
-34478
-27967
-12816
-37919
3936
-31313
8551
26126
30292
26205
40227
29158
17446
15578
-16373
10310
-6307
-40648
-19954
31523
-17958
-3982
4270
17830
17536
-18952
-6426
16639
7816
-10354
13816
-13672
24955
26595
-5128
12880
38292
-38068
19102
-27665
5883
26548
25267
32627
9892
-3710
-1962
-26671
-14937
-27880
-21898
-42264
-16622
39306
-29188
26998
-4817
6462
-18755
28891
-11485
26067
-21421
7893
-12558
-1399
16823
-35061
28101
-33591
-5457
-37680
-34107
-20967
21779
2791
34549
38125
-2271
-21703
13421
37974
11033
-23231
18303
-17374
36292
25659
14631
14270
-34024
15039
28715
8620
-18668
-8306
28169
13708
4073
29490
-40559
29706
-3197
37616
-2766
612
100
-22884
-30944
-13582
-22648
31134
21125
38528
24880
27517
-10284
-33207
8917
11614
4114
-891
-28161
-32978
7842
9045
-27946
18429
338
15561
27723
37221
7679
-11957
37999
-10478
-38981
-36289
-12733
-3396
10564
-10066
-34642
5144
20912
5492
9747
-41402
-27496
-22330
-4443
1687
-33597
-30054
-2056
-21704
35238
-1898
32484
32206
-18336
19405
15659
25412
12331
-5159
28749
-42554
-163
-40951
14897
35935
7217
-11472
-26325
-11771
-19721
-26374
-27660
-4668
-40506
4653
23255
-40639
21226
-8971
-9914
-37378
32413
-14115
33179
-16497
9572
-32916
862
-27272
-26480
38603
-12011
32176
-36659
32482
-6949
27645
-14761
-24466
21876
36565
33431
2097
-32810
-121
39245
19316
13518
2544
-42151
17033
17936
36437
27367
12292
-14586
-1275
-7610
19564
31724
3485
8287
31303
9481
24060
39778
15957
9872
-14744
-34674
-17288
-4431
35027
2590
-102
4651
24998
-38456
21044
-6418
-17146
20319
-24405
-38361
11685
23832
38326
-30770
30874
-11685
40703
40861
8905
23012
-8347
-40721
34222
-7885
25510
34331
-17354
-8457
-38343
6632
18539
-18223
12652
24763
-8352
8225
21918
15706
-23317
-28485
32813
-31532
1686
-38381
-31243
8616
-18080
24654
6292
20811
-30218
40588
18790
-19581
-26195
27402
-25344
4641
6061
33049
-10326
-14070
-23977
-6940
9957
-601
36215
-39837
31499
26358
8552
-10858
3080
-16498
21706
40708
-6824
36853
14194
-35688
294
14040
31909
30584
-29096
-35055
24077
12989
325
420
32550
-703
26475
-4658
-16365
-23000
17901
-23547
15743
-20365
-31392
24892
9009
8074
27453
7894
-18892
6867
-13396
6701
10684
17225
-20255
-35005
-5287
-32851
-26107
29253
12621
26113
-29494
-25192
-24767
-13751
-28046
-15006
-36549
31352
-22053
-28102
11172
37327
-7332
1035
-37601
-9300
-4407
-16736
-7291
39373
27889
6325
31429
29263
-33785
-37300
20573
20131
-14994
-18124
-20002
-23313
23099
20743
-23931
-7769
-3295
-33395
-41905
-35716
-31649
-2631
-12379
-28678
37283
28360
-30305
-37019
-25337
1439
22501
33775
-14217
-14593
-29395
35023
18434
-18198
8223
-39234
275
-25657
18832
-26826
-28061
16653
-27304
40854
-27444
-40047
-33804
12142
-21482
-38233
37545
-30574
8818
-25697
-16687
12207
-12889
7524
-10664
-29276
-38053
6600
9179
8003
15816
29455
-3670
3471
-31977
-23437
-39078
24240
5395
1064
-21764
8344
-24396
-41696
-27857
-5581
2399
-11199
-34178
-33129
35183
-2592
19694
-13870
-33954
-21149
31686
-38318
-7818
31327
-35981
22387
17281
7212
-10910
18567
-37599
-34553
-24094
12125
-7030
-36039
-20096
33463
17849
14951
-2128
-15847
-18567
8650
-7074
24808
-24166
-1193
-8853
24106
13854
26404
-16785
30237
-38300
-2946
35570
-39815
-26715
10108
-34600
37860
-13734
5207
-37761
29947
-25728
4684
33985
16449
13228
35654
-13388
-26809
-23098
-36004
-25843
-32474
-27863
-37734
-13402
13971
5027
-15679
38980
41693
-32226
18684
12414
26377
-7083
-25558
-5934
-10753
-23220
10565
-16119
14791
-10324
14394
-34734
26768
-4627
-29336
5680
20956
38980
-1239
-19752
13472
-8538
-20770
22507
-17665
9911
-37218
-11580
-32491
13791
-24952
23954
16526
38268
-17265
-693
15765
10627
25878
-20454
26925
8602
-19283
-37244
-32942
-880
5335
10614
11725
27319
-2920
38322
8141
-29907
-38630
2078
26488
-26327
6069
-29953
12255
14007
35004
10950
25406
15360
7770
-35514
37606
-32566
4452
-22616
-34930
5185
-38423
-23309
11700
-19019
27846
5645
-31128
14381
2542
31544
28609
24563
-29578
3343
11198
-35586
-40816
4655
35207
29248
15377
-9594
-4909
13593
-10895
-33276
34461
41268
11431
10625
31734
5075
17535
-37336
-5302
22989
-29858
-12330
-32942
32534
-10658
5704
9792
-18549
16663
-33078
41987
28248
32950
-30422
24113
32586
-11137
35030
1822
-36267
-31360
-4195
11574
-982
-39363
-817
-10492
-20374
145
16228
11191
9797
17345
9605
-5860
-34518
1969
-17651
-40099
8865
-23005
9668
29666
-25566
-27341
-2334
-32765
-1737
-26132
10964
-33928
-13128
-40392
7837
-6553
-39636
15909
-13354
-28798
1838
37837
5645
-1010
15002
-9763
5884
3654
32712
-15103
950
899
-25678
-23481
13866
-21163
-8532
30504
23378
3231
-18677
-14468
18005
-21897
30462
19669
12908
20316
-30610
7697
-6352
19612
26373
-37284
11753
-15236
-7263
-18477
33866
-18095
20101
-22995
34948
-26490
-42881
18934
36822
4369
-10492
3588
10879
25388
14309
-35896
24151
21892
-21074
-3645
-25452
-31435
42558
-16084
-23279
30574
-18992
24187
-25493
37848
23115
-32836
-39558
40688
-1847
-9981
1734
-38816
32998
23657
-26588
16897
-4962
-35781
-2558
-10510
-603
-30671
-24671
4363
27861
-6433
28743
-40882
17555
-1364
27415
13250
3922
20898
-3850
27056
-9953
2524
-23573
-2039
15314
12431
36745
3362
-31480
18550
-4724
36448
-9452
-24281
-38137
33469
19720
13847
-14287
-27214
-32477
-29301
-8766
25466
5564
20211
-33588
29152
10905
39854
-13693
39732
9474
-27072
37969
8238
-32178
-12122
23036
-25450
-36280
32623
18434
35370
31247
4880
11731
19427
10163
-28822
20406
-36995
6948
34909
3656
-28143
29654
-9456
-5078
30439
-9833
31809
-349
-10476
-29087
-12329
-29805
-33530
-345
-2487
-23498
-25206
9403
1777
13745
-29034
-21900
23072
28475
11949
102
-39016
21178
26432
40530
26783
4273
20248
23891
-18353
31847
41178
23235
-37638
40699
11237
-4
-33186
-26385
21858
-13320
-17047
16396
21137
8763
-41068
27568
-25441
22692
29408
34763
-13270
19974
10301
-18841
-7950
-1606
-2299
22636
37123
-39248
-13727
37308
-17902
-20793
-25726
11370
-18389
27139
16177
-6728
-20912
8596
-9993
-28719
38326
-17886
4139
-21692
-8429
26408
862
271
41317
11484
28928
10520
10429
-2780
29206
33920
17241
-10795
-15459
16082
25713
28964
-42493
-21006
36640
4559
-12311
1586
-7140
-33640
26747
-19454
4931
23989
-33679
-44067
23217
-5218
-12366
-32305
37001
14366
29002
142
-8292
995
35016
-3931
-11585
-26606
21085
28333
-8104
6633
-34385
-36587
-38860
-2558
33196
5661
-30634
19606
-34806
42731
40347
3787
-15898
-3667
12953
-3616
-8878
6365
20675
4757
32805
2840
-27599
28706
-28247
11709
12255
15633
-40108
-8925
-10065
6058
20511
-35204
4246
-17351
26385
2155
-15517
7476
-40558
38144
3747
-19367
-7481
35701
17098
6997
27030
20133
-21640
20557
-6739
-43451
-1730
-29283
-39846
23121
-24356
23973
-28558
-35303
-18822
20523
4271
-18074
14787
-5613
12785
-31571
22233
32411
-19549
57
11085
-25671
-32457
-13245
39552
12884
-27221
-5940
-33765
-12809
-4776
-8818
37543
-31067
28297
20906
35155
25449
-16387
15447
19804
-27157
-36532
-24430
-19098
37562
1883
10358
-32389
35891
-3190
34897
2024
26385
15408
29713
-38377
-21496
8777
13205
5419
-31106
-9275
-25272
-1001
-16400
-28784
29825
-27721
-20964
-1017
12351
21578
25534
20705
29799
35987
18849
5039
21404
18301
4703
12740
38895
-31279
-16055
-37050
37867
-33191
33376
16073
-26450
-1295
22965
10586
-43538
18072
-24468
-27863
29330
18961
24890
-43367
-22573
6291
-4079
10026
23357
26240
-20545
37760
4878
33126
19555
17897
6332
320
1540
14346
1738
-35144
11133
-20816
19583
39967
-1544
3930
-38703
373
-31772
-28034
11564
25897
5306
23913
-16014
25430
-6270
23449
28957
26820
38135
13550
-10741
-14913
-37001
-34699
13987
38080
14090
-8955
-16302
5706
-6368
19202
4357
8506
24897
-32549
35403
-29118
33573
21631
-35945
28855
-19258
-23733
32633
-9616
657
27292
10137
16134
10480
-20137
-44510
9518
21213
31187
-30327
-20776
-27166
1035
-37106
22085
33696
-29868
-37819
8371
35248
13897
32543
-7348
-21673
7813
25455
17743
-13495
-3367
-37554
-19692
32549
5943
-39050
-33928
-29186
-1675
-41625
13906
16339
1766
-42522
-33542
-31758
30130
-43707
3032
-25310
-43921
35139
-41956
-36582
27129
-14860
-44401
22228
-41637
10656
-39703
-36998
6961
-1861
-20701
25127
-44640
36153
-23492
-29378
12472
-23069
10020
-20398
-19564
-24379
-21889
-18989
-2489
-34395
25770
8482
-3047
-30139
-25715
35309
-14223
32194
-24353
38464
26607
26030
-7678
20763
13215
4068
18792
40114
12135
-31387
-36175
-17720
25580
-37555
36977
27891
27561
37222
17658
19678
24558
12690
-14784
-30884
28235
15524
33558
19587
31924
-25727
9006
8147
28570
-32642
28488
18927
29108
-42810
-33849
8105
-11129
-33862
6787
29884
-1449
30515
-546
11994
32316
16524
36480
34093
-2819
-14400
-22002
-12094
-40341
16352
30375
25722
430
33774
16743
-29079
-35627
12981
28523
28700
-25042
-6905
-11313
31719
-14122
34521
21446
-13769
3834
-10162
23120
-13358
-24109
8701
-9998
-23066
36047
5427
-14013
21382
-8460
-25694
27374
696
-38501
-37155
25935
23752
-42932
-18254
-34514
16827
-10870
-19684
-2147
22
2131
22738
-26299
-6076
37993
18472
-16531
-25724
21061
39588
-1356
-41643
-3372
-5746
-791
-23636
-10351
20881
-34537
31453
18373
21896
-12190
9189
-660
-8627
-21023
-31700
-22850
-29612
19997
1271
-5511
-20760
-24042
-45543
19057
-36546
-27659
-2730
27161
-32305
-14270
-31666
-33699
19397
29826
-39157
-14498
7563
-17440
-15159
-49302
-6650
-29703
-18608
-26205
16576
6963
-2083
34613
8249
24460
-5869
-6940
-11805
-18269
31534
27917
-11859
-16422
-16998
16964
-29635
378
-32394
1714
-8746
-33188
-5642
2073
23443
33513
35741
11023
-42955
-29413
-39069
27275
-906
-17674
-28505
-21187
3049
21211
28293
34797
1702
3934
-27526
1334
-8817
-15438
-2681
-20090
17092
31937
-36282
7868
-45483
-25790
-5275
-28067
-1101
12475
-28448
-28329
-17286
-33108
-23071
5478
33020
9802
1265
-22695
38575
-16143
37524
-23986
-13663
13747
18083
8998
-27606
-32978
-11820
-38077
10842
-1513
22208
12637
-23688
-36893
2323
-20022
24041
23759
-23599
31737
-26789
-29041
20370
7224
-29659
-4188
-10828
8725
14718
13327
-19143
-9195
19542
-10146
14021
-38417
-41519
-39804
-23136
10701
20260
19421
15198
-13049
-18231
14355
-21110
-4953
25101
20998
5693
-4842
-38711
-18005
-5355
-36079
-6384
29005
1054
23530
6154
33716
-3699
-14446
-42614
-42148
-2611
-35204
14440
34087
-30760
-17207
-30729
-24590
34283
3906
-16444
-4983
19686
-29348
35305
26906
-8343
-24063
-18118
5942
27532
-28154
-35771
-2104
25703
-20733
-26801
28892
-46773
-22583
-22807
-51246
-30571
-20121
4450
-42519
-34157
13168
3928
-4737
-44913
-6292
24913
-32332
3210
-40224
25124
-20646
9547
7139
21496
-32503
-16222
-19009
-32952
-20505
26116
-4468
33668
39517
36388
-40898
1843
4518
-6431
-32993
21575
34177
-40976
29706
-25695
-42188
-3907
33297
-31027
-128
-27567
-24904
16859
2071
-29275
32650
-23535
-11278
11129
29838
-44297
6769
-49696
-48233
15018
-32945
-9485
13394
-39158
15117
-31207
-29065
-41924
-37140
-253
31812
37359
28007
1324
35152
-36709
26516
-41047
28008
-24116
38431
-27431
4261
15285
-715
15954
5889
-23331
12486
-31736
4032
-35734
-24445
10944
-41302
-919
7482
23988
24951
18353
-8945
-14685
-37483
-1406
-28555
3089
17626
-43182
25166
-13899
24081
-48334
-957
-6032
12628
-25107
-24863
-22002
-23915
839
-43955
-33300
-24212
-10251
-11329
-5118
30420
27191
13079
-26142
-26257
13617
15343
714
3054
-21542
-11567
-1795
-8625
14430
71
12645
17691
-29093
9373
-18081
18765
-39349
-5488
1546
-18266
14585
6722
-41290
13956
-29020
-24375
35745
-5569
-34712
25689
-38054
-35977
-35808
-27480
16928
-27542
-34023
-18475
-10737
22963
21571
-13757
-10108
28302
-9715
-27142
-34537
2998
24419
-6848
-42286
10970
28402
-29689
-12576
-27328
17573
16166
-6332
-12468
-15379
26975
14177
70
-21702
-12135
16362
-33312
-414
9709
-10945
34873
-9289
-17902
-22484
-35109
7055
-24387
22201
-11868
831
18651
4773
-6066
-13060
-6223
12431
33318
-27510
-17072
-7611
-39299
-15716
2860
-39688
29229
-35437
-17748
32422
16024
-31147
32160
-20675
29441
-14844
25190
-24413
-16770
-21127
-9618
19683
-23439
-43893
-31738
28266
26999
-4287
33145
-27975
-45356
27002
-3700
-21506
-11499
8284
-12617
-37453
-8027
10860
-20031
-792
33219
-18290
31670
28603
13617
26261
24940
-1191
-9144
-12652
-37566
-14061
9517
-2140
32257
-31377
-7182
-26793
31919
5585
-43052
34290
10670
-27833
-44503
8008
-25074
13602
24889
33905
15399
24522
-1819
11525
12137
-5506
-20539
2608
-29464
-27933
27992
35876
37651
17351
-14911
-19547
33515
15282
2236
-21003
-8152
-1170
-23611
17477
-9695
-7746
16693
17107
25849
-3700
-30957
3406
-35812
38778
-20085
22782
-25040
9867
-33803
12780
10608
8365
-38718
14143
-41740
-17930
16380
32347
13129
-31494
8779
28671
-38198
-13178
27609
165
10367
33909
-34982
9117
30984
37616
38065
-29609
-19290
-3644
-16464
32200
19196
-2676
31687
27352
-20460
7011
25076
-26545
18354
28456
-7301
-1581
-37824
-25446
-9469
-17200
17685
-20261
12695
-11594
-4762
-16861
-17609
15949
-12009
21978
-10590
-28587
-26238
-15128
-3387
-18632
28328
8391
11909
26917
5984
15962
39670
12944
26168
22421
9371
23738
35547
7096
-9381
-27971
-186
3893
20865
19863
-35674
25465
-494
-10062
-11506
23756
-18893
-11441
-37299
-835
-37063
32648
-21372
-36902
-12597
-3390
11576
-2118
3407
-27172
-22315
10310
-13665
-12923
12625
-13286
-15183
-36376
-25769
37273
30857
6008
12549
5185
-29170
-22953
-1254
28918
38151
-32753
19833
-1118
-26248
-22580
11079
21072
-4649
19702
-19599
-38451
-32569
-39057
35026
28481
36406
34302
17997
37099
4505
40149
44437
-3069
-16703
-18161
34635
-23706
27159
-36905
-34820
10042
-31733
19630
7188
-39013
591
-39180
-15475
14223
35838
31323
-18673
-34412
-36751
-16177
12981
17484
-13375
34493
-33502
10155
-37016
-17679
6775
36762
27168
30875
-28038
7069
-18070
-13375
31572
25663
-23636
29859
-22925
23886
41243
-28063
12613
-3110
38491
-9810
-20312
-30463
-33545
-14169
8046
13963
42496
9056
27480
-18185
-11153
36090
3697
-23713
40338
-20218
-23205
19037
35019
-31281
10820
24285
26045
29171
-2049
31316
-38302
-12853
12804
22784
21068
-35118
9326
-20541
-5917
-42960
-24329
19693
-11098
7614
34581
-29894
-31343
28659
-16759
21198
-20715
26786
-18884
6526
-19370
17104
39228
32354
-13333
35647
17869
-25435
-4555
18166
-28051
-19273
26436
33052
20329
-12185
-10333
-8203
-9597
-22274
15551
-22964
-8137
14345
32702
23942
8350
-70
-40553
33363
-47101
-38576
19709
12599
27290
-4335
24636
32942
-22276
36887
10043
26671
34192
-20494
-16571
450
-17730
23360
-8109
-35584
25136
-26875
-10148
-20379
270
-22492
-31074
36630
-13013
-14781
4079
5254
-18706
28169
-1380
27014
-28494
31099
-5859
46410
14169
-16357
29514
-18077
29241
24210
2475
-7520
-9289
7040
-8221
21228
26340
3859
-39764
9192
-22478
-4121
-36477
-39385
31984
-35795
11176
14030
-9277
14286
-27767
-40243
-28540
-17611
-34672
30090
20832
-24437
-41260
-16445
9043
-32040
33368
-23198
-30583
-37582
-24428
-29899
34864
-29470
-10488
-16268
2184
21704
892
436
-12533
-34223
5770
40758
-3244
-8971
-18285
-31284
8208
10532
20535
3247
-20350
4889
-15510
34523
28516
13244
19504
20731
-10700
-9191
-1079
-36572
-4492
28243
8394
-12093
29678
-22660
12981
-1122
-2348
11822
-949
-36047
-26024
-6419
-26723
-18006
-2221
34880
9452
-17236
-12112
5045
-15830
42773
15724
-3239
-11938
23709
44066
-33835
-3807
3892
34112
-20603
26820
45756
-27632
-22391
-5112
29379
29714
26261
-987
-19783
-14684
-4788
20867
24038
-15156
38027
21538
9316
-11162
30360
7477
-26955
12410
-26041
6396
30173
24047
-33435
-32419
-41745
-18626
-31259
-15595
-31345
-12354
21568
18909
19990
10593
1869
-40103
32719
-40922
15586
10053
13900
10131
2188
-13474
1422
11374
93
39178
16707
26237
-8685
36724
-13548
-32335
13237
-22930
15928
-8190
5446
17434
34035
40637
18430
-10571
-20425
-33494
1581
46786
-27234
-25360
1599
-32848
-16067
21816
-33067
37036
19177
-12413
21881
29568
-3187
21591
31165
-44197
-15424
-24956
27664
13322
-26685
217
21808
-31847
34051
21998
12058
6255
-20029
-43410
-38077
33991
3279
-13953
-24377
-31210
-14878
-10213
-29711
-15507
-17120
-2588
-23407
14245
-12433
-26272
-8940
-7516
14590
-27371
22949
25681
26292
-24168
-5823
44166
46536
34773
-17562
25506
29288
-24398
-3691
-24971
-25091
8126
-17201
-36251
-22530
12100
33188
-12647
23177
30587
23199
20500
-20681
26179
-44589
-26484
29945
12832
8982
-34624
18247
-5987
3885
17908
-12210
-7451
-43141
-10852
-11714
-15197
10078
-4401
7440
39815
-7605
-22521
-13868
36202
23429
-32436
46030
26448
8393
-18819
-1448
-33014
17502
34841
5204
30598
12008
-12874
-30085
9062
-13787
3342
-18623
19902
29281
12585
35674
36901
41871
-19245
-11995
-37074
-15103
-26278
-19733
-1865
-821
18645
13797
-7571
-27513
-37174
-33904
31432
-31437
16330
-25844
38177
-33716
7908
-3186
34889
-33914
17117
-21327
5658
-36079
25188
-34159
36779
-10000
36529
-17504
36844
45110
-6973
-17852
-5060
-25209
-12032
-14069
11569
-29738
-1309
-22395
44776
-8989
-20020
38131
-34151
9064
-3751
-12161
6918
33715
11028
14512
8496
-1594
18060
22350
-34564
14585
-27971
19468
31992
15952
4868
-35435
-7380
-9039
-42031
11653
-27216
6763
-33600
7877
-2748
28460
13424
-35894
19394
22713
41302
33856
29438
21641
44458
-18495
-8281
29965
41093
23896
-3062
18899
28383
10313
33672
-20782
18576
36491
-8876
23129
20164
24687
26831
3373
26216
39337
8431
40720
24489
-11284
-20484
1682
-38853
-30080
-32554
-11441
-27210
11276
-4570
-15088
-10684
-18179
-12666
-31641
31195
-26712
-5363
32954
34415
37898
30565
-13710
-31219
5258
-38951
-7327
29031
-35218
18179
5114
21573
4330
-32211
36850
5634
2009
8213
-14625
35107
-24003
6830
-34822
28539
-4598
-33879
-18219
-33073
36541
44022
22769
36393
-17040
17586
19685
44338
11391
18226
10283
-36069
3365
-25081
35601
-7138
3521
-18130
13653
9484
-6826
4529
-22294
-12981
-1203
35435
22113
-15498
29878
-3042
-39427
5961
8969
-22986
-17820
-676
-43162
-27439
-40188
5206
43041
-21272
3267
-27907
-2584
-19959
40636
9411
6170
-7683
-15575
4055
37833
-14431
4348
-4463
-3833
-31885
26429
1870
26439
-27818
-14419
-18651
-2336
40813
3804
38162
16979
-31092
-26105
13304
-37259
22912
-293
-18224
9562
17836
2921
-31502
24419
-3955
-28187
-33084
17970
-24270
-23989
5428
-39735
-41344
35191
11031
-37629
-19360
21400
-8777
35640
-34049
-35021
-12298
33318
-26515
-29976
-12121
22683
-23769
-22252
-9736
-28178
-16135
252
45083
35097
22676
37921
32632
19093
-32236
-11631
36951
5734
18508
35042
-34532
-21428
666
28558
34357
17751
22272
-2969
-6380
2107
39768
25714
26980
-32106
-26555
-7781
18797
-5197
-24753
-41665
7192
37613
29080
-27724
-6238
11236
23123
11212
-4064
25533
-38482
23166
13796
29686
-2808
21344
1458
995
33461
29174
-12817
-24415
2476
-16325
18936
12078
-4643
9632
1286
-9832
-21770
-27312
32877
-24501
39976
25385
6176
11461
30157
-4689
-7684
12481
-32998
-14388
-26925
-37281
7750
23433
-5243
765
14400
-5579
-6162
8503
27364
-16462
-15062
40019
1519
-5503
-7801
-10493
-6248
-22539
4295
-38108
1763
-11080
21252
32017
15904
12136
-11236
21999
-9934
45366
34458
-28623
10075
26711
18896
-2005
-5023
284
-30660
-7083
3640
38274
-34309
-30608
12130
16876
-3995
-24864
15873
-25975
27393
2564
25445
-18329
-14062
11919
-7709
877
39195
32321
-29600
-6077
666
-28592
36953
3821
10306
-18340
13265
32972
2258
-10726
18157
-23994
4377
23702
-41596
-9821
-36542
25449
17526
25318
-15249
2023
-2544
28563
-12570
11864
4509
37256
-22848
-32424
-4183
12532
-26898
-9483
-21085
-22470
-23268
10141
8287
33540
-3084
-2304
-15522
-19923
14637
-27029
-24297
24790
-4530
16260
31586
-11627
36213
21711
-36963
31629
20124
23755
-27512
-35730
-19413
38776
29174
29209
-26577
27685
5100
-10967
-16210
20405
38534
8779
-34658
5701
-25967
-6490
34289
16308
-18800
-8557
5097
-13851
17252
32574
-9252
-31112
-5906
28371
-7001
19894
22355
27310
2407
-30622
2642
7238
27033
-30574
-28778
9079
3903
-10772
3753
14699
15956
-26964
35489
24900
-7375
-30006
22029
-33133
-36669
25121
14779
-24203
13451
4932
-8366
-35198
-28998
5023
3232
29391
-29818
-8908
13883
8116
-18285
-23063
20476
30011
-25111
22322
-12953
-9061
35734
-35695
3441
5651
-23268
-15894
28518
36142
-15313
44720
18466
11884
40814
-9391
177
14272
-19505
1130
-2502
-28609
32907
-32479
-8336
39895
-31176
35869
44197
-19753
11170
20979
-34210
-26712
-624
30658
16648
-22478
-2929
17001
-24500
-24354
30664
8958
-33067
-19289
-27178
22154
-24027
26931
3344
-4239
5636
-5605
-26226
-20002
-3299
10717
20128
24490
12680
-11925
-25603
-22068
-39133
2763
-37065
-19630
41569
-23608
-3106
41400
29447
-10627
-26115
-13294
3682
-2809
-18842
28960
-7529
20091
10240
-16014
-23631
6290
32847
-33161
21213
34436
-13932
29352
1680
37665
-13546
43615
25113
28777
2728
79
1754
-12826
-20742
-20761
-25377
-32592
-31269
-855
-11306
-31851
18399
37127
16693
-37088
18324
-7410
-16719
-25502
8688
30387
22355
30086
3854
-38469
-16596
9860
32304
3104
41234
1074
30430
12228
-414
-5993
21789
-27833
-21561
8591
38169
1849
-26152
-31268
10637
-5757
27816
3137
33842
34877
13142
42940
26505
-21873
-18306
-14415
30531
24820
3075
40885
33813
-26420
20859
-8961
-6031
3230
-22407
-5786
-13994
-17337
-32251
-29625
32841
38342
22194
-26234
-19813
-2776
-10748
6191
-21343
-28637
16770
21064
-37279
-30434
32042
-33749
-21600
36463
20698
-29789
1199
344
-33955
29885
-16908
27046
13374
9652
-14215
-6393
-27294
32782
-10008
34353
-21283
7797
10538
37832
-11510
-31478
11929
13700
-25890
-23882
34380
-21913
37581
5808
7714
20593
-909
-30534
-30002
14779
-13082
26728
1590
32932
-5075
-14913
-35831
7208
-2649
-11043
-4384
4286
-21936
-37209
-12361
-15835
-18195
6376
-25583
34903
33281
15455
-32180
-31021
6641
25240
20338
-28328
42990
-29799
35107
-11590
-34568
13419
21390
-8344
-29094
16743
-28281
28112
-35805
11477
-4079
-15953
-27091
-18765
11453
-12938
44430
15166
10962
-35571
39698
-532
28000
-37649
-21242
41218
8619
39512
7041
-20028
-978
-17780
-4761
6580
-38986
-8218
36802
19152
23556
-4356
7619
13555
17376
-1714
-20294
4989
-28335
0
0
0
0
0
0
0
0
0
0
0
0
0
0
0
0
0
0
0
0
0
0
0
0
0
0
0
0
0
0
0
0
0
0
0
0
0
0
0
0
0
0
0
0
0
0
0
0
0
0
0
0
0
0
0
0
0
0
0
0
0
0
0
0
0
0
0
0
0
0
0
0
0
0
0
0
0
0
0
0
0
0
0
0
0
0
0
0
0
0
0
0
0
0
0
0
0
0
0
0
0
0
0
0
0
0
0
0
0
0
0
0
0
0
0
0
0
0
0
0
0
0
0
0
0
0
0
0
0
0
0
0
0
0
0
0
0
0
0
0
0
0
0
0
0
0
0
0
0
0
0
0
0
0
0
0
0
0
0
0
0
0
0
0
0
0
0
0
0
0
0
0
0
0
0
0
0
0
0
0
0
0
0
0
0
0
0
0
0
0
0
0
0
0
0
0
0
0
0
0
0
0
0
0
0
0
0
0
0
0
0
0
0
0
0
0
0
0
0
0
0
0
0
0
0
0
0
0
0
0
0
0
0
0
0
0
0
0
0
0
0
0
0
0
0
0
0
0
0
0
0
0
0
0
0
0
0
0
0
0
0
0
0
0
0
0
0
0
0
0
0
0
0
0
0
0
0
0
0
0
0
0
0
0
0
0
0
0
0
0
0
0
0
0
0
0
0
0
0
0
0
0
0
0
0
0
0
0
0
0
0
0
0
0
0
0
0
0
0
0
0
0
0
0
0
0
0
0
0
0
0
0
0
0
0
0
0
0
0
0
0
0
0
0
0
0
0
0
0
0
0
0
0
0
0
0
0
0
0
0
0
0
0
0
0
0
0
0
0
0
0
0
0
0
0
0
0
0
0
0
0
0
0
0
0
0
0
0
0
0
0
0
0
0
0
0
0
0
0
0
0
0
0
0
0
0
0
0
0
0
0
0
0
0
0
0
0
0
0
0
0
0
0
0
0
0
0
0
0
0
0
0
0
0
0
0
0
0
0
0
0
0
0
0
0
0
0
0
0
0
0
0
0
0
0
0
0
0
0
0
0
0
0
0
0
0
0
0
0
0
0
0
0
0
0
0
0
0
0
0
0
0
0
0
0
0
0
0
0
0
0
0
0
0
0
0
0
0
0
0
0
0
0
0
0
0
0
0
0
0
0
0
0
0
0
0
0
0
0
0
0
0
0
0
0
0
0
0
0
0
0
0
0
0
0
0
0
0
0
0
0
0
0
0
0
0
0
0
0
0
0
0
0
0
0
0
0
0
0
0
0
0
0
0
0
0
0
0
0
0
0
0
0
0
0
0
0
0
0
0
0
0
0
0
0
0
0
0
0
0
0
0
0
0
0
0
0
0
0
0
0
0
0
0
0
0
0
0
0
0
0
0
0
0
0
