8374
9618
15265
5293
-12915
-5281
-37201
6055
-1446
17506
-69
36401
-3577
28807
-28095
-920
21340
36423
30827
-32624
-22379
37700
-14729
38220
38138
-3546
-25716
10495
42717
28169
26777
24825
3194
31253
-32907
18481
13409
-14557
-30056
11801
25282
-40043
-37567
4731
-17983
13649
31
37435
-32292
-35944
-36670
22563
-7309
37641
-10593
-25326
-39675
-31299
-28449
2902
-19064
-7664
15132
-34112
-14520
-32603
-3758
10151
-34731
30390
-3059
-35526
8730
8183
36262
32263
-937
18415
18574
2566
-23267
-7114
15878
-37423
21955
-20626
41730
-24078
38405
-8668
40611
14917
-26548
42243
30039
42056
-28429
-20065
20481
-1045
17545
-19859
31766
-28182
22152
-21673
16956
20853
-8719
-31531
35573
19503
31605
36806
16354
-34252
-11222
-26900
-23482
-25926
38779
-15219
3671
-4485
-20472
43279
-11034
15008
-14009
-10387
-7129
-19144
32515
19991
44242
-26002
-11372
13729
-4534
441
30917
-37267
-36367
-14193
-28084
-22818
23573
19433
29084
-7132
-14649
42581
4969
17135
22945
33384
22998
-25277
9281
-24744
-6975
-33514
33626
-3162
-1537
21985
11313
-12647
-33094
32150
7758
-33993
3726
30804
-27075
13800
-26503
-35564
26156
12519
42924
-15660
-15418
-21179
17393
-23524
-4394
-6923
37815
-22039
18143
17416
37432
29755
-12251
15639
-8798
21523
-31657
26293
3746
4181
14877
-33305
34731
30123
18565
-6682
19816
9463
-30427
-14374
16755
-5875
-9992
-39164
7826
-32807
-11594
-15612
-23291
37091
-19080
6629
-14854
31576
-11131
30322
1952
28910
39225
2140
-26244
33542
-23085
16321
24906
-1255
17780
28724
40299
-7114
36439
31494
33661
27373
3958
-20929
-7779
19944
-25240
37098
7716
-13460
40052
41269
29413
-33565
41327
-19595
-29033
-36657
-15975
10033
-31403
23475
-12234
21552
-3962
-13401
10267
37551
33218
2909
19816
31156
23581
-14556
-2237
-30356
3263
-2260
9342
-6225
31263
38715
24704
37783
-32473
-32948
17719
-3738
5074
-25237
6903
-18186
27442
31116
-8005
12861
-22851
33297
29741
-13152
-25198
-28169
3318
15625
18762
31055
-36249
21129
19152
14651
7010
-21487
-30597
6497
-29128
12096
-26645
18052
30979
-24377
25531
5239
-17739
-5272
-34973
41664
-3579
-29429
40295
33283
38238
-38876
-15652
14424
32758
-9585
31461
25889
-36513
19078
31490
-21557
30179
-17352
34678
-6333
4491
6171
-21064
-15312
-34851
25379
-25270
-28337
-35247
41234
-14664
720
26976
-28994
-27493
33011
13112
-335
-20589
-23391
-29073
-20977
28523
5388
-8627
26174
-14194
24744
-24494
-2416
23778
7886
7261
-3498
-21127
-19727
32499
29018
-29795
-28438
21907
31690
37884
26165
31927
-34843
23896
-7260
-16165
-6958
-11073
21568
33461
24215
-22014
17936
-28835
761
18075
-24855
32341
-2594
1343
36363
20325
-28074
43861
-3779
-12076
-12490
21423
-11265
32051
-32244
-32597
-3813
40956
-32144
-28464
-35332
4119
-22875
39047
41420
2532
18759
22232
5943
3966
-10764
-8963
7123
-33733
-1687
-38198
32246
-8131
35129
1623
21304
-3339
-20952
-15177
-24091
12245
6740
3893
716
-4461
-25525
-24897
7840
37106
3278
-11577
39644
11037
-708
19617
2638
33012
-37333
17251
-19656
43945
-18309
10937
12580
-17686
21152
-20095
-28980
-33104
-33111
-28494
12587
3178
44073
33134
-4977
2025
973
-17843
33091
21904
-19733
11527
42062
-22451
-30743
23056
31607
30089
37309
-21723
40643
-11205
-24439
-36851
32218
16379
-31319
39472
-13780
39403
311
2769
37898
-13468
1653
11830
30993
-19121
12014
-9608
-7014
-1423
-8365
34916
-3959
795
-24535
-5203
41279
-20006
-19566
-23142
5180
-29806
-17124
-29025
5254
-3178
17717
9357
-34861
-30030
-30549
-3456
-28038
19943
-18060
-14587
-9674
-35793
-21644
-9890
22533
12075
-24113
24950
-2009
-4606
8728
-25095
29860
29080
24757
-14029
-8073
19883
840
7270
16171
-36896
31069
7191
38706
29111
-3148
-6479
34757
-32149
5360
-29485
-20369
-18609
6283
-17106
17052
-30108
30206
-78
19798
14250
-30636
-21304
-6380
-593
3373
-9997
-2548
-14330
-20954
-16429
-13751
31011
43471
-13240
-9066
-34479
-10228
-25050
-6602
16329
-19415
-25834
27878
10951
27417
-20847
-34880
38373
5474
31654
-17485
21353
-39279
25337
10722
21887
2886
32450
-5047
-41954
31762
-26867
16440
35191
-39013
17875
-8820
16855
28367
29262
-38981
-24933
-1031
12239
-32426
27307
-5811
33822
-15206
-10628
26846
26208
3291
-18945
-28283
14757
-2587
-18081
-35945
-8822
37294
-32495
1514
-20737
-1041
-21770
-14336
17652
-4983
37234
44879
23222
20267
-24372
-27152
-25695
26671
-3858
-19331
38329
29361
-34799
-28249
-41855
-29323
25654
1980
24826
-43077
25140
-7828
2084
-16179
-35823
-41719
-40593
-830
-35108
40444
12672
-28131
-6446
34996
19500
-26734
2339
7551
6687
11334
24387
-23980
-26403
28218
-19162
-30781
-850
-18807
17323
18513
12105
3213
-13808
-10036
24043
-28492
19334
16819
1476
41448
-12022
41775
-36171
13382
-35631
-37213
-39394
4855
-29664
-16195
-15031
-12767
5136
35237
2165
33955
-6365
-22939
-35131
7897
-14468
20562
2551
34863
11750
35731
-20654
4815
19939
-15557
-40990
14977
11265
6817
-9952
31608
34258
31235
28742
33408
-17181
30057
24094
421
19888
-2217
35640
21479
12516
-30581
-10405
33206
-21196
-7569
15851
35065
16580
-8464
34151
-28751
29919
-26326
-6494
-1224
-20521
11622
-39585
6094
37575
12640
13581
32147
30298
25431
21690
22720
-6405
2469
24277
7269
-24905
-9282
8237
-7660
16767
-18974
-26982
15792
39116
-2025
692
-39315
34284
-35054
22672
11809
38821
-5919
31715
34336
21871
-7294
-10910
-22406
27698
10687
35442
37887
-12280
-29830
-19834
33609
8534
15518
9264
10607
28910
-3945
7213
32634
-11277
21508
17952
-29109
16476
-21687
-11942
-32639
19054
-3666
20695
-28411
24850
-31505
-10998
-31401
-13291
30416
-28511
35988
-17807
39284
-11329
-18711
-28833
-7355
-24452
-2456
15252
-32454
-2540
-28367
30692
-5305
24602
-19300
17424
-33717
-35492
17333
12286
-34185
9730
-20415
35447
-4602
32166
-16299
-20113
-14809
38624
27847
-1904
5835
20177
23867
-15803
-16506
17817
32873
-14715
-4473
38472
-5531
6553
36872
5755
7833
-42928
33968
-2954
26737
-18522
16219
-20875
2371
38735
-36234
-1938
-24808
19085
9374
37542
-29585
-41457
-30934
-12356
28570
28546
-25270
26822
8015
-681
-26837
-34809
38851
10428
43395
-8480
-6188
-25288
-13279
19251
2169
4900
-36182
37531
42593
15121
-5917
16944
23211
14558
-1852
-25135
26095
27433
31935
-34613
-5178
-27856
36367
499
-20929
-35606
39631
-21727
35567
12107
-7298
-6288
-9102
-38772
30126
1432
6183
-20456
-41166
-40753
-3901
-3807
5193
26500
39895
38702
24858
-28603
38535
-12428
-5583
30707
8252
-34869
-18468
41593
-3416
9618
7602
-23211
21975
-5528
11985
4966
4207
38471
29090
-33055
-31832
-1532
41846
-5936
-11587
43160
-33090
-22746
47015
-1153
-13035
20737
-25162
4669
-31945
-37926
-41585
8498
-41279
21592
-23769
-43528
7805
-2798
15843
936
-41626
3955
-3022
13224
-24214
19072
-1978
39583
17248
-7292
31929
-893
3259
26186
22310
17465
5860
-10073
-647
29545
26211
18907
-9037
24856
-4889
10703
15725
-29109
10245
35013
-16004
27814
40645
-1504
6553
-11976
16968
-21109
-16326
-20736
-20225
-24095
-13702
30347
-2893
32770
24719
-10913
32853
21754
5308
1514
-18665
-34392
-4856
10500
26335
-39884
38002
-17227
-30090
-37450
-32216
-13401
-28874
4010
-30484
23443
3908
-31091
30621
-24790
-12085
-1702
-32246
-4518
-30023
5469
7983
-31773
-24929
19244
-3490
-17084
-14902
-33458
20340
38056
42611
-28809
-29549
32334
45878
-25676
27644
26135
13750
6423
-17329
539
28123
-22008
-22115
44457
-4772
9479
14168
35992
14192
31787
12395
-21383
26223
35005
-4013
14224
-23648
9027
-35501
24325
20248
-851
-4394
34822
-515
21003
39022
-16119
39507
32052
-18003
18934
-23698
-40410
-37283
-10184
5687
-8005
-37174
19901
-15394
28333
1362
22750
-26649
-6505
-14148
-20053
23056
-1462
-139
-7371
32222
-24395
27791
2799
-13518
11063
-20006
35467
44609
45788
33485
-6304
24524
-9598
17185
31572
14559
23216
-12223
22771
26381
18554
-26255
-18535
135
-13838
15099
38827
-39147
-30595
-32996
19243
3488
-17371
35008
-40508
40489
12173
-27507
31204
-16121
34320
31371
-35779
26290
18389
-8838
6197
16452
-5094
14366
-9488
6768
26213
-6661
-26436
25745
-13357
-3481
-34973
38663
-18221
-9032
-9679
-19543
12421
16719
-16301
-12356
27170
4343
-11035
-8486
12621
-41306
36820
-11912
32763
-18807
-14762
-13027
28559
-8206
-19225
-37457
8192
-7249
38594
-6093
-3658
1746
92
10426
37290
-7095
-40519
27509
-38255
-16408
39330
-26513
-37814
24503
8140
5290
-10736
5098
20844
2808
-15446
-5204
32304
5333
-12673
9175
-35035
36575
44029
-35860
-20151
6273
20977
18648
-15295
7481
-28492
1640
12892
-25673
19968
-6691
14759
-24533
-20233
18564
-752
-44694
-11097
10171
-41759
23451
-31306
-40878
-1501
-36525
-10301
-35069
5477
33930
-435
-29277
17451
12131
17719
6221
4508
-4979
-15993
28421
-18816
40167
-3574
-31768
39624
-31706
14406
11124
26433
-37889
-9298
-23953
31531
4438
-28335
-16909
41396
-17717
-31208
11021
22488
-13438
17289
-22009
-7701
-5276
22678
-28446
-24050
19374
36085
14274
-15575
12583
-38560
-251
-9504
-29841
4802
-6142
-22436
30820
-20104
32870
-26464
-23543
-5235
-27286
-27140
10483
-934
-33771
5201
-12628
-34315
28051
-35677
-1801
-28806
24121
-16472
-14854
9527
-30889
34995
-10052
-38444
22683
18326
-37282
20363
36249
-35837
7806
-26284
3229
7770
27923
-5407
-19420
29044
22930
28953
33942
22826
-25108
-39114
4553
-36227
18667
7655
-28450
-6310
-33340
-6157
2439
21227
19910
25259
29358
-28765
-33024
-9126
-5146
-26996
10835
-5487
-37419
10462
-24534
12468
11229
-39967
22612
229
11038
17629
-24743
-969
2710
-20383
25569
-25059
27814
-40260
-17525
31861
-12586
32868
10170
18390
23447
3669
20607
22442
10452
-8154
7948
-39323
8962
20373
-23038
-26644
-7749
-4150
-22632
-30073
-31120
-28757
-10790
-34221
-13636
8755
-15692
14548
-16584
-19714
14910
-7443
-12110
31954
-11890
30448
-33118
29789
-11016
-24659
-7254
-20049
39182
-1766
-3339
-34842
-3292
-17152
-3670
22225
7063
6963
-23076
33755
-5426
37392
33787
-28072
24516
-32272
-41142
-2361
-33213
-14539
-12710
-38668
-34547
30363
-42444
7806
-42343
36420
-3077
-35999
-9960
-9922
-3124
15867
37944
22688
-14428
-29436
10296
-37689
19726
8190
-41932
-25280
39544
-22275
12001
16547
7030
26269
-6261
11699
-19459
31386
-27971
11650
10194
-16136
-37179
-7690
11156
17963
39094
1531
-10187
12769
19743
14470
27366
25708
-30354
19446
-34498
-33712
21973
3118
23025
-25490
-6302
26999
-19758
-15883
-35388
-42594
-43088
-14394
5542
29511
-25622
11494
-35284
-37530
-16842
-11024
-46691
26248
-2038
-26536
11700
-36831
13901
-28023
21621
-21647
-7611
-16241
-2569
-18084
33965
-11243
31933
-24974
-14450
-35558
36590
22757
-11821
-12870
-6406
41442
-14713
8745
-1231
21593
15790
38606
22464
-20905
-10008
37972
26821
29288
9519
36210
-6607
4339
-26010
26468
-39272
-15714
-10769
-32266
-31684
-9218
-12234
7432
-3212
-18657
-16556
-6218
-32981
22218
-47393
-25986
29724
-29266
-1237
-23679
21793
-8819
24796
36657
-8591
-3413
18829
33608
15699
38948
-39266
-541
-38959
-30178
10626
-25754
-41186
-20334
13365
29307
33702
1324
-22877
-29090
37448
-18950
25943
34757
-24396
-34873
29908
29605
22411
-8667
-24547
25564
-30732
13225
13918
-43680
-34022
28001
-34201
21573
-32789
-6378
27776
19407
-34937
-21279
29055
3122
-31415
16186
11997
15365
23970
15605
-12373
4500
11078
-1381
-38194
-36245
30589
-8088
-5971
4779
6120
31745
-15161
-37035
39948
-12402
-32874
11032
-29670
21663
-11415
-26211
-39668
30818
-23598
7242
-29620
1306
-28972
-7974
-27984
-11511
38115
-36943
22998
-83
5010
22989
21577
-21177
34553
-24439
-7815
-8356
-48345
12409
23147
21429
-46260
-13002
-37804
10772
-3424
-47522
-23268
-37643
-44086
-12770
19449
29772
-27976
-37610
2507
22634
14877
13547
-1936
27907
11196
18810
-24716
32125
12928
3214
-17788
31416
1741
-6732
-16310
-31924
16812
-31514
-8868
33606
-10308
2108
27483
-24191
-34345
-28562
-35548
5381
25207
-10583
2152
-26152
-33121
-24332
5792
15706
12033
25077
-41054
4702
-21307
-18859
30371
-9757
27758
23807
-50822
6490
-13032
-1236
-5307
-22096
30604
-22890
27676
8718
1907
14272
-13445
13869
-3893
3798
-31849
2656
18605
-29326
-35154
21966
32103
-2330
-29171
-16001
40425
12871
-4559
37085
-21125
5190
12252
-31561
15881
5871
-31306
30074
-12434
-38894
-34661
33903
-28174
11887
-38166
36067
-31579
-37236
-1628
21353
30069
-23912
16819
-18059
-18033
3258
13506
-26718
-2562
-10564
-12156
-48138
4603
-41735
-27085
26332
-18595
5279
21501
14556
-26665
29297
-36316
12496
-22974
-27528
-35277
-28458
2703
33919
-300
41317
3368
-14053
-18292
34307
30194
-37317
-35803
-20255
10393
-7885
-41948
26387
30057
-11953
-40230
4617
-369
-8479
26236
-34387
1346
1136
12012
-27528
8866
-22006
-36807
-46143
2384
-47870
-20674
15006
30001
-4674
10390
30771
-26902
-19945
-38579
-7494
-2052
-36568
-1208
895
-22953
-21656
25232
42465
4923
11216
2519
31747
34506
25615
34987
-10350
12096
-38929
32190
36461
-24105
2696
5277
5809
-12337
-20335
-26279
-38375
-26042
2279
-12180
32750
34866
3951
-34388
29473
171
12339
-9553
-40895
-45034
20636
4684
14197
8228
19680
19634
9169
15814
18365
-45405
-48171
-35210
-13524
12721
23643
-32394
-8242
-6701
20400
-31378
23466
17753
23418
21158
1215
9044
-34807
-5607
1249
-16351
38616
-29658
208
-17999
-18052
24078
-25331
1502
-21768
8866
8261
41082
-11255
-2815
-17768
14352
-29542
26399
-3300
-4514
-35925
-5428
-1627
-12896
38116
4444
-11559
-34920
-29405
-27962
-43211
4882
1190
-16976
-6476
-43379
26742
-30858
-35071
24501
-46864
31143
-33572
-37330
25339
29598
-28192
19422
-8212
20941
-5229
43205
21344
8394
37477
573
2558
-14584
38882
3576
43197
3821
-38924
41005
-19294
40172
-2542
30375
-24712
1536
7644
11744
31133
-6318
26638
-29657
-16236
-20911
-2006
37972
-31686
-37865
-21199
11564
15148
10842
22774
36801
-44258
9410
24306
30128
19234
-33884
776
33204
-36774
-15077
33182
31146
-12486
21060
27984
-34414
-14161
-28513
-788
-17096
41518
-6958
30005
-26940
-30569
22189
1269
44058
31581
40643
-12120
14643
38754
-23123
-27697
-29127
32386
31465
-37289
-32491
-39992
4629
-11682
-35105
-29868
-17025
18116
13159
33291
34392
-18094
-12543
14936
-15037
16871
16163
12008
14205
31544
-10465
-37755
26737
-42716
-43158
-8569
11720
31323
8708
11148
-3845
-15038
-23163
-10846
-34735
12940
-23926
16087
28956
-27883
-30362
-9073
6097
-36447
9468
36160
39945
17588
16759
4312
-2369
-36292
-13095
-26440
40832
28581
16390
39617
25099
5389
-19818
32576
-13449
38970
30382
-31546
26263
-29437
-4141
29710
36380
-41700
-20581
21749
-14743
10840
-41533
25585
-34396
-41685
31861
-26243
22473
-38428
-41390
7513
-17021
-1909
18804
36437
-4063
-41107
-28484
-1541
26966
-5067
12116
-10282
-15156
6937
5418
43203
-33066
-21839
-23620
43092
35070
-18206
28188
31005
-28939
33363
31459
10151
-1803
-39285
36493
-15714
34905
-38966
-16173
-22925
13597
-37287
9395
3244
-36285
-9462
-17165
-28288
22908
-3054
-30270
10065
29782
-12356
2456
-9224
-4532
-14942
12805
-36591
27432
-12075
10400
-17304
34534
-14966
13685
-39353
33293
-22137
-42927
-4340
19569
-33583
27822
-22159
9707
-25636
35191
42229
2079
14516
1308
-19033
10579
24865
-21626
4017
9059
2808
-31160
6085
13358
23044
-25290
-17326
30656
-984
-2493
21459
10281
-9559
29350
-20048
7324
27721
15903
-2504
2864
18111
-11773
-7605
-38496
-43682
-7021
-4289
17341
10339
20475
15549
428
34921
-35199
27459
16934
-2889
6838
2359
4224
12671
-33959
3008
10166
2459
4329
-20440
28106
-3414
16813
-623
40179
-11782
28902
-6312
3615
41073
-19759
6197
12692
-6156
36976
-23444
-13674
14961
-17080
15956
-33272
-33900
29146
-36371
-5996
-10809
17272
-2958
-30102
21773
-41583
-4931
-39379
-10387
8765
-16906
-36874
-22343
14984
-42640
18853
-33226
22800
-2600
18738
-44269
32515
10490
19738
-42334
-8786
10255
10510
-41377
-40070
-9606
14955
9843
10087
41314
-5260
8984
-3757
-5684
37019
22610
4528
38255
39538
36590
6971
-37851
2476
21843
24776
-11724
-38633
-6635
-22228
-31224
-32978
37427
7917
10681
-40308
38007
-6284
-34708
23305
-17097
11287
28733
9068
-30861
18691
23563
-655
-36780
26456
1198
-2001
12342
-36622
29793
5871
-19124
-10193
-16610
18207
17967
-32106
16392
8320
5101
-27176
36924
12049
-15703
39852
33909
-24534
40116
19189
32606
-12073
-3825
-30104
-5063
-3983
32719
41672
-9845
2499
-22499
-39421
12980
20450
39933
6538
-31618
2371
41606
-26702
-20393
32207
-7934
-11415
-1385
-31502
-20350
-27063
-37702
-15028
36497
-1087
20170
-36134
-27543
29758
-40719
-20949
-13234
3189
32578
2126
-9764
-29891
11919
28823
-15459
28267
-36719
9579
-31316
-27255
37701
15398
-27990
15777
-1951
4551
-35678
10959
24072
-38382
14058
24405
-2312
24669
17481
38426
-38007
-2973
10237
-24050
5103
-9044
6506
2766
-21398
22543
28998
-26032
12345
-42461
10703
-35650
6383
22187
-33781
16780
7696
-13951
-30819
-19284
-19136
-41153
1874
28034
-33823
-5378
26887
-29710
-23544
-28553
-16549
2785
-7999
-11134
30018
22778
31478
-21871
-3218
-13442
29027
-33315
10156
3423
-28702
26226
35164
25950
28027
6648
-12525
-14413
27224
28599
8853
-37263
-37318
-12125
4804
-20931
37268
-31054
-5652
-18981
12555
-24792
20590
-33213
-4396
-35962
-41279
19386
-2575
-29632
5826
-38332
-36102
-11486
-22127
19940
-12287
18711
34665
4076
-6812
5987
-42658
-20231
-11414
-7696
-20871
-29549
18376
-9588
24407
-17461
26225
-31955
28680
120
-7728
36249
-14378
-21197
6213
-38162
17262
-20776
-34698
-11845
-34723
-1998
-11951
-4091
8403
-35574
22662
39300
-8714
-19508
-11730
-39001
21316
22447
-24560
2835
-34622
-31107
9722
-38530
-38902
25688
34074
639
-33959
24357
37060
4529
-20382
17170
-18336
-4466
22120
-270
16130
-19920
34664
-3916
8935
14586
-20082
-28710
-32328
-25714
-25277
-31674
39393
-24273
6325
-19824
-32083
455
16540
42945
33495
28714
-18264
15410
-14649
26977
19307
-18551
-29131
31101
-17001
-8976
23073
11184
21855
1035
33124
-14765
37647
35461
-28431
-26302
7077
27912
-26967
-5527
24881
30016
-8899
6420
33430
24504
-13395
26592
29920
14573
-6940
-44212
-25829
7051
-34495
-1468
23130
-1795
5669
-31736
-3528
30750
15033
11529
-250
20642
-15299
6947
22851
-26058
42665
-26399
-2680
-32022
-15352
8222
28970
23327
40391
18598
-29826
21835
5321
42058
33800
-5200
-20159
19783
-23246
-16
-4500
20555
5424
40477
-26672
35379
35245
-16188
15394
25804
22376
-3739
-27834
-33878
-9135
-17293
33500
-22031
-25674
1346
9641
1044
15724
22462
19804
-28776
11640
-4103
33673
-18188
-42354
696
35586
-33166
-432
-39382
-6300
-4977
-7255
26881
24073
-23200
-22846
19615
19996
9551
20653
23536
-28910
-25759
-5710
-1424
-5629
8239
1484
38662
-3652
-22595
17157
-17521
32526
41616
16532
18449
-23163
12081
5839
-6185
33999
-16382
13792
-1315
32920
7018
-29705
-36740
-10999
20166
-10310
-16558
-1269
20284
7278
-11954
7460
-37429
-13814
4361
-36503
-19841
20899
-9427
11070
-179
-29716
-38626
5178
39649
34440
5692
24094
-39051
26490
17257
-4369
31430
-3418
-8595
28921
-26943
-35305
38601
10809
19184
-4270
6282
9195
27950
30986
21581
28572
35640
16922
10988
-3253
6266
-32228
-34049
18673
21935
29084
-33476
29451
-39579
2512
-774
7487
13141
-41197
-24750
-36607
20860
29419
3394
9221
36046
5136
-12035
-17931
-16794
-13460
13542
-30887
-23467
-22496
11063
-2425
29659
3200
-24482
-31325
-38652
7324
14579
-37213
16077
11985
-24440
4828
-12893
-34347
24815
20410
-13101
21343
4937
31697
-6913
-19001
-27907
37696
-38949
26733
27242
26778
-28923
38129
-42243
5226
37186
-22187
-23727
-43183
-9365
-35637
-13132
-38957
10086
-19346
-33683
-22097
33558
-41085
-1267
-43011
-37841
840
19891
-34279
-11300
37628
-6621
25731
35230
-22531
-36166
-12434
-33808
39585
19372
42738
19434
-6710
-2209
23346
-38399
-12141
-11792
-16951
-21621
12778
-1860
32043
11660
21104
38320
40275
-12327
673
154
-37690
22419
-20035
-14652
32740
15818
986
-9127
29776
28154
-33093
26188
3955
7813
-38603
-22658
24482
12786
-30716
-27905
-30886
-26245
-33808
-29459
-16445
9696
-27922
-7114
32441
35207
4093
8546
-30036
16471
-3749
9267
24018
-16228
33088
-31958
-11652
42075
-25226
-33466
13130
40439
11477
-27758
-27166
-38684
-27866
-6793
-10993
26414
-39305
-30314
3351
15274
-4631
-16690
-32564
-26035
-41552
-31696
6335
-18348
38202
22457
7617
-19016
-38795
-11247
-42111
9276
15683
4674
-15498
28701
-20077
8359
30135
-5306
23153
-14400
-13846
-22442
35289
14811
22869
-38078
2232
-5921
29217
-38024
-16251
-23023
-32773
10900
4892
-17667
28617
24749
-29489
-13626
-6465
-16864
16642
-8004
6126
23379
-9845
38235
-5769
-24894
4812
-35209
-38099
-23062
-5302
-2585
-22141
11571
37765
-4227
-28141
-4930
18220
-34159
-35941
19482
35293
-684
2586
12585
6323
-37552
32319
9296
-29308
-5425
-38827
-31722
21540
-23038
22935
-31772
4499
25573
11289
29524
37550
-21880
-2708
18029
16159
8927
42151
-9483
-5483
12246
-35136
-13879
-11765
-35124
-13244
20852
20864
-17901
-6925
-31683
39587
35173
6419
-16121
35036
34090
-39860
31489
-41775
-6905
4507
-7309
19192
-20457
11569
11209
-27904
-16219
-31955
28699
-8132
804
-21631
18718
-31988
-12513
-36885
32231
13644
-31611
-25184
35198
21604
-18268
24545
-23567
32664
8591
-37024
10957
1054
-27302
35939
31153
12647
-16532
-26250
36258
12102
-9979
-21827
29708
-35862
-19953
-38608
-29922
36651
-21579
-15960
-27335
40408
26803
39515
-32334
-8222
27111
-9225
-42096
-2451
3055
-32699
20689
-10294
-29503
-24232
33170
10486
-40869
24266
29039
-12016
-12603
-11840
13381
-15491
14986
-12235
-28720
-42516
17215
3725
-35787
25033
-3868
34575
-2604
32260
-26864
3013
5370
4187
17107
-12804
-25084
-14379
6191
-16035
22186
11643
15426
17410
-32921
-20900
-1939
26611
-38385
5645
-23354
-14540
-35642
38913
41889
-1346
24249
28546
32437
-10824
-33195
38589
1799
4277
-30080
13656
9615
25931
-25399
-26144
-1293
-25564
25182
-23153
13794
-1027
-40701
22624
27023
28684
-28362
-2043
5307
18863
10287
18318
-999
35381
1235
-5442
22121
30628
15562
4339
23976
-7628
-11316
-25697
-31238
-4625
-21373
22870
-30760
-2137
-24388
-35194
16455
-9998
-22357
27003
-8340
-25450
-5616
-631
-26832
26205
-7256
-12426
-25037
12642
-35097
28984
29790
-4674
28943
-36255
-14085
-11741
-22939
-39510
24479
-40593
-21291
-35561
-33446
-20835
-8530
29211
-6666
34632
15271
5424
-670
7484
29157
-20234
-33795
15496
-11573
13860
-39739
-26223
-40800
-6901
10645
11372
-38388
-1667
-16654
-29329
3842
-34725
25086
-34780
-5497
-24636
31760
1811
-9492
41835
-17274
41368
-19880
3618
33708
-3895
0
0
0
0
0
0
0
0
0
0
0
0
0
0
0
0
0
0
0
0
0
0
0
0
0
0
0
0
0
0
0
0
0
0
0
0
0
0
0
0
0
0
0
0
0
0
0
0
0
0
0
0
0
0
0
0
0
0
0
0
0
0
0
0
0
0
0
0
0
0
0
0
0
0
0
0
0
0
0
0
0
0
0
0
0
0
0
0
0
0
0
0
0
0
0
0
0
0
0
0
0
0
0
0
0
0
0
0
0
0
0
0
0
0
0
0
0
0
0
0
0
0
0
0
0
0
0
0
0
0
0
0
0
0
0
0
0
0
0
0
0
0
0
0
0
0
0
0
0
0
0
0
0
0
0
0
0
0
0
0
0
0
0
0
0
0
0
0
0
0
0
0
0
0
0
0
0
0
0
0
0
0
0
0
0
0
0
0
0
0
0
0
0
0
0
0
0
0
0
0
0
0
0
0
0
0
0
0
0
0
0
0
0
0
0
0
0
0
0
0
0
0
0
0
0
0
0
0
0
0
0
0
0
0
0
0
0
0
0
0
0
0
0
0
0
0
0
0
0
0
0
0
0
0
0
0
0
0
0
0
0
0
0
0
0
0
0
0
0
0
0
0
0
0
0
0
0
0
0
0
0
0
0
0
0
0
0
0
0
0
0
0
0
0
0
0
0
0
0
0
0
0
0
0
0
0
0
0
0
0
0
0
0
0
0
0
0
0
0
0
0
0
0
0
0
0
0
0
0
0
0
0
0
0
0
0
0
0
0
0
0
0
0
0
0
0
0
0
0
0
0
0
0
0
0
0
0
0
0
0
0
0
0
0
0
0
0
0
0
0
0
0
0
0
0
0
0
0
0
0
0
0
0
0
0
0
0
0
0
0
0
0
0
0
0
0
0
0
0
0
0
0
0
0
0
0
0
0
0
0
0
0
0
0
0
0
0
0
0
0
0
0
0
0
0
0
0
0
0
0
0
0
0
0
0
0
0
0
0
0
0
0
0
0
0
0
0
0
0
0
0
0
0
0
0
0
0
0
0
0
0
0
0
0
0
0
0
0
0
0
0
0
0
0
0
0
0
0
0
0
0
0
0
0
0
0
0
0
0
0
0
0
0
0
0
0
0
0
0
0
0
0
0
0
0
0
0
0
0
0
0
0
0
0
0
0
0
0
0
0
0
0
0
0
0
0
0
0
0
0
0
0
0
0
0
0
0
0
0
0
0
0
0
0
0
0
0
0
0
0
0
0
0
0
0
0
0
0
0
0
0
0
0
0
0
0
0
0
0
0
0
0
0
0
0
0
0
0
0
0
0
0
0
0
0
0
0
0
0
0
0
0
0
0
0
0
0
0
0
0
0
0
0
0
0
0
0
0
0
0
0
0
0
0
0
