-4515
-17898
37431
33600
22580
10137
38058
9451
-21713
-29226
-7243
-17137
26877
-5206
16629
-29456
-32029
-2957
-32218
-22146
-13538
11847
-2555
-14782
21796
-4529
-1307
-10398
25284
-6365
-3430
29571
570
20984
-15479
6466
2418
-39652
26668
8155
-14042
22686
32796
24267
-13141
23554
3841
25394
4039
264
4460
-14780
971
-10751
5317
-2722
-12014
4384
10663
7953
17237
-1921
41298
26776
-15934
10809
-33853
-38489
40956
-14515
-14297
19007
-28788
10068
6155
23493
-38132
-39145
20613
-5855
-14089
39814
40908
7062
29114
-34751
31651
11893
2417
-17164
-5533
28104
-22656
-16458
39820
-6277
18783
-39399
-12874
23091
9588
8784
38389
-13075
638
-38680
-18073
-71
542
-35461
-24836
29961
-30887
-29680
5651
-16954
-25575
13731
27400
-31032
-39391
6068
-28984
40229
5539
21284
13564
-24082
-17094
12012
-12681
40336
29693
15921
42316
15518
-35035
30716
23415
16249
-27520
-5131
10976
-11000
9144
-17574
-16137
-23204
-9592
36162
-14632
-40968
35893
6361
12051
-40979
5192
3311
9241
-2453
18495
-40007
-10945
9188
-6260
36108
-10581
-6622
16497
3588
35038
37338
9740
-7976
2507
17428
-29266
13542
40909
-6833
9469
-22160
31555
2640
29615
-31677
-1395
36937
-11342
-38486
-36955
23845
-28045
-17605
7897
-6137
11356
3649
-27434
21993
-16232
-15317
-39283
-21274
-4219
9342
33983
-15530
-34637
-42056
-41334
-8541
14286
-13896
35964
15120
-31460
188
13678
-270
39771
-11230
7743
26476
-10587
1284
248
-4140
27787
-19055
15066
-33758
-1389
-15079
1741
11501
29372
8400
10677
-14517
-35913
-15506
17369
-4067
-6426
10628
14124
11783
-7295
-12388
28579
13219
-33394
13172
-28518
35748
-26660
-19714
-38228
-14410
15377
13005
-31071
16866
26066
-18301
-37745
1115
12204
2087
32482
35692
24838
33469
-4975
-10962
-21500
36532
9062
-39804
29181
-37479
-13371
-17493
-40015
-41501
35581
-32448
-28918
31108
18816
-12648
7837
8410
-40543
-30807
-33429
13137
39616
27726
22260
25041
17655
39869
40422
36699
-3148
40224
27285
-3653
-12114
-20598
-19701
20386
30994
9824
-17814
34071
-40030
-2834
-9373
26121
38659
31843
-36347
36563
-16918
127
-33466
-17681
6208
-26224
-8460
-11450
29578
35590
13372
-36973
11665
-17166
13180
34759
-960
-39030
-11059
2240
-5728
-1544
-860
-12308
-7640
34989
-29066
25234
26358
-6866
-36799
-4174
24842
-20232
39817
-10115
-3483
-14771
-20241
9065
-31305
25613
-19037
-7223
4681
-22544
8308
-15412
-28983
28531
13908
29522
-20371
-36783
-25078
791
39560
1087
-19272
-9647
6372
-17720
-1486
14698
16406
548
1862
14282
-7770
-36483
-24649
-14062
29860
14489
1120
-17422
-24689
488
-28833
20539
3427
10088
-42204
34068
-26513
-27926
-22885
-11278
4258
-6499
20103
35654
1566
26511
-38620
14663
2387
26639
43009
-29840
-10339
-26431
34614
33518
24741
6731
38089
18061
24079
20904
21051
-25404
-25377
615
10642
-40874
-6389
-27113
-16205
-23257
28382
-17201
-13288
33296
-41015
2333
7921
-10014
7320
15337
37780
1624
-25249
-34449
2806
36953
20174
-10196
-17814
25437
24231
31563
-24696
2711
3967
1528
11513
16098
-1026
-20168
-18018
-38226
-28569
18706
-22878
3620
-13947
16232
24176
4569
41840
-35823
-15030
25279
-13728
-860
-4227
11524
-39363
24489
-31501
-23108
-4697
9296
11698
-21397
-37577
-7911
-15474
-17214
25906
12994
-11574
31729
33165
-33489
33704
-41615
18007
-33486
25554
-23261
23220
-37315
16953
-23993
25747
21577
34219
32496
3973
29302
32479
-23089
22664
32767
-13776
16174
11315
-13378
13331
38914
-9402
11216
5693
-6555
-27757
5645
14877
-21053
34327
-37182
-472
20132
16868
-24448
-21382
-29048
-3012
40079
-38500
-190
31941
-36531
240
35233
-20755
-32273
23614
31762
12672
38116
-6982
-23881
19490
-30569
-14988
-25086
35325
10618
25565
-8841
25343
-27898
-14982
-6531
31426
-29828
30963
37709
10424
-39351
-34925
-4992
2724
41561
4180
14662
31235
-22948
23768
33939
-35602
5991
-11261
25084
28381
19869
6283
26901
-21861
9883
-5238
-14248
29005
39630
26253
-38203
6954
-14186
-3202
80
-32571
3534
17855
-1508
17123
576
-27671
-13968
-38422
13120
-14796
-41930
26348
27607
-26357
-7517
-5994
-2207
-22710
-42768
-39403
26323
458
-23551
-9361
-32354
4139
-32663
35636
-27565
-8594
3050
17829
22032
1801
-7618
-11606
39364
36746
-33936
41453
23708
-12522
-17621
-7615
-33867
29809
4814
7997
31749
-21805
-17838
-22676
-35838
-6526
356
21248
32852
2320
-39901
-40695
32024
-4026
30089
-31134
25575
9028
6385
18661
35805
19899
-42666
-40509
-12838
37907
-1075
-4615
-31299
-21035
-21962
29423
-10651
35545
-24260
32262
-7292
8087
11587
412
-36229
28277
11294
37087
27358
-9204
37553
-16678
-28635
10459
33153
-2543
35830
12787
-24928
24279
30706
22545
4225
-15270
-4165
-17943
-38378
-28528
14634
39361
-16691
-21690
-1679
20542
38095
-20598
10723
5868
32397
-22763
-9288
30471
-2634
3616
-38594
10445
-26725
11185
6313
28495
-29370
-36673
38042
-39293
-7138
-37730
20957
30289
30269
-5091
26920
31957
-33389
39612
37211
22487
28683
-7594
-35416
41143
21336
-25727
-18757
17946
3460
17910
22078
-21402
15598
-15647
22344
10290
-23276
-32101
852
16527
-2027
-6798
-7303
-28832
-32520
-36734
-22969
15381
-13479
-25252
-35119
4177
20764
31631
-28064
-36909
-32754
28182
38089
-10239
22362
21248
29686
16052
-18601
1987
-15824
4417
20734
-6489
14062
6280
36801
-30062
38581
-39372
6994
-18782
-28126
41553
14223
29086
9898
-10873
-10534
35630
37898
10977
8404
25146
29926
31853
34121
36279
-15084
-2240
4744
-29342
-18259
-15229
-20304
12032
-7359
34742
30023
36647
-32908
14592
19186
-5107
21104
-20934
-16839
21621
-2714
22782
20881
-36332
-35269
-28628
-16939
4470
-7296
-31110
-12455
-25515
-20236
-18874
5364
31615
29767
-22135
6717
6073
34530
19940
654
-9735
22671
-4236
-30503
6938
29462
43517
-35282
-17796
-25384
-9823
1156
-21840
40492
21406
-15198
-16064
-8344
31684
26040
-6340
31105
-6630
41381
-19424
11054
-25959
14686
37494
-4745
14280
-17660
28380
7732
8659
34698
-22736
-15889
14687
8659
-12654
18838
11428
17933
-12182
15028
14078
3514
-29987
34254
12688
-6106
10931
-31791
13392
36125
-22576
12197
-151
14304
35313
-37357
1588
-37196
14374
38854
-20947
6438
-19755
-8189
39147
-29770
9500
-29089
3871
-19371
-17928
27672
-28726
-36372
6990
3633
11023
26450
21113
-19002
9628
-13417
15304
21366
-32375
-32765
38072
-37082
-14626
-7903
-7292
22588
36735
-7516
30678
18420
20785
-41659
5229
-37341
-5105
23858
-18778
-10989
3733
11109
25091
-33178
1837
-16904
-13357
-7102
-6407
-37980
-12163
20992
42203
14676
5728
28652
-2883
-23070
17035
-8622
36760
-17154
-21727
23492
-25835
-9286
40231
6089
-19527
20164
-27070
-14890
-7699
-1763
20030
-33536
-37177
-7950
1820
-21413
39769
-21359
18828
12179
-10579
19507
-38054
37894
6488
-32625
-37853
29970
-5143
-26015
14235
-11996
-21627
-24494
-18718
-28216
-9161
17850
31309
27624
26682
-2564
-30820
9010
-32041
-4789
-26194
39143
27789
15375
-25291
-9904
-24866
-48
20990
-33458
-12772
-18431
-1002
-16500
-4467
-37797
3913
-37110
29065
6986
-35559
18075
35256
28773
-28620
18677
-14807
40872
-29621
-5116
-7989
35707
22512
-8584
-4290
33314
24138
-4722
-43287
29761
-32812
35511
-13341
-17777
-21664
11147
23945
-19248
-33834
-8929
-14872
23504
-23893
905
-41599
4410
28863
28338
-30725
-4697
-14163
-20469
10300
25069
-9754
-25220
43520
-32735
34499
-13504
20827
-23727
11982
-24656
31728
-20984
-16754
-21216
-20977
-14735
-10853
-25893
37069
-13807
-37460
7445
-8314
-36762
36685
18501
5234
-33450
-4886
-21990
-19437
227
-9560
-29566
-3671
-4596
-40271
-19718
-22568
-40829
22765
-31605
-16954
-12294
-31675
7055
-2622
24477
-22101
6230
4207
-32331
22172
-22847
42717
2167
27716
15840
43714
11107
14315
-4827
21054
5252
-26129
-4110
3120
-20649
-30235
-32939
-38531
-28593
-18932
-7598
39174
-17550
-3365
19273
19622
-27663
29732
23942
9484
23090
-2359
10972
16121
-40584
-7441
-22071
24634
5893
-27584
-35563
37772
24164
-1597
-15663
-30061
16770
30050
-26346
19546
10545
-38226
-11261
-30236
-2417
7583
-35186
15717
39920
4710
25838
-10470
-4558
-28857
29471
29938
36082
-15584
11895
43690
-7967
-10308
15575
6277
-17480
11207
33711
32182
3967
-20571
-1276
7014
-27560
35372
41256
31786
37019
35762
941
-33870
-33533
23995
13604
-24598
-26767
-7344
16459
-14058
10327
-5685
-248
31558
-31353
19518
4094
31966
12351
22448
24252
25824
-1097
-10402
-20596
-25732
-36320
29514
-36237
35007
-36147
36133
-33536
31515
-14969
29413
-33981
-16734
-10517
18708
12959
-649
9643
37273
-2026
35374
177
25863
-12301
-9470
-35618
-33876
12425
-31954
-22672
39755
41111
-27012
11406
13273
-40766
-35607
31343
32124
-18578
-35706
26588
32537
-22836
14035
2725
10562
-10419
29815
360
-36379
-24167
24518
-24767
-25866
32589
-28735
-30643
25230
-22090
-37534
-1834
5474
12900
29577
21992
27904
16264
3481
7573
-36937
-31285
-244
4344
-28445
10639
-1198
33942
43095
-35944
-15922
40692
6522
13217
36461
1016
33327
-32143
22111
20559
-9765
-39387
-2541
20557
-13122
-39214
-38652
30901
-39064
18975
26525
-6046
6183
1860
-3565
-19831
13687
37594
39466
-22734
12598
-314
36678
24581
-17531
-21138
-39362
37576
11844
31542
-23865
773
158
7421
25583
-29500
-13623
-28965
16312
8121
-14123
-9024
6610
-615
46653
5491
-5448
-32350
11303
22922
-24596
40733
-28325
-3804
46200
-6683
-19034
-22077
-9311
24099
-1321
9921
-27445
-5226
12121
-2939
-315
-18049
7112
22417
-9239
-11987
-22623
-3163
-35794
6136
19862
3978
-18346
41038
-27025
-19732
34675
-32062
6866
-38837
-32657
-13795
22983
-39020
14914
21354
-7093
38577
-12435
38393
-11827
-32951
11842
-30770
31211
28297
-11338
-22256
-7591
-2819
3377
22749
29083
42322
-880
17132
25594
-20365
-22959
4019
-17537
11628
16783
-19519
-36456
1975
17970
36756
-39867
-37677
10040
-4501
36599
-42570
30494
19700
-28894
-20951
-23741
908
27930
-39703
32404
24165
-29214
-28445
13047
28479
21137
-18512
-30994
20728
-11761
5961
-9011
-39270
40484
-25197
35737
12984
39120
18029
22585
23597
19110
25741
-33368
-4102
-6347
-31557
17361
37581
35692
6719
-11401
19211
971
49571
34244
28135
-26681
8647
9183
-22334
-6344
-35087
4882
11508
-2262
28482
-38269
-35039
-9720
21971
37405
-21477
-33718
14484
39456
-5087
12204
-12119
20175
6333
28912
34875
23828
-13670
3492
20510
39603
-36988
-39167
-7459
7188
-15011
-31516
18575
-33244
-10660
-23734
-10029
-22051
5288
-14772
19447
-28502
-137
3844
-22290
30158
-216
14110
-5534
-12152
-1756
-845
-7805
10954
46147
31646
12286
34288
14143
-40367
11163
-25744
-21593
-6829
6884
-38477
28764
-828
-29297
19129
-25268
8526
33848
-23440
20439
34854
42316
-14218
43930
-28351
-20099
37150
36438
-10563
-6488
-21362
-30580
37813
23945
38755
-24545
1127
-37100
-4167
33806
-25541
42617
38509
19060
33879
-3427
23185
-27010
45057
-17358
53281
-25027
6872
18530
-22705
55134
7547
9842
-10794
23123
8370
-13282
-30083
6600
-31635
-36787
10379
-26271
27562
10550
18385
6129
-36353
37261
26617
8236
39103
14352
-25763
-10198
-7026
-14176
-31516
38426
-16849
22140
40330
35699
25864
-6554
-24946
-16554
-26663
-40472
7583
2099
-13006
-2048
22261
-29411
1293
-32787
-156
-6348
-2787
-4666
49583
149
-18694
9688
-14895
53190
-14222
40904
13670
44669
5236
-3585
10450
-20874
25148
-22715
8010
22340
-29520
-19432
-36575
-21404
-761
-42712
37156
8733
-9420
21590
8538
-27322
32191
20733
-26683
-8787
37146
-20114
11761
-31718
-6155
-13797
43854
33873
-7176
-8317
-17717
37700
-3456
-36236
22651
35959
23917
21526
16695
-32427
-35689
-4795
-35621
-19137
37744
21027
-8610
45025
42138
-7341
-8127
7524
-24606
48777
20330
-9871
33051
8685
-9811
-20298
-2805
1823
33344
18362
-24320
13237
18024
27733
11472
-14354
35432
-16659
31108
23988
-3732
-10226
-21020
16055
-9415
-6987
42231
-27477
30770
-32197
9845
-7679
-17070
14209
-35278
-44433
7853
-24411
2919
26295
2547
-726
34170
8395
-27800
16445
25480
22910
46112
-27569
34494
6681
-24585
-612
36512
29551
17343
-934
-5187
36637
-21253
-17765
27503
-2746
1565
19013
-22147
-14056
33096
-8017
24759
37024
-1184
-28032
-26147
-16668
36597
-2382
-35230
3466
-25109
-16357
-24855
15989
-8908
11294
28816
24355
21389
-20233
21693
40084
3728
22788
-29015
-29884
-25929
24829
16454
-35640
-31692
-28113
12676
-18104
1789
-25882
2557
-7517
-30499
19852
44972
8750
18666
7868
-635
-17063
-18572
29374
-21967
-32416
-8297
11361
-38840
-19009
32415
23899
-10041
-7752
-43528
-18401
520
-9704
-5490
-23425
34313
8596
-28395
-30772
-10333
19857
-9
41429
-20764
-5114
-4029
15827
-4160
3480
24437
-7167
6902
19913
25603
655
1405
-7155
-32356
30502
-8997
38043
-35291
-14633
30988
13020
17557
31897
26644
-23128
-19029
-14613
23664
-11394
-6369
26625
-18707
-4803
561
-10594
35239
41377
-8920
-31412
2971
20836
-17058
-45258
-30186
-5375
-39953
31491
29024
41729
23880
-35282
-27841
30587
-10156
-32423
-76
-27913
-34693
17168
-24137
23436
-25375
22371
-25259
14757
33816
-5999
5927
-2299
4464
-30322
-11088
37326
-41606
-40459
8901
-28914
-10974
15281
-39402
-2083
-18022
38684
-35875
42524
15008
303
-8873
29878
18421
-25264
-20356
-26367
41049
19624
22517
12743
27458
-28925
-14684
-19278
513
8038
-8637
2480
37367
-6731
-36452
1167
-34286
-15487
-15981
-13668
-7215
36895
27110
14461
-10224
-959
-16152
-22891
-29040
43391
10223
-37469
2928
-36176
5280
-6259
29136
-7972
-29357
-10260
13702
-30324
-26391
-15368
19821
25729
-32505
-22643
22794
-9962
-36741
-10381
-30953
-33174
66
26603
-20473
20777
33949
-38888
-41812
4622
-3411
-18142
-23233
-46840
-30311
-14917
-30542
14442
33672
-1280
-20272
43054
10414
-20639
9186
41589
-18648
-3614
-23837
-37741
16495
9975
-1753
-20566
12581
-14876
-28480
39592
-19113
32173
12542
15912
-20924
-39695
12424
34191
-35986
-17913
26618
-6687
30841
9207
-12088
7046
5624
38323
20837
-37530
25189
9271
-29874
-28854
12038
-40227
-18848
21960
27455
4505
-11875
-38115
-43825
21339
-44649
-386
-15772
28085
5593
33368
40624
-26484
-31227
14183
40211
34982
-19211
-21789
-2604
41454
5005
35099
-38710
42899
43064
39726
-6949
34388
27729
35583
36292
-38297
35352
22873
22024
-6459
26000
32858
18496
-16120
-34518
40796
37812
-40994
-34360
-22849
-32372
-38471
-3084
-34724
7625
-9393
10789
18414
-39835
-13697
-10189
11669
-24952
-37453
-21055
-21125
-32700
33138
-5381
-6196
-28558
-21478
-13110
-9635
-3875
16922
-35672
-3485
-2093
23804
5761
22233
-19303
-24353
25640
-38466
-38322
-22499
-6332
27543
16567
34720
-31175
-38685
12046
32529
-35945
-38487
-8306
7572
24286
35281
18221
-31706
-39287
3010
38036
-5444
23515
9413
33397
-21949
38368
-27896
-21361
28507
-42206
-43550
6972
-21510
-30574
4587
10782
7578
-21658
-40256
19205
7933
31319
-24582
-22970
22874
11826
-28193
-36860
-6068
-23234
-26869
-31987
27385
15129
-26436
28953
5476
5637
33797
37575
4719
34879
6427
-18178
26475
-7500
-11774
-6929
-33116
-18067
33955
-19912
3795
-17299
31266
-22645
-38373
15107
2501
7837
31721
39365
-8630
-18467
5646
29706
-7014
-2855
-5524
31165
-20834
2822
-15135
-18103
-2831
23195
-41483
-9321
1315
-277
37069
-40176
-29996
-10803
31428
32031
43660
-21474
5501
31077
-894
32165
-3957
33342
36668
35855
8570
-30370
-26545
-9332
-34990
20934
-9059
36047
37160
-9162
25289
29983
-27577
-13098
28516
36719
30696
-38205
11245
8689
-7419
2581
38992
-40032
-41231
-10394
3607
-35431
13295
4325
9778
24098
19740
-29924
-90
13634
24392
17989
16471
-24025
-10238
3157
-11011
8164
-8175
-31802
10436
-8555
4132
-4960
-31307
-1642
43179
-26109
-17821
20575
33022
14134
-2182
-39231
-17849
41649
-23698
33379
20139
-20617
2492
37590
28321
8791
-15734
24785
30230
-4980
-18461
-3958
-40986
1282
38932
26396
-39600
10188
-41374
8396
-37665
-39957
-22822
-9368
-30170
4422
13215
-43403
-27804
-33101
-24894
32774
14611
-11531
10226
30385
14277
5295
-1367
6579
21120
-15269
-23581
6684
-18056
4813
20165
13190
1705
-11269
-38934
-15520
11482
-36358
37112
-23096
-26943
10485
-6206
-33234
2439
-25255
-29911
-15284
18611
1459
-31787
-30802
11095
26790
-31611
2746
-40842
-26142
18807
-33939
6115
28611
12171
-31507
32080
29814
-6798
-30829
29433
4008
26363
-3345
-40495
-19601
11303
6021
-26901
-28902
9926
3561
-37247
-20604
22316
29267
32989
-36979
-10203
-27966
42278
42741
13527
-26022
-39261
7853
25054
38183
3334
23175
-37321
20610
-35554
31137
-1980
32036
22971
-11591
-29160
-19486
23712
-543
-5112
4585
37571
20121
-14233
8623
4090
31413
29043
-25791
14033
-36018
5113
-22401
15269
15023
-19277
27293
35336
-41468
-25464
10975
37205
-13105
-25302
-10502
-6249
25334
-27747
7674
-9991
-29600
-867
16029
38834
15660
-23219
4049
32382
-14377
-18239
-986
-19801
-1142
25025
33715
36325
24490
38234
-18954
-27680
-27769
-38951
-36453
17299
-22137
6892
-9570
25046
-12382
39172
-26795
31835
-9254
5026
-29763
21512
1070
-14565
37616
-38327
26949
-8341
22515
17218
-39800
-37816
-336
31310
34121
18099
-38418
31406
31263
-6698
6886
-24194
18292
19910
75
-11582
-4766
30786
2510
-18675
12250
34063
8638
-40
-30376
30015
-3266
-4701
-2810
31732
-21057
7655
-7998
21385
-16470
9901
-28985
-28102
37636
22733
38076
-20842
14740
-12238
14616
18335
-32099
33249
29111
15214
3343
36401
18453
4128
-3817
2481
-8636
27989
-32941
-6592
21732
31159
-30178
21363
-33722
7617
-14223
-15246
-23312
9704
12900
-15487
-19282
12545
-10591
39409
9093
-14582
35372
-31412
15669
-20354
-24509
39177
18638
28092
17754
12428
12121
-26333
-18400
-6869
28042
-35218
8060
-17686
21956
-14902
-9127
32879
-22955
-10908
20625
33522
-29265
12585
-36085
36236
3959
-19217
18277
5641
-18041
-8767
-485
21828
-27636
-29815
17946
-9566
-10802
-9387
-4767
20387
19979
3912
9723
36238
-27164
-40436
-1423
24012
-24111
17906
7697
-31855
-19867
14422
-5900
15334
-19702
-20651
-12727
40989
-26818
-3640
-22561
9341
-35918
30601
-15532
-34711
-1000
-10518
10125
-17737
20322
-10557
-36733
-28891
23944
26312
-6620
29258
-1178
4058
-9415
-10895
38227
18915
-9854
-11132
3882
-1663
30669
-3272
10447
-3909
-1633
-40538
11020
26908
27353
-32762
-42370
-12033
-38366
23597
14929
28918
23143
-34515
-36822
-17147
-12629
9666
12723
2850
-3286
-31916
14167
-27954
-22701
-38893
23395
8031
-25523
-33532
-13130
37781
8499
-35622
34620
26922
27798
26190
-38168
40513
12109
-10063
6905
-33505
-4839
-27503
11292
8598
28325
-31849
945
-6632
-27564
21038
-37504
36526
-39686
-20880
-15095
-17183
11333
16517
21608
-6533
-4067
27574
-9597
2941
-42280
-23847
-29187
-38095
-38924
-5390
-5103
21369
-7303
-40371
13914
-7279
-23010
31434
-36092
-10886
-40050
-7724
-23073
11329
32644
39209
34323
-33842
-1373
7335
-6837
-15354
-24264
14910
-34868
-30028
-26798
-25585
32068
18230
-16537
-19073
22425
16465
-29951
20397
-34791
21301
25151
-22959
11186
-12046
-15928
-32898
26866
17161
9508
-22062
-22901
-22624
-30161
4927
-21229
-38561
-17286
-9286
12427
-31280
28703
-8670
-26678
-23445
-719
-17450
-7683
1607
-12607
6140
-29883
36085
-35306
10582
-34196
22532
-7912
31674
-1579
-5032
25824
30073
-6330
-39107
19392
33849
-1309
29175
28557
20796
-39661
17145
35728
-24711
7008
24911
34892
-31606
-14616
-13026
-18618
-5305
-17009
39266
16484
-17333
3818
22245
-17597
-16424
-3987
32690
-5591
3720
5414
-16337
-7078
-5750
-39258
-4546
7753
-8093
-1503
-17267
-26822
17188
-6770
15938
-8262
-26791
-38482
-21757
-28651
-18931
25035
3039
-4624
-6264
29572
-14721
8151
-2248
27157
-34138
-20820
-17874
34668
-16639
-31109
-6440
-27820
-39393
-1792
1068
39110
30271
35362
23777
13448
-30248
-4743
-30829
-39884
9591
18818
-16121
22626
-27242
11080
4109
-26606
2783
12249
22852
13449
30043
36357
-2708
-36692
17091
36860
19190
-26420
-19309
20406
33718
41024
-30615
-14352
-16531
-31086
-21467
-37828
-25552
38844
25889
5437
-23462
28149
82
-27346
15962
-37588
23686
-37565
28271
-6410
-13546
23968
2196
3760
11021
-21706
10705
22459
36089
4491
-38223
-39611
-25241
17012
-31252
29404
19105
-1246
-21155
-31412
16242
33452
38713
-448
-6329
-28152
9783
2194
12724
-28332
-41041
25245
-8260
-40227
675
12966
-10697
-4396
-40450
28832
14916
33684
36374
-27433
-37933
-6370
-27326
17103
-10112
33362
11464
32167
-22474
27648
9099
5381
27828
-31264
26663
10152
-11223
22727
1831
-26223
40196
39331
23636
33300
40306
-761
17307
-12134
-1348
-33906
6785
-27767
10076
-2025
2786
29736
15163
-10638
-11944
-19492
21767
21368
-2457
6060
21818
-15703
-5254
-16227
-19899
-6041
-33948
3594
26387
-8255
-9829
9799
4286
-32738
36531
-20738
-32477
-41261
-39449
-5839
-27996
-291
-24472
-4729
-13957
-35639
-17279
-33084
-33547
11345
-9163
-17927
11320
20671
-4090
-4838
29292
-6034
20247
34849
-31207
-19246
-28965
-17111
-1657
-31445
15511
-8720
-33567
-29234
-7399
-37073
-38164
15925
32578
-3686
9846
37267
-41232
-19287
33690
34536
-7472
27354
-12790
-40382
35200
16395
-20067
25924
11401
12489
-36888
12096
12123
-27510
35598
-13350
-4747
24941
21139
-37924
-3623
-19961
28820
17522
35898
3847
-21792
-10850
-10461
-3023
36133
-38999
-4309
33619
22215
-26960
16605
21033
-34888
-20600
25602
38595
-1501
39603
32874
-22763
-39878
-32281
15493
18192
22373
-21117
15083
-36740
-41932
-31611
-10253
-12388
4823
12627
-28379
38599
-21886
-41940
-14581
17310
-12645
-41653
-10564
28754
29680
17748
-28949
8196
10663
37606
34145
-33515
25971
-21902
1479
19649
-3636
27325
17268
-11097
-6867
-16935
-551
-3550
29498
3544
27891
19037
-28683
21295
36459
-22440
-15340
-6226
-33131
15150
-40351
15666
-25247
-37641
-34059
-10047
9484
37288
-26293
-39384
-42130
-42597
-680
-41077
-28633
9041
37346
21371
-17276
37626
-27864
19028
16588
35488
-33580
37795
-20046
4009
-38896
39217
4210
25621
-30007
-26256
-32984
-14124
12368
16153
-28220
12590
30099
18842
-15676
-36400
23128
-6161
-16934
16303
15871
14954
-31877
8204
-25913
-35527
10146
8658
31753
-9441
18248
18833
24882
9500
-17922
15235
36013
-23916
-8105
-34012
-19962
-17440
23766
22032
-40761
-28347
19214
15135
-40150
-39461
-36090
39241
-15602
-29777
-40932
-5376
20396
-14957
37902
3218
-38145
26385
-417
28343
2051
8575
-23164
5924
36285
-2428
-31162
-10132
-2691
-18151
-23917
8915
-35613
32744
23185
19863
9308
-29979
183
30792
13190
9240
39820
-11917
5637
31227
-14415
39972
26287
-30125
35798
-36212
-3777
19692
-8383
-33417
18215
19323
28399
-16908
6496
-39045
17979
17631
7081
22762
14136
12423
33808
30682
25178
-13056
-28738
12921
-15503
34403
14503
15290
-7529
15835
-19935
25221
29690
3720
0
0
0
0
0
0
0
0
0
0
0
0
0
0
0
0
0
0
0
0
0
0
0
0
0
0
0
0
0
0
0
0
0
0
0
0
0
0
0
0
0
0
0
0
0
0
0
0
0
0
0
0
0
0
0
0
0
0
0
0
0
0
0
0
0
0
0
0
0
0
0
0
0
0
0
0
0
0
0
0
0
0
0
0
0
0
0
0
0
0
0
0
0
0
0
0
0
0
0
0
0
0
0
0
0
0
0
0
0
0
0
0
0
0
0
0
0
0
0
0
0
0
0
0
0
0
0
0
0
0
0
0
0
0
0
0
0
0
0
0
0
0
0
0
0
0
0
0
0
0
0
0
0
0
0
0
0
0
0
0
0
0
0
0
0
0
0
0
0
0
0
0
0
0
0
0
0
0
0
0
0
0
0
0
0
0
0
0
0
0
0
0
0
0
0
0
0
0
0
0
0
0
0
0
0
0
0
0
0
0
0
0
0
0
0
0
0
0
0
0
0
0
0
0
0
0
0
0
0
0
0
0
0
0
0
0
0
0
0
0
0
0
0
0
0
0
0
0
0
0
0
0
0
0
0
0
0
0
0
0
0
0
0
0
0
0
0
0
0
0
0
0
0
0
0
0
0
0
0
0
0
0
0
0
0
0
0
0
0
0
0
0
0
0
0
0
0
0
0
0
0
0
0
0
0
0
0
0
0
0
0
0
0
0
0
0
0
0
0
0
0
0
0
0
0
0
0
0
0
0
0
0
0
0
0
0
0
0
0
0
0
0
0
0
0
0
0
0
0
0
0
0
0
0
0
0
0
0
0
0
0
0
0
0
0
0
0
0
0
0
0
0
0
0
0
0
0
0
0
0
0
0
0
0
0
0
0
0
0
0
0
0
0
0
0
0
0
0
0
0
0
0
0
0
0
0
0
0
0
0
0
0
0
0
0
0
0
0
0
0
0
0
0
0
0
0
0
0
0
0
0
0
0
0
0
0
0
0
0
0
0
0
0
0
0
0
0
0
0
0
0
0
0
0
0
0
0
0
0
0
0
0
0
0
0
0
0
0
0
0
0
0
0
0
0
0
0
0
0
0
0
0
0
0
0
0
0
0
0
0
0
0
0
0
0
0
0
0
0
0
0
0
0
0
0
0
0
0
0
0
0
0
0
0
0
0
0
0
0
0
0
0
0
0
0
0
0
0
0
0
0
0
0
0
0
0
0
0
0
0
0
0
0
0
0
0
0
0
0
0
0
0
0
0
0
0
0
0
0
0
0
0
0
0
0
0
0
0
0
0
0
0
0
0
0
0
0
0
0
0
0
0
0
0
0
0
0
0
0
0
0
0
0
0
0
0
0
0
0
0
0
0
0
0
0
0
0
0
0
0
0
0
0
0
0
