34595
24944
24153
22298
-42212
8158
-32273
15500
17666
1479
-38976
4128
35380
30694
6895
-22523
-2316
-13315
33162
37957
27774
-7309
-12221
2157
32807
39606
-253
-23606
19470
-1358
16517
183
21596
5242
-30882
31270
-31165
25015
21427
-28892
-11605
-12031
-18439
-14989
38550
8826
-20807
9608
-16512
-10786
-13243
17016
-18079
17406
-34577
-7274
37939
-26582
34679
-1064
11357
-12198
4907
28506
35234
-7085
-34589
-25839
23677
-28213
22172
17968
-6045
2211
-37762
28343
-21406
-23865
34258
-27807
18399
-32009
38569
26456
34981
27698
15790
-12887
-31545
32780
20608
-17171
43314
-23927
9214
23456
15105
15542
39413
19616
-21524
44266
22758
3408
23112
-13592
-24253
-10125
29580
39300
-5276
9932
16864
44271
832
13895
16969
-25968
19702
-36851
24317
-35750
29420
18339
-3915
-16274
-32800
-22211
6444
4455
-90
-28878
-7428
-24117
38121
13224
4243
-14041
-9687
-27194
-30946
25045
-8981
-3711
-35338
23078
29564
-33247
35868
35224
-5671
22182
-5609
27149
42140
6346
3783
-25190
-23613
-29589
-13046
-29826
-30531
2429
26332
26854
-30224
33410
19925
30146
37702
39674
10064
6906
-16905
14202
15854
-41780
-22527
-39624
-39357
28205
32988
-28060
-33666
-25978
37163
14662
10552
37695
-10451
30313
-14606
29977
31574
-34829
36039
-5658
29754
-40049
-21730
-35199
7629
12986
-29931
-18001
10669
30492
20941
-33982
-16973
-19929
15996
26088
-31263
-3722
14038
-24889
25612
-18202
20844
6053
-12939
18303
40043
-23507
6693
-24732
-31651
-36342
327
9834
-1346
-17815
10396
41170
-26344
31228
-2681
-41873
29430
6048
-3939
-37824
-3016
-19368
-33433
-11974
-15014
210
4113
6676
-35545
5641
5266
-40600
11839
35842
36316
38403
-15861
-5874
3320
22673
-23791
22336
-32170
-14396
35368
-29262
10797
35098
-1378
-13874
21104
33367
-17908
6527
18486
24223
-33442
-6161
-25240
21252
-13443
36963
15139
11438
40589
25624
31937
5344
-17083
23009
43110
-13337
-10476
-9579
-6820
-10368
32996
38341
29960
10344
28102
32679
-7067
-18609
-17548
13504
29551
23203
22813
18510
25831
-37169
37206
19727
6581
-11806
9509
-14630
-16093
1144
41164
36432
6740
-32320
-19792
23642
12389
40445
-27252
-12034
40918
39544
-34875
20656
28027
21586
1511
-620
-12887
-9948
13325
34159
7779
405
-3721
33331
29082
34722
17357
-18138
20145
32749
-23141
-42983
-37185
-12922
28968
-36635
-11079
-11468
-27190
23165
23451
14062
-26126
-27355
10865
-23699
25687
26212
20341
8708
-9016
30386
-9681
1945
-23885
-39132
-11759
-6531
38894
43515
-25027
-16795
-4894
-37532
-7387
490
5944
41179
-10886
-33590
43483
24435
-27171
6800
-32847
21499
-2434
19729
-30815
9835
38276
-27578
42065
-18407
-28577
41744
-19109
-41085
15623
-13659
-15916
-3933
-25045
-42459
21160
31905
-25312
-2011
-22840
2188
-41717
-5807
-7456
36177
9432
-13460
39036
-41001
17439
39092
30129
6775
-37626
13642
41607
4474
7609
-12575
-19683
-6570
44015
-21867
29454
7751
-1297
41093
9273
-24827
-9679
-25445
13429
-2742
-5851
26411
40813
-29400
-22789
41797
-36512
-4221
-37793
21760
43422
-14812
35582
27033
-27429
-18923
-7451
1341
29958
-32202
-24692
-13011
-304
18968
-32021
-23333
-28877
-19214
-14765
-201
-22392
13247
-22650
-7295
-38926
31030
-26649
4956
12067
12499
19439
-14710
2396
25566
36051
31604
1004
28921
1814
-6723
-32118
-4091
16828
38105
4969
-2722
-20141
-22936
21512
-2389
-10375
35072
27657
9336
11627
-1663
-1652
26514
33255
25750
38063
-34357
-13429
16849
-24494
-4926
16825
1517
-13836
5403
14338
22327
-20645
13149
34817
-42680
-34785
-8605
-21967
8359
-30818
22202
13491
-23293
-2216
33369
-39279
16689
-29567
11465
33988
-4656
33794
-28698
-30639
-9582
35160
27745
-37778
-11492
-3571
-418
43455
24970
-31561
-16252
7247
-3279
-32634
-795
22175
-23409
9941
7659
-20814
18592
41688
30552
12010
-9800
9560
-20634
-39212
22500
-35464
-39397
-31696
-41375
23513
9343
-23260
-38567
20676
-6832
18405
-38885
-29443
22342
-42512
-36292
9160
-34521
4924
-1177
-42313
-19753
24360
-20687
-30306
-590
6334
19393
5296
30526
33201
-31910
-21921
11890
-29468
3889
-33351
43308
-21922
-7978
32474
33422
20668
7315
896
-12803
28874
36134
-19216
1873
-26
-21101
33085
-30915
-31288
-4562
4161
13156
32580
-8642
-16405
28416
-38844
30488
3387
33372
-20000
20209
-40532
-10138
-16342
21164
-12755
-31242
-3390
-17803
4011
-3060
-2042
10154
-29887
13540
7228
-25241
-32974
34830
23633
-6743
18478
32628
4871
-27192
-30783
5056
34260
15991
-29702
-26305
5357
23509
8679
-16376
-3834
-1699
-29274
88
33913
12812
-16952
-4089
32748
-34545
-26545
-29027
22893
4967
28264
5507
-33880
-21117
-16217
-16687
-22933
-9980
-24276
33704
24942
-40354
-41689
-25294
37543
6410
-7864
4389
8500
-42239
-11222
-34469
-28165
-39520
-22696
-26766
18109
28687
34436
13361
13622
3212
-32973
-33047
-4915
4084
35431
34967
29477
15449
10268
-24195
37490
-28260
3324
7464
-9323
21255
19200
-1050
28320
-3817
42629
23339
28434
-3424
-20110
21905
17414
22122
15166
-23764
28708
38224
-8576
32214
-42488
-30420
-35939
-9842
-14396
-33185
4532
24696
29542
25647
19353
-1739
35219
-21804
-13314
-14659
32264
37559
8841
-14749
-3025
16922
40369
1115
-28498
12822
-9771
-14983
-2713
29506
27242
35309
9593
14518
33610
23222
38668
-11742
23039
7982
-14761
1254
825
-29080
29160
-26392
-22029
-15340
32268
6222
-6586
-16688
29148
-7480
38751
-16311
4553
5677
-27039
21479
11635
-29494
18395
1025
-40028
-32714
-40911
-36492
38192
2338
38106
-4504
-9605
26048
-13185
22568
5599
-17363
-22488
2983
21823
10604
19107
16567
-34007
-26616
-22578
-27693
-16697
-33165
19270
36243
-30946
-9847
20349
44692
35369
-8459
28476
2057
21678
-36373
29679
15594
-12064
11110
-15914
16626
-10545
-22444
-35498
-33549
-40450
18735
-39538
-32542
2337
19605
35873
32527
-28874
21255
13826
-28994
-36453
-33204
16506
-26851
-43709
29845
-9125
-9306
14977
-29875
30905
-6177
28623
-3775
-37027
-25153
-8823
-12649
-36726
-5722
-11580
-19285
25274
-20419
-30265
5480
40307
41588
23721
14835
7305
-15876
-26564
39479
8957
8530
-28839
-28301
17231
-17374
22547
-11830
3091
4743
-17819
-12336
4202
1596
-4638
36105
-36987
-4616
38360
-39686
18345
-13594
-27367
12154
29300
-7117
12386
24426
-43065
-7848
23362
-14394
-16682
29351
-38920
-16409
-38006
20047
-5021
15148
-24581
27212
28668
-6858
-6017
-22329
7073
-13028
-8176
8162
38196
36649
6186
-23650
-27366
-30335
-500
10429
11676
-12533
11606
-27847
-5776
6196
33772
-22513
29033
8208
-4607
-15344
-29910
-30505
-31952
-3176
-11378
19624
18207
-23128
-31906
17302
-41734
-4780
1150
-27985
24016
10087
9866
27319
2892
-11572
20095
32705
-20568
32913
-20683
-17226
-12095
-28296
21407
-27684
-14568
4742
-721
-24078
26924
7989
-9356
44059
-25693
-8149
-2194
27883
3295
-34870
-37219
23259
-19048
33418
-33845
30266
-33601
19255
-6337
25399
31066
10944
-11271
-21577
-32978
-29917
38555
23480
-39248
27212
-11792
-20784
-42488
12578
-41804
32363
-43382
-32449
-2469
-22808
-10303
-23552
3005
27964
10877
19347
21397
21655
-13507
-41362
24705
24244
-2091
-37250
-21511
2273
-40132
24982
31389
-206
-31684
-13344
22958
8943
12582
-5497
-15009
1637
-3400
42323
17818
-5981
11702
40239
-29565
16249
-26227
14111
30298
18434
38225
2639
8039
-15631
5136
28394
12503
17057
-7294
-26907
-5673
25985
35870
34545
28240
15763
-3967
1225
-31251
-17589
10416
-10235
-26266
-39806
36463
-18518
22798
-30635
-30683
-11615
-33494
-11542
25406
-3550
32287
-22722
11196
10488
-8755
-26182
-9554
9316
5884
-7363
87
29767
-17621
-15364
38838
29437
26502
-33778
-32300
-32499
14513
-27231
4939
38084
21003
-20446
-2987
-19789
5436
21897
10669
34121
-43783
-16317
680
2620
32057
-19259
-11623
-2951
14431
-5138
-18491
491
-34064
29724
-23180
-29854
25449
-22065
-7334
2754
15992
-17002
-43699
10317
-43453
-14845
18048
-14569
-3002
30766
14594
-30617
-20886
12693
-21722
41219
-30329
31951
-9672
36668
-28449
-36779
-3151
5517
-16122
28371
-38545
-29990
-26502
41315
-22842
5161
-22599
29238
37492
-19686
-31082
-21475
25838
-37612
-28731
10221
22755
19579
4337
9980
-34879
-41061
-8465
15759
34046
-22965
-14866
26204
-13955
-22775
-9681
-19729
14661
1739
-21891
-4978
-13093
25169
-17280
-9598
7856
2615
34331
-24878
-11958
-8242
21591
12123
31073
-30734
-29503
-18919
5296
-31913
18378
-12147
5112
33262
-21995
-30746
-27601
-31029
-36380
27980
-31754
-9697
-9762
-22775
38492
39857
18552
-41950
-35543
-40149
9638
-37985
22969
-15954
26716
2040
2463
9571
-10513
18784
-4935
-2902
1349
-43232
10145
2170
-3151
-2043
-18568
-18251
-2348
28959
-36772
-27335
15471
-13857
-39685
-17199
-2487
-17195
-4525
-9116
7788
12714
16330
-7770
10462
-15178
-32749
15646
27101
21425
-14235
-7237
-39295
-9748
28198
-2096
26047
-11177
-23351
15742
25677
27691
-20207
-1384
27450
-43630
2506
10324
-11850
-43946
21165
35461
10281
-11914
-5272
19172
26404
25548
-29578
8857
17079
27849
-37145
-37183
28466
6930
14277
28120
27946
-559
-23979
-25638
-16313
19409
30418
-44664
-33384
-2750
-15218
-27132
-9459
31706
-21420
13842
-30841
27636
-6789
22987
34046
2233
4279
38897
-31186
-35227
-28626
-38466
15467
-34818
33347
-38617
-13405
-15695
8460
34449
-10609
-22318
23648
27722
13182
-20657
1553
21891
193
20002
-3588
-7097
-18996
-4460
-8847
23033
-16291
16392
15120
11266
3847
23254
27736
-19083
-31607
-23844
8557
-37836
-39663
-15792
6327
4329
-8550
2956
-13148
-43678
-12552
-2969
-28310
-6419
10408
10584
-1712
-32030
8110
3227
7665
7799
37556
-39568
3982
-22801
23221
12914
23742
-16909
21572
29978
-6069
-39590
632
-43033
-23883
-33559
-25704
-10830
-43204
-38911
-213
-19061
-9721
15051
-31553
25571
-31067
-37013
-7137
-17566
16726
-18629
-38145
-10821
-43441
7387
-13818
-27996
30553
-12599
-12957
2643
31449
24147
-44685
-46775
20377
850
14339
9297
-6290
-24602
20574
19222
14889
10957
5131
36096
12602
3188
-22281
-28540
-142
-29669
-11142
-13588
-30091
-34432
35084
33386
-23428
-15599
-2330
913
-12020
37484
-38371
-39270
32859
30410
-32075
28267
-33638
-3809
-38312
26571
11616
-17225
-27397
-4523
-14853
-21296
6119
-2016
14052
-1549
14163
25573
8121
28397
16912
4778
-17389
15823
32841
13160
-44537
8537
-19515
8238
26837
7606
16822
11836
37502
36594
36747
-40199
11451
-1114
35681
2211
19865
6129
-37825
-39164
19839
33735
33382
10728
-20036
28311
-42771
4330
6409
4437
-28618
-29972
11296
-21415
-1671
-12033
-10242
-8525
9126
17283
-13251
-12796
-14583
20115
-28058
-8941
17053
-3811
20529
28598
-4773
-8301
-29289
-44738
-13421
-7310
-20656
25551
-44210
-7476
-4806
-28686
-37885
8356
-20195
-12972
-16172
-21463
-32652
-6237
-35927
1523
-7365
4115
-3559
19038
10042
-22517
21777
20559
20254
32515
-19772
25311
-17758
-43685
-32607
-37874
-29929
-6975
11801
-14712
-38974
26980
7481
-982
-18952
6730
23764
-15586
-36189
-41496
27448
5360
4580
-39431
24806
-40311
17417
-45510
-40418
-12316
-21385
-23913
-53011
4937
24119
1295
25551
-15037
25335
-6731
32437
-27269
-13168
22475
-35689
34472
-32088
38081
-24857
-30878
32545
-5089
5000
-14948
-37062
37516
36511
30755
38172
32349
18820
9218
11838
-15209
37260
-14926
12663
-14909
12546
-4542
-33502
-5952
22149
17111
6659
34018
2322
-18756
-18430
815
36324
-43264
25091
4278
22075
11885
-33490
-36838
-34098
-4705
-27684
12073
13568
4506
-43224
-30553
13339
31579
-38805
14867
13382
-19151
-21225
-26967
11509
17319
9350
31520
-2325
27571
-13780
27203
26845
41718
-26862
10738
12090
4305
-21914
-21021
-196
4847
-35683
19110
24361
-8281
-4046
17798
-4505
16028
36342
-31546
18565
-10953
-1680
23343
22474
10190
-1897
8078
834
6331
-33369
25226
22467
-14714
2925
-17114
-12618
22774
14583
21954
-36020
20339
13189
26847
19758
-42362
-27775
10791
33920
8262
12026
-14255
-9485
1951
6109
-34662
-20143
-26433
11330
-2849
10923
33455
34953
1242
-26628
30019
-14220
-13321
-18063
-43140
-36849
-31707
24961
-19232
-24997
-41970
-28083
-19462
-3461
32730
-22877
27350
-5965
-14979
5136
-5915
6151
-12463
-45077
-40142
15889
-29172
-55552
-39535
5920
16932
-38491
-43417
-35039
17190
-13859
-30390
-12671
11874
17602
-3804
-29622
-38093
-16397
1837
6789
30834
-20095
4199
1534
41277
14773
16065
21119
-35766
33342
-5924
-4440
25736
19565
-687
24699
19323
-9442
-17071
14833
-39209
-694
-20063
-43313
-25474
-31581
35102
32285
20044
-1540
37239
18117
13146
7098
-31507
-34237
-11620
-10027
-12131
-43757
-33194
10760
-3788
8538
-43228
17708
12413
-299
-13209
34595
-14773
34088
30219
36044
-15879
33118
-17322
11835
-2439
-16961
26431
-14905
31675
12140
-26357
-10723
40559
13930
1680
-8523
-1867
25007
518
-41187
-31729
14353
22706
4572
-9418
37658
-20647
-10364
-43531
29710
-6519
6126
-35163
-42853
31128
205
2000
31833
-9524
-18678
-18422
-8924
-24254
3095
-5590
-51185
24531
-14188
-21634
-24728
-27550
-32427
-3511
35498
-4713
-31598
-1327
-22337
33666
-26387
14944
-259
32117
13213
21844
12181
23331
16409
-23864
-25290
38736
-32284
-19917
-26067
39717
-31332
-28258
21769
-1573
-29927
-42285
8261
5664
-26546
24461
22628
14387
17787
28067
36509
8970
-11719
25175
-1298
-9311
27586
24998
-25982
-17386
-6316
-9040
-37095
33294
-13213
-32548
-16077
14685
13179
-7218
-28701
30053
12407
38019
23080
6992
29059
21660
-7138
-36914
-40815
15967
-9187
26381
2679
-7371
17111
22822
-255
-23062
42112
-10084
8912
-36030
6567
27214
14237
-22163
-43250
-4444
-10735
25347
6239
34676
-37541
22251
-17809
36363
3393
25937
-13224
29494
-2715
32414
-7276
-38046
22176
-8319
-42773
14565
20582
-25900
-41729
-18124
-22026
-30529
-14939
-30917
-29391
1329
-38329
-16491
-32124
-6851
7857
-16330
-19611
23432
-19884
26131
13617
11071
16172
32701
-20240
-280
12373
17301
13160
11467
-10450
6340
38670
40347
-21314
-18428
-4205
-516
-33794
-39570
-12411
-23783
14077
-32788
30157
-4325
-12079
5975
250
-10658
6795
-3215
3379
-24157
9411
-7348
19240
-7685
35267
-32159
25300
27918
-26542
-20798
-428
14271
-16668
24853
39941
-4973
31203
29565
20808
15627
-10283
-2319
30508
34918
-32626
19904
3386
6776
-18242
-12489
-25334
-22727
-22896
39342
-32017
-19113
-12540
42294
-19156
-24640
-7120
29367
6986
21226
-30890
-8027
-39547
-120
19569
31476
23253
-39196
16845
-34744
26328
-29375
-33763
-34869
15510
10033
-28872
3082
20033
32728
-19802
34432
-10281
-41391
-6759
35742
18172
3282
21969
-22210
-14842
36976
-22340
-4752
17862
17166
-3525
-28213
-11818
-26220
-3397
22696
26046
-4279
-25371
10297
7937
-7667
-14394
9803
2348
34056
34237
1927
1391
-30453
-28371
33914
-27499
8150
25220
-25827
-5954
5948
-22349
35441
-35000
27207
-41794
-37414
-22787
26849
-8046
24785
-36032
-9993
21891
28349
-37211
-32226
23433
26825
31432
20551
-30801
3578
-28518
39833
-37110
17665
16002
9293
4196
-5721
8305
40690
-29359
-10058
24712
-6106
-18756
5226
-28619
33375
-20086
1373
-882
20814
17767
-25177
-22033
5001
41905
-1318
15022
-28974
-13491
-9315
-18225
7266
-39682
-10593
-31304
31709
25109
-4492
20308
25221
34527
29378
-34400
-8327
-32976
19602
-30008
4247
-29349
-34543
8616
21005
-22874
-18434
38363
-41683
14953
-29015
-36161
21169
43728
-4384
25434
23886
8292
14034
-1254
-25782
-37416
22637
27103
32897
-23376
5716
12658
5792
-22741
39111
13490
-33540
-9005
21007
18672
-3424
-29132
-40674
-39021
27155
-28574
-20777
10585
-32022
29466
-6233
11610
-15515
36008
-16873
15267
4048
-10636
33272
13481
8538
19796
-24303
34186
-21042
-5250
26738
-41085
6920
35875
-33400
-28408
3884
-41114
33210
42506
8544
24758
22365
36568
1297
34363
9706
-33407
17635
618
23058
-13063
1752
-234
-13762
28457
-29603
-7254
38499
-26179
-15971
-15948
-7796
16003
-22261
-15218
29693
22325
13333
-4032
-13903
6298
-13584
3053
-31929
-1105
37158
7113
3720
-14346
10460
-22972
1367
-18827
19286
-19759
-39619
6291
16179
2401
13795
-8272
-37803
-31682
-37960
28049
27598
24512
31701
10036
9428
23576
-8512
-24810
33202
-10320
43153
-5063
-36416
-29440
-25438
27377
-21336
-38390
18621
-7660
13591
-31962
26223
-25668
27477
-5069
32605
35413
29412
27154
-14591
-5635
-38810
-4508
-35265
-15549
-5303
-18276
-18309
-25925
6957
18301
-11333
3377
29747
8087
-16708
7084
19881
15372
-12806
38555
35255
-17833
37699
17314
-32220
34223
12869
23563
9180
-34924
-36352
14699
-10644
-34128
-12682
25170
-23020
-25623
-6561
29435
12312
19967
-32064
34008
17892
20457
3031
36338
10634
-15584
-10563
22257
40197
33472
-27653
-18038
-30018
-14709
12936
-37889
35301
31368
-29757
27435
-38440
-42357
19391
14018
-14521
-11463
-19645
8528
756
20337
-35525
8067
-20399
24799
6664
28401
8759
16195
1399
-5992
-27040
-13320
37596
38447
-34339
6591
-17732
-6105
-14006
17208
-19454
527
12042
30636
31612
39075
-36593
2494
-11092
-36744
-25410
42496
6262
-734
11807
35829
-15023
-36793
2282
1237
3630
-21717
-7533
-1999
-10750
-4079
29644
32759
24927
3146
11415
17830
-6411
17567
31404
38520
-19652
-8055
8528
-24272
-39553
-35669
21176
33971
-34482
-36863
38913
21654
-34722
4075
-37247
277
-31215
17059
35978
-10742
29462
-7139
35203
32792
3934
-16510
12227
2362
-25186
-26479
14625
20204
-27387
11743
-18974
-28538
-5657
35170
-17887
-26516
-35146
-10472
9998
23375
3611
-29989
-32319
-35221
-31346
-32654
-22958
-34252
11763
-15065
-35533
18429
-21319
-36253
-27762
-10342
-5267
32041
20733
-1932
-32584
-10673
28561
-6690
-16891
40413
-9989
-33699
-23186
-34802
-7597
23643
-3186
-6288
9620
1456
5844
-10718
3029
18302
21504
-28822
-19943
27842
876
-15144
8546
-38435
-18213
-7259
-28643
-33722
-10625
8243
-11770
-547
40133
-21193
-7964
-40337
155
37499
-20907
-43327
-1232
18871
11521
10302
17116
-35169
-1355
-25799
10514
-13280
36572
-3370
-6538
9378
17212
40218
17917
29489
-20146
-9902
-6685
-1304
16569
37295
4553
-36846
-19122
-15263
7305
-11348
-24288
3255
-33875
-30065
40512
-4703
5965
34905
-33627
33751
-3250
39998
-2109
35299
-17235
31552
42796
-6521
2114
-8583
-23742
33432
-21933
-9974
26585
-22810
-12655
-8664
-15302
24069
-35404
-31710
29416
2203
-40205
-34342
34315
30872
19813
7856
-28295
18682
-29828
34405
-20182
-10694
35174
1893
32670
-784
-28318
31171
40259
-19907
39044
-35619
29123
-24797
-38281
-15203
20690
4630
16307
40263
-9239
-18409
-18026
-30580
-3012
7861
-37699
27113
-22335
27465
-19897
22891
-6551
37312
-25381
-16881
-7248
-13750
35412
732
31361
19677
12045
5682
10658
-2947
-17589
-11651
31587
-42705
-38979
-11723
39958
-5847
-22906
-9417
-6803
31770
-4000
-18874
-12804
-2606
-4972
-28515
-3168
17894
-1649
17029
14743
30452
-18482
21305
-28797
-4611
28446
-4999
37278
13366
12958
-17997
-23021
2551
39800
-38146
19115
9891
-31670
-2323
9374
-13386
-6097
4848
22398
-14096
3961
-31041
8259
3331
-18430
25634
-6628
-37938
-38033
38063
-28507
36937
-1228
-26934
-41092
28580
-19861
5345
4778
-35405
-39010
-13193
17460
-17757
-16713
6473
-31223
-19840
28124
1479
41959
-25852
-37797
-28608
22733
34792
-18734
-29117
-20938
-19890
-3021
6908
-28572
6026
13951
40267
-22602
-35695
33072
-37228
16022
35145
-32202
-38592
9912
-16808
26861
-13180
37910
-20156
39724
14252
-671
28435
-5638
-43
29538
-43134
-20020
-15713
10194
6314
19838
-29615
-40511
-19219
-40485
-34
11365
-26735
29979
14727
-1291
13042
30423
34009
29406
-12367
-4458
28184
34111
33855
-12993
-17401
-13417
33824
-17197
23082
-21900
31965
-34003
-33875
2255
-38137
-18964
-23791
11992
-3142
-27084
-26024
-36883
16049
-31629
-25240
8321
43037
14403
-16833
8010
19235
-25551
-11826
39232
38859
-9184
-3207
-5065
-5955
29356
37101
20594
5222
-38327
26259
28415
34116
31865
-24504
37679
-36937
497
3641
-1066
20761
5188
-12997
7661
-20685
-5245
-38173
6845
33462
18486
22207
-3335
32315
-14316
-16732
-3556
-17819
-4627
2073
3494
-17190
25208
14790
-22626
-18175
9642
-1594
33915
-25696
6543
27415
-36351
-38908
-4721
-33650
11312
19446
-1778
15914
-23164
-21321
7988
15720
32358
-34680
20743
-34580
-33625
-5802
16484
-38949
-19186
-32153
13178
-22572
21032
10966
-22922
-8873
-3522
35083
14821
-38778
5932
-1137
-37652
2318
-694
-38197
-5330
18623
10219
1075
-19650
22237
10564
10020
38250
32183
-22789
23455
8517
-38675
-15561
16434
112
-29745
-35478
30488
-17810
-38084
5865
22007
42873
22456
35938
-42894
-35710
27647
-1196
-8925
33642
38121
39790
30221
-7481
21043
29687
-27914
-2096
-27834
-696
3126
-11502
40849
-7670
-41361
29584
-29288
-19112
-31911
-21055
-4931
-8829
-23036
-10637
39872
36267
-7077
17124
-1096
10285
26068
35337
-24763
7395
29642
17118
27243
-25255
15671
26774
-9903
39969
28716
-22716
37856
16207
675
8110
32166
10390
-33921
-13040
-35086
13566
29875
-41892
-39164
6808
25917
-35226
24043
-8259
-16612
-16873
25912
-30357
-14753
30326
-36066
283
-22940
37131
9622
-34675
-38253
12550
33964
4579
19650
28633
2709
-16831
2053
39930
23283
-14722
31249
-22653
13547
-40432
30718
26169
11537
-39098
24368
-12730
28527
-18355
34544
12072
-15091
21753
-27579
-6890
25359
35681
-30650
38296
18889
32920
-29583
22769
-19883
-31864
8704
32322
-2748
-14077
3112
-1142
6884
38675
8820
-5914
20157
-2971
-20335
-22914
-37909
-26855
23085
3635
14547
-289
-40212
-16949
17384
-34273
-21333
34226
-13424
-34760
-7385
30876
-11900
-24693
21068
-20361
31024
-19127
-28801
-29056
43072
-20347
14207
-20634
41752
-8835
33012
-26909
-7594
8840
3975
36265
35929
2524
-1607
4678
20563
15556
-10860
-12916
13983
-41927
-37972
37250
7646
33355
-6426
34072
2125
-36876
5715
-38438
-26890
33978
19571
5709
1699
-10940
-22681
-23789
-29238
19833
-354
19532
17186
12983
17891
34531
31071
-32133
12875
-14357
33765
40626
25455
-29048
26468
-17326
-21813
-11881
-20214
-20773
-34446
28266
-32421
39933
-21981
-24224
-16249
-13153
-6317
-27592
-24726
-9130
-21576
11990
22314
-21805
4758
-21465
-29556
34142
17869
-26918
-30308
-41021
129
-2396
17424
-33199
-9647
-35125
12044
-33944
-30161
34141
-5763
-16212
-25175
1715
-12411
-15313
-8175
-32947
-30367
-11634
30918
38110
26486
11303
34874
-5603
10755
-12804
-20371
5007
13360
28910
17469
-22282
-38738
-6747
6936
-22385
-8849
-12911
41525
43307
8381
12278
10270
31346
28349
-29525
-18209
-10907
-17426
-14466
17185
-10162
29440
-29073
-37804
-35959
-23186
24568
11575
14676
1880
27770
13189
37832
35964
7069
924
30591
-5962
-21461
-18481
35871
37781
27832
18933
11877
-38125
14359
-38275
5565
-37164
35009
8093
25537
-25844
34473
15454
-682
-3998
1554
6418
19874
-6427
27860
21507
-15808
737
-6917
-26681
-3427
-23605
-18386
-16649
-33865
-3220
3601
3440
0
0
0
0
0
0
0
0
0
0
0
0
0
0
0
0
0
0
0
0
0
0
0
0
0
0
0
0
0
0
0
0
0
0
0
0
0
0
0
0
0
0
0
0
0
0
0
0
0
0
0
0
0
0
0
0
0
0
0
0
0
0
0
0
0
0
0
0
0
0
0
0
0
0
0
0
0
0
0
0
0
0
0
0
0
0
0
0
0
0
0
0
0
0
0
0
0
0
0
0
0
0
0
0
0
0
0
0
0
0
0
0
0
0
0
0
0
0
0
0
0
0
0
0
0
0
0
0
0
0
0
0
0
0
0
0
0
0
0
0
0
0
0
0
0
0
0
0
0
0
0
0
0
0
0
0
0
0
0
0
0
0
0
0
0
0
0
0
0
0
0
0
0
0
0
0
0
0
0
0
0
0
0
0
0
0
0
0
0
0
0
0
0
0
0
0
0
0
0
0
0
0
0
0
0
0
0
0
0
0
0
0
0
0
0
0
0
0
0
0
0
0
0
0
0
0
0
0
0
0
0
0
0
0
0
0
0
0
0
0
0
0
0
0
0
0
0
0
0
0
0
0
0
0
0
0
0
0
0
0
0
0
0
0
0
0
0
0
0
0
0
0
0
0
0
0
0
0
0
0
0
0
0
0
0
0
0
0
0
0
0
0
0
0
0
0
0
0
0
0
0
0
0
0
0
0
0
0
0
0
0
0
0
0
0
0
0
0
0
0
0
0
0
0
0
0
0
0
0
0
0
0
0
0
0
0
0
0
0
0
0
0
0
0
0
0
0
0
0
0
0
0
0
0
0
0
0
0
0
0
0
0
0
0
0
0
0
0
0
0
0
0
0
0
0
0
0
0
0
0
0
0
0
0
0
0
0
0
0
0
0
0
0
0
0
0
0
0
0
0
0
0
0
0
0
0
0
0
0
0
0
0
0
0
0
0
0
0
0
0
0
0
0
0
0
0
0
0
0
0
0
0
0
0
0
0
0
0
0
0
0
0
0
0
0
0
0
0
0
0
0
0
0
0
0
0
0
0
0
0
0
0
0
0
0
0
0
0
0
0
0
0
0
0
0
0
0
0
0
0
0
0
0
0
0
0
0
0
0
0
0
0
0
0
0
0
0
0
0
0
0
0
0
0
0
0
0
0
0
0
0
0
0
0
0
0
0
0
0
0
0
0
0
0
0
0
0
0
0
0
0
0
0
0
0
0
0
0
0
0
0
0
0
0
0
0
0
0
0
0
0
0
0
0
0
0
0
0
0
0
0
0
0
0
0
0
0
0
0
0
0
0
0
0
0
0
0
0
0
0
0
0
0
0
0
0
0
0
0
0
0
0
0
0
0
0
0
0
0
0
0
0
0
0
0
0
0
0
0
0
0
0
0
0
0
