13025
12847
12573
12234
11856
11457
11044
10617
10181
9735
9279
8816
8342
7860
7371
6872
6362
5845
5315
4774
4223
3659
3082
2492
1891
1276
649
12
-635
-1294
-1957
-2629
-3303
-3980
-4656
-5330
-6000
-6663
-7316
-7964
-8597
-9222
-9832
-10431
-11016
-11586
-12144
-12687
-13218
-13732
-14232
-14715
-15185
-15637
-16070
-16475
-16836
-17126
-17314
13199
13020
12739
12387
11999
11592
11174
10741
10301
9851
9393
8926
8449
7965
7474
6971
6459
5937
5406
4862
4305
3736
3155
2560
1950
1329
694
47
-611
-1280
-1957
-2641
-3327
-4015
-4703
-5389
-6068
-6742
-7405
-8060
-8701
-9332
-9949
-10551
-11141
-11716
-12277
-12824
-13355
-13872
-14376
-14863
-15336
-15791
-16231
-16644
-17019
-17315
-17503
13472
13295
13011
12644
12247
11827
11400
10963
10518
10060
9597
9125
8645
8155
7656
7149
6632
6105
5570
5018
4456
3879
3289
2681
2060
1423
774
109
-568
-1257
-1955
-2660
-3370
-4080
-4790
-5497
-6196
-6888
-7570
-8236
-8893
-9534
-10159
-10770
-11371
-11948
-12519
-13070
-13606
-14128
-14635
-15123
-15603
-16067
-16507
-16934
-17317
-17616
-17799
13820
13650
13365
12992
12582
12156
11717
11272
10817
10354
9884
9402
8914
8417
7913
7400
6876
6339
5793
5235
4664
4078
3475
2855
2217
1559
886
198
-506
-1224
-1953
-2687
-3429
-4172
-4913
-5648
-6376
-7094
-7794
-8483
-9161
-9817
-10459
-11082
-11689
-12281
-12854
-13410
-13954
-14480
-14993
-15489
-15974
-16438
-16892
-17326
-17710
-18001
-18177
14219
14054
13771
13390
12971
12535
12087
11632
11166
10693
10211
9721
9224
8719
8206
7683
7152
6611
6056
5489
4905
4306
3690
3052
2395
1716
1019
301
-433
-1184
-1947
-2721
-3499
-4281
-5059
-5828
-6590
-7336
-8068
-8780
-9475
-10149
-10806
-11442
-12062
-12662
-13245
-13811
-14362
-14894
-15414
-15915
-16403
-16875
-17330
-17766
-18153
-18439
-18604
14656
14491
14209
13822
13388
12942
12483
12016
11539
11056
10564
10063
9558
9041
8520
7989
7450
6899
6336
5760
5166
4555
3922
3268
2590
1890
1163
416
-352
-1140
-1944
-2757
-3577
-4399
-5218
-6028
-6826
-7605
-8365
-9104
-9820
-10515
-11185
-11835
-12466
-13075
-13669
-14243
-14799
-15341
-15864
-16373
-16863
-17340
-17799
-18234
-18627
-18909
-19071
15126
14962
14670
14270
13832
13374
12903
12425
11936
11441
10936
10426
9908
9383
8851
8311
7763
7204
6633
6047
5444
4820
4174
3502
2802
2076
1322
541
-263
-1092
-1936
-2797
-3664
-4532
-5397
-6251
-7088
-7904
-8695
-9460
-10198
-10911
-11598
-12259
-12900
-13520
-14121
-14703
-15267
-15814
-16343
-16855
-17353
-17832
-18295
-18733
-19124
-19411
-19570
15630
15462
15166
14758
14304
13831
13350
12858
12359
11848
11333
10810
10279
9743
9201
8650
8093
7526
6946
6351
5740
5104
4443
3753
3033
2281
1497
681
-165
-1037
-1932
-2840
-3759
-4681
-5595
-6498
-7377
-8233
-9059
-9851
-10612
-11342
-12042
-12717
-13367
-13996
-14604
-15194
-15765
-16316
-16853
-17368
-17868
-18353
-18818
-19263
-19656
-19937
-20098
16167
15994
15686
15274
14805
14322
13825
13319
12805
12281
11753
11215
10672
10124
9570
9009
8443
7867
7280
6677
6056
5409
4734
4027
3283
2505
1688
833
-55
-975
-1922
-2888
-3866
-4846
-5819
-6772
-7704
-8600
-9462
-10284
-11066
-11812
-12525
-13209
-13868
-14505
-15121
-15717
-16294
-16851
-17391
-17912
-18417
-18902
-19370
-19811
-20210
-20494
-20654
16740
16562
16252
15821
15339
14840
14332
13810
13281
12743
12197
11646
11090
10528
9959
9388
8810
8225
7630
7022
6392
5736
5047
4324
3559
2752
1900
1005
69
-904
-1911
-2940
-3983
-5030
-6068
-7084
-8070
-9012
-9911
-10762
-11563
-12323
-13046
-13739
-14406
-15050
-15673
-16274
-16857
-17419
-17964
-18488
-18996
-19483
-19953
-20400
-20793
-21080
-21237
17351
17169
16844
16402
15909
15397
14872
14335
13788
13235
12672
12105
11531
10953
10371
9785
9195
8602
8000
7386
6750
6085
5386
4644
3859
3022
2135
1197
208
-823
-1896
-2996
-4115
-5237
-6348
-7433
-8478
-9474
-10413
-11291
-12112
-12881
-13610
-14310
-14983
-15634
-16262
-16869
-17455
-18024
-18570
-19099
-19608
-20098
-20567
-21016
-21407
-21693
-21853
18002
17815
17480
17031
16519
15991
15448
14896
14332
13761
13181
12595
12003
11407
10809
10207
9603
8997
8388
7769
7128
6457
5746
4990
4181
3315
2392
1407
364
-732
-1875
-3054
-4257
-5464
-6658
-7821
-8934
-9987
-10967
-11874
-12710
-13486
-14217
-14920
-15600
-16255
-16889
-17501
-18094
-18665
-19214
-19744
-20254
-20744
-21216
-21664
-22049
-22338
-22496
18698
18504
18160
17696
17171
16624
16066
15497
14915
14323
13724
13120
12508
11894
11276
10656
10033
9412
8794
8168
7522
6843
6121
5349
4518
3624
2663
1633
532
-631
-1850
-3113
-4405
-5704
-6989
-8236
-9424
-10535
-11560
-12497
-13349
-14129
-14867
-15576
-16260
-16922
-17560
-18175
-18771
-19344
-19896
-20427
-20936
-21427
-21894
-22341
-22728
-23013
-23169
19441
19243
18885
18409
17869
17307
16731
16142
15542
14929
14309
13682
13050
12415
11776
11134
10493
9854
9221
8586
7932
7245
6511
5721
4870
3946
2946
1869
713
-519
-1818
-3172
-4559
-5957
-7336
-8673
-9938
-11115
-12187
-13154
-14026
-14819
-15563
-16277
-16965
-17631
-18274
-18895
-19492
-20065
-20618
-21149
-21658
-22144
-22609
-23054
-23437
-23715
-23873
20231
20027
19664
19176
18618
18041
17446
16836
16216
15583
14941
14293
13638
12978
12316
11652
10989
10330
9681
9034
8368
7669
6923
6116
5240
4287
3250
2124
906
-397
-1780
-3228
-4719
-6225
-7710
-9144
-10494
-11737
-12861
-13863
-14756
-15559
-16309
-17029
-17722
-18392
-19038
-19659
-20257
-20831
-21382
-21912
-22416
-22899
-23360
-23792
-24175
-24452
-24603
21074
20868
20498
19990
19421
18826
18216
17588
16947
16292
15626
14952
14274
13587
12900
12213
11526
10845
10178
9516
8839
8127
7365
6540
5641
4656
3578
2400
1121
-259
-1734
-3286
-4890
-6515
-8118
-9661
-11106
-12424
-13599
-14636
-15545
-16358
-17113
-17835
-18532
-19205
-19850
-20474
-21071
-21643
-22192
-22715
-23215
-23691
-24144
-24576
-24945
-25214
-25364
21971
21761
21384
20865
20284
19675
19047
18400
17738
17059
16372
15673
14967
14254
13539
12824
12111
11406
10720
10041
9350
8623
7845
7000
6075
5057
3936
2706
1357
-106
-1680
-3346
-5078
-6835
-8571
-10234
-11782
-13180
-14412
-15478
-16404
-17223
-17979
-18704
-19402
-20075
-20722
-21344
-21937
-22506
-23047
-23563
-24054
-24521
-24965
-25381
-25743
-26006
-26150
22925
22710
22328
21809
21212
20588
19946
19281
18598
17898
17185
16460
15728
14986
14241
13497
12753
12021
11311
10615
9906
9164
8368
7501
6547
5494
4329
3038
1617
64
-1620
-3414
-5287
-7193
-9075
-10874
-12533
-14017
-15303
-16400
-17336
-18155
-18913
-19635
-20334
-21008
-21650
-22268
-22858
-23416
-23948
-24455
-24932
-25388
-25818
-26221
-26568
-26820
-26958
23932
23719
23335
22814
22204
21571
20914
20236
19535
18814
18078
17327
16563
15793
15015
14237
13462
12700
11962
11244
10517
9756
8939
8048
7063
5971
4755
3402
1901
246
-1559
-3494
-5527
-7599
-9644
-11587
-13367
-14935
-16274
-17396
-18339
-19161
-19917
-20641
-21338
-22007
-22646
-23254
-23832
-24378
-24898
-25389
-25852
-26289
-26702
-27086
-27419
-27658
-27790
24997
24785
24400
23868
23265
22629
21963
21269
20554
19815
19057
18281
17489
16686
15875
15063
14248
13451
12683
11940
11192
10410
9569
8648
7629
6492
5219
3794
2202
435
-1505
-3601
-5814
-8072
-10292
-12391
-14287
-15941
-17329
-18469
-19419
-20242
-21002
-21723
-22416
-23077
-23705
-24300
-24863
-25395
-25893
-26364
-26805
-27222
-27612
-27976
-28288
-28512
-28634
26112
25900
25525
25000
24395
23758
23091
22392
21665
20911
20132
19333
18515
17681
16835
15983
15131
14293
13491
12719
11947
11138
10268
9315
8253
7063
5724
4214
2518
620
-1478
-3757
-6171
-8636
-11045
-13301
-15319
-17046
-18471
-19632
-20589
-21414
-22175
-22893
-23575
-24224
-24834
-25410
-25952
-26457
-26933
-27376
-27791
-28180
-28544
-28877
-29169
-29375
-29488
27268
27062
26695
26181
25591
24962
24298
23600
22871
22106
21315
20496
19654
18793
17911
17024
16128
15249
14406
13603
12799
11961
11058
10061
8949
7694
6274
4664
2839
787
-1495
-3989
-6631
-9327
-11942
-14360
-16485
-18277
-19736
-20906
-21867
-22693
-23447
-24157
-24820
-25449
-26036
-26581
-27091
-27565
-28009
-28417
-28803
-29158
-29488
-29792
-30056
-30240
-30344
28451
28257
27903
27416
26845
26233
25584
24894
24171
23408
22612
21779
20918
20033
19123
18199
17263
16338
15458
14618
13780
12906
11960
10913
9737
8404
6883
5148
3169
927
-1580
-4329
-7244
-10191
-13031
-15605
-17837
-19677
-21153
-22326
-23281
-24098
-24837
-25520
-26158
-26749
-27296
-27805
-28275
-28707
-29110
-29481
-29826
-30141
-30434
-30706
-30935
-31099
-31188
29646
29465
29136
28675
28140
27557
26936
26270
25563
24811
24020
23186
22320
21415
20481
19528
18553
17590
16667
15788
14916
13999
13004
11898
10646
9216
7574
5683
3511
1031
-1756
-4812
-8047
-11294
-14364
-17109
-19420
-21292
-22765
-23922
-24854
-25639
-26342
-26985
-27573
-28115
-28614
-29069
-29488
-29873
-30226
-30548
-30847
-31120
-31372
-31603
-31799
-31937
-32011
30825
30660
30363
29949
29450
28915
28333
27703
27030
26304
25537
24716
23850
22944
22000
21023
20018
19013
18059
17145
16231
15269
14219
13044
11703
10160
8370
6289
3875
1099
-2033
-5483
-9097
-12691
-16020
-18910
-21283
-23154
-24594
-25707
-26586
-27316
-27955
-28531
-29053
-29530
-29961
-30352
-30712
-31036
-31333
-31602
-31849
-32075
-32282
-32468
-32629
-32739
-32798
31951
31812
31553
31180
30749
30267
29739
29165
28543
27865
27132
26343
25507
24612
23668
22681
21658
20628
19640
18689
17737
16732
15624
14375
12937
11263
9300
6989
4279
1139
-2438
-6363
-10458
-14438
-18036
-21054
-23440
-25262
-26626
-27655
-28450
-29092
-29641
-30128
-30564
-30956
-31308
-31624
-31912
-32169
-32404
-32616
-32807
-32983
-33142
-33285
-33405
-33490
-33536
32992
32878
32665
32351
31982
31570
31112
30606
30050
29437
28770
28037
27242
26383
25464
24487
23462
22404
21390
20412
19428
18381
17219
15899
14361
12547
10390
7812
4747
1150
-2981
-7497
-12158
-16579
-20420
-23510
-25848
-27554
-28795
-29699
-30377
-30902
-31337
-31715
-32049
-32343
-32608
-32841
-33053
-33242
-33408
-33561
-33699
-33823
-33932
-34032
-34114
-34171
-34202
33901
33811
33638
33394
33095
32760
32380
31957
31486
30959
30370
29714
28995
28196
27327
26380
25362
24305
23264
22268
21259
20182
18980
17596
15966
14014
11652
8777
5297
1146
-3653
-8899
-14210
-19078
-23116
-26174
-28371
-29902
-30971
-31720
-32254
-32644
-32953
-33210
-33436
-33630
-33801
-33954
-34087
-34204
-34312
-34404
-34487
-34562
-34626
-34685
-34732
-34764
-34784
34633
34565
34438
34254
34027
33769
33474
33138
32758
32323
31833
31276
30646
29934
29137
28249
27266
26212
25174
24167
23151
22064
20841
19417
17717
15642
13080
9893
5948
1149
-4462
-10563
-16576
-21838
-25932
-28844
-30811
-32116
-32981
-33556
-33937
-34191
-34375
-34519
-34637
-34741
-34826
-34899
-34963
-35020
-35068
-35110
-35147
-35175
-35201
-35226
-35241
-35252
-35257
35149
35103
35012
34879
34714
34527
34306
34054
33761
33423
33029
32577
32049
31439
30739
29928
29007
27985
26967
25972
24973
23898
22683
21250
19510
17349
14614
11130
6698
1180
-5358
-12388
-19100
-24599
-28586
-31237
-32915
-33967
-34625
-35029
-35269
-35405
-35482
-35533
-35568
-35593
-35611
-35624
-35634
-35639
-35641
-35643
-35644
-35642
-35636
-35630
-35623
-35619
-35614
35419
35387
35324
35229
35111
34973
34813
34625
34402
34142
33835
33471
33037
32527
31918
31201
30354
29404
28420
27471
26509
25469
24284
22872
21132
18926
16079
12348
7476
1256
-6184
-14127
-21351
-26925
-30675
-33010
-34408
-35230
-35706
-35973
-36105
-36160
-36170
-36161
-36146
-36123
-36103
-36079
-36053
-36029
-36006
-35979
-35957
-35933
-35908
-35884
-35864
-35844
-35836
35429
35404
35356
35277
35184
35075
34947
34795
34616
34402
34148
33842
33476
33033
32500
31855
31086
30205
29284
28385
27468
26471
25326
23947
22227
20020
17120
13250
8094
1389
-6683
-15188
-22675
-28179
-31718
-33830
-35042
-35716
-36083
-36268
-36351
-36374
-36368
-36347
-36321
-36291
-36260
-36227
-36197
-36164
-36131
-36098
-36069
-36038
-36006
-35977
-35949
-35928
-35917
35189
35163
35110
35035
34940
34833
34705
34558
34385
34180
33937
33648
33302
32884
32383
31777
31052
30220
29351
28490
27602
26632
25505
24145
22438
20240
17345
13468
8291
1567
-6525
-15000
-22437
-27895
-31404
-33500
-34693
-35353
-35708
-35895
-35989
-36040
-36066
-36081
-36086
-36085
-36077
-36065
-36051
-36032
-36014
-35994
-35971
-35948
-35924
-35900
-35876
-35858
-35851
34715
34680
34616
34521
34405
34273
34121
33948
33746
33517
33245
32929
32560
32123
31606
30992
30272
29459
28603
27753
26871
25897
24765
23398
21694
19515
16678
12943
8027
1761
-5714
-13609
-20722
-26170
-29837
-32113
-33454
-34225
-34663
-34922
-35090
-35213
-35315
-35400
-35470
-35525
-35570
-35602
-35627
-35646
-35656
-35665
-35667
-35665
-35663
-35655
-35646
-35641
-35636
34043
33995
33908
33779
33623
33450
33254
33032
32782
32498
32173
31804
31378
30889
30324
29678
28930
28107
27246
26388
25494
24506
23364
21993
20303
18178
15467
11984
7522
1961
-4597
-11625
-18226
-23599
-27467
-30011
-31589
-32543
-33125
-33505
-33778
-34004
-34204
-34380
-34533
-34665
-34778
-34872
-34956
-35023
-35080
-35127
-35168
-35199
-35228
-35250
-35265
-35277
-35281
33217
33152
33033
32863
32660
32433
32183
31901
31588
31240
30849
30409
29917
29366
28749
28054
27278
26433
25569
24704
23807
22816
21675
20326
18685
16659
14133
10963
7007
2176
-3472
-9598
-15586
-20774
-24760
-27553
-29378
-30539
-31288
-31806
-32199
-32535
-32835
-33106
-33350
-33563
-33753
-33923
-34070
-34199
-34310
-34410
-34497
-34574
-34641
-34699
-34746
-34776
-34795
32280
32195
32045
31829
31577
31292
30983
30642
30265
29850
29393
28888
28334
27725
27054
26321
25524
24673
23813
22958
22069
21095
19983
18677
17118
15224
12907
10064
6585
2409
-2439
-7757
-13124
-18007
-22004
-24971
-27016
-28383
-29305
-29966
-30478
-30912
-31305
-31665
-31992
-32289
-32557
-32799
-33016
-33209
-33384
-33541
-33681
-33805
-33917
-34016
-34099
-34159
-34187
31270
31170
30988
30728
30423
30090
29724
29327
28893
28422
27907
27348
26743
26086
25378
24620
23811
22966
22123
21290
20425
19481
18412
17176
15711
13965
11861
9323
6274
2654
-1527
-6142
-10908
-15424
-19320
-22379
-24606
-26171
-27269
-28070
-28696
-29219
-29687
-30124
-30526
-30899
-31240
-31554
-31838
-32098
-32333
-32548
-32743
-32920
-33083
-33227
-33349
-33434
-33481
30226
30109
29900
29601
29249
28870
28459
28016
27534
27016
26459
25858
25214
24527
23799
23026
22216
21385
20567
19761
18926
18023
17010
15848
14490
12888
10987
8726
6044
2895
-722
-4732
-8947
-13068
-16774
-19840
-22202
-23948
-25219
-26161
-26891
-27494
-28032
-28531
-29001
-29440
-29848
-30226
-30576
-30899
-31194
-31464
-31717
-31945
-32156
-32350
-32511
-32627
-32687
29176
29044
28809
28477
28091
27675
27225
26744
26228
25678
25089
24461
23797
23092
22350
21576
20774
19960
19166
18388
17590
16731
15777
14690
13437
11975
10260
8243
5878
3124
-23
-3519
-7234
-10953
-14421
-17424
-19855
-21748
-23174
-24249
-25085
-25763
-26362
-26921
-27451
-27951
-28420
-28857
-29264
-29644
-29996
-30321
-30627
-30905
-31164
-31400
-31605
-31751
-31826
28138
27997
27741
27382
26968
26522
26047
25541
25000
24425
23820
23176
22501
21791
21052
20284
19492
18696
17926
17177
16415
15601
14703
13692
12535
11199
9649
7845
5750
3331
578
-2484
-5765
-9106
-12308
-15184
-17629
-19604
-21153
-22351
-23285
-24041
-24702
-25319
-25905
-26456
-26980
-27470
-27930
-28362
-28766
-29142
-29494
-29820
-30129
-30408
-30653
-30823
-30917
27133
26982
26713
26332
25900
25432
24940
24413
23861
23276
22659
22012
21339
20633
19899
19142
18372
17594
16846
16126
15397
14626
13783
12840
11770
10546
9138
7515
5646
3505
1077
-1619
-4524
-7524
-10456
-13175
-15563
-17570
-19196
-20487
-21510
-22343
-23067
-23741
-24376
-24981
-25550
-26090
-26600
-27075
-27526
-27947
-28345
-28716
-29065
-29389
-29664
-29861
-29973
26169
26014
25729
25341
24888
24410
23903
23372
22811
22223
21609
20967
20295
19600
18889
18149
17395
16643
15921
15228
14532
13798
13003
12120
11124
9996
8708
7236
5554
3638
1481
-914
-3502
-6194
-8873
-11411
-13703
-15685
-17346
-18698
-19794
-20693
-21478
-22205
-22890
-23539
-24152
-24733
-25282
-25802
-26291
-26754
-27188
-27600
-27989
-28350
-28661
-28883
-29005
25251
25092
24800
24404
23944
23459
22948
22413
21852
21270
20660
20026
19373
18694
17997
17284
16555
15830
15134
14468
13799
13101
12345
11511
10579
9530
8342
6992
5462
3734
1793
-351
-2670
-5098
-7540
-9889
-12058
-13987
-15638
-17022
-18164
-19117
-19953
-20726
-21455
-22144
-22793
-23412
-24000
-24553
-25079
-25577
-26047
-26495
-26915
-27313
-27652
-27900
-28035
24385
24221
23927
23519
23061
22576
22065
21533
20978
20401
19805
19186
18549
17892
17220
16532
15832
15136
14468
13826
13184
12512
11788
10996
10115
9128
8020
6770
5362
3786
2024
85
-2006
-4204
-6426
-8597
-10633
-12474
-14094
-15475
-16642
-17633
-18509
-19321
-20082
-20805
-21490
-22139
-22754
-23339
-23898
-24426
-24927
-25406
-25858
-26285
-26650
-26917
-27063
23570
23404
23114
22701
22243
21759
21253
20729
20182
19618
19034
18432
17816
17181
16536
15876
15210
14544
13903
13284
12661
12010
11311
10549
9707
8771
7725
6556
5249
3792
2180
413
-1488
-3480
-5509
-7503
-9398
-11148
-12704
-14070
-15239
-16249
-17152
-17988
-18782
-19532
-20241
-20917
-21560
-22172
-22757
-23308
-23838
-24342
-24820
-25272
-25666
-25950
-26104
22807
22640
22346
21940
21485
21004
20508
19989
19456
18904
18338
17754
17158
16548
15930
15302
14666
14033
13419
12817
12209
11571
10889
10148
9335
8437
7441
6337
5111
3756
2266
648
-1082
-2896
-4740
-6569
-8328
-9965
-11458
-12783
-13944
-14961
-15880
-16742
-17553
-18325
-19056
-19754
-20419
-21052
-21657
-22234
-22785
-23312
-23813
-24282
-24701
-25000
-25167
22090
21924
21634
21231
20782
20310
19819
19313
18791
18254
17705
17142
16567
15982
15389
14789
14186
13583
12991
12401
11800
11170
10497
9771
8978
8110
7155
6103
4946
3680
2299
813
-766
-2412
-4090
-5760
-7374
-8904
-10314
-11593
-12738
-13762
-14695
-15572
-16402
-17189
-17937
-18650
-19331
-19983
-20607
-21202
-21773
-22317
-22840
-23335
-23764
-24076
-24249
21419
21258
20967
20575
20132
19667
19186
18692
18182
17661
17128
16583
16029
15466
14897
14323
13746
13170
12594
12013
11414
10787
10123
9406
8631
7788
6868
5865
4770
3582
2303
933
-509
-2004
-3530
-5047
-6529
-7946
-9277
-10504
-11624
-12651
-13596
-14485
-15325
-16122
-16884
-17609
-18303
-18969
-19606
-20217
-20803
-21363
-21902
-22413
-22860
-23182
-23363
20796
20634
20351
19965
19526
19071
18601
18118
17623
17117
16598
16072
15537
14994
14445
13894
13338
12777
12213
11638
11045
10424
9765
9062
8304
7487
6602
5642
4607
3493
2301
1037
-283
-1653
-3041
-4431
-5793
-7112
-8360
-9533
-10624
-11637
-12588
-13478
-14323
-15129
-15893
-16631
-17334
-18009
-18658
-19281
-19878
-20454
-21005
-21524
-21991
-22322
-22507
20211
20053
19773
19391
18962
18518
18057
17588
17106
16613
16112
15601
15083
14557
14026
13490
12951
12404
11850
11283
10694
10079
9430
8740
8002
7208
6357
5443
4462
3415
2304
1133
-86
-1341
-2616
-3894
-5153
-6380
-7554
-8673
-9729
-10724
-11662
-12549
-13396
-14201
-14972
-15712
-16421
-17106
-17762
-18394
-18999
-19587
-20147
-20683
-21153
-21495
-21687
19666
19509
19237
18862
18441
18004
17556
17095
16627
16147
15660
15164
14661
14151
13636
13114
12585
12050
11503
10943
10362
9755
9117
8441
7723
6955
6137
5264
4333
3348
2308
1220
91
-1069
-2245
-3428
-4597
-5741
-6853
-7915
-8934
-9903
-10822
-11702
-12539
-13343
-14114
-14855
-15568
-16255
-16916
-17553
-18169
-18764
-19334
-19883
-20358
-20706
-20903
19159
19003
18733
18366
17953
17527
17086
16639
16182
15714
15239
14756
14266
13770
13267
12758
12239
11712
11175
10621
10048
9450
8824
8163
7464
6723
5936
5104
4221
3292
2317
1299
249
-826
-1917
-3016
-4107
-5181
-6227
-7242
-8220
-9158
-10058
-10921
-11750
-12547
-13315
-14056
-14768
-15457
-16121
-16764
-17384
-17983
-18560
-19105
-19596
-19954
-20154
18686
18531
18266
17904
17499
17080
16652
16212
15765
15310
14847
14376
13897
13412
12920
12421
11911
11393
10863
10316
9752
9163
8550
7905
7226
6511
5754
4958
4120
3242
2325
1373
391
-610
-1629
-2653
-3674
-4683
-5674
-6641
-7578
-8486
-9363
-10209
-11025
-11813
-12574
-13311
-14023
-14710
-15377
-16022
-16643
-17246
-17829
-18385
-18880
-19239
-19448
18247
18092
17827
17467
17073
16665
16243
15815
15377
14933
14480
14018
13550
13075
12593
12102
11601
11091
10568
10030
9475
8896
8294
7666
7006
6315
5590
4828
4030
3199
2335
1441
521
-417
-1369
-2330
-3287
-4241
-5179
-6101
-7000
-7878
-8729
-9557
-10357
-11138
-11891
-12621
-13328
-14016
-14680
-15324
-15948
-16552
-17138
-17700
-18197
-18569
-18783
17850
17689
17425
17067
16681
16275
15866
15445
15016
14581
14140
13688
13228
12763
12285
11804
11312
10810
10291
9762
9212
8648
8058
7446
6803
6137
5438
4710
3951
3162
2345
1502
640
-242
-1139
-2043
-2943
-3843
-4736
-5620
-6486
-7333
-8154
-8964
-9753
-10519
-11265
-11990
-12689
-13369
-14040
-14683
-15304
-15910
-16499
-17055
-17569
-17947
-18176
17507
17338
17066
16722
16342
15948
15545
15133
14709
14282
13845
13401
12949
12490
12021
11546
11057
10562
10051
9529
8989
8433
7856
7256
6633
5985
5310
4612
3884
3133
2356
1557
738
-96
-942
-1797
-2657
-3516
-4371
-5213
-6046
-6869
-7676
-8469
-9240
-9990
-10728
-11446
-12144
-12824
-13484
-14120
-14750
-15348
-15938
-16495
-17005
-17401
-17645
17235
17066
16798
16462
16094
15709
15311
14904
14490
14066
13635
13196
12749
12293
11830
11358
10876
10384
9879
9361
8827
8276
7708
7119
6509
5876
5221
4541
3839
3112
2364
1595
808
7
-806
-1628
-2455
-3283
-4109
-4931
-5744
-6546
-7336
-8113
-8874
-9619
-10349
-11060
-11756
-12432
-13088
-13729
-14351
-14951
-15533
-16083
-16579
-16975
-17223
17065
16896
16636
16313
15953
15575
15182
14778
14366
13946
13518
13082
12638
12186
11725
11255
10775
10286
9782
9267
8738
8190
7626
7044
6441
5817
5171
4503
3813
3100
2367
1615
847
62
-732
-1536
-2346
-3158
-3969
-4777
-5579
-6371
-7151
-7921
-8676
-9416
-10139
-10849
-11540
-12214
-12871
-13507
-14128
-14726
-15299
-15837
-16320
-16708
-16956
