-18935
-10073
-30506
12779
-17540
26122
-40949
-27030
37062
-39244
-34147
-4133
12154
-32449
19644
12076
-25181
979
-32090
29448
9916
37809
-30616
19921
3123
-39208
28490
-7491
-3522
839
-28832
35763
-20045
31862
13986
-6596
-34822
33596
2575
-27490
23467
-35422
-29764
10290
41175
35824
-32685
-26987
-20872
-24992
-8710
-11237
-34098
14766
-20202
4932
39020
-40393
29766
13744
-12194
15597
-29881
-42017
4080
39817
19363
39874
23296
21589
-22490
19698
-22193
-871
32352
20585
-31159
22824
-10393
35993
-30097
26198
9074
32675
-18278
9469
21818
31175
-791
-34007
12107
6953
7456
-33638
-12774
33947
20920
19153
-12516
-5256
-27130
-35460
41136
-10622
11490
4465
-8232
-7411
-35240
-8369
-40035
20313
23179
-1213
5393
5833
333
26347
-15480
38205
7164
26177
-39989
3338
-31123
-8232
18576
10430
20754
-6625
-39930
-5598
-1123
31232
1200
-24090
14291
4956
-20414
32724
-41662
-36285
-28809
7472
14707
7394
-32250
20350
-24452
-3424
-24953
-14294
33360
4672
28305
-12661
-22124
-9779
9067
19528
-28880
-33427
-22176
26193
-19936
-26804
-30761
38863
33893
-21789
26765
-35099
-33396
-17815
20377
-39686
-36917
12385
27561
39835
2516
-36503
-999
33283
-39771
-31517
12681
-29481
13410
-12907
-2519
28837
5266
38741
-26260
3800
-22661
-16001
15326
-5993
11737
2631
6057
1761
19842
-28842
38174
9036
-14108
2977
12222
15903
39370
-16825
20489
-2949
9390
1300
35551
38481
15517
10652
31699
-16500
-35408
27987
-40904
37572
25151
-38484
-39839
37534
8522
32711
23420
-6748
26105
21918
4356
20147
-35985
6931
27016
-41244
4470
-5912
-14947
28759
7232
23266
18658
23264
-14732
35708
5803
34334
-28522
-10904
8108
32809
21303
-41932
-10635
13196
19847
26191
21221
18673
501
18325
-5102
-33981
-4013
3218
-28698
-40357
-19923
-32075
10259
-1256
26041
-31529
-3206
-15676
-34276
35527
-2946
-1525
-7181
29495
-32964
3296
-16628
-14669
41084
29406
18977
-35326
19192
-20800
-32831
-16415
27185
5985
31630
15361
34962
-15907
-35894
25263
-13708
-4519
16158
-3390
31085
12777
-32624
-21491
-24143
29526
-16843
-20436
-41826
19665
-26064
12215
32616
-49
33962
-29810
34541
35860
33471
1535
-6422
-7256
15099
41426
-29681
34832
19037
40854
-29662
-16825
9277
-15352
-14181
-38354
35406
-32721
16582
30362
38359
-7835
-38194
-18740
38178
24251
-34826
1332
-11063
-32214
35303
-6720
-10099
-40609
-7460
-27727
12426
15081
-12695
-24136
2688
7069
14027
17835
5684
-25127
-29450
-71
1272
22250
9839
-33103
3720
22838
23887
30215
1398
8955
-40983
26897
-33013
33528
-19309
-29548
41026
10195
17774
41342
10360
16046
-2607
-34806
-10751
-27864
-1348
-3578
37435
-6405
-27328
2053
19580
-8693
-36867
31894
-4618
-10812
21612
16563
11017
-6948
20529
-25261
-12141
-21621
11598
-14844
3759
36149
-28734
18892
24627
-19753
10685
-7485
-15827
34089
-22433
-25707
24199
-23660
-21769
-3198
-19982
-10577
6162
-37443
-2786
21825
-21810
-30821
24262
-2719
-18243
6244
30399
-8247
18391
-4155
-21670
12856
-38895
19009
34592
15194
32010
-27935
-16853
-29469
31442
5550
11961
8035
-1847
35209
-20030
15663
-39759
39896
26466
-14240
-26827
4273
11446
27982
-28838
18684
4540
-12362
28012
-12638
-29090
-22178
-17918
-7882
-4266
34874
4018
33590
30585
30026
32632
31997
8538
-8098
-23750
-40690
-28849
4498
40467
-32592
-35029
-1910
601
-37026
20170
-11059
-36554
16620
-14393
23082
37377
2803
-25177
-6080
-26229
-13696
6523
4408
31809
31990
-38956
19028
35659
6843
-25294
16880
31604
-17687
-11216
-11389
-5068
-28771
-14069
719
4365
19593
83
-11432
37655
248
14913
31038
31508
-9625
-24010
21812
16512
-18324
34438
-27988
35652
-32856
-22550
-6591
-22921
11922
35144
-32084
32322
-859
18426
38170
26512
16209
40069
40218
-19474
-7784
-8060
27667
-14625
26431
-38415
-27818
-34628
13786
-30859
742
373
36874
27834
6946
-7051
4031
-27396
-39416
8040
-21823
37409
-11506
-4975
39100
1506
1770
-42041
32050
-37330
-6302
39631
-2308
-10047
-9201
5061
-37328
8122
-41076
-25742
25337
-21366
-20038
30733
39416
19154
40419
29534
-40673
32065
20764
-16162
37504
41143
-30416
-2245
25728
26342
30771
-35629
-1014
-35212
-29768
8679
-35585
8660
-7226
14604
10950
30457
687
1847
32927
-29890
-17456
10730
-17284
-27291
-31946
21807
33970
-24285
-40662
37837
29956
-40253
-8050
19578
19770
-4384
14459
15667
-41181
-24682
-16511
-2248
-3995
-36340
36007
27794
-16220
40015
9803
-27851
-15086
-1345
24951
-5138
17885
35268
-28064
-14935
-5105
26086
-30677
17033
-15526
-33017
1655
8593
-17230
-7568
25562
40109
5853
32760
11270
-25355
-6457
26075
14016
-14054
-11460
-37360
-32106
98
13572
-26259
14283
2946
-4587
26710
-14259
-19082
-13521
-7458
29642
-13053
-415
-22729
-39938
27539
5114
-1175
-38921
-21879
-23165
1174
-26307
27146
1496
-18559
11214
11172
36422
3850
1261
-7794
37933
20264
5099
4822
1343
-22956
5082
-17387
9727
-8544
21305
-20371
-39602
-27662
-14258
-1625
4596
-12943
-18314
-16062
24621
29644
-30998
11299
34447
17674
-18934
36838
-38787
18653
-19930
-24440
-39527
18604
12957
-14309
-2254
3393
31773
-22213
-28271
-30055
36264
-31527
-12839
-25369
-25597
36678
-26687
4072
-16260
-32569
-22105
-27986
-17428
1896
11204
16480
-8739
-6176
41056
-2430
39710
13289
-20820
16842
-905
-14653
41546
-32317
4847
-2181
27384
23002
-22883
6929
-24153
8933
6813
-18062
20097
-24725
20896
-18092
-16067
-17140
-29075
268
-28039
-24439
14122
30526
28753
36301
-32936
18679
-13728
23178
-13166
36818
22895
-38615
-37458
-39343
38362
-3402
-22811
-7608
14366
-24658
-39116
-12043
-23248
-15153
38059
-2006
2546
-19313
-39642
-3172
10581
-33940
5566
37920
-26505
-33226
36017
8455
37553
753
27341
481
33474
-34825
35952
5283
-4839
100
35749
-9279
-18139
38439
39298
-21813
-16109
-2879
18068
-18346
-9950
-1649
11718
-32761
35581
-42009
14437
21388
-29845
-7966
-31594
-2252
-10484
-35363
-12743
-12395
-33399
-17121
-15788
31509
24205
535
-30853
-7009
-26406
-24793
39762
-26467
-14323
-4293
-4410
26422
20769
-36476
-460
26683
-1515
31363
39277
-28511
21106
26170
-32306
37685
-2045
-25447
3863
-34812
40724
-32195
35160
11767
-32991
-9598
-19780
-21048
22172
1694
-32213
13203
-31647
7595
15583
-7489
-23337
28551
-34997
-9404
9919
-18107
-15047
-27148
-24052
7051
-38248
-35474
28677
-13786
3062
340
10654
-8227
-39006
-21382
-19150
1550
-14618
-13207
22022
-26882
-8372
29488
-38091
-35727
-34793
-35598
-2261
36714
-34653
4776
35723
3833
-21284
-35882
-33764
36026
12567
-39172
-5191
-15179
1035
9739
5687
-26920
-16474
14184
10811
17000
-40286
34134
-20500
29550
-7794
39645
-24315
-31660
-39796
-8462
6054
30166
7827
13694
11819
-32324
37346
6742
37772
-13190
-17024
28446
21404
-22900
16665
41736
14469
-30377
9053
-18435
-12394
-18962
20452
11570
-6154
13813
-27534
-18496
16806
-31166
36370
-26378
18280
3087
-31166
-28578
-34375
4862
6713
33198
3427
34833
17466
-25541
26426
38432
-40520
18550
10874
-11408
36749
-12823
-24366
-39726
-9047
31964
-6752
-29806
35823
31787
-37997
-8078
-18130
-32068
-28555
-25005
16991
10451
-20963
-15381
-41289
-25947
22333
-11197
9829
17041
-24704
-35532
-10965
-2838
-36672
23302
19036
18111
-31956
-7189
-27548
9370
-4097
-16992
17874
-4085
28469
-14785
-33428
3148
37165
35174
-17151
-29444
-35076
-23034
-37681
-13450
-28933
34271
37245
-398
27970
-41061
37622
-31630
8320
6672
-9933
-27591
12765
10563
-33292
9167
7437
30960
21974
24044
17938
-34458
-2809
-16728
-27424
21899
10011
-29140
-40366
-3329
3382
38431
-29725
-28362
5158
-20786
9109
-9833
-20608
-1752
38686
-20459
-28165
30769
-29808
28917
28534
31270
-5847
-17246
-23203
19445
-1642
-31430
29790
35750
25439
27914
-9489
2098
13867
39920
-1411
-3798
24407
28395
33708
13692
19905
4881
-29534
22715
14630
10922
-22558
-5043
13046
7538
-19304
-14056
-37925
9919
-16609
-12556
30533
6342
5800
11106
-39343
-32923
12900
36761
-35853
31597
-7805
-4486
26625
11312
22424
-16188
28006
7823
37414
219
23444
-13613
-26211
21007
40245
8125
-10248
-930
-39830
-25709
-25247
-6585
-3180
6253
-36392
-39314
-31824
25091
9976
36639
-30217
-12739
2410
-29523
37947
-13900
-30982
-15328
-35042
13486
7968
31432
-9171
-4924
-17647
6604
-24656
-24438
501
11768
-1043
-8988
2472
14418
-12907
-40070
14265
12369
-8972
-14159
-26100
31878
40917
12553
-28872
-10603
8495
-5539
-6237
31276
14678
-23886
-7295
-9568
34395
31487
-32569
-40421
37942
-26645
24139
-36262
31309
16696
-24130
-3811
25528
-20129
30937
35487
32342
-18802
-5536
38133
7647
-16312
6118
39618
42498
-22125
40898
-1019
40916
22140
39421
28971
-26989
-21586
19363
13226
38998
-11621
-32684
-24665
27227
-40304
-20365
38206
-37428
-15068
4095
29520
12387
-32107
23828
-2587
8215
-33304
21218
-14631
-38125
14324
25769
-17796
22758
-14600
-27730
-1222
-9815
35105
-17923
-18651
-19739
-31164
-19292
-5615
29179
-37262
11868
15304
35521
15535
36137
-20232
-28156
-1876
-20899
36972
-12410
33074
27320
21652
36867
-22072
21540
10470
35417
-27973
40129
-36106
-6305
-14704
-3272
-17018
20511
31512
40076
4614
-28272
14925
6299
-5107
-39675
7769
36795
-30577
11016
-8986
14445
-39755
-11711
37067
24475
-36416
37866
5176
34561
-23949
40964
-9970
-35490
-32374
-18785
8914
24374
14251
42587
-10940
-38420
-29263
16580
-14922
35138
20672
36592
8998
39832
-25857
-34579
-35470
29086
21791
-11137
37879
-29280
-23458
-32118
27596
17911
-11986
14407
26206
2389
-40144
-35763
-13151
39581
-3713
2973
-3928
-40672
-3170
9003
7141
-32568
-23897
22922
-26738
8114
39627
-1279
-41458
5329
12368
-28423
-38834
26670
16255
507
-4172
-27745
-8028
13729
9536
-38675
-39480
-30488
-15091
24456
-29615
34733
-30575
-1125
-22872
40529
-28737
-16132
7416
-33939
9456
44507
-31287
13461
40928
27273
17200
1422
-33270
-42869
26840
3157
18713
4287
29017
29601
-16229
15141
-17301
-39372
-32995
23115
380
2377
-18691
-26021
-26861
37092
5231
-37942
13887
-32488
-32853
36208
41313
33232
23282
-7040
31432
-5267
19198
40593
34064
38781
36687
26810
-11462
16225
5808
2422
-17708
-3161
-9512
38849
45164
-27578
41969
-4469
31347
-5247
40439
1026
31523
37124
9955
13741
-34160
-20593
-1030
24150
4741
1480
-4936
-40060
787
-28190
17240
-30004
-19451
5970
-39010
28064
4076
-23452
34990
37226
3827
10975
-15499
-39968
23324
6499
7598
-38252
-8606
26664
8658
36728
-25954
28335
-6863
-34805
-16596
-5629
21719
-9651
39495
11967
17897
8362
-1349
-5527
45431
-24222
-3927
32851
44419
14441
-14650
41554
30789
-32423
-23736
12762
35329
-2063
-24464
29428
-3367
10438
20266
30725
7398
973
38175
34359
22734
-19083
18699
12076
-11202
-19185
7389
-10864
-26244
24779
15556
-35695
-34278
8814
33895
-6581
22992
26723
-5021
-33069
27332
17280
-2741
-12666
4195
18513
37743
-8350
7646
22119
-18238
5028
5094
-33832
-7529
-15856
-4744
34339
-15733
4733
38664
13860
7408
17943
-22537
30170
-27645
-30923
28607
-6832
-1068
28899
2554
20095
-8969
12562
22837
24677
3219
-8514
25026
-21027
-11603
12417
-5764
16899
-10917
3918
8430
-25149
620
-8900
33800
14787
36707
-5785
-1623
11221
-20665
-188
35970
9699
-23876
-13763
11995
22807
952
21705
17896
39962
-2217
19162
-26463
-5958
41434
9700
-8702
15970
-6269
6442
10752
44950
10653
49696
43057
-23127
37937
-35314
-20452
22330
-38192
14066
-27805
14656
33534
-10727
-24242
-8098
10853
7889
25838
-22485
-30363
32340
7669
40507
2231
-13795
-39838
-26333
-7122
-9668
-8549
-19455
36154
-35985
36173
31938
19067
-19614
-20753
13263
38504
24146
-38974
-9996
31388
-33557
37982
36275
23267
15867
-10561
5283
-28442
45767
-904
-32790
-11378
-6139
-25754
30405
38986
-3815
-13809
-18409
-5512
33889
-20374
15607
-5589
-11475
-14194
-22754
31875
7541
-17724
33077
-17188
-25781
-19760
37459
16183
34658
-26392
-21417
-10388
10677
-18996
-25691
23296
27356
8470
-19434
11914
-22552
-3040
-31686
38042
-34236
9620
-23810
-19190
-30053
-38315
-33051
39184
29363
-9880
-38042
-11335
4637
4440
16623
1407
8373
42702
-750
37875
21129
-17022
-2352
-6578
23622
5718
-24265
-20825
32275
-3
9273
-19410
-38401
37677
-20023
-20027
-41116
-21968
18441
15646
-20849
-40772
-25416
2479
8865
39992
-15062
35984
-2916
-14221
-31181
12678
38745
-26736
36587
-22433
7638
-38413
-12968
-37145
33289
-63
-5599
-32091
38679
41247
-34199
-17083
8688
3221
36873
18958
35797
15314
13395
-2666
20177
-11047
-876
-21175
41494
1263
-18627
-35051
31333
-39709
-25492
-9407
-30184
26162
-38487
2327
-19794
5487
-25488
36389
-36174
-18353
39675
-18661
-9388
-39783
6621
-11773
12582
-35301
6064
31982
13349
2750
-27332
17096
33938
-11815
-23619
-22878
26726
28668
-38767
3191
-3693
-17820
23015
-22650
-21972
-24796
-6780
20457
36057
-3240
-26583
39657
-42366
19302
-31706
-12679
2989
13488
-39725
-12494
-13047
7777
-17840
-25180
29326
-24239
-1202
-2297
-6131
33125
-32143
34191
-22264
-3872
-4186
10261
11151
26125
25128
-5111
-19264
-13882
-8919
1039
31281
-11702
-17477
-40819
4813
-1673
-8146
-18943
-10663
9567
2097
-4814
34114
7221
-14455
-35498
5253
28890
28542
-40520
8395
3050
-21785
-1989
-12387
-8952
-22820
8873
285
-31136
15097
-38536
-34150
-40494
-4233
27447
-42210
20387
1651
-9036
34528
6372
5038
-2931
33158
-23234
5292
-42446
-14066
-16551
397
25033
-37630
-20334
-28585
-36140
22376
-2700
24248
-23478
-22543
-5694
32744
-16694
-3466
-37962
-6433
37191
35913
33938
38348
1222
33625
5782
12132
35799
20172
-13263
193
-5503
-40664
-21282
-31161
-37732
-43763
1070
-14085
-40878
-10626
-20876
-37451
-3228
-28121
26324
23363
11709
-37918
35531
-4315
13579
-9591
-8258
27523
-23209
-14216
-24095
-30689
35781
-28008
-1171
17571
-1661
13870
2377
21465
-1318
27668
-11533
-17315
4642
24910
15632
-384
-25269
16618
-23244
-5637
23655
-16939
23919
-25947
-23633
9862
35643
-34597
-9645
10132
10560
-36836
-3965
-107
18313
-40831
15697
15033
-18976
1190
-40055
28500
20639
-37456
13149
-12231
-21708
4101
-11429
27302
24523
-21010
-39747
-39693
-33091
13305
-27980
-4339
12395
-16780
35560
-26943
-34530
-19761
-504
34424
-25161
-2800
-22368
-39850
36989
-20471
-21079
-11220
-33424
-34810
-10613
-29416
-17348
26678
-413
25429
23411
-30938
2401
-15206
-40525
-7270
33503
4485
3674
-25327
-28780
-2272
-8493
13174
21292
29423
-3711
8635
26467
-48008
-24694
-3882
22936
10410
1952
-16471
-9185
22529
36372
-25132
-24976
32539
26400
16961
-11708
39832
12429
-20110
22624
28180
23182
-9371
36737
33123
-12616
9833
-7039
14534
30612
11954
-14329
37701
-1898
35253
-26147
17458
-3019
-29141
38607
-14463
-11474
14147
27069
-21849
-42815
11697
12132
36228
6883
6350
-15346
9231
-28521
29975
-32482
22373
-41656
-12021
30589
-36660
33380
-4515
21357
-6732
5218
-8900
25751
-7951
9218
16069
12263
27689
-11829
8406
25285
34466
-2529
39946
-10745
-32751
21859
15799
25673
-31587
-30234
-39728
-26287
-17809
10834
-23449
-23795
25889
5521
20832
-15101
-10975
21957
32151
-30728
10053
-17482
-12644
-11988
19078
26123
9026
2850
9563
2510
-43953
20467
4239
-36461
18090
-9165
29674
8468
-129
15847
814
-1663
34651
24246
22967
-22827
19877
25658
21713
-23482
18932
-34060
28025
-10859
2944
1317
20917
-7019
-7121
-18949
1325
25554
-28771
-11996
-36340
960
-36623
8784
7609
-7031
-28469
19937
8125
-22723
-5611
-13497
-38184
-25008
5962
-15334
-11452
6726
38039
-33748
17826
6930
-33949
9332
-1702
-28547
-36623
1611
-37830
24571
21116
20842
-35060
-18434
7164
-11477
-1282
28985
-13368
23738
5078
24360
-12303
-38560
-25345
3444
-5535
-21815
4833
-3919
-41388
37553
25557
-17121
39012
9744
-13342
-6542
32517
25651
31259
-25663
-13380
5686
16897
-31162
8137
-28425
6809
-23766
10439
2216
-30382
18327
-4321
35974
7536
1267
20797
16885
545
25130
-29573
-40041
-5805
10123
-40565
-28408
36464
-27031
5136
22509
-30615
4242
14052
-33448
-1456
1133
-5303
-20946
-35942
16244
16730
-36196
21116
10225
36499
38977
40252
31758
-30359
-35073
5225
25237
-39171
-14731
-4572
-11554
-38151
37450
1964
-19922
36865
-4451
13545
30170
-1209
-35300
-11568
7321
12125
23142
-8281
26815
-34701
-10417
-38046
-37475
11871
-20951
-35759
-28048
-24207
-809
-39021
-32556
-23571
-10367
15544
-36366
-23804
15192
14933
-17909
-14141
4118
23592
24027
-11665
-18248
-37070
37180
-27681
29815
-14732
15375
34973
-38670
8594
-33782
39098
30936
30222
20886
31862
13203
-36878
-37948
14384
20029
-11885
-33505
8448
-35801
16512
33897
29112
-8617
-37387
26018
-2426
3087
18719
24423
20915
5979
-29231
9145
18528
18566
-7912
-8006
-27016
-38915
26336
-7498
-37101
-16292
-5709
-29345
-7567
-18053
30974
-2837
-26234
-39257
17407
24218
25345
-21780
-10250
-26278
18464
25565
-8557
-25100
-33021
-34869
11361
-23492
-40089
-9402
-11161
33167
14397
33259
-40276
-38722
11335
-29229
27156
5249
-21061
9251
-7581
16007
35290
-24574
9951
-9593
15064
10451
-27060
-32845
35956
-8169
-35151
-28737
-2272
37098
12032
-19898
7066
34865
6627
-15334
16675
-32347
4566
-40355
33750
-41017
-12696
29213
15823
-21441
-39214
15495
-2369
16783
23593
-11789
41073
-33593
28744
-40517
22180
-27438
-8123
36557
-10310
10145
-28687
8282
18890
1673
-37246
5609
7438
-36958
-27962
27039
5543
-28109
-30414
23178
-15590
19235
-235
18426
18543
-31183
-34886
15018
28032
-30001
-8484
10338
6426
-20535
-3773
22372
19486
-4787
32100
-21736
-23452
-29297
35686
-10477
26850
-632
-15211
-27343
1265
-39036
26038
-27634
-8325
22174
31161
-13913
-38347
6463
10524
-32652
-5106
16477
-25040
22500
15269
336
-25753
2122
39546
5370
28714
5038
-5045
-23467
33096
-22237
-26129
-3096
31783
27446
-16711
13738
32127
5248
-10474
17900
25321
16483
-17528
-26957
28195
-33804
-8627
31457
22010
33745
7526
32700
-28173
-12748
36031
25416
5851
-7600
-21322
42733
-8334
-31592
39859
-38588
-9454
-36454
25467
-8763
-36999
-2141
33095
-25726
-31344
25684
-17836
18129
-13029
2726
-34933
-11584
-29749
13149
-7004
17217
-2113
-22831
25054
274
9709
-38780
25126
20146
17876
-4424
-4459
17043
-23413
38267
-34095
-39698
3935
-34985
-29250
6478
25907
-38355
-4679
-23309
5189
4516
-37617
14118
34175
-17870
-19980
13356
-4957
38414
20246
-21911
-22962
22791
9448
31337
-8257
18899
34419
22932
40488
-16747
-8106
34326
37850
1587
32332
-21984
11020
-24601
25074
3974
-3011
-16313
15636
13066
37910
-8680
-38522
-20592
15340
19838
34446
-2829
-3120
9112
-39472
14472
-18699
18356
-39708
-9112
-6775
39520
-2517
-30929
2827
-18280
-37892
1937
-36578
-19416
-28672
-34868
-20858
26386
33816
-19074
-15367
26305
-39214
-25140
-13037
11099
-3905
-38106
19880
18524
22957
39587
-23585
-7997
3124
39521
-32100
20862
-9833
-5279
-37948
-19081
10336
21885
15837
-7315
270
36291
-19263
5685
7459
-32629
-21070
9560
-24062
-9460
15681
-36521
33927
9643
-29430
30969
31222
35409
-17801
-20263
35700
32302
-17494
29549
28343
31716
-22952
-17786
-8697
12265
-26104
27079
-14572
16527
-39047
31412
35001
13293
3463
32789
21032
21340
33097
-3865
-27009
30958
3048
9242
-34078
34344
26439
-35911
-25693
1685
-31725
-18147
20195
14929
14426
24959
2447
-13328
-9984
-4997
-940
-17555
-12093
-33107
13497
-20591
-224
18281
34114
-11932
-32060
10953
18050
5064
-11361
-34526
-15747
38577
-4471
-34530
-40837
-29591
-37293
-34518
26731
-17169
-35949
-7500
2312
-12009
11917
39952
-1455
-13124
-29990
37278
-10175
-27534
36764
21437
-35948
-29335
-24739
32692
-35517
20787
-24391
-38635
7863
-4198
11486
-4561
13400
-18072
32405
-13189
-10892
-10245
28883
21599
-26595
15768
6367
8091
-1745
-31119
-41336
23211
-17951
-23126
30142
-9633
-29548
28427
12858
-6514
-11693
-38651
-33164
36076
22857
31807
-8496
-4778
-28346
39886
-11370
-33650
-37804
12118
11827
10531
-8574
26268
-31389
21353
8173
-657
-25144
-31163
-20065
-18877
14130
-136
17603
-12288
-22835
38093
-6386
1268
24493
25391
-35309
41603
2602
-33260
11218
-29961
36614
-16843
18155
-705
5254
7862
4492
28360
5635
211
12367
-24642
36205
-5696
30836
-17935
5783
-36837
4430
-29621
10162
6994
-39273
1207
-4554
16184
-40330
-1837
-35182
-26357
41990
-30401
-1231
9427
4828
-5718
3300
-37740
25270
-31945
-8082
39860
14507
-12056
6186
-3845
31004
-12200
-17189
1163
112
-28690
12533
-9476
37326
-12966
-738
9961
35922
22211
-14349
-26312
-32983
7246
-32856
-17823
-36153
27491
-12318
3367
18940
22413
-35346
839
-22313
668
5337
265
-11989
-39207
6880
-30420
-1428
-25870
21443
-9607
-12967
-10883
-4286
17837
-15715
1105
5059
-31476
-10281
-17721
38771
37166
-19174
-30693
10201
-10241
40409
-34469
25973
3120
22870
-10997
36666
-38553
-12924
8322
-715
-11702
-6396
-15744
14806
39514
25991
28955
-1389
28376
-35650
9702
12916
-14428
8569
27828
16747
17009
-41323
36930
-18047
2018
-35573
23170
-35426
4632
-14778
38124
14118
-6657
38012
-9564
-6493
-11714
-23814
1350
-9343
-37001
-23049
28399
17585
-34126
16975
3297
40355
22741
-35947
8528
-25987
6002
-31026
19555
-16650
40284
-36987
-33726
19146
38543
250
-2103
-21142
-13374
19729
-12606
15344
20997
40960
7818
-37781
-6502
38813
30727
15141
14557
-28579
-20975
18176
37396
3542
-35045
11432
-10323
26614
-7090
-14122
-23217
-21903
-12181
-12551
-26721
38041
35567
15632
4123
-20476
-8889
-11436
-26739
-3652
7618
9648
-13883
38580
36583
13413
12173
29886
34995
-16568
-35934
40751
2163
-31480
-23800
20338
-500
-11099
40271
-26842
-12024
30987
13132
-22263
11395
23586
33344
-23137
-27156
1107
16221
20315
-18531
4356
-18721
11620
11770
2814
16452
17177
169
29828
-3847
6309
41197
-15874
-21315
11546
-1156
16861
35007
-12078
34917
28744
-15436
-9030
41726
-3649
-17928
32318
-4160
-22744
-3025
-9628
-31629
-34672
15498
9968
-18915
-38647
9952
-4070
-14383
5117
-39484
40377
-30998
21570
-4633
-1238
18452
-23802
9239
-28391
16439
19232
28495
25379
-21663
35396
-22665
19058
17159
24201
-22277
-31179
18771
-1935
-11208
38090
38970
12237
37508
-33997
14532
30218
21530
-28612
19928
24474
30301
15945
-11312
21979
34067
9156
-8971
41384
23160
18724
8177
-8717
-23680
20617
35573
-27504
-31280
40817
21501
25306
-15480
34035
-21067
41039
-12756
23694
17723
-28365
-26311
1397
-36074
8760
10310
-13025
-24690
-3972
357
30695
6423
-364
4294
38169
35490
-34387
-8811
420
22280
3125
14535
-27526
31156
30812
-4538
-5622
35787
10264
-6867
7150
-19201
-2470
-3231
8981
-28436
-8243
36323
-14722
26594
-1670
8536
-21281
-35012
-3421
-31033
29925
-17591
31626
-20362
32933
-32798
-30058
-36158
38289
35390
-32344
-36056
-8714
-17380
-2981
36186
20864
18794
30554
-34412
