-23222
3379
-7827
5626
-40977
-29719
-33447
14023
13143
-28947
-35159
20428
-1427
26721
32721
-29789
29811
19421
14078
34973
20984
8054
28104
2663
-12492
-26792
-24735
36179
-24643
33504
-35983
36274
-29974
-9543
-27392
-29877
-4885
-24961
-32828
11362
819
6743
39157
22361
-35266
33284
-1732
25056
24793
3426
17899
-26863
18999
-19665
-39046
39699
39724
17682
-10878
34373
24988
-29980
33680
-1542
38736
25512
-13880
9002
4010
-2363
9581
13050
-3690
31989
18473
-30057
18561
29884
-33712
13293
24946
-32568
-33902
-38299
-34805
32321
19893
32641
19653
-39177
-37938
-25417
-31327
-11946
-37583
-6571
30078
-6271
-8845
-19606
-24300
-17297
-5151
-5603
20634
-14006
24090
23195
11839
1298
-19979
-11943
40289
13427
-13477
41699
-20603
-30743
6778
15761
-10315
23439
-17931
-18653
-29226
4926
25119
-42060
-35928
-42976
25997
-9360
6167
-10136
-37673
-11607
4381
-26215
-31675
12553
19708
-19708
-17901
846
13633
9518
-9708
-17775
-20709
9827
-4416
-3352
13935
25919
-22940
32965
6316
-1777
-41236
12013
20214
-27767
20028
11762
-25831
35015
-13856
21703
-40617
20386
-9636
26976
-9250
-10000
30005
-31666
-9630
-6854
26123
12723
21773
2214
27901
-33433
27324
9330
-21749
21749
18233
3379
2518
-14384
733
27131
5747
7001
19955
-9969
6778
-22503
7630
-27702
5745
-23258
30750
-12585
5768
-24113
30430
-14377
39318
-39752
-28128
-27128
9777
-28820
30101
40205
-33179
37159
-36519
-21003
35960
-23226
38284
-40197
-12386
-24805
9870
35428
-34409
24871
41390
-12207
-34634
36774
-6748
25558
-4508
-14916
6624
33805
-3358
-18399
-33143
34937
-41022
-31762
-10762
9611
11615
-36493
33523
-41829
17504
14637
-34937
-26350
-25825
-36316
-16910
404
-6463
36358
-22214
-39715
2053
-36091
-30795
-42641
27970
40033
-25925
-1595
18935
-39761
-14217
-38329
-2310
-8018
32584
-31343
-34354
35588
-14284
-13788
-4183
11579
-32739
35840
-18410
20388
-36004
15004
-39016
37757
-34871
32804
-36787
6302
-23725
23939
-8740
10603
-17802
37489
26598
23462
26216
30107
-7517
-24044
-35259
-4262
-28919
-40899
-9647
30029
-11104
-36277
24004
-17010
-38621
9338
-12720
13865
-2886
-11181
-22000
5906
35053
30328
-13589
5901
38379
28546
4354
39916
-10297
-5102
28246
31433
16202
-896
-4876
11619
-19989
11937
9615
6374
-11524
39438
-15223
14468
26719
-34388
32792
-25301
10828
16785
-5744
-39225
21488
8882
39004
11181
20730
-15421
-16112
-5347
28435
-25676
-12159
34013
-1580
8691
15086
-38797
-26295
24217
11084
9968
-38583
38667
-971
-11206
-6411
-15993
27531
25770
33713
-30738
33899
35342
32544
36650
-15719
36961
14515
-2389
-13952
-7679
26225
-18561
18226
32034
-9106
-15689
19525
17406
-17289
-7680
-40438
1318
34559
-42976
-25671
-27673
-26830
-22937
-842
847
-15163
19483
-29372
11031
-33434
24912
35341
-15282
-39155
-38519
-29350
-28243
7602
-15674
9104
30302
-40038
16114
-9973
-11114
19325
22946
-25632
24646
-42418
1594
13079
2353
-5446
-13291
22805
-28439
-29656
-24259
-13360
-6801
25363
40605
-10548
18007
-29535
-7626
-738
22024
32788
-12094
-33538
39420
20665
36877
-18913
-27487
-22446
-33842
-413
23370
13523
14306
-30918
29908
17211
-9082
27228
-26588
15527
10943
-6665
5500
19713
-12751
-21210
23402
28940
15861
10295
1335
4928
-434
-42690
-4120
-27176
5651
-4830
21628
-16560
32826
31719
28770
32999
-26597
-3602
12488
-15800
-35306
19024
34750
-29441
24072
399
32310
7161
17329
13007
367
-26746
24076
-30078
-29302
-27846
-14045
21601
-36468
10206
561
-33536
6381
-20276
-33366
35968
-1196
5543
8878
-15407
30404
26194
-37545
-13859
-40815
3113
8158
17946
-30620
-34375
9466
-37143
21348
-29300
-6907
-530
33152
39296
10108
24176
29943
-22914
32049
-34382
34279
506
3955
-32956
7823
-1782
24719
2780
-6576
3484
19648
1155
-15945
-15951
-35094
-12263
31268
21729
-36105
-35144
9669
-2544
-21906
-29644
730
25047
-17412
16990
-23318
34487
38302
-22543
13154
-10408
33110
26526
-29356
28567
-25446
10293
36761
-4372
-19079
8495
30285
9672
31267
-8373
-33014
-12503
13958
28928
-33671
30647
1847
-31410
-6760
37831
7708
-747
33977
38428
36775
-3345
-8011
5138
-25043
-21331
-21425
11755
-21391
38306
2562
-18343
-28412
3956
22723
-21054
37634
-1227
14243
25858
-3895
8802
1056
37778
2907
-27270
23400
10186
-30460
-6791
23137
-33825
-30849
1206
8385
-18263
-29455
26815
9
-10717
11172
27791
-12879
-21753
709
-42613
34332
-27553
-22220
38470
-17275
-22092
-40625
-22846
28835
15697
24493
16444
15129
33292
-33842
38453
27230
9538
-40594
2587
-27626
-19634
38683
19773
13234
-25800
-22454
21898
18060
29406
1739
-23029
31378
-34472
32558
-35496
-12828
-14809
-32246
27250
-12864
7043
-30863
25737
-38431
32787
33242
-37215
-12094
30265
-15193
-6854
-42202
14715
-28704
-4594
-22616
-36871
-19514
31642
26725
-9586
7451
-34103
27541
-2193
-10830
14779
27097
37476
39702
33035
33495
16619
23909
16938
24443
21251
-30233
33764
24727
-11068
-28641
31137
-30698
-31286
-21472
-36912
3620
-15339
-23170
7287
-9027
-14346
28460
33568
28879
23795
3998
-40873
35544
5706
-25398
840
8332
-7262
-11684
-9970
36334
28327
-41473
-38646
-20387
-4854
24924
31279
-36687
2011
10894
-37653
30872
12137
23887
-17184
-6037
-31673
36373
11345
23677
11063
-16193
-10445
41464
26351
-32310
24866
13956
-29449
6094
14672
5736
-36862
38706
-25553
4012
40431
-38553
-8102
1826
24378
-17482
32106
23057
-28475
-11651
-36334
13432
22382
4388
33178
19462
29120
19620
-23082
-27166
10310
37463
33625
-26062
15758
-19163
1509
21673
-34963
24178
13790
7828
-41422
-38348
8198
-30036
-21368
25758
-21606
33188
-28766
3070
-5160
-9855
25414
37707
9843
-35057
32820
40153
-10302
12203
-8543
-39008
13003
41219
29412
30292
21828
-425
6422
-23627
-28153
-8272
22379
8490
26936
-39646
39138
4951
-36026
-1943
10756
25921
-42301
-5039
-30450
-10508
9983
23297
15236
27140
-277
-27888
1783
-41181
-2897
36261
-41916
-10879
-27548
19706
25264
36330
-23557
-19406
17290
29541
38657
-39104
-30412
-11781
28291
7968
33305
-1621
-21587
20487
5011
32766
13109
38087
-36348
27106
34368
-35746
17963
2878
-31391
-4754
34124
29706
-4975
12072
3760
28214
28855
14328
32259
-19259
-39359
1215
-42854
31099
-33354
-279
-2478
37095
-37584
18592
-37756
-8161
18865
23230
34665
-10436
-21230
37387
-18260
14702
-18198
19673
-34484
-40996
7946
-13986
292
-785
21347
16804
-17390
-11960
41333
-17835
-29243
2899
-35885
-24278
-38904
-29856
-1094
-3259
40788
34337
-12608
40325
3049
-27029
-4232
-15782
-22649
16086
3380
-1178
-35781
37136
15714
-33920
-446
33231
-35939
-30519
9801
36376
-8937
-6797
13496
22073
-39855
-11800
-44062
12020
-24511
29513
-14114
-29711
4882
10090
36556
18251
29811
-31474
31503
-37123
24717
-39571
3100
3067
-4676
-39548
12669
11589
38524
6916
6645
7879
14538
5793
21869
-27542
-27244
20610
-36288
-8163
24774
12649
-11374
-22091
-14370
-13100
38798
2649
-32614
-29923
6431
-16190
30697
-35991
-9029
3062
22190
19591
-41783
7035
23420
-19341
-15035
-14612
-1243
-30491
-41225
-27
-39469
12441
-7279
20377
-36168
-2064
15317
-18323
-38909
29284
-19639
2939
-31864
-8553
-40738
33394
-10510
31492
27273
39792
27587
4045
-939
-22899
-26490
2406
-37545
7268
34330
-29090
2600
16128
-3300
-19774
-35382
-6164
-5931
-8188
17157
-474
-25943
36079
3730
-18780
-7757
506
-38513
1199
-2545
-17456
34175
6293
-754
-38067
23930
22137
30700
34875
-16903
-37777
4080
36386
10547
-314
8418
-27175
30688
-19585
-5726
21229
33566
-12818
-29465
-30633
19811
-7916
41269
3215
-10574
26084
-37587
33683
4469
-35971
30202
-10594
34327
-40216
32661
-9423
9891
30790
23205
-26794
89
33042
27815
4918
-11505
11523
14984
13163
-24918
7473
-15983
8649
10855
-23432
16319
30342
-6949
-20552
9636
-41218
33639
21791
23330
34896
-29351
-5305
-20301
-26639
-31500
-11660
28000
-822
-19374
6211
-28775
-38634
-3708
-10039
17276
-32014
-11040
-286
-39471
-20833
3666
39720
24013
21821
8524
-35497
11352
9686
32578
-4435
-23475
12111
-237
-20766
-10048
-15666
29072
-38343
12899
21578
-39370
24363
14774
36266
-13358
-117
25166
20189
7868
24338
-14085
18068
-35274
11443
31784
22619
5967
-44004
14383
-12953
31529
-15697
-22745
27017
-24535
-40029
28707
-11779
21115
-4952
17438
-16330
18846
9977
-2281
-39082
-29496
2752
26361
40320
-32996
-28309
39575
-5235
-36393
31709
1611
34836
24577
-10002
26599
16175
-33288
41483
-36417
-17638
25955
2073
-3984
134
-14894
29270
-28551
-10768
-18429
-27277
-16702
37137
33203
-33684
29240
24267
23144
-33641
-20417
12823
21028
12381
24122
-32237
-29524
-14004
10569
-38586
-33644
-39532
26882
-22719
-3593
-21918
-3440
-31403
34881
-22782
8973
11023
-25639
14433
-29798
-33199
20513
38395
-14211
-30623
-3562
24610
-37654
-9731
9608
12607
-13687
20150
-1482
26214
-17522
26025
3251
-26828
-17488
-24538
-39672
26085
17571
-16106
40716
10196
4302
-29482
25271
4918
134
-21258
19529
31902
-7201
19654
25535
-35705
22070
9102
30600
28470
32279
20966
-19033
24048
-13913
3308
34492
22175
-35078
-23778
-35967
-5799
37360
35147
28618
-9326
-28274
15925
930
-14935
16150
5562
41516
34075
28349
26203
6256
-5094
-19520
3897
39367
6656
20122
33688
-4934
13664
38063
-10153
-6998
-16022
-6976
17673
20098
-38657
28613
22074
-1435
10968
28404
-4337
-4311
25314
30308
-12250
-27915
10013
-38710
14332
26555
28398
-13532
-6055
18166
376
12630
16691
5874
-17036
-15252
7649
36530
-19816
19116
-16653
33587
-18794
11988
9481
-33603
-21890
21869
-13470
-20250
-7285
5413
-5699
-29283
-35818
-39407
-15423
38074
12473
16601
-15181
22248
-21615
9030
-12030
-39762
-38508
7339
28355
8542
7832
16487
29022
27507
-20252
669
-27997
25814
13614
33718
3518
-38256
31532
-12964
-39172
-40120
-30190
-9408
-30503
24373
22159
-5648
-43693
-23454
-8108
-7376
-24772
-8009
-13778
-39573
10862
15381
-10774
19076
-5714
-39762
29375
-1516
-18870
35221
10462
-28449
-34008
-20833
25782
27657
-19127
-18778
-35840
3213
-22937
6060
26573
32116
2451
-36900
-712
-514
-36147
-27992
42720
-17657
20467
22765
-23182
2670
-18702
27407
31059
-16752
-5537
17219
11887
796
2290
-12507
31335
-22376
19150
24844
-22012
-14469
31606
14087
-10777
-21374
-32461
-30751
22593
-8014
18383
29422
2801
-3678
17543
13692
-26664
-26311
-22523
-5502
5554
32769
15921
2545
-18478
-28886
10755
24777
-15703
-20190
-33359
4833
25193
3619
-14565
-36418
-5652
-32985
-25560
24698
-2221
17480
18994
-32505
-30840
27545
-11234
40228
22736
24443
-13667
41939
32388
-33285
-26942
-18991
10439
21370
14554
32523
-7272
-33281
-8087
-7875
2753
-32836
22058
-18745
24440
-41593
9415
24997
6627
12141
29493
35391
-560
41481
14796
-35584
-22921
32689
-34385
41480
25320
20353
42698
26672
-31483
32930
26641
-18608
7262
28031
11963
-31232
15381
33923
10758
-29914
-37232
10642
22861
35646
-33465
29336
6918
18427
18245
22699
-11612
3712
22493
-2120
-17262
-2844
17179
17846
-7822
36581
4116
-12908
-5489
-40575
-21755
-21409
-27719
39788
-28606
-39383
-11469
-37212
-35621
-920
24223
-3823
29864
-22476
11830
-8738
14685
2250
28027
15356
-19309
-18277
32158
3719
-37752
-32205
14001
19320
-27723
-30954
38729
-33059
17412
-25524
-36284
13067
-9785
27409
17005
5809
13173
7637
18701
166
-12721
-7839
-6251
34469
-18275
-35907
14089
10953
26776
34026
21336
34822
14219
-31225
-14941
-3252
16462
-9176
34827
18494
4038
-23224
-35506
10639
-22511
38770
-24382
19708
36528
34130
-9105
-19765
26169
36787
4227
-19336
11371
36248
23457
12574
13436
32248
3732
1375
42129
33301
-22778
7728
30546
-20187
-9476
2790
-23656
-20742
-3879
32866
48518
2970
-21128
25792
5287
42859
22324
-18754
-13455
14322
-8759
13089
-38207
31431
-18899
-39360
-7686
-19902
10136
22503
-17638
16073
-4488
-41063
7393
-34636
-24889
-38464
-32496
22145
-37586
34728
5092
-18130
-6397
35576
21392
-21676
-34248
-21776
22810
43739
36403
-25384
24020
20712
41057
-25311
23023
5782
-15869
20291
-4686
-22270
-8105
30414
-18000
-24412
14737
15339
40938
-32048
-2565
-17999
8701
28558
47239
-13265
22805
35070
5655
735
14150
25862
-21581
-6643
14094
9864
7846
-39352
-25048
-1773
39311
14895
23923
-35998
29359
23644
-36231
34493
30369
13160
18526
31597
23543
-823
-1480
39296
4164
-13162
-33016
25690
-17718
28454
-19413
-20657
-1456
17433
-921
-13083
3780
31649
-12587
43470
-15055
9343
5251
19863
-25768
45989
16957
720
6617
-14974
-22510
-3833
-28994
-30983
7276
-10625
-3922
-41008
18969
-26162
31105
-20383
34720
31829
8286
-38791
-17011
-1154
-38057
839
-12197
-25808
14957
39122
-39364
-14264
2630
-25289
-30820
21809
13604
-4793
11250
43030
-20973
-37324
24808
-29175
15892
-21370
-12616
-14351
-25365
-19073
23927
40909
36378
-12659
-23733
-17192
42309
-19639
38690
-186
9091
37331
4899
-6126
34169
16404
42592
-20985
39344
21709
31976
-25651
-19323
-41219
-37476
-40850
-11964
11447
-30044
-26451
-41375
-5178
-3068
30912
-36830
22671
19356
-38817
31206
-388
13607
30025
-12120
33143
-20212
37861
-20865
-18401
6293
-29626
7461
25876
-20453
40569
37893
17923
-33960
-15649
-18844
46418
36200
28378
28339
21476
35360
-9749
-6331
25461
49679
32749
34203
2179
35436
-11925
1350
-19742
47171
-12428
-20681
-29863
21035
16857
-2280
-16896
22710
-37574
1016
-14091
34547
31860
23
38854
-37046
-22722
-12766
38729
-39008
-6863
-36041
-27862
-3112
-11796
-6208
-40054
2446
38562
15210
40034
-8578
18211
-23983
-27089
2277
17495
30315
6014
21679
-34457
25413
16751
42744
-19602
32478
33754
2420
8629
4582
18707
-28670
16672
-21165
-6001
-8492
-12133
9025
-24162
38716
15010
40711
25432
34541
-38427
-14182
33834
14602
16995
4945
37788
-32250
-29984
-376
-15236
-21368
-32694
-32222
11414
-1392
-40552
36656
24
30236
39078
-31438
-30071
-8478
-27614
6697
-27916
-12820
-11588
-24797
-11063
15213
-7487
-35531
30468
-1325
-16454
-3144
-19669
729
-4083
18325
-6214
-21866
9616
16305
-20748
-5248
-14932
9478
3699
16583
32446
28553
11511
3934
-8434
-36638
35378
-40409
-17460
33316
-40270
-3803
3176
3429
28968
41259
26118
21179
-22504
-9231
-36918
12477
5637
-30697
22351
-36875
37816
-23038
28850
-26566
3592
-17070
40836
3415
-11030
2847
-15480
10227
26855
-7733
-33063
26067
-34243
-10626
-15898
-24799
-11783
-3232
37531
-11236
11980
-24103
-27724
43125
-11036
-29914
3688
-33871
-17984
10134
-33799
-16366
-16280
-32963
-10411
-18170
-29645
-39476
13152
-6675
39733
4355
34630
17198
24965
8996
-1907
37531
-21816
31268
654
-31479
4084
16289
-3014
-21845
-19295
39516
-11754
-5553
10433
33632
36986
5923
-2991
-4429
-10258
-13434
33126
12293
-31902
-6436
-3591
-21712
-5551
-28405
-5468
-6366
-29876
-25891
46163
8625
42908
-4069
36049
-30172
8640
-10211
25877
21413
36623
-38428
-24442
-32349
27727
14798
5296
41200
-36924
27201
-14530
-22030
-17223
-30088
11620
-34127
-11775
-15148
39933
-25644
28616
4960
-10212
-36280
-36937
27374
-20723
-6490
-27998
-4900
14301
21118
13930
34564
33562
-24203
8080
37270
19809
22707
-16842
11113
16871
16020
13197
44524
26
-14371
-18110
43416
13005
-12427
7203
39876
4297
-32184
15626
36689
13717
-6706
22402
-28510
24680
-28829
-38532
-35221
-16733
24533
-34327
23556
-8622
-20664
36627
-16901
-19227
27220
-36085
-17121
-8471
-2462
1998
22606
30033
31245
-19267
-30257
4
-15174
37089
-28864
6426
-26960
-985
10072
-25164
27155
9310
29152
-34601
-35005
-18964
19514
-8110
38550
23356
-29762
37417
4833
-19901
36938
7577
-4070
39451
17478
-11386
2694
-11933
-13165
13721
-22289
37938
34994
36261
-4433
35290
18177
-5768
26109
-21371
-23032
-31982
-34959
15082
25361
10673
18798
17771
-21929
15861
27248
-13064
-19248
33177
-6695
4631
16865
37924
-970
12741
34730
-7898
-18635
5463
10615
12902
-31212
-25794
27253
-18660
32949
17580
34650
-37829
-36479
-35806
9972
-14892
-9755
-39930
-2103
11821
-23381
-28062
-13542
-20769
-25766
36422
-39171
-40356
28921
39495
-20906
17189
5858
-38891
28894
26009
-4254
-16229
-39636
-31547
-13642
-35180
20864
-26157
37298
8343
-35193
14121
41206
12059
-4217
35580
15652
3378
14609
24875
23708
29647
41595
-11653
-7601
38818
8944
4213
-35825
-19812
-10762
3114
-16637
42712
-35589
16249
-34336
-6941
16680
3765
-12317
13243
27701
-19370
9355
-15364
2258
8673
-4911
-40119
-18812
6439
-31363
-40636
-27314
4099
12141
-39736
326
5713
-10832
43
16001
-28441
377
39172
29233
30164
7832
19416
-23263
17988
11488
-19010
40362
-2175
34811
24831
18782
-12565
36109
25792
296
10805
-15986
25219
16113
1822
15975
6793
-27399
2092
-5979
15496
39561
-22316
38172
-31970
-12107
17689
-8677
9641
24228
7811
17605
-25273
11853
37637
23092
-35082
6958
-8281
-10867
1408
-20560
17279
34137
32840
20582
9328
28223
9368
-18857
31090
1371
16203
-14767
-27247
1533
-8119
22320
39517
3842
28270
-15197
5233
14169
-25322
23054
2503
19367
17358
2404
-4095
38739
37270
-31794
42069
-13541
-9427
5057
27841
-16457
-15735
-10797
28253
4664
-9699
25171
-24941
-25455
17979
-16489
-36280
-33341
-39754
23015
-25222
-16011
-615
21977
24434
12282
1993
35531
-14812
-29367
-25078
-29246
-32365
26368
6012
23608
-18976
4263
-31663
28945
-14998
2094
-30334
-25136
35106
3074
-31313
38089
-17067
38961
23934
-31197
23842
-3698
-28803
-1772
2111
35294
-10281
-36466
29303
79
-13851
-4911
11863
16562
39876
-10549
-23062
-3944
-23200
-25660
30523
23212
-32682
35160
-7861
-31026
28683
15760
27477
-37299
-20828
22693
-22112
14344
9104
36154
-35228
29398
32017
-28593
-22877
4044
-39119
5495
10993
-40233
39623
696
4049
36538
15660
-12264
30537
22440
18817
-20235
24692
22832
4930
-20776
-31343
18253
-22539
-35954
-21761
-21615
6570
-19200
-33115
36758
8600
28515
-36965
-24915
13073
-1485
17509
4955
17588
19828
7893
-15722
-9056
-42213
7773
-31029
36497
33718
-26083
31892
17193
3067
-7903
-21957
29722
923
12544
10664
-33286
-10433
-27189
24303
37545
-29045
5672
-6614
37355
33669
36506
-35770
-11938
-5548
-40441
-30243
30641
-6877
-17817
29439
37755
31343
-20122
17669
-22277
-1259
2490
33154
25410
7084
26095
-1351
-117
-12201
-40410
9295
-36516
2704
38272
13872
-42627
-10501
1095
-16746
17996
-36207
-18478
-17607
-18597
-11876
-23741
-9608
-8201
-37314
25837
12075
15285
-16836
-10393
11575
-32206
-16940
41834
-37403
30187
31148
-15016
21721
40980
38491
22728
-40327
5303
-6095
-14813
30976
-27909
13144
-19699
30169
16594
-30321
24336
-35011
-14844
27194
13439
14670
38278
20896
38772
-40726
1278
33014
-23086
-5726
-26626
-36150
-23999
34723
30510
-26115
5966
-1047
-33311
-29212
-7269
5732
2959
2348
-40369
6031
-39577
26040
-36708
-6293
-13293
-21394
5480
7127
26051
-34356
40847
15778
14290
-19008
-5508
22807
41800
7610
41269
32697
17981
-15577
34360
-24524
-12543
9594
-31771
705
-10014
16799
-36714
26356
-14298
-12493
2738
-16444
-22594
-35084
-3472
15785
-22027
22436
20621
1986
33576
-8223
6556
-34952
-12704
25429
30531
-32806
32141
-29761
16863
-16742
-12694
-16253
33215
-23470
-17835
-30951
-5657
-40447
30099
-4607
-13059
35458
-9546
25177
8831
-8000
-30536
-38285
-28786
-22341
40354
-15128
38261
-8359
18248
31599
27087
-20393
18717
29658
-13343
-8904
-12608
13360
39893
41364
-17275
-37957
-1252
-30116
-1276
-29928
12670
29406
9453
32149
9627
30443
26050
-32274
-2574
-23756
14916
16020
1208
38383
-11811
-29045
-3156
7723
26211
-4046
-1801
6443
24362
-40468
21351
-3874
26241
2940
8448
39097
14367
37467
-468
25779
-6086
3601
23275
9029
-37244
-22597
-27736
-9113
5408
13007
33162
-27682
29063
25791
607
-31475
27730
-19589
6522
-33214
-28814
19521
12955
-18128
-16941
20536
39385
34583
19322
21986
-24254
30315
-3427
38216
-23035
7432
-36368
37221
-2530
25257
8648
-19770
-26984
14582
40730
-33320
-16362
33001
16982
-8618
31365
-18308
30906
-31703
-16334
23651
-4328
18335
12000
-22620
-35509
-8549
-32810
32341
23921
21818
33524
-17502
2326
-25089
21054
263
-11888
-36226
10182
28246
34106
-22409
-27096
37861
-40778
7169
21339
-9802
-30642
38000
-11273
-14520
-28096
-14359
-16914
-10924
1838
19878
9237
27810
-15884
11897
26635
-378
-22913
-12968
1652
39435
33617
-6631
-21782
-2633
14731
-21905
10536
31445
31881
10033
-12923
28644
-4534
-24465
-4506
-8473
-8320
22191
700
-30208
-31380
-3158
5781
-35448
24703
-11399
-25542
-30521
6933
-775
-33125
-27407
40495
-30727
-39795
22924
11670
-17614
-34612
6589
35843
-22052
32653
4024
-31326
12749
-38386
-41212
17236
-34145
16321
-31556
7812
-6440
-7745
28288
23808
-11899
-33257
-775
6598
34092
38035
-2071
18216
6148
-10601
-32208
8019
-10736
41484
27422
-9831
-26142
-21172
-21081
31251
-22570
28024
-16131
-36031
22515
17525
-3925
-15047
3809
5749
-39072
20876
-9877
-26675
-22226
-5915
36936
-9788
-11993
26247
21759
38786
11859
-13239
14901
9202
24367
-37652
-17919
23400
-2941
-35603
29975
24882
-30152
6554
5824
24490
-19672
18437
-2390
4186
-14543
-3156
-35185
24854
20147
14825
35769
4539
12618
21572
23117
6159
-2121
-24992
-20026
-2521
18319
24734
7933
18657
-34113
39598
26027
-30768
18208
-28496
11859
13482
11086
35435
5795
9707
-40979
-26661
35790
-39556
-29923
-37289
-4241
24033
-40549
-28069
40392
-29113
-26651
15333
12695
-4417
-34142
-40788
-8096
27873
5011
21926
-31267
-36882
24319
-31160
-27060
-38687
-781
7923
10059
29002
-10766
473
19187
1249
-13617
16842
1552
-16898
10568
14976
16444
12097
-15196
-37151
12861
6847
-34082
14862
12282
17068
3282
-19410
23633
-7981
18621
-9577
-28630
-40233
-14370
-17712
-1331
-23153
-41392
-1261
-31339
1715
-41576
1057
7102
-824
7271
2013
-35467
35782
9338
-26026
38967
-15351
2969
30971
-9875
-2556
9367
-6763
-32381
31245
-5573
-32821
4017
14394
33852
-39241
11541
-30192
-16432
21978
-30051
-34779
-34309
-27455
11874
-6127
-40959
18014
-15228
-26288
-11115
-34374
24377
27504
-41276
-38930
-3092
37738
-31064
38936
37744
39412
39776
26710
-4103
-32785
-5197
-39022
-34251
4727
-22873
29534
-30961
-5845
-41994
31972
35836
4494
15969
7071
719
15094
-1626
32211
36502
27266
-9184
14945
-32550
15640
28023
19415
19035
29490
1352
-23356
40375
-30005
28291
-15692
2891
30159
-11743
-39851
-5127
14602
-37807
-9383
18071
6425
-5167
20796
37277
-23203
-18221
2129
-20112
-31446
36786
-41288
-41623
-5952
20964
-21460
-4220
-33721
-41042
-20666
-12628
-34527
10844
-15281
-24687
-38772
-7724
38623
-26603
-32509
20272
-35062
-6277
17428
40561
-29394
-31313
14244
14308
27631
35897
-16401
-11323
20177
-378
-36455
15916
1000
40111
-11295
-36366
4151
-30795
19789
39697
20226
-3998
37188
-17517
28175
