22938
38234
-13348
8724
516
312
29458
39585
14461
40996
35993
18536
-18201
7431
27867
-38502
-11796
-34219
41890
32359
-11816
503
32699
18720
-30697
-5449
21466
16832
25560
38500
34846
23913
-34978
37915
10336
22146
22662
-6568
-14811
-25619
-41146
-31792
-20400
31803
-23467
31195
-35125
35713
-21081
-1206
22440
16296
-341
15574
2860
24163
-26396
-38335
-6228
-16144
26579
25514
-11763
-40074
-22242
7623
23841
31572
-25347
-3854
26099
25779
1902
-40082
-39813
7639
27368
18110
-14110
8250
14644
17076
36636
33354
-40672
-14098
30955
32400
-10314
37363
5512
28606
-3735
15410
39946
3489
27544
39211
32938
-30827
-13867
-189
-14492
10085
-24547
26360
-7845
-29191
-20566
-10931
-30272
37523
36292
-16826
-9090
-2707
36412
-19840
8852
-33729
26799
-11007
12695
-15511
-35328
28870
-4639
-35408
-2172
-26489
880
8243
24173
-27532
-11435
11626
15809
27662
14265
-3769
10331
-34721
15858
25277
17953
-23562
33141
-6013
11875
3507
23155
-27837
19352
406
10024
32128
38478
39433
-35272
-18733
37071
-26689
-20253
-35392
-8471
11062
-37285
2941
13667
-22905
-22480
27555
2047
13364
-7368
16347
25595
11705
-33490
-20303
-31294
34382
4538
17794
2831
32216
19641
245
-6827
-9896
-32010
-12367
31954
32176
15407
-6560
-28174
-28496
10415
27351
-2886
-25158
18709
-30224
9063
27986
2371
41439
37308
-5136
-8890
-31367
-15907
12686
-33791
11204
-9096
-31099
28832
30646
-38792
26116
5001
29572
37310
-6693
35361
21407
-8026
27398
-343
11572
-39113
-37135
34061
3785
-24263
35684
-12021
-38023
-37480
-3584
25419
-26769
35099
21582
23767
8961
31465
-15451
20055
40765
-39499
-27428
-16233
36596
12976
9466
-15757
-20967
-13354
25050
-11468
31358
-6195
-19662
12314
-28598
32101
-26122
32442
20008
3453
-20388
40468
13645
34559
4634
-41073
10512
-6516
-40433
20447
-35096
-36672
19059
-39293
4236
-10391
-27227
-40508
33439
35956
-25048
-10258
15213
-4134
2728
-2050
-39434
22892
32024
-8847
8421
-7514
-30367
-30789
-5638
-37632
24885
7474
22130
-18396
-9253
9343
34403
29774
-40195
-34332
-10486
-39101
-9769
-37409
-6628
32680
3277
15968
18155
20257
13791
-27404
-7943
-41126
8240
-10820
21949
-11537
-24111
-7010
-11984
-41957
25297
9788
16173
33368
23785
-12153
24464
-27405
-22488
-28193
4933
36079
3065
8143
28797
-178
7911
8107
-18857
19667
13311
26753
-25133
-23959
-38325
-20068
22003
16117
38426
-18693
-39453
37677
19858
39250
-31536
-4936
27868
-13807
6855
5560
-34488
2655
-2
4225
-2113
21121
333
24222
-11904
22965
-40364
-33998
-24166
39623
19699
-6711
-3352
27455
-15277
2543
36537
-13148
15098
908
-24599
2410
11661
-12882
-6324
29071
11571
-8869
25212
-39655
-29120
21602
8058
19755
2622
12678
-22718
24075
11209
10960
10711
8200
14634
-3947
21544
-12687
40875
-13630
16760
28336
-21784
-36827
32716
850
-21434
-29626
38600
-12079
7359
-21200
-27490
-1251
-22351
-22401
-24978
-1267
-13214
27553
-3395
8415
36033
29055
-12312
-19699
9085
37620
-17899
20924
-11073
31944
36593
-39028
-12175
4591
5651
-27541
-8528
-26795
-30196
33377
38457
-8662
-3852
16058
-1636
8832
20632
-19391
-2920
-34400
-6175
-11803
590
12964
-3863
24408
-7504
-29865
-36085
38625
3645
-22058
-24764
-39924
-36117
-9367
-20743
26498
23246
36746
31852
-16611
-29783
6454
22035
-20841
9472
1358
25172
17842
-2171
34319
30101
19399
-14564
2093
-29697
-30139
31620
-21484
-34191
-5871
-3889
-24891
23783
-8147
30433
22548
32110
9669
-12200
-35421
35675
41544
16342
24430
-29929
9600
9238
-26854
29851
27653
-26657
8672
26366
-22750
2293
9883
-12704
-35521
1176
7079
-21475
-34936
-7522
-24042
39760
32053
-26473
-14982
16197
18375
-10735
21743
-9347
30644
-7129
10265
-37111
37712
19966
-33660
-8055
26588
-26554
15346
4363
39232
-30712
-27294
30357
33424
25072
17219
-23425
-33734
8793
-21180
4147
-33355
10434
-26753
-33709
16966
19546
17721
-6340
2030
3441
37705
-6436
7743
2815
42298
-18055
-21666
18443
-14941
4390
-24471
-18495
3816
-30503
-24768
23680
14975
34551
24833
6341
-35206
-39304
-16541
30938
9898
-30485
-16892
25009
-20560
-32143
29176
-7081
12667
36707
-6393
-28131
18212
-40210
-14497
-20045
28106
-41211
-20884
-517
-39454
-2292
-10013
12937
-4906
26498
-8640
3335
12839
-19753
-27846
31507
37551
30700
-2874
-29170
-24668
20119
-4012
-34156
10367
17610
-32627
18635
4629
32220
-18194
12916
38904
20116
12859
-30842
34802
6433
36092
-13623
16554
-22322
22690
-16494
-19041
-40396
3147
12540
36566
-21652
21720
-9472
15801
37039
5451
-34791
33893
33589
19171
9432
12846
25567
-23813
-30994
37636
-32871
-29119
38770
-11928
39207
38156
-32788
-39966
35794
14073
-7798
-37004
-6776
-32582
20605
27062
9511
39786
38614
19505
-11995
33590
-13100
-26441
23092
-13524
-18149
-8941
-37729
-30464
8679
34190
26574
-15473
-41061
-14911
18652
-10200
-34833
21857
1421
-18379
-32750
7814
2633
-35715
4696
34837
-22198
-24610
33535
-40232
25147
14088
30925
448
-36630
-365
6092
34341
34625
-34558
23402
-28011
-28788
-19902
17009
-7035
2989
-33246
-8029
-15410
31181
-7339
4639
15103
-12527
-37971
9425
-4786
42240
-35180
33284
-1500
18174
-19727
-26032
-12597
-4463
29699
19606
19415
-15687
5524
-38414
-37338
22527
-41968
-25452
-40323
10475
17178
26649
2845
-21313
5225
-346
-6696
7392
8907
-7414
28422
-28625
10675
22684
29243
-8996
40985
-26312
-21087
-17684
12273
-3680
26392
887
-31560
-7852
2941
9588
28961
-14395
26402
-8079
35567
24853
18990
18031
37218
11737
26217
-12403
-32061
20564
-14613
-23893
-36313
11853
25955
37356
20352
-15824
39134
26004
-38416
27737
-26306
-30452
26776
-34817
-11125
-26475
10668
-13069
37013
-13511
10434
40194
-9075
18169
242
-18998
-15265
-16510
-16229
14066
313
-34116
-15528
12115
14329
25164
16856
-7274
-2287
-8375
-23595
-11115
-22177
23747
39332
37429
5157
-15988
26090
-36888
-26056
-28299
-8127
-6249
-33290
7034
14699
30023
-1160
36220
-35488
16810
-19885
-7730
15146
-351
33732
1425
20597
37173
-40554
-6649
-19954
20475
36971
36667
19828
-33292
33600
-25930
18445
27357
33542
-15081
-37885
-663
-34205
-32671
-8591
16006
-7254
-17666
41105
-27759
-1287
-8649
-14028
-32975
18658
-34544
-5393
8340
-17427
2606
7174
-3042
-13254
-21052
-40434
-8302
-29970
35031
-25200
27779
21585
-22059
4452
37423
40521
6643
38353
-40056
-5067
-6378
19447
-753
22768
38142
13410
36204
14642
-30222
-37846
-10591
-37620
4435
23188
-26885
10525
-22190
-4800
4710
11250
17787
-14013
-31139
37054
-1193
38277
41516
-19908
32531
-904
21288
18879
36603
41327
-36231
10535
3640
21121
15214
-26064
12483
-30222
-4622
-13681
-34903
-37719
7853
-29581
4563
11433
32899
10814
-8208
-18092
-28134
3033
-17244
33285
-37541
-36992
-36874
31398
4926
-17922
21216
5724
-29489
-21329
-16139
543
27553
-34735
-24193
36506
3440
32616
-18365
39720
-33162
-34027
-1544
-12325
-37274
-5447
-8634
-11697
8995
-26726
3582
19737
-38846
8583
22716
22825
-2117
-25909
-10135
16776
-36005
-40725
4694
-17487
-29512
-32872
7893
-5805
-23536
-6226
-23224
-25377
9876
22049
-16663
9906
-35288
21916
10881
14347
-35335
22683
-18067
-16219
-8094
21739
-11285
35509
-32583
29088
30951
-22562
-41517
-5087
24169
-7062
25459
-3079
27790
-40833
12675
-2325
-21690
-7258
23967
32016
-40202
-40453
27421
40962
4575
-37291
16762
8970
-9959
-18167
5205
-1006
-20271
-35104
-1273
25173
6705
18883
-19077
12369
32606
-27035
-10165
40423
-10497
3378
31522
11773
13940
37540
-13904
-24804
35366
-8592
-40246
24777
-20326
34511
5367
-25106
-20265
-36871
-15457
-3604
13659
35554
-12311
16426
-1149
-4620
-2393
-16499
-27449
16697
-38335
35425
1414
-16210
21318
-8310
14061
-5923
41379
-15088
20223
-22438
-32812
24128
-19000
-19358
-18988
-29548
-10262
29928
2441
40278
16090
23354
-30590
8680
-32798
34159
21879
26396
-4759
-14503
22636
37988
-33877
-38203
-458
6285
4654
31360
31825
-15024
-15511
-34576
24198
11848
-16257
7408
-5865
12081
23646
-20161
27404
34546
-27460
-30556
16585
-40828
-40585
-37054
33088
-6258
-12197
16035
21764
17089
-16118
20894
22187
-13202
18077
-15567
-24906
36162
24336
-3541
12572
36863
-3552
3608
3681
-2491
10810
-7342
4294
23120
9973
24957
-41520
-10893
-2344
-39636
-9187
-22861
-15669
-7181
-33219
34093
-19626
-31462
2473
16661
-10540
20614
-6230
5198
33887
29555
-19492
19455
18619
3809
1977
-24777
326
-5649
-15588
-9617
7378
-8453
-33135
30152
21967
12856
-5721
2851
-2984
16458
-34652
20519
17784
27653
26864
19049
-28635
-32167
-38443
-2725
-39106
24706
1503
-5436
30096
31853
-36106
-38833
15915
18010
-34147
31770
25641
32910
-22693
-25690
39257
-24973
-1156
39490
14046
-24788
-15964
-18018
-22310
-29824
35355
13958
-8658
-583
9378
3737
-28122
38364
25347
33997
-28357
8055
-22663
-41500
-23094
40246
24625
22132
-373
-490
-15182
-35775
23722
-31790
-26419
27449
-4377
-35153
35721
26958
32661
11035
-29997
-19818
-12071
12524
-14864
21408
30067
31407
-26566
-21735
1000
13945
-9726
1236
17807
-32494
-42495
39194
-7396
20533
2737
-19592
19912
-39689
-15129
3067
39276
39322
34155
1023
-19985
13679
18732
22383
-26747
9381
3534
16098
-7147
-39539
-20504
20646
-26656
-10546
21949
-22706
1701
31328
-28631
32863
-10304
15317
11954
-34329
24687
-19684
-4631
32146
-8141
-16436
-2553
23177
5645
-1904
-42929
-38604
18361
-26524
-14145
24209
-24478
-10628
-37907
6023
23242
-29307
15271
20509
-9721
-2147
4278
-27854
37118
40796
24705
-3067
33475
-30817
-19486
12162
-9737
-1779
23292
21700
-10874
-27188
-7870
-5009
-992
18604
-10328
10140
-32513
20002
-23102
-4761
-24155
-37159
10620
-6776
-18070
25387
-413
30464
-17948
-38583
22831
6416
-28814
-4083
-4562
-11966
36014
4159
36249
-4118
-33464
-9678
34560
-36962
-25753
-21999
16779
-33883
-25771
191
-36820
11475
-36338
-28576
-38043
937
19543
38860
-23177
18083
-11747
25135
29781
7996
1760
10527
-9736
21672
749
28540
36832
-15814
-33549
-1671
35185
-33323
36364
-23394
36322
-1199
-22738
-16611
-33567
-24145
-27968
-36943
23697
-2006
27862
-12052
-34545
-42324
15416
5076
-15908
30314
9015
-31879
33170
-15771
-2958
31211
-19954
-45196
26967
3426
9514
-34378
-27682
-14196
-36336
-25168
-22497
28248
37849
24788
-13972
-22025
-2260
-18874
3080
-6878
-16710
-22823
8644
-40456
6455
17284
-39774
-32133
-7560
-14387
-21908
35681
37567
-41002
-17800
-30843
-28033
-23711
-28528
37863
39987
-27175
17861
5347
40977
16795
-34996
-1308
-4259
23763
-14014
-14189
35515
-3683
-26864
21489
-46072
-12993
-25891
16005
8142
-50701
-11179
19276
-38741
-4257
28102
28010
-9854
-18160
17858
27902
-38097
12531
31134
18182
-8025
-8011
8038
35929
-15244
8435
-7926
20592
-20534
-33765
26910
-14855
27806
8916
-37014
-28143
-8449
-20413
32840
-4586
-30448
-17553
33034
20519
-39596
34812
15216
-39606
25640
38024
12743
-610
-14769
13497
-9843
17875
-35859
2922
-2240
-41725
30999
27195
-12926
15677
-48835
22400
-51528
-30623
-2770
33961
-13328
40579
26480
-8061
-37531
-24475
-11015
1577
20291
20435
24494
-29617
-20503
-39177
11167
29630
-2585
-40759
-11641
1607
34324
31035
623
-25847
13810
17006
22272
-18744
11591
-2132
-22403
-8338
41683
3652
-19536
21868
-11400
-39424
8931
21976
-33030
-33529
18868
23613
-40738
-28847
26910
21833
6414
-15897
486
-33446
-17802
-48385
5376
7044
-18414
24078
-15956
-1401
30418
41881
-24774
33228
-2186
42333
-39264
-28269
3927
-15359
-35415
148
9114
38728
19506
-15892
-24466
-27775
-39384
16792
-4699
-1054
38158
-23744
-4949
33345
42387
11222
35324
34987
-13372
-24289
-15547
-19826
2506
39210
-28261
-15175
-10559
-20206
-17925
36235
-10787
2125
-10080
-23049
-236
16709
1606
28624
-46415
-11061
-27705
27722
-26510
-43153
-27988
22279
-19974
9771
21983
31857
4041
-24529
-12007
-4519
14313
-26657
38646
-15103
16416
-14190
31695
38952
8638
22921
31215
-5117
18747
40554
32178
15224
18579
-2510
80
36703
-5282
28394
-3978
-12814
31112
-21787
-3236
27836
-15703
15552
16766
-10474
-9042
32774
32730
9761
-14301
29742
1887
12301
25465
9900
-18612
21291
-8910
-30213
-45764
-45159
-35256
3373
-10832
26741
2325
-10389
19217
-28306
4806
-10304
-27458
-13237
-21494
24435
-27863
-17409
27761
12321
-32182
14200
36655
-25635
-11056
-41579
-21788
-28955
37505
-32048
8028
-22118
21415
-34924
-20729
-36380
-21526
5512
-2956
-16644
-32909
27660
-2836
-1228
21118
12420
3741
260
-26543
14727
6524
41590
36302
14024
-1905
-10693
-19417
5007
30471
-630
25992
11160
-210
34905
29004
-43828
-16807
-13616
-14804
35714
33020
23624
38463
25748
37117
-27824
6468
18567
-4389
26839
-2089
-20659
39108
-27062
-24051
-15959
6618
4094
-22042
25334
30670
2328
-13218
10355
-33037
24891
-34941
-33755
28894
378
-4812
35484
-10477
34350
16342
15021
-37613
31650
-32592
-10882
26895
27811
32213
-32211
22322
38136
-26930
16020
11933
-6140
34331
2871
32525
-25351
-19281
-17622
219
-25189
-4678
27479
36853
-14684
-27927
13678
-13288
-8229
39656
28858
36862
-40977
-33181
-28283
39539
-41525
5511
39916
30065
-10526
-32047
22426
4897
39907
31852
-6090
15551
-8243
4598
24297
-38142
-38379
449
-24705
34956
-31073
2362
-10107
9659
-24728
4567
41739
-3385
19924
8627
41344
8383
16011
34344
8385
-35913
23786
18182
-19772
-38669
29475
11979
15067
-36352
29738
-36465
-39433
29065
29506
-39173
-13262
-8452
16412
-19304
-14912
-23179
-31748
-21387
9027
-19541
-13168
40725
26675
15844
-31058
-38
2203
4936
27592
5870
-18479
30770
35916
-12798
-9340
23896
-17627
-772
-31992
43233
32230
-20650
-342
43428
41484
20692
40801
10637
-1114
-28433
2008
-813
913
41453
5904
7081
12583
-8870
33191
-27597
-31050
17093
21198
28272
17437
10371
392
22403
-28559
39151
35765
-13722
7876
27193
33968
-7021
34807
34284
-27723
-5289
39252
-18246
-38127
36782
17750
-34872
-7299
10917
-39305
15072
-19243
42797
-21327
-6678
11297
20948
18155
-24023
-5703
15451
31176
-18175
34662
-26860
-23199
-14400
-22794
4487
538
8813
33465
11885
-25201
-15903
-20947
-20774
1728
-7069
-47239
-15733
33471
-3795
10783
33567
-40209
-28451
33316
38758
-9787
27836
-30292
26382
-4220
5762
11802
-38011
35957
29463
-31237
-2875
-13468
-22050
-17929
1963
-22122
34229
-38999
15161
20422
-37417
28966
-5378
-8440
26794
33514
-8076
7832
-9134
14638
8693
3001
27937
-7459
-19962
2015
30965
46983
-2242
-333
32482
8618
5935
-18101
682
-19873
-23349
26572
34401
25206
8280
9005
-4149
-30758
29549
-35618
-3855
-20707
2903
-30760
-9425
-11066
8184
32258
8382
-15838
-15345
-32459
-30877
-9131
9439
-13960
-11581
-10239
7349
-30583
-28239
-18724
-28247
-12489
35400
-23398
-11481
-5632
-6048
34728
19000
23360
12952
38726
3048
11496
27204
10361
34178
34325
6065
-6472
20549
48299
46807
-5071
36769
9544
15236
-37094
23028
-8027
-21190
-12204
-12425
31159
-3373
16838
33600
-24419
39680
-80
-22140
7269
23038
8107
27659
17632
28512
15816
14111
27801
9708
32277
12775
-15745
4530
31487
4814
28226
12849
-33316
-4163
-32092
-2089
15616
-20081
8747
-28156
-12060
9279
-16468
-35159
-9821
-21207
40811
29868
-28646
27400
-32396
-28573
-4927
-2455
8910
28035
43666
-6731
27864
13597
13815
-28776
-8483
-14762
-27526
18742
31886
-27817
-16242
-5749
18515
-32042
-7631
-7548
-9006
22217
-30689
35552
-15840
-27145
-32996
28243
-32320
-7385
-41631
-33048
32009
263
-2124
26812
-10501
-18277
-4097
12616
9403
-7885
-9599
-3153
-22415
-20271
31965
41456
1042
39018
234
29726
29370
8521
4554
-7442
38706
14248
-21843
11630
23660
-5450
-41114
-32265
19874
18212
26443
-31319
20759
-41479
-41773
30957
28956
-6505
-37640
-1609
-1461
26325
-33155
14272
23951
33573
15843
-30044
5680
-33756
-129
28157
9487
-21783
-5908
-38596
-38513
-28816
-14535
-23871
37093
32742
6358
-32089
-8207
-22340
188
-35647
9703
-23534
2617
39879
38549
13225
16590
3730
11455
23727
-5860
-8235
31108
-32249
12282
37217
5721
9156
1278
24918
3120
23818
-25846
-22920
23219
31608
-35985
-19471
23672
33237
22523
20827
-29718
-29694
-25340
8043
1108
-18071
33005
-15297
6467
-28045
40678
15958
38977
25973
-11438
-20500
-36935
-35234
-10589
-22152
-13736
17270
-22642
-19202
22516
-27491
14879
9864
-32069
15772
-16198
-31090
8395
27572
313
-33128
-10612
-35588
-38049
-170
36527
-8023
-3995
16511
-34090
4226
27787
-14435
7777
-26494
-14166
24160
37921
11767
-15828
-31215
-647
39780
32191
-27152
-9256
8798
-4271
-20167
-32155
37446
37254
33271
12642
-39678
2430
15205
8772
21721
-22891
3311
22074
-27666
18727
-28721
20757
-33887
-16728
-36487
11387
-21906
13137
30462
-38178
10913
-2139
-16375
23818
11510
-13105
-26342
-20596
13229
34614
-19498
39629
-26003
37908
32996
-20557
3161
8271
35072
34834
-24497
-21923
-4614
15215
31286
-16905
32912
23592
-18593
3225
-13713
-429
32975
-23452
-32831
30174
11197
-38882
-36201
28141
-1147
38745
-7207
16896
-14100
41170
-11066
28041
-17867
-13870
-33286
3012
19460
-38658
-3775
16153
7800
58
38316
35486
20387
-31494
-218
-17289
32705
-12348
-26654
35616
-2026
38262
33472
34584
6867
31569
-33303
35535
-10661
21509
29058
-31076
-14654
-37823
-15244
-11827
-26579
37373
22144
-6173
14395
-30042
33614
-31855
-22383
27605
19048
-24080
17973
31821
-26813
7786
-32100
-6866
3416
29410
-34199
13762
-17285
25774
13226
11982
-16356
-38892
17039
-22232
28439
12045
-30463
-390
7100
-20951
-10459
-35195
23708
-10464
-19901
13275
-21989
17185
-26172
-24049
-13832
14084
-25333
-21815
19390
-1361
33154
-42529
-2624
-36250
17207
38371
17323
25800
-15846
-7986
16816
-29849
6615
-4150
4516
-38900
-35904
31739
-38047
25285
-36622
-32601
9264
6193
-16558
-31975
10128
-18037
8743
-11761
-39067
12231
6468
33821
42673
22954
17464
-31059
-26380
-36653
-9484
34987
-9889
-11793
124
1581
-19236
-9333
28915
-9833
7746
36673
-10444
-33117
868
-6510
-34252
4434
16586
-5474
12942
16151
-8292
23481
-35119
28446
32051
31920
-33952
24004
31305
-11074
11244
-30067
-6551
-20789
32603
-16299
28381
32534
33537
21483
-2435
29657
20811
3458
-38657
4349
-19032
29287
41961
34515
25563
-24527
14858
36756
32208
-7998
21461
32592
-2819
21003
19693
28978
-40744
-40201
29465
30994
31585
-23155
5841
-36996
-41124
-17129
25524
37733
692
-15272
-38591
2613
34088
-1981
19019
-530
21016
-22157
-27271
17286
-13713
-17301
-14439
16536
38479
-35786
-13141
37436
4156
36194
12836
26954
-10472
-38113
7981
-10159
-19169
-36348
19347
-7337
-14884
11241
-1822
23888
-7414
-5194
-3376
9078
26886
21357
42503
-5616
-14819
25366
22370
-22064
-20631
-9574
-18336
35688
36024
38805
5887
-12999
20304
16565
-20890
17500
-36414
-2752
-2449
-19397
19649
-41577
-31563
-34205
-26095
31754
13086
21151
-34606
-4726
19559
-15987
38910
-17919
-8401
-16610
23597
-30524
-21667
-13571
-38701
37515
-6828
-16205
-39497
-3058
-29802
-33350
23847
-24968
-12851
31135
39949
-5321
-1737
23332
-22339
-5959
2007
-1912
13757
17060
-35568
14267
-41058
5630
17261
-14153
35516
-20217
8656
-23531
36341
-3155
-15471
9771
34448
3292
-18132
24177
37882
-12402
-31669
10311
-24911
26024
37836
-32871
-33170
-5984
-7194
5871
13725
17058
24571
-1410
10105
21110
-18169
2927
-35536
-6741
30754
16031
-9723
22561
32937
-5725
3725
-27299
-2397
23022
33253
-15074
17009
-28580
19148
-32734
35567
30103
20605
6197
39735
-20917
-27326
38934
-5889
-15411
-4091
-2716
-5761
-26958
7378
-12156
-37538
-12970
-5477
-4254
28713
-3046
-19151
18468
21418
-4758
-23077
6038
-35226
-21104
30582
12846
-4644
4090
21436
30159
-30326
9947
-4304
7799
18882
5568
-11434
-35466
7343
-29506
38880
-26365
342
5675
-23231
23965
37891
37681
-25454
1722
15225
5420
41611
-3826
-989
12501
31758
-16755
20880
33964
-3190
21356
4557
6369
1947
31888
35916
1707
-20584
13732
-7125
-10603
-18556
32575
-11266
35836
15098
-7645
-16004
24816
-28576
-32949
-4062
-28879
-6554
17229
36363
-14354
-42254
-35299
24152
40003
-16247
31023
14162
9287
-17169
41843
-28233
35931
11045
-37758
-3107
20116
-24752
38344
-5501
-17044
16297
-3909
27738
38800
-35160
40791
-39899
-3011
28874
-40647
-8948
-30134
35612
6708
31385
33617
-19199
-19949
37152
-16400
-16905
30607
-43508
-572
-33739
-1448
-13285
33539
3061
10922
-18479
-3438
-14156
-12538
26721
9405
-30143
-20233
22529
-14722
28085
27617
-25611
29511
-23514
24456
38948
-3232
-6428
-9466
-5456
-17229
-16992
2111
42528
28045
7359
42403
38668
328
34750
32378
34743
4901
2667
28541
32608
16604
-2069
-36332
-18901
20408
-7161
12341
-1511
13920
-34984
-34989
33475
38211
32894
15303
-32170
-34871
28319
-8335
39239
-8269
-21411
21731
-21800
-3061
19317
-41310
-30082
-5180
-29987
-41025
35616
-39374
-35233
6016
-42209
12700
4667
-28613
41656
-9323
-31831
28356
-17192
-3814
-16117
7083
1453
42168
10351
-5957
11569
24216
3211
-7521
-4602
-25709
-37030
12250
-20577
-25418
-12041
29062
-6072
-1060
30499
-19834
-16099
32324
-16265
-35331
16068
18285
29566
-38063
-23281
-28222
26982
3228
3739
-24489
-23473
21785
23436
35310
-30628
28040
-9227
35626
-16605
32385
-20150
10051
-24967
-30840
-26880
9914
24552
-860
18980
-39522
40448
32207
17217
36244
2389
-5194
-28819
25994
-16228
649
-38848
-9681
-15672
-6280
28105
-37141
38103
33101
15418
4923
31176
-15602
-42081
-5283
23840
-19527
6545
-37169
175
5325
-5641
-32984
-22752
4446
-23735
-14204
9193
32522
24198
16414
-31386
18907
25307
-12703
-8050
17042
-12188
-4140
35026
-24707
5590
-22879
-8725
-35703
-853
27949
31091
-36203
-14418
-20618
19188
-19516
-538
-1608
9732
-11472
-423
-36202
-18657
41321
346
-25060
-26295
-26651
-9153
-22821
12787
-5788
-29035
-14030
-27926
10606
-22466
-27868
-112
20661
16706
-33091
-33927
12502
2718
-30771
-15837
-21436
-20887
-23200
-36464
-4038
34875
-1290
-28590
21389
7086
-30808
-12528
31299
-2222
12189
35660
-28960
20387
9377
-13319
-12551
-1371
-9765
38310
13312
31855
39835
-15133
-34083
-24619
39240
28895
-16479
8163
-26864
10443
-7234
-23694
-39913
-1954
29007
18304
-36166
9957
-24878
-4166
13617
-26276
-915
18009
-41647
-10558
-18338
33782
-5024
185
-42492
32901
22583
-12841
11405
26268
22406
22980
33651
17627
-633
-9533
-32037
5318
-459
29217
-9807
-38247
23003
23141
-8627
-18236
-39828
-12391
19266
2469
31075
15640
8657
30556
-39131
-35702
32079
37241
-5036
4039
-8344
17075
38656
-30311
31172
39584
-20017
-8685
-3221
-40513
-5918
23644
20805
-31188
10736
-11739
-14702
-42051
-12778
4479
27960
9398
3080
-12253
-28663
-38488
10790
28561
14568
-39090
-7301
-2953
34561
-26045
22391
-1566
-38350
-3629
-5158
31302
-41046
9409
1640
39782
-37229
-13664
-13740
