-955
2308
-41321
-33711
-18755
-12549
7368
13649
34276
9418
3513
26980
32392
-10549
-18946
9630
-38976
-2177
-1011
35712
-36275
25278
-24871
14189
26528
28853
-35147
5676
2589
5466
16155
10721
40811
26443
7905
9380
-31098
-22759
2868
-16639
-30095
-30383
20582
30124
-21764
-5777
11497
-16783
-10154
-35480
17202
30689
-8164
11987
-36970
30199
32782
6994
-15922
24658
-20083
4497
21469
-12759
-34774
823
-3033
-31865
23683
-21233
10407
5256
-1602
-33257
-12841
16655
18295
-4329
-41320
-27364
-4817
-30920
10037
31929
-36949
-20025
11053
8420
39577
25783
1895
-24354
-39392
2248
-9556
-36877
-25650
-16530
22044
-28715
1892
26290
2184
40274
-26464
10713
-13207
35960
-1084
-17695
-6768
41647
18481
33110
-30671
8240
16014
11616
-31814
-25559
4228
5418
26965
-30771
10076
-30661
3532
-40607
13760
23743
34048
-19321
-6238
40876
35076
-12588
34479
16093
27031
12086
-4199
15412
3145
20151
-12769
22756
28346
39109
1401
9670
-22974
11568
12015
-25113
917
6028
-8158
-2661
-3457
7323
23249
-16887
30726
34476
-40072
1063
21165
25814
-26766
-37937
2285
7810
29709
-34287
-11661
-12676
16868
-15680
4256
-626
5830
-18515
-35063
-36344
13923
35991
28425
23871
20044
18566
-40559
40611
29311
-15149
-24491
-23154
-32589
-32674
0
22569
12258
-15122
-36848
5892
27748
29383
15043
2943
-38993
-29016
-19507
3986
448
-33186
-13482
-8644
11743
-18703
-4381
22093
37656
-12038
-6113
9443
13688
-3178
-28779
-8581
36263
-32508
32465
-19274
-31107
39509
-37687
-30605
-30280
-35086
-15811
-7580
-11812
6633
15015
18424
-30898
5909
-14214
-5068
14111
-33260
4951
22612
-15686
39326
41025
22878
28687
-38309
6410
-31047
-37369
24335
-25658
-32330
25495
15825
-39883
-19224
29386
37848
2783
31543
29786
-37008
18460
3330
39451
40561
26722
37781
9315
31253
-5894
10514
-8097
-6354
29166
17297
-27825
-34040
-14718
7001
4162
26463
-29778
19460
12365
20790
-12073
13760
10902
303
-23236
-26899
-21884
-38194
-1879
35989
18863
36459
21031
5064
21447
5869
-28558
-33862
23402
-38420
-8658
-38173
38579
-24054
9744
39392
40558
29189
-36522
-4331
10945
32365
2646
-25187
3061
-681
-1893
-38487
-31457
-540
32148
8707
23582
-32449
551
-11765
11058
-10781
37507
6110
-33557
-37776
39151
20580
-29425
-30371
-13882
-15762
-16978
-36944
-11979
11826
28645
-3238
16392
-30410
-6915
-25120
-22739
-9949
37713
38937
14404
22384
2283
-13811
-37154
-26484
13045
-34632
17059
16521
-38108
13294
9093
-27958
36364
-12231
-23125
-20085
25385
-22319
22413
14027
-656
8446
17463
24260
34574
1845
37418
-29898
-16987
-2042
23225
12449
-33788
3418
15936
11707
-40511
-3995
20731
26715
-34500
-6941
13060
-40635
-32022
28145
-9924
-13441
6890
-8363
-8823
26558
1246
26882
-18584
-10476
37755
37144
33484
-13202
-21606
14835
-34657
6096
20683
-6715
22858
-25973
-12732
-28716
-26114
40473
-11696
159
3583
-35082
-3706
25514
8298
10141
-26595
-37146
-4323
-22255
-25521
-36142
-5352
487
-5992
-7379
-18914
-40852
-36986
17391
11641
14350
9002
-35528
10902
-7383
12980
36541
-17738
-26925
-38951
-7101
35609
33348
-6130
15837
-35080
-3013
11847
24367
-12048
11279
-12200
31897
-33970
-1453
-22871
-4384
12497
38115
12287
23992
-16185
36007
18781
13681
37403
-4510
817
-28080
-32724
-29738
-25194
-13275
34684
-24527
-426
-15644
-819
-24196
-23169
34252
-3074
31690
37118
-32605
30537
36357
10142
39396
20321
23588
-15552
-6792
-33325
-40572
24935
8914
-29978
-31304
-31082
-14262
-3846
27377
-7220
-3096
33697
-4153
26271
15390
-33520
4363
-29458
7863
-22323
-38204
-33844
1961
37694
-13848
-19959
3658
-29857
-36469
-13873
30736
-19760
14829
-6296
11736
-30963
33943
26969
3774
18353
-1675
38499
-16525
-16604
-3690
-19644
40766
25741
-37508
28618
24939
27129
22021
25035
-20013
-32249
35001
-35150
-19994
24204
2713
-32460
40397
14299
9304
5778
37980
7022
-37279
-25720
-13268
2799
30205
-32980
-28889
18872
-33185
-38150
-25830
7628
29938
18835
-5494
-36341
-5698
19016
-5780
8795
24084
-40437
40086
39417
-9803
-1543
-37814
28964
25197
-7564
21256
34693
-10812
19538
-35719
14322
-17633
35648
6005
-24466
26194
23
-34042
-18826
-9217
17071
33732
-16190
19262
33548
-22063
-13335
39012
40253
14280
-40753
6984
17953
-1036
-21334
7212
10966
-13712
-28023
-19713
5769
-21394
-10721
36177
36909
-37860
31600
-4772
24848
-20553
-3195
36462
12973
-18381
8096
-35172
-878
-10305
6533
21668
-4846
41444
9787
-7712
4503
-187
-27997
-13205
-22819
41296
16856
12454
23089
-19043
28869
27215
10396
-16845
25120
-9966
-36338
-24314
-31465
-26003
10788
-7539
34007
27379
-25693
-499
30145
-8272
14274
-5399
-3863
-266
-2422
-25834
-9636
9068
1896
-10914
20244
-17167
-10491
3786
-10172
-16936
30655
-23710
-27666
13983
-33296
-34289
11642
-24005
6869
-31357
38543
24794
-39234
7713
14094
-38207
25470
-170
-5995
-29703
-27415
-19939
30607
-39292
32631
-13148
-29992
-16145
-7114
17060
-25731
20641
19015
-20071
11152
29299
-18265
-28071
-28553
10583
-3314
37349
7444
29366
8405
25109
22177
-734
38195
37176
-38931
8010
15740
1807
40631
-41241
-15548
31172
-6174
-1842
19561
16585
16755
-10016
-2717
-20686
26843
-11399
34683
-34397
33019
32863
-21328
2042
-28285
40896
-34898
34793
29
9797
37592
11061
-16687
-729
-11716
-39614
24042
33267
-19477
-32933
39569
35909
25280
-37380
-958
20639
4267
-28420
34097
21222
-36904
-21237
13375
15940
11736
-22760
-24467
2197
27631
23568
-25517
-40280
-34532
28439
-19680
-38324
-3199
-21134
36536
-8610
-13969
26258
-27367
-3435
-25002
27885
18651
4289
11192
-10168
29289
-617
-34258
-11335
-17349
18507
11192
18800
28465
-6299
-7330
38989
26142
24139
-19863
4259
-16507
3486
8783
17284
-19797
23459
15865
-16184
-27655
-5624
-14266
-1268
-38563
22122
-36876
-7048
-31915
9848
-8952
-19938
-33922
-38528
-7042
34406
37923
-31961
15346
4970
23607
22739
8795
10918
-4631
-24900
20232
23717
-7364
-31804
-6567
-1097
-35729
18923
-20806
-29529
16702
27067
-1434
-21213
560
-20573
-33403
-30065
-18420
33226
2284
-13149
-18004
-33506
-24873
11408
6974
-23432
-22994
1058
-30230
22837
465
24347
18244
-12229
7185
-36844
-20478
-10707
-6059
16656
-9613
26232
1957
-30013
-20925
20146
-13514
7628
-20234
20267
39586
33217
-27414
3533
-13923
25129
25621
-16455
22206
-19477
-18542
-11421
6029
-21985
-25323
5768
1032
28081
24289
-33557
-6127
33342
33581
31705
-27024
-10546
35813
2436
7961
-26728
8862
21804
19583
11152
-7357
-10915
-10014
17477
8167
-30732
-35731
30027
10148
-1035
-31056
11123
18937
7328
-8639
18855
31851
26125
7966
319
-40464
-38701
-18639
-27819
-18827
-9219
8592
-27708
-21773
-26547
-29295
-36847
-9605
-40223
-24665
5356
-1005
-2693
-28991
-5140
1163
-15511
-26379
13670
-33504
-21797
-8245
-24329
-29694
8154
-1175
26556
-1632
22131
-38659
-23597
-40148
-24494
28382
-19940
27435
23828
-13013
26319
36532
-32913
-20381
27034
-14497
-8472
-28458
19576
-824
-11317
-27956
8921
-17408
-15171
33245
23107
8952
12037
6773
38828
231
-31065
-26646
13103
-6845
2587
-29000
1151
-5572
-9408
34154
-19790
36871
-22735
36512
26113
-34033
1392
31119
20930
17477
-5573
11872
29469
33701
-4719
-22358
-17378
-37654
-35997
-39854
32951
19473
-21072
-39431
8295
-9364
23969
-6647
12142
27283
-3778
34664
-11503
-16207
13948
-4484
-38184
-10913
18692
33185
16978
-33529
29751
782
40433
-31561
-24489
3397
-36162
40000
-8232
-2675
12271
28982
-25012
-21287
24838
7956
-37125
-5444
-37827
3439
-7254
18862
2545
-192
-22069
23425
-9512
17662
-31800
16704
-35976
-9182
18931
35733
-6176
20378
19717
-33585
40121
37253
833
18589
-25811
-31368
-4274
12493
17251
19976
-12013
32669
36966
27911
-2343
-31777
28178
22802
-39702
-12136
-9366
16300
-12724
12843
12028
-5313
-37302
27633
28191
4748
-23383
40778
-29903
-19348
17289
21441
38856
-30106
16761
-20936
-28174
16895
-5346
27742
23535
-34573
8873
-16039
-5967
-35894
-10800
-11104
5197
-22776
33905
33298
17706
-36477
-15577
-38276
34942
1911
-19681
-26283
35571
-34855
35404
-20388
28615
23397
35011
32775
-406
33315
39313
1096
-15712
-33734
-16387
-27798
-13661
16926
-36043
-20778
-12198
-25136
5966
28079
28013
10985
22330
-1306
3404
14088
5917
26699
26428
30907
10623
36148
-2786
39900
7178
-32392
2046
-31908
26601
-28155
-27026
-17376
31388
9287
6061
10805
35921
38973
-21776
-35551
-24441
-41904
-41158
-4546
18844
17281
-30445
3065
-15961
-3748
-3367
-26736
-26020
-10270
-37252
37532
14584
38972
-8615
-27181
-38750
-9029
34056
11331
-38409
36112
-37683
22147
14573
32979
-26920
11080
-7214
22389
-1490
6370
34497
-7087
23340
41041
-37150
250
-3797
-23568
18673
21074
-8368
-8484
15966
-26667
35284
-855
4661
-9971
-1049
-25977
-6658
-22220
35179
6660
-8827
36901
36520
-15964
-36483
20806
-3506
28735
-34649
33906
-36113
33853
12964
18163
-39666
30218
19250
-19492
11172
39830
-13034
-37971
1269
-37052
-12051
22557
9225
-24523
-18078
11105
-4022
-7406
-8029
9900
12266
-36935
-10098
-29418
-35266
-15462
5636
3829
-4516
13571
37332
18539
-19194
21255
16690
-41031
-13639
2973
9729
24772
-8237
-42014
37365
10845
-4303
-28017
1939
627
-2578
36051
33082
5052
-26817
-11025
8961
-6814
-17064
-4963
31970
-2010
39955
-38266
-1779
-19709
12319
-18086
-23847
-19922
-29770
35600
-15341
28027
-18470
-16441
-35496
-2729
-31938
17937
13366
-26838
-10997
20794
28347
28808
28957
-9287
-17952
38042
-34869
-22250
-32666
-9929
-17559
12727
-11391
3945
24701
-28450
-26111
-27420
-41674
-3635
28051
31312
30267
-16081
-248
24006
1660
6044
-12677
37999
27025
-38079
29342
24150
5000
-22658
38981
36473
18228
26092
-22748
28026
-35896
-4389
29546
15934
34803
33263
-24928
-2047
41738
361
13589
15016
3029
30397
13945
-29779
-9968
18604
14815
-12129
15735
-19773
-11500
-4495
18657
37383
-39643
31308
25091
-29725
40462
30699
-27857
-25731
24771
-7432
21310
34468
-21269
-26012
31328
-22355
-10234
26224
-42098
-26102
38308
27004
29321
539
24626
11594
-22970
39637
20767
-16853
14302
8917
17431
20351
14881
-40226
-39773
-28675
3987
-19588
6778
-61
-19970
-15674
-14275
4868
23042
-8145
331
27581
1887
-30322
41150
-1965
-5214
-31560
12312
33946
-15568
-30817
6969
491
37169
-14846
40020
-2622
27994
-33614
27443
15031
-32922
17074
-35540
-1144
-27884
-254
40166
19711
38483
-34863
2754
39905
-33744
-36064
-23552
-9757
35175
-38485
38356
-38876
-22641
37085
5544
9453
-34689
-14131
-21338
-3011
-36575
38202
-12087
-35411
-9188
-23785
-25818
9387
25388
-30122
-35802
27243
-6415
30505
-26879
22003
19030
25541
31003
6587
-11691
-9359
14101
-102
-3039
21555
-19391
13065
-25852
-36119
27316
7264
-10703
18056
3340
-41768
32322
-31022
33915
-22296
-39256
-33403
30233
-7085
-3495
23675
-32464
13863
27220
39944
-41537
-14861
-11755
231
-9083
36646
-40504
-41754
-9722
-32545
33102
30276
10390
-5119
10935
26956
8614
-17059
29538
13925
36752
-5824
28685
28460
33568
-32532
-41576
-41148
-35204
39885
35668
-6047
-28986
-42102
19754
-38770
21260
-8309
-1975
23977
-11210
30376
-36216
24167
-25379
-26115
-8361
-9444
-19970
4059
13679
15500
-29403
15996
-105
-7070
-24324
-40047
14725
-5796
-24908
-21514
-17604
-10966
-27078
25482
11584
-20662
-28046
-16137
-4832
29
13140
-38742
35965
-7172
15326
-14705
-28182
24683
23901
-8686
-24258
-28524
32680
-12867
-132
-6169
-25136
14997
4315
-10511
-22836
-23627
-19019
37963
-2262
6799
-403
39955
-37374
-1848
-39963
-37480
-36870
16225
-36291
-24094
-28532
-34600
34110
-15895
-22059
24655
29756
-10715
9181
22553
-18938
31125
3125
17086
35807
-22030
-4961
27671
-22039
30569
8562
-22645
-34769
30386
10651
37753
28326
-42007
-5574
39570
-6936
14695
13600
20197
39007
-23135
-459
-29711
223
14273
-37757
32617
-34684
19007
-33967
2249
-4746
-30914
-39346
18524
-5693
24027
-2412
209
3574
38290
-23382
-4982
-1785
34158
25756
-5720
22152
-19316
35593
29935
-31352
-34211
-23564
-21181
-3620
-7889
-23195
-42758
366
-20081
-28348
6363
25665
12424
-8403
-10059
11464
20082
-37228
24858
18620
410
-907
3105
-9343
22743
-1675
38451
-10393
-3169
-29166
17716
-36166
-4721
-5770
20155
-21605
3008
21560
-29160
35537
-14295
-24906
13411
31576
-37925
-26318
25737
-32748
-11738
3630
-11216
-21171
28719
-25427
5326
-18584
29565
-11509
-22150
19575
12422
-17796
-29764
14650
2765
-17556
8134
10934
26905
-17298
20068
-7573
-21494
23598
17161
-23953
9767
-7721
2692
7819
-9163
16326
16603
22207
34002
28732
4871
31285
-40697
-7472
-35679
3293
-2220
20256
-25913
-14537
-861
4377
12188
-35478
-12637
-36927
35432
32635
-14728
-22428
-31827
-22727
29181
-18301
23012
-30294
1600
-560
5066
-11459
-41386
5477
13052
-13923
9639
19812
-10356
23790
4324
-18930
-18683
17841
25223
-24285
31475
21325
23234
7668
7461
-37874
-38560
28685
-6709
17308
-30419
6058
-18197
17247
35687
29729
-35495
-34829
760
-23988
11132
-31212
-31938
-20063
-7296
31301
2564
-9578
-24408
13829
-15259
14632
10455
35537
7646
30625
-5128
-42109
40843
-27842
-17314
-14281
-3665
5345
-12319
-30267
-30204
-35479
28097
-28526
-39469
32638
-44063
-17949
3912
7706
23521
31856
-45195
25107
-19610
6726
-25141
4588
-11837
13914
19416
-18564
32285
1654
-23682
30676
-6431
-36539
-40067
-35657
-34675
3298
-10781
-33264
-43794
36227
-7343
10772
2162
10651
-41462
-10312
-29177
6363
37233
36103
-24852
-21176
-28747
-4502
29494
-18349
40916
-38845
10828
28427
26891
19562
-17360
-19912
-35254
3463
30019
-13202
-10017
-29816
-34103
19816
-23061
16209
30702
17752
-27255
-37682
-3599
-48020
-15126
-17685
-12627
-24420
-31809
-23298
6953
9014
-44046
-17110
4281
36016
18904
-18519
22805
27487
24802
34868
32595
3212
34361
6089
-7992
30579
32003
-3867
503
-3797
-1841
36788
29270
-16340
-23507
28837
6313
-40279
-20956
-31643
-24065
-3443
-9633
-23229
18209
-30435
36314
-8040
-25840
-9790
-31933
-12810
5956
-44493
12463
-14338
26198
-21298
22066
10761
-3506
31229
27057
5837
-20506
-16615
-28273
-5182
-41331
4909
28730
-4047
-36937
8658
-14421
-43596
-29590
34553
-33391
-23478
23379
-12019
-36316
-33902
-39757
-18918
9035
12153
-29637
29525
-41387
8518
34925
36982
32422
36378
-38042
28829
17501
13091
25023
-39769
9703
10667
40273
35823
33616
8295
-92
-26223
-38521
-9990
-41061
-28931
-30232
14730
-42062
-3108
28716
29307
28315
12198
-39997
32852
15196
-33734
14266
-2068
-20704
-43514
14862
-20961
8832
-22963
32674
-816
-27934
-11324
865
-42581
23127
6406
5770
13427
-31404
30866
19870
34909
-32036
-31386
34919
4897
22181
3632
-29501
38115
12004
-26259
32083
4231
-41104
-26968
21649
-7234
28303
-10451
-12315
9885
-33594
36547
27706
12283
29029
-24903
-20180
-3162
25371
-37487
20320
-44491
29908
9533
-27041
15968
-35618
29384
-39073
13414
-43579
35782
37763
-22468
-30528
-42566
-34468
30610
-37165
10065
25983
24489
14803
35849
-16347
14842
31275
-5633
-17977
-32367
9219
18411
-22660
-964
-32399
19535
-3995
37807
29399
30733
-32369
20309
4559
-27206
-8671
30949
-30367
32272
9852
-40422
23344
-3855
22492
8787
-38036
7772
-36915
8554
-19997
-37580
-18237
-22304
-3718
-5408
34805
-7451
-9357
-18549
-20667
19748
-25233
-12115
-6383
-14640
31694
23938
33191
-41711
-26460
-3500
-1129
13756
13143
26701
-35862
-3969
-36517
8883
14008
14887
4948
-17644
-36060
38922
31517
-4724
-2620
31943
499
-3514
5411
12346
-12884
-3715
-23708
19224
12328
-38365
-32658
-18310
12593
-2570
-1204
-38802
27256
14211
5181
27179
-4175
-40643
19914
-29933
24348
-36051
5623
29367
27830
-12652
-37194
-7531
19973
7400
34171
-10913
-10745
-13892
-17342
37502
-4429
-24283
-5781
-39295
-34846
9407
37775
21759
27250
-6342
-13193
-2579
-20754
-39890
30572
26359
-34019
29033
24407
-14261
11990
-29066
-10823
-21342
11610
-32226
-30482
-16464
-23749
23965
22517
16955
-30095
14274
10110
14938
21696
8272
4651
-33197
-29088
-27699
-18013
25827
29293
-20411
24617
38441
20877
9582
31097
-12134
-7807
4379
34223
27761
33301
-34755
224
-35108
29360
28304
-21320
11940
-194
-34284
-16955
31369
16567
34965
23856
13941
-19646
36626
29632
28711
-39381
33854
2325
19606
-10830
28058
10081
34080
-10892
-36984
-22309
-18533
10019
-37508
32092
-19322
16693
-4687
-35643
-13055
2856
-15171
-12503
-6027
37145
-28940
20252
-8270
-16200
27011
-29916
-25362
-23530
-1764
5791
23596
-21504
34714
-35015
-1349
17096
-20429
27781
25578
-20831
-35781
5161
35200
19329
-10005
-41401
-7937
-39224
-31306
-26833
-25979
-12464
-11322
38580
37688
-35167
39201
23377
-22003
-10300
19112
-17903
-10478
19709
-22058
-25222
13124
16024
4687
-33955
-22917
37576
31096
34863
25318
33237
2377
-7173
-17688
-14882
28347
13880
31620
-31816
6798
-33490
6142
14480
23655
11499
-27846
-4642
20212
36506
13841
-20351
31006
-43776
37810
-1680
150
-15214
-4918
-8508
14763
-23280
36620
-25464
36099
13092
-3080
-19257
34657
28904
-21396
501
-31576
-39838
31437
-39707
20385
9824
14511
17751
7924
-11970
-6559
2476
-24270
32537
34387
-16873
20761
-19719
4659
34936
19971
541
-18101
-31131
12231
-4784
38496
-12502
-11524
-1708
-34582
-8759
35029
-43275
-14481
37655
-4101
5776
-1388
25616
-11271
-35169
-10610
-43391
-19582
6533
37641
-1797
-239
-15070
29228
14175
-37188
30230
42065
18646
-18884
-36195
-20712
-18602
-25354
35045
25788
-12988
6389
-39852
-20909
41347
-31962
-16530
9103
31200
28714
-15309
31175
-16237
10418
-8668
44150
24949
41280
-6880
-11192
20221
38728
30001
30922
13696
27656
29152
-12214
10368
36994
-39122
5642
26103
4814
-7660
-32776
17226
-38708
-37638
25383
-2730
2290
30503
-8213
-35592
-26302
-533
7121
-10990
24267
-38843
-38513
36620
-7424
8725
-4259
8800
-2657
-12262
-31759
-13870
29530
39094
17595
-25497
-36436
8031
-26204
43939
4632
-25001
-32744
13111
-15406
-186
8647
18215
33514
10464
38517
-18217
-23338
5655
6983
36548
-5891
8754
-6801
-21119
16411
33172
-8892
-34111
32850
-25809
-27496
13973
-19663
31093
-26164
9881
38849
-1156
-29709
-23452
-5954
14052
-40001
20430
7162
22434
-16521
-21109
10142
-38207
16097
5102
38714
19325
37827
-6621
29657
-7364
-31954
30643
-18987
-9570
41628
23680
-25996
-193
26264
20628
24965
-11997
10645
28208
-11363
-24297
-25514
30178
562
-26979
-17522
31291
-10832
20038
11045
-33169
15477
22168
-27777
-32459
12072
17711
34063
31141
-15278
-42957
-30846
25238
-9362
9781
-37370
16451
-29163
-28387
39584
-8843
-5363
-28888
-14253
-4367
22577
27160
-35475
24541
-27480
34947
-12307
-92
24820
39673
37111
28850
37654
35638
-8556
24431
-16358
-5504
8168
-30994
27806
38085
10694
27464
-36382
-37415
-5761
38386
19169
28497
6901
-3716
-21456
-33738
-28416
-1827
29743
-14305
-2361
21843
-8348
13760
25209
9776
-41009
-14758
-23813
-10302
10297
30619
18380
-4545
7979
-17638
-28072
-35489
35638
-19583
25335
-30845
-6026
-27708
-26789
-17208
-5766
25672
-26288
-30567
-37548
19390
3786
-36785
-13403
4302
27955
43321
-32082
-26687
-14575
22427
-808
-33519
-24926
24414
26425
-31185
-12568
4637
-8310
377
-13790
38427
-3318
6501
-4425
-20656
-23699
-1554
-710
-27805
30577
-3526
-14075
-13273
-17923
-21943
-1165
-41081
16564
-6578
39394
21384
-29147
-18207
34105
13994
5465
9164
40327
34128
33891
-5195
4164
-31782
11828
41626
-17772
22680
42316
-34940
-15005
-28944
-37618
-27491
-37082
-27995
19860
-8817
3056
-26182
33294
26643
3464
2040
966
-17624
-11814
-23751
-6559
-21085
8065
-7402
-8872
-16541
-35178
6215
-671
29559
-1193
17747
-27841
35107
2271
-33442
27169
37708
39400
3409
8726
14124
20544
36538
-4945
-25623
30252
30996
42042
-27619
-18241
-21870
39370
14359
-21502
-15287
-15162
-3814
-36330
28634
-14507
35663
-21471
27747
35058
7225
25631
-18126
6633
10488
-28555
11755
3564
-8634
-22998
-24834
7719
394
23788
26965
-1974
-10047
4230
8563
3671
40484
32842
2338
-11869
-2279
33917
-15253
-30045
-38694
38469
-20554
5053
24377
24369
16677
7626
4932
-22967
25972
17379
41331
-22947
-26791
-17896
35742
-7891
23550
-22332
-5190
32951
7544
22367
19965
38877
-28922
-31660
-14441
-29674
-1378
9681
-18361
8494
35472
27688
5839
-8920
16482
1011
-35414
-39393
-11038
-36668
31479
7817
25406
-30455
2697
37982
5030
33614
-31059
38038
-41029
-38896
-24817
-4487
31745
-31075
13738
-9940
8548
-511
4514
-27615
-16119
36095
30319
29959
-14533
-29401
17823
41497
6568
-15259
-37245
-16050
12751
21452
-2452
20654
-14234
12265
13369
34900
19735
2203
17232
-7660
40113
33959
42047
39165
9217
-830
14769
11429
-35536
32526
-6721
34421
29164
22259
28119
6467
8478
-4737
-31905
29695
19632
10368
-25535
-403
32502
7962
-18607
30664
36731
35137
3339
1131
30975
-25893
-22669
32696
14944
-4831
3970
-21410
6606
-30989
24582
-15833
-6049
-13993
26839
-18745
11680
39234
24010
33788
7109
-36049
-21185
29746
-17104
-19463
-20356
-29818
-33200
-34996
3745
21606
-2314
-27588
13776
23265
-5287
13967
-35315
-2320
-23618
-21938
-409
-660
-38063
21138
-28521
35800
-38183
-27926
34828
30247
20857
16601
37353
25099
-38868
-29463
32576
5607
25370
24366
-18845
16749
-17745
-4381
14348
13822
38104
38808
13934
-5907
42000
-18770
21285
19088
14623
17100
-39107
-34350
-28040
3408
28995
-3542
-12393
-27135
-24005
-20029
-31589
20141
27180
22075
-16228
37779
36565
-3357
37450
-18513
-27420
34688
-32653
9294
-33884
-3647
21078
-41154
38038
40478
-26749
37469
-34147
1252
-11516
-21222
23559
-29877
-34459
3016
-18434
-17531
-39930
-8134
33682
30618
30270
35606
-32333
-1198
-16656
5582
30555
35630
17101
-18910
-4297
-8170
17080
37287
16327
9458
29330
-2116
-20258
26946
-31739
-33772
40900
-16159
12672
4067
2789
38640
42915
15203
26107
38810
-7994
31530
-29887
23048
23328
-14710
4379
-13252
37435
33074
37522
-12233
-16549
-4050
-4441
-37949
-17422
-4103
8679
29720
-1415
-35700
-31864
6720
24458
-33067
-20687
17084
25812
-24785
40685
29124
-5811
20337
-737
32460
-20547
-12022
-9436
-6339
-1771
40950
9461
2937
23698
-17648
6440
-33740
24441
-28825
14486
-34131
-20319
-4649
12570
-39819
-18595
-16067
-18163
-19741
11370
3726
-36442
-13938
-34780
15386
30816
-15482
-29641
-4263
-292
-5277
20293
12055
33630
40664
-1466
-15515
-34658
-25019
-34272
-23358
-25793
-36023
40246
13407
23346
5757
28080
-37958
-25678
-15308
-20811
14520
35095
18563
-25788
42601
34626
-36244
14293
28694
-13385
34370
-19826
-16200
-29445
-21678
-17661
13043
28258
11034
1703
-29285
-25806
-12487
-36817
-33723
-25947
12149
31948
30721
2281
28603
-5290
27425
-13826
-22896
10642
-35536
-8712
-32637
13558
-36420
26146
23094
-6594
30288
9188
11963
21613
11772
20856
27412
3531
