14300
-8978
-30034
-34207
-41855
30944
-42452
-4195
-7843
-36305
-25879
1553
13272
-31715
34746
12995
38712
38193
26320
-16828
11066
9641
-881
22689
-10394
-19366
-24514
34858
10060
8961
15374
14483
-37252
18426
-474
2797
345
-28962
18560
-35
-7187
4577
39610
12345
4872
-24586
11308
-12573
17416
23652
7413
-23827
16273
2522
16635
-27902
-28272
-14004
12276
-32411
-17559
11837
-21940
-14795
4121
20005
-5
-26727
-6548
-36862
-17975
30092
-18668
-43428
1313
26495
-25682
-31591
8721
-22364
14001
-36233
183
16520
-6375
-15008
-20312
-29646
-25626
-919
119
1551
-4421
4609
11591
-21923
10201
-24372
-12134
33536
32896
-10960
13351
38019
-41523
-19489
-8646
34462
18643
-34381
23238
10357
-16445
7288
-17872
-26877
-5276
26411
-28860
35879
30508
8972
-17896
-40123
2230
-10788
558
8616
22133
-42685
23673
17171
-20501
9320
13619
-12067
21620
23090
16672
24868
-31452
-14426
22574
33943
-30215
1220
36797
31135
3646
16854
-2633
-6013
16134
-19201
-10416
20832
-16283
-10896
18973
26894
13303
19796
-30102
-32689
15606
2551
-1546
17351
40722
224
6001
-36697
-19913
-2157
-22739
17142
-3023
-35277
-21977
-30051
23331
-29148
-5014
-20527
-628
-26095
-28777
26540
-10273
-17838
-41042
-8187
-40873
29975
-11172
23239
28476
456
-4401
6236
38238
32521
-7075
34451
19626
-6159
-38019
30057
33772
-12932
38873
25656
-4301
11344
13161
-32144
-38031
32035
-1480
-19337
-13421
29641
-14981
-34520
-16989
4262
-40153
-6543
-3251
-2025
-33866
-6275
1263
-33449
31959
37259
-39248
-12050
32509
-1741
-20241
-10490
6849
33413
25028
5388
28007
25630
-18553
8220
-41298
-873
-15580
-21132
1641
33767
11066
-6400
-15944
-2772
9551
-27881
-4789
-20075
-7522
-18622
26663
-4861
23630
-6575
-31537
-10461
8178
36960
24076
-36843
35188
24708
10892
-8090
39614
3861
21876
-2265
7151
41155
-4140
18464
-33563
16550
-10598
6995
-16483
-37613
28251
-1629
34819
10885
5231
14721
-41388
34443
21028
12109
26646
-33825
33065
-22406
34418
9704
-33258
36295
-9000
20206
36029
-12027
6521
-30544
12804
-12412
32036
9217
2287
-24044
-4941
-6930
39183
39039
5958
-21340
-17230
-7378
31352
20285
-17208
-36166
-13854
37466
27910
31511
1009
9077
-16213
25342
15049
-6613
-18855
-16781
17902
40630
-2657
-6382
-30990
10991
-1426
-32103
-28384
-31731
-42439
25511
-7691
36990
24128
-11521
-42499
12500
-42063
-33340
24208
7185
35493
33830
-11251
36027
36463
31195
22830
6105
29471
25460
-44053
-8613
-30469
-10001
-167
-16561
14588
-11629
-8412
6424
-32933
22741
29026
-26626
8930
-1695
-21264
-16649
16334
-13273
-17103
-19495
34560
-31448
-40530
-1214
-24757
16188
-9396
-36930
4966
7845
20908
16153
29687
-11302
-27173
25386
-33096
-10165
15022
19102
-39907
-31822
16064
9396
32152
28061
17926
8149
-11949
33390
-11328
-30117
22980
-27883
-14825
29985
24447
-12789
-2637
-41025
-4789
30667
3838
-576
-21712
-16631
14418
-33493
15578
17904
28762
-38866
36466
-1566
-4381
27475
-31333
21291
-21944
36705
-31880
-20949
32093
1519
-24701
19233
39979
-12491
13835
-38296
5571
-859
-29642
8493
10976
16591
28864
-3332
-33462
16207
22027
-26491
30774
-31856
22401
5138
16242
36830
22906
-16362
-30866
-43385
-13588
26588
-11824
-11579
6371
-26479
-12510
17754
-28238
20127
37738
-13899
37845
-24781
25013
25354
2631
-26186
444
24573
-12980
-36606
-37626
25836
6686
14242
-30641
-8510
16757
-27108
19744
-16514
38361
36563
32339
-27614
-33089
-41360
-128
-6160
23003
31403
-15062
-2034
-33225
-28896
-19404
37720
23600
-6401
-24624
-13008
23830
13838
-16791
1480
-19038
2820
18097
-17064
-27598
-21414
35365
25572
-36896
35684
-30320
-9838
-12440
4805
-5683
-5482
-34798
-6618
30244
-35496
41444
-8280
15009
-3095
-1261
-5210
33959
20916
-7467
2595
-16594
-15753
-15223
13420
33663
37900
-966
28402
-9281
10378
10570
11556
-24842
-20601
-1678
-20888
-19258
15311
6728
5355
-36591
899
1935
17245
-29858
-18314
15093
30172
27380
22015
-38431
-14339
-37142
1433
-3149
37408
-35953
-13951
10912
9147
-29205
15330
35518
-2618
23459
-9662
-2464
25620
-7773
12736
3390
7851
23625
-18362
-24218
40315
-30976
-27934
-35020
3072
9418
33990
-2983
-26310
23520
-7798
39575
11896
-30107
-1941
-23095
-22162
-27928
7867
34048
17331
-22990
-40178
-37820
-16394
-10114
-35339
-26818
19750
8236
35325
-24432
22130
-4072
-44526
-17960
19271
27678
-11454
-4279
-20472
-26506
-4743
25933
-14704
3512
21894
36624
-29192
-5338
-28206
-40482
-29565
-26449
980
2512
-20146
36577
15337
-27421
-29326
-12179
33019
2940
8433
-3672
-30313
-34068
-1322
11175
7040
-17376
-33876
-21220
-16917
32222
19087
34141
-29589
-12849
-21851
-5190
-25183
-40202
5108
17463
-42013
-12821
1884
5738
1303
-5736
33847
2192
8509
11615
-14820
-17044
30495
22713
-13625
-29738
-23019
9307
-8716
-36434
-36850
-12283
26111
-40687
-13638
-33484
-25496
-17772
-25373
-14386
36395
-36281
-1369
14434
21541
-19652
-13235
12124
37348
13485
11788
31835
-36467
16440
27457
-13488
18434
13576
25281
-14087
-24049
19970
33920
-712
9625
33791
-4915
-1614
6201
36179
21401
15923
-926
-37992
21603
13750
-28122
-19907
-28271
34716
-43056
-31834
-14355
15179
-20900
-33910
28784
14158
32607
-8527
23230
33155
3512
5874
-38110
14563
24494
17517
30603
32198
32057
478
-24166
-33624
20044
-36098
28855
-21926
-2875
15403
-18674
-28723
12179
8042
40987
-6510
-9816
14015
24598
31606
-11798
-17363
-16337
21450
12436
-20746
-14797
-16786
-39933
-39277
-16264
-4593
29881
-24239
-2724
-32887
-18753
29012
-44597
-25781
3120
-10466
-33709
7182
20017
3999
36261
30136
11726
23059
31869
14001
13483
30151
26808
-20659
1442
33447
12105
5350
25369
16329
11196
1987
-29973
-24308
6463
-25164
2674
32805
17776
18261
-13062
6592
20144
8845
-14558
-8124
15329
38726
-10667
-7647
10840
-13651
-21339
-22571
5886
-25709
36144
26538
-12021
-8137
4798
-472
-2514
23597
-8992
12859
251
-474
-7695
-14634
16985
26055
-26629
36709
36790
-31690
-35962
21088
22127
-32864
18725
18983
-28310
23620
-36152
23055
-5473
-10295
33060
21989
-33478
-39135
-36409
-27406
-39584
-10499
-5798
10964
-13537
-15746
-30057
30001
13484
20899
33515
19621
-19173
-40953
31793
-27652
-40261
40600
5808
25997
-21751
24720
35470
37577
-42287
10106
-362
-17643
113
4451
-9490
18571
-9443
11636
-9089
35688
1675
11332
-14707
18408
-41319
20847
36981
35527
-13278
8333
13672
-5124
-37834
3458
-1144
-28628
9976
-14540
-6029
-21391
-38236
-35594
-13842
-28668
20191
-25980
-1736
-37976
3873
-7475
-39155
-16339
-18847
12513
-30725
31772
-29587
20284
6519
21949
15410
4263
7201
6864
-35029
16917
-10224
28318
-36136
21969
-27521
-17685
-7840
-15621
-18134
20054
-15235
4549
-44475
25305
17459
-40797
4847
21239
-27840
13987
-11251
30320
7406
782
-10394
1374
-39148
26979
15514
-33069
25110
-11669
-39118
-4651
-31559
-16418
-11231
22709
-4624
-7550
18117
-23217
-32443
-13397
13232
-35647
38991
23463
21323
-3338
37673
-8229
-4400
-28756
-30341
23618
-35809
12509
-35725
-34928
-42150
14804
31548
-35238
-944
15537
-6217
-22522
-8942
-23318
9389
25594
-38706
-39862
16126
-11856
-38336
39691
9164
-24825
8241
42621
33868
37032
29048
18944
23240
15572
-39818
5249
14580
1571
-10574
7229
-18696
-5862
36412
-29920
-31474
2221
9591
32565
1824
-30254
-12712
-35322
-11019
22624
21809
-25890
18074
4096
-31817
-39522
19737
22225
28350
9051
-4415
36882
-42050
32901
-9539
-21531
19998
10129
-12123
35587
-24252
21479
4190
-13722
-25977
-10037
-12822
-13773
10950
-40049
13300
-26113
-15248
-5133
29428
6854
-19359
21772
-4972
8650
27531
12961
-13783
-16445
15329
-5370
35036
2407
35581
26280
-35337
29356
-19751
-21408
-16275
35712
-20951
-36237
-12994
-34764
3784
21134
-5719
-29646
-9804
2409
34583
-729
-19295
-26095
9610
28209
-29739
-4331
-12178
-35639
14213
-22969
4311
4363
12942
18229
-27857
36475
37628
2322
16335
-26683
-39296
-39388
-12325
-33592
39260
-7470
23810
5420
-23669
3525
-4495
-40104
33984
14496
-31511
-30887
13239
-19529
35906
-25773
-19092
30798
23214
-16103
-18557
7904
30979
-22359
36009
-14733
-18804
13277
360
5004
-11469
29209
178
-2555
40047
-20403
19523
-35163
-24731
26508
-9986
26402
-3952
-35004
8150
20200
39224
20551
7308
12496
-43601
-3977
7704
16468
11624
34314
18103
2095
-32859
-40073
-40477
37273
-29970
17095
7548
-21214
-15742
29735
-8901
-12139
-14133
13753
27435
33877
-39207
-17977
18801
-29525
-35829
14558
25028
25873
-17086
-30959
-24101
10083
25167
-17597
-10935
-33592
-1273
-32592
22488
-17459
-2604
36813
38697
-27719
27019
33709
-21712
37441
-8471
17889
21084
-35714
9026
-40629
7792
-22339
4095
17784
2067
-6833
-6852
-33440
-29288
17826
298
-31709
25940
-33549
-25651
33889
-17935
-40109
-25528
3892
22271
-7316
-10668
-37659
1753
2226
-3915
-23337
-6224
-22159
22618
-19678
21284
-33117
-23222
12499
-14043
202
2184
34573
-27397
3816
-23374
-18391
-20085
7084
38442
-31127
-3025
36107
7975
-33540
-21543
-4610
43146
-17325
-8770
27807
-19362
40472
23067
-12781
24323
-6130
-9248
14391
-22055
-31988
39687
4496
-16722
26497
-8707
-34868
-24916
-31821
13859
33136
-37390
22457
-30196
-9792
19298
1842
-15396
-4674
-30817
-6106
27050
18557
-26410
30053
21692
16512
-18136
-20016
-32292
33040
23665
17242
36619
-7212
15961
-2718
11499
-11215
20802
-33613
35741
23832
41090
5866
-8240
44645
-24507
6252
36838
-18697
33805
-39924
34313
-38014
2036
23003
-41994
-20701
4323
5164
-19706
-18212
-10175
35060
-41848
38584
-20918
35190
-7367
27742
29607
7353
14187
35202
-10191
36544
11807
-29846
-825
33895
-14363
-21097
-824
-12692
14246
15676
-24638
-20902
14964
-6732
23332
38219
-24044
33803
-17667
9004
-4879
39570
33703
-11220
-21281
1868
4264
-24089
5818
17106
-7008
-6948
40409
-2735
-7610
-3203
7385
27508
16520
-17304
-39014
23292
-17946
8963
-25060
-22074
-37484
-37894
-4013
-12237
-34751
-477
-7744
14423
-7159
27496
-9367
-29866
6920
22547
35352
-37608
29712
-36592
1317
13776
30839
-37607
38212
-2233
12094
36423
-6982
73
13126
12499
-8020
-24864
34358
21017
48773
33736
-23122
44236
-12822
27774
-13720
27159
17185
36367
11873
555
27741
3436
33603
19266
-27682
-22654
-33024
-36870
24092
26369
-27335
-10624
-42821
-2367
-15187
37844
32110
22851
-1796
30506
10305
35529
32289
2582
-22608
24863
19491
30810
-41105
23844
32331
31563
-37684
-11074
36612
-3693
12865
17522
-29716
-6048
-19574
19177
30656
-35064
-30743
-8289
-3748
37604
-14557
14679
-16525
-20811
-20141
6075
37731
20185
-6184
48742
-160
49796
-24827
2298
32946
37458
-9863
10816
26588
-24786
5488
-8714
-18900
-30497
9928
-23113
-9701
26487
-7030
28954
39449
26676
-39965
-12482
-39841
34301
-37280
33970
7213
-40128
4621
3330
-3957
24021
-11199
-34949
-11288
25426
15304
-16037
19108
17082
-11928
25216
-27501
46910
37218
20156
33270
-28110
45616
20069
-27953
-14284
33348
-24478
17782
3858
36459
16996
-3469
-2733
7137
26805
6820
32590
23985
11088
-1341
-13861
10622
12654
25824
-16890
-42140
3864
-29227
31768
-401
-39779
-22373
-41343
22324
13968
-36182
16920
22793
34677
23266
-12274
12555
6144
-4421
-10668
-26850
25706
-24068
-10941
-33677
-7511
261
-20502
-23968
-24568
18427
446
-8666
-15989
-13925
44920
25644
22513
-23938
20484
37479
42629
-3270
47899
-11526
-13419
37789
3452
-12914
-43135
-16898
-1914
-15
8098
-27509
-28732
-14088
34560
-7351
-42222
-15715
-12656
-21316
26413
17865
21787
33134
30758
6054
22115
26016
17700
-25407
-34247
40300
-29848
-17012
-31115
3888
17516
23250
-2836
-22903
34811
21175
15975
-30854
7220
24597
10355
41936
38490
-16205
24307
5371
2682
-12232
53737
14290
-14046
-2244
-12362
7717
-4142
-5943
-2261
-33171
28294
16485
29679
-6637
18930
-34893
-3269
9663
-17356
-38383
-39440
-21594
12244
-13151
8497
31535
825
-5964
38419
-15875
-22117
26242
-29113
32577
-32088
-24800
37439
6107
1389
-18655
-27626
10599
-11155
34009
-18016
17671
-12586
-18470
-4194
-32138
13409
-15066
-14779
-2967
17282
-19032
46989
-17695
316
-25761
-1458
20251
10757
-6714
-9903
19481
5609
15738
35034
40280
33578
17031
12591
-43426
8179
7584
-5010
3522
-41286
1421
-8007
20727
-5999
-7016
38348
-34384
25150
-8517
-8536
38990
-4576
-566
-39234
19402
35240
39690
5640
-36428
30813
6737
26224
-27409
10654
-12396
10434
36651
-21309
26093
1263
-4540
-3918
-15166
9752
-32108
-23820
45861
-26717
-11560
22796
14319
29948
36331
-3457
10229
10483
41507
-33682
-9297
-40184
910
-39364
-5629
26911
21005
-27591
-2843
-6608
-43747
5948
2148
299
-20875
34775
20322
-15267
-31756
-12741
3055
-12437
-36445
-536
35956
-1467
-10316
26759
9350
-22961
-3126
-15528
12808
-22162
31539
16692
-11324
-19753
-17299
40521
21916
-3910
12719
-21038
25905
19289
-36629
20432
20574
43337
-28438
23990
35224
-34528
11281
22423
-21767
-3861
-3750
-14204
27916
13602
-24994
15865
-41861
26196
-10871
10838
680
-12274
24661
-16325
1577
-31436
-32455
38699
21991
-17091
-5630
-21646
-21178
22589
31435
19776
1489
35887
37235
-9834
-16519
-15189
35208
29990
-34340
-18170
50
-15368
-8830
-27971
-27207
990
-29964
27651
-9915
-16202
-21786
8614
-12055
-12797
31041
20600
20943
14351
1938
17064
24459
-4506
-14526
-16304
-14107
5948
16632
35037
7107
2868
-15665
-37553
-31500
37362
-8937
22333
-17543
-10473
-7120
-35066
-2383
-38686
-32099
34945
24426
29636
-24005
-21313
-25826
-25549
27934
37415
5649
-8377
13552
-35113
22494
-30515
-34223
-34823
496
-12332
36071
15371
-28904
10043
22969
-9076
-3541
-36201
-25065
38355
-25125
11586
6249
6771
-22913
-12879
-35001
-24097
-8360
-7195
-14503
-21391
31626
-17023
10839
1051
-26256
15488
23624
-25265
-24408
21646
-20327
-25261
6007
-7642
-5476
9349
31738
-36245
21475
16383
19856
30917
15547
31535
-6975
-1435
6729
18799
-3131
-40661
31552
10788
-21420
-24300
20507
-30193
-1409
-39874
-3011
23492
-30724
20298
15422
38951
-10421
-4678
-19768
-40675
-5437
-12199
-28159
-4582
10246
-24822
-45000
27716
468
-22817
-41898
-2642
-27064
-547
-8169
34360
25837
23629
26472
30088
-31495
28125
-4964
-29766
-35376
-12020
9420
-18639
35072
-39447
-6467
13814
10538
135
15597
-25952
-11415
-11680
28317
-6935
14100
-34098
-32182
-20492
21682
28060
23329
22913
14104
25972
-30206
-26462
31391
31922
-13342
-22732
-40787
-6272
23495
-31411
17732
-39892
24792
-25072
31681
-17770
-26093
15418
-20402
30485
21102
-34039
12610
32275
-168
8926
-34862
-31648
-31257
-9086
-32347
-1355
-21684
-41321
22479
-32974
-15152
23326
-2626
-12330
10985
-39139
2345
-25099
8586
-30051
-39491
-19977
24039
-25972
-32196
-27011
310
19752
-6699
7521
36928
25185
4673
-17132
36795
-32369
-8304
-18317
-34611
10654
-5390
-42196
20177
-28656
-20411
-3010
6464
28238
-16805
-22530
547
-23334
-30921
-7211
34573
-27677
16773
-21535
-29183
3518
-17191
-40322
41777
38285
30248
17508
-29735
-5010
39404
-40847
-26288
2541
-4777
-13786
821
-20735
38478
-31860
-25683
-30755
7184
15791
-6593
-35060
-29576
25841
-39908
21413
6568
-17340
-13208
20587
-37585
19945
17522
-15272
-3722
7758
-43825
-33399
-6737
-43679
31771
-39770
687
22495
-47989
-3309
-34028
-231
-37915
32287
-22298
-28290
-27932
34555
30265
16051
-3610
-20992
-32024
42225
-14623
-7106
-17749
-30678
-2567
35833
5969
1064
-7876
2308
27397
15924
8355
-18706
-32417
24488
-40111
36403
27943
25335
-33046
-21021
-7243
-5061
31569
-3046
26065
4502
18819
-29892
19841
-5531
24254
-6878
25430
14194
-26994
18340
-9876
-14799
35796
23573
20521
-16641
-23462
-5829
35554
-33262
-15206
40296
10468
-39124
28816
15136
17854
32257
21830
-39232
33362
-7908
41943
-22269
-28311
-5792
-37762
17018
-21874
-39303
35417
-36635
-26323
11301
-24672
35415
-26656
-17263
20251
33477
5309
308
-34710
30189
40456
-13469
39652
-26835
16256
31890
-5364
27008
-22711
24192
-33449
-37881
-32795
14054
-42600
6585
-38506
-42083
-16153
-21640
18017
6426
9964
-30855
-42393
-11169
-37300
19044
14185
-26658
22682
30774
17383
-16813
14780
26231
-36612
41799
5349
-20071
24542
-17042
-25580
1797
37524
-18441
24666
-19592
-26373
-21140
-18270
-33631
33115
-27900
-35816
-7405
-22469
27751
-29620
24235
25960
29297
32088
4525
33765
-40526
18811
35849
-6326
15153
-13284
-26772
-22442
-40754
-39296
-35555
-25799
-9927
-18615
-27635
-35217
-15147
-34214
-30731
10085
1341
34568
-21273
-18318
-19259
-32056
-26441
-7906
35373
36010
27603
-35556
30798
-22712
-14173
-27010
-7560
-13297
37564
-9669
16106
8194
3001
25941
-14623
35398
-21407
17913
-10707
-40053
-20373
-11513
23920
30527
-2833
-36553
29400
-39266
1666
-19088
-41425
-39406
-11746
-30594
-21680
-13219
-11384
-38085
8834
-39257
-11765
-6570
-19127
-36943
-42303
32451
-7905
-10288
-31743
-20816
22264
-8267
19859
20926
37452
32511
-16050
-14435
39074
11817
-4821
-36580
-19185
28426
10609
-27537
-10130
-16120
2314
23376
14206
3308
-12562
3800
32848
-6651
930
-6209
21054
-15333
-36496
-32158
-31466
40704
22879
-21280
23712
-5263
6862
26545
10721
-24774
31257
-1866
8151
-35963
9227
29139
34140
-13557
26260
34390
-16760
-6728
17288
36039
17906
-6690
10049
15506
-28925
-16049
-34467
36016
15606
13871
-11553
-13215
-22500
-20157
-4127
31293
25846
10828
-16602
30319
-38818
6329
-7539
3832
23563
10226
9168
-20888
-36515
9201
16239
-3870
-953
16664
-9378
-31096
7898
-12835
31434
6540
-15249
23944
6132
-5691
33802
15287
-40463
-3401
-17647
18389
32410
-36872
5333
9176
-18529
35691
-41644
-28601
-19936
-16155
-20097
8809
-13582
-25661
-12819
33447
-25824
-34094
42213
-16164
11562
20658
15275
-15825
-38904
34280
15958
37126
32289
-18941
10936
21871
-26423
-38583
16949
-39289
21373
-29635
34932
-21745
-7958
11884
-25806
8298
-25496
39575
27736
10768
-15136
27191
33373
-9992
-2261
-15671
13866
19582
-33183
37758
3763
1615
1069
-22225
15024
-24415
37901
26258
-29379
-17006
-14922
-2149
5189
-23784
14349
-32306
-18462
26728
35019
-25973
16434
18911
-24392
-12299
-34931
-36161
-5963
-24463
-18613
-7332
-33413
953
18003
26554
-19246
-19421
-1124
-40143
4080
24946
-24288
36662
6401
11816
-21060
-430
-21893
-24500
-7411
32257
40479
-34736
-38371
-18036
14838
12508
-42322
16966
-3748
20749
12135
-6810
-10342
-24636
25842
-27245
39815
-25076
9409
32717
-23425
-38559
-22689
21029
-4558
-6317
40588
6368
15830
7127
-25078
5443
-18993
-33619
-3734
-22896
-5041
-29753
38471
25550
1729
38910
27529
35834
6627
-23751
35640
30531
40016
8963
-32267
-10450
-31002
-34327
35132
29262
-33858
-15517
16425
29385
-15709
-13055
32042
5280
-35472
-12435
37312
-25522
-24587
-33817
-22965
37347
40600
23610
34257
16803
5809
36338
-5184
42313
-33127
-6630
2367
3664
-21461
14891
-16405
-12694
-13013
27028
-14996
-21634
7776
31995
11485
131
12459
-18024
13375
25102
-18490
-461
-8874
-17610
10609
-6660
36960
35749
9950
-31096
-6175
35422
-2708
363
-17543
5527
-40318
-2092
2132
-41892
5557
12883
-29213
11519
31793
34771
1771
27312
-34119
21918
-11988
4557
-29948
-34353
-40201
41772
40438
6379
-17164
26078
7649
18252
30969
-38920
-30671
25708
-2529
8482
24941
-33321
19368
40217
17881
-7084
-15065
4190
-19204
-32212
6738
-17116
-39947
4580
9876
-36460
15293
14860
37031
-24196
24806
-40119
25511
3934
-24655
-21476
29578
-29508
35669
19766
3442
-9832
-38617
-9767
-7522
8173
2579
2039
36078
-7837
-39393
-12128
-12430
-18533
40835
-5900
-552
23526
-6190
-33170
-10322
-29560
-4614
25618
-1707
22812
-13196
-8296
-15895
27222
-14183
-37834
26958
-39225
-13929
649
-33574
-11128
7256
1564
15732
-27909
16186
13441
-35895
5214
-30393
9116
-39428
-20373
-24611
-30285
6353
33950
-25851
-27518
-37733
-18035
22612
-41760
-5201
-14056
23329
-42053
14993
-3046
-4812
-27035
-7797
-5785
-29403
-27930
32510
-15045
-22177
-15167
4983
24607
-3150
-34516
-6403
-39831
-38068
35521
-34906
-16538
12570
-11422
215
-19869
-10465
-33685
29035
-33556
-37895
41524
25642
14409
-31933
21099
-36191
14960
23788
-27621
20962
-22603
4374
17430
30358
-3490
13940
13679
10127
-28311
15682
-20038
-23943
-28293
7217
36279
40452
-22692
-25730
24436
27517
34636
39615
-6006
-30192
-4301
-7551
-23865
-19996
37474
-15410
41697
-29705
8112
23290
-25564
-22475
-19215
17222
39059
-610
-6848
-22455
13543
-19259
23171
35836
15760
33413
-21088
-8135
-37440
15616
-28280
39790
26017
-37752
-3137
19723
-36832
-15106
9689
-27864
-14912
-36033
-9298
28264
28131
7546
-13079
-13162
38857
20538
-6204
15558
39874
-9962
35746
17326
-18052
12115
-18338
38799
18102
14340
-26031
-2715
5121
-5151
38015
-32207
41513
41946
-648
14745
7583
-35773
-10435
-876
22026
-17293
-21893
1289
13053
-39239
-28158
33424
42051
-6801
10018
-25835
6321
-6801
26862
39678
-14404
35724
30144
34761
2085
-40815
7024
-11922
-8683
-16277
35590
-17844
-15311
-1627
24743
40171
34724
6047
39396
14739
-1997
-34291
39785
19329
1657
-17976
-14806
-38206
-39278
-18178
15751
-12631
36930
32512
-2832
-18642
-39709
16022
-5003
-2568
-29346
42102
-3419
5364
-2972
-2274
39575
11960
13553
-10397
7437
3517
35061
16706
35278
13749
-25929
26193
-9809
41378
-40049
36495
3600
24667
-33120
11869
2970
21750
1670
-37856
-31478
29120
9006
-10615
23841
-31469
1788
35819
-6004
10696
-16721
29089
29743
-1989
-21321
-32853
38419
-7480
-32300
28705
-5419
-17334
-35919
29247
5034
-21500
15039
11150
28468
27968
1364
28742
29081
10381
41391
-12544
-10411
-21143
-27031
-22764
-26648
-27427
10014
-13518
-16048
32783
-31563
2136
-39437
-32065
-34031
15537
-21996
-36828
31785
-21582
26506
-33871
-18024
-40665
-26774
19581
40537
14850
-3663
-10406
-26537
11643
-39102
-23065
5209
16017
18880
-21713
-8971
-26573
-2766
-15455
36477
-36625
38108
-14678
-40578
-25519
2694
28344
4837
-34298
-17646
-1373
-18433
42212
-28987
-30047
35394
-29138
-8382
8074
-2847
37430
-28328
17735
-8499
-40269
29477
35369
-32283
-14419
34628
14164
35879
-35315
-30977
35880
-4629
-8729
-6628
-1722
27569
14152
-39698
-10820
2414
-28790
36110
37482
29616
22187
-8659
21791
25460
-35437
-21893
21956
3618
8495
12067
-27459
17619
-37319
28953
37958
25642
29850
-27572
37267
-15147
-624
4733
9678
35887
20327
-1557
42425
-13027
-40018
36646
2329
11314
15592
991
35846
15495
38529
36016
-40153
24055
-39051
-3636
-23537
-27059
-15447
36094
-2034
15981
10964
38312
30007
22689
-21974
30251
-6318
24874
-2787
-27824
-30359
-1064
34607
37352
40393
25648
-8785
-4815
17192
36589
17107
22745
30980
33202
-1132
36163
10812
26677
6533
-29215
-3637
32236
-9512
33311
-2463
22865
-332
-36529
-521
-38664
12271
32101
-7755
21262
-19086
39853
36883
20256
27720
27962
13902
31989
4337
24464
24613
