14457
15117
18187
733
-7407
264
-2155
-21912
7863
6823
-17000
17995
36304
42339
25999
-23593
36748
29486
-4969
-817
9264
18146
37483
30514
11733
-1092
-36220
78
-29068
7257
-3894
-30730
-1221
-3368
13115
-27811
31112
16014
25573
9886
41973
-36945
42154
-31767
21633
-3588
16420
-38620
-9452
31070
-5810
26770
-22819
-22095
-29119
-24753
4609
30023
14229
23740
42425
-3766
-2385
17342
34685
19509
-19840
-35103
30000
26303
20437
4450
20188
43193
-18339
-24945
-38193
16613
-28535
-9269
17321
-7046
-19044
16651
-30802
39961
35533
33585
9656
-5568
30945
3677
-27345
40010
-9157
-16812
1776
-38576
-34940
23740
-27163
-34570
33693
-39597
24232
36272
23055
-34280
-28231
36803
-6958
-10934
19729
-23897
4816
-20990
-20482
40106
-23617
-29135
6937
-34718
-33988
7221
-34613
21292
-24739
-32774
36247
-19013
38953
21957
-2635
23437
-26862
-18629
-14870
9526
12302
-25640
17392
25472
24520
-682
-33755
-10325
26236
-16142
-19775
925
16219
138
-10939
-846
-21514
-3470
-23316
-19384
5055
-4351
-38704
-4399
-9195
41466
31900
34979
27529
35379
-23732
-5038
21720
28393
-18499
11244
-22437
-17628
40423
25348
-27015
-13640
-24436
29887
33743
-25373
30780
-21051
33389
7440
-15232
15726
-476
14669
8319
-17838
23071
-19357
-5548
-19648
-38380
-28886
25788
-31865
8093
-38575
-25801
2596
-17317
-28648
23983
42689
-25027
3556
19412
29239
38734
-23743
-4764
-3116
39157
6350
-4011
32288
-8925
-14422
-21498
-8230
9629
22134
21238
3357
7640
27270
-9192
-24840
-31866
-29549
33301
3307
10622
-25371
35607
-7039
23086
34975
13616
4204
29940
-8357
-25565
27626
-9133
19171
-39314
-23568
-5789
-6556
-12752
10414
20941
22164
-29663
6671
-7111
-30744
-16094
946
26443
-10701
39863
17687
41077
-37252
-24757
-24714
35233
-25720
4806
-27129
-2246
-16195
27247
-33838
-746
7752
32338
34537
-25606
39081
-39110
14515
21127
-22510
-10116
-13108
24669
39979
-7893
2333
34474
-8463
26916
32804
-7424
11116
36776
36123
-13721
9647
27175
-16005
15338
-19357
-20881
34206
3043
43543
14947
-32582
37390
30275
-25857
-29193
18732
-33497
-25250
9614
32345
19366
-12282
-12644
-12983
-9870
-37791
-3260
-4200
6189
-433
-27531
-28055
13217
-12529
8458
7150
10100
15923
37452
-19528
-17751
12756
7183
22739
6459
-29505
-25207
36749
32134
-25798
-31201
37874
34860
22415
-6465
31356
8497
-944
-4792
-90
-13126
32039
15971
38286
13475
-38098
20179
-20214
16580
36696
34230
9184
26802
-27246
24160
-33857
-17689
-2575
-14285
-3492
-34036
-34815
31604
6196
27928
-9431
22525
-10001
-32784
-20189
10330
-14164
32028
-24738
22632
32470
30726
1160
-12637
34036
34831
-10983
32433
-26140
11219
21295
-35105
-27070
-18443
-33080
-32662
-20083
19187
1183
24570
39999
-25697
-13669
-32773
40658
-25223
-30478
35276
36990
39072
12102
36766
-33501
6024
-3395
15875
4926
31163
-17997
-8059
-14838
-10569
34406
-9862
-29366
3315
-24812
-7120
42126
-8541
-19119
4348
416
-9747
22497
-39441
15485
-809
-12745
28261
-13922
-11885
3744
-35248
7775
-30027
2047
-10782
35345
-8355
-33656
38814
3864
2207
-16245
24995
27303
-35604
15152
-21984
6184
-23130
-4485
-6330
6453
-28991
39758
38517
-10796
7137
-21684
27878
-223
16746
-18306
6359
-27266
-7174
32939
-22390
8838
-13213
-1427
-25782
-20826
20678
-37006
-35386
-8162
-23077
-29578
-38770
-27333
37698
-9441
24825
-15582
-35081
10989
-6065
-18368
27512
28512
-29829
36984
-13247
-8069
37863
-36442
37428
9786
24795
6687
32198
-15469
-35254
20999
-21090
17763
26883
33123
-12494
3482
-33737
-38515
29638
353
-26854
41211
26483
38901
-13156
2807
-13728
-20875
12301
21911
39642
-20136
10649
-17876
33565
11895
2638
-7692
15365
38892
-3160
-7143
-28608
-7035
1574
29068
-6002
-31495
34202
36906
-38037
15739
40754
-34177
23331
-11544
-11932
24809
-7442
-17269
227
-32936
-4900
-2217
-15525
-8090
41672
18873
23510
37181
-25550
-33132
21145
23045
38910
17888
-19959
12597
7277
-15895
43403
-34203
-2238
-14663
34913
-15626
-31750
-26176
-3963
24699
33967
15703
39165
-5947
15545
19707
-31468
-5926
-26296
22118
25265
1805
28537
39555
-14900
13778
-17278
38578
28519
-23801
-39359
-13647
13357
13979
-7896
-19402
38734
-37496
-4153
-29948
8997
39468
-2634
-16124
-13694
-33129
19621
-2083
38658
-10173
3858
1010
-9348
-16206
-24653
41567
40456
-23265
-10438
41160
12587
24956
37651
-20208
-21316
-16214
-32984
-12438
19860
527
33847
-19326
-38539
-22415
8901
24389
1652
-16640
-5082
-10454
-34106
-30838
-17362
31430
-26351
15922
-8064
-32409
-17967
-17320
29739
21847
-30483
-30636
21728
305
1571
-19933
24335
12133
-38271
15438
39704
-40111
-2259
35582
30482
-20686
25923
21781
-36520
-19743
480
3773
24779
-27898
21653
6814
28868
-15804
-23036
-5547
-9369
21054
-259
3720
-34065
-4997
37696
-10342
-7940
21819
-2809
-23597
-21745
-34312
-27035
2882
22307
-31915
23314
-5539
-27300
27316
-16172
-22055
13595
-32514
41630
-19872
-26397
14451
10090
33805
-265
7327
15273
-10047
20947
-2958
-28979
-8288
16651
-9400
34563
14772
14884
27174
20038
4691
-11669
39435
-30189
29614
21687
-36249
23225
30014
-34575
-32279
27714
-24342
10608
-34051
-16305
32601
-4065
35353
-24205
-22769
20348
-38671
15522
23136
28152
-14689
-28913
-6047
-10540
11369
28448
34924
-32924
-40137
18400
-26153
18588
-8087
-37313
-3550
-31188
26269
33267
8912
-32856
19014
35462
1583
35169
-13621
11225
-1740
12014
-30985
14908
5400
-17709
-10281
-23331
2797
7239
5305
-7791
7510
-26751
43104
8811
-4819
12285
26665
20562
28150
-36035
-29540
-13966
9601
-28467
-18778
-33494
-8785
-5994
-4241
34542
-22575
18689
26443
16678
-10217
27111
34323
-21411
8559
33804
10621
-35335
35047
-25602
11387
-33220
30850
50
-6769
25019
39235
-4952
-31542
10257
35764
11061
-22007
38314
-6246
8051
30953
-17913
-22027
35917
14407
19491
17614
3327
-36747
-11077
20533
25277
-8742
-23004
6347
-18589
38617
10617
40070
13224
43704
32906
31306
-9977
21849
-24897
-26818
-23964
72
37208
-28099
-20708
18540
33864
-8354
5307
31406
-32918
-13273
-29059
39112
-36979
7943
-39701
-39924
39384
-16288
19897
-33708
35226
39519
-9861
11495
24357
-38829
38378
13015
-1919
27897
16344
5735
-4660
-17662
28073
31766
-23150
39216
12429
37850
11981
6758
12522
-3788
-34362
-19400
-34606
4205
-20574
2079
7097
5791
42472
-28528
-37681
23596
-12209
38495
-3364
2003
-37990
32751
-1513
40815
-33232
19609
12955
-15067
2717
7792
8095
15712
5398
5476
-31259
-40296
-39549
40028
30400
-20457
-16281
1291
16729
-25455
-10650
-10744
-11989
-28594
37126
-21460
-22782
-13651
5735
11418
12835
-21900
30461
-17416
-6019
-35895
31283
3623
11052
24741
7770
-21647
-14705
-27358
17593
29325
-31079
-9715
26623
40524
-13684
-10926
-25131
-39
-8921
-18667
-39042
-9417
-26544
39689
195
22877
-4222
19104
15066
21880
18301
10400
21643
38766
7123
18654
10553
-17635
-39531
41848
-5505
-19737
-38165
-2491
5360
34872
15089
13620
21167
-17270
-10798
-15508
-34043
41766
-12552
32791
10752
39289
-16210
23310
32578
14517
-32575
-19952
-10832
9218
42003
-7278
-5436
2202
9387
-35115
13714
35576
-25558
18206
-38768
-39315
-27787
-21911
-18936
33359
7477
-40714
33494
4115
-39852
-3405
12243
-25380
-10230
-15573
-2621
-16476
-34034
-15177
-38760
18309
8956
-18026
-21779
12483
-29293
-34974
3933
-7227
13411
22338
5966
-18943
40301
36865
32049
-14135
40483
32836
2325
12198
-33482
-29829
-5513
33131
-18672
-24640
18322
-23886
-2440
-17043
-5390
10430
-27757
17527
-9036
-2005
-12067
7596
31849
-33246
-25501
-40457
18869
6813
4934
-29412
-30676
-32373
5578
22093
-25758
20717
-32405
-11214
31329
930
8231
-26701
22381
-39731
31211
4644
34512
8408
-41352
-16497
19214
-39904
23838
2565
6196
-18407
-18645
12885
-22902
7198
29896
-9579
6701
-11832
35481
-12193
-3786
35433
16341
10519
30480
-66
9974
3355
-34963
24814
15348
20792
37041
13384
-12366
13353
-5168
-9978
-36309
3451
10792
4445
10595
924
12429
32252
15468
-11731
1840
-19063
-32648
-27129
-26205
-4317
-29236
21830
2313
-10152
10979
-12637
11317
-14591
-26116
-40097
15195
-27208
-34239
-22373
4397
9360
-15304
4867
36228
-17335
15797
-27172
28405
41654
10859
2172
219
9218
-26599
6366
29319
-21345
-11278
19372
27036
-38407
-7950
31051
-7886
30487
18581
-6304
35887
19017
16416
-13112
-17807
9885
-29290
17154
5112
-13531
33418
-13023
12549
-17933
29831
13951
-8839
39363
-33872
13465
-5690
22701
37589
1905
-39331
-32813
-9744
40595
-35124
-36252
22786
-2408
-6890
-25782
-29596
19598
16172
3340
-9751
-15986
-5613
2477
-31116
30168
-7548
35533
11620
29467
39979
27520
10950
144
11517
-5511
-4899
6143
17642
33579
18107
-42442
7975
17687
2643
26084
-1972
-39580
38456
-40410
9431
4842
-6879
-9764
-22951
-15829
-32703
-1758
15479
32335
7155
13412
12346
-23333
-9576
37249
32920
-32910
16850
-27986
30245
-756
32994
28040
-5375
-19485
24526
36690
-27875
9995
-36458
31503
256
27165
4541
29495
21083
-8306
-4185
-9864
27722
21564
-40433
15596
36187
-17351
-3516
-22075
28804
22278
17492
-29660
-35326
-30810
-16024
4453
-13892
-39169
8897
-18547
25160
1092
-28549
16258
37474
-7280
28098
9460
18962
-19323
-22081
-4540
24450
-29034
-22728
-32956
1056
14750
26716
-1962
-16347
-28991
29177
7433
9391
-14777
33360
-22900
6726
-25765
27652
-32582
-10231
4916
1028
21995
-31394
-185
-26856
-20068
17137
-11710
-14858
28673
-42421
-3467
-30844
16551
-41921
24666
5370
13527
-34257
-32609
-9514
26323
27849
-24705
425
-25535
14596
-7742
15964
13156
37644
-16382
-11821
-3819
-22982
-14024
6491
-12482
1951
5027
-7893
36980
-40150
-18501
-32769
38401
39355
-13675
36554
-37552
-22125
38320
24540
16216
30044
10734
10400
20655
-31519
6755
11590
36575
-1252
18356
16248
-766
-28073
-3237
14288
-28422
19519
15938
30436
-22553
38157
27706
-36105
-20841
-4317
-6087
5299
23235
6552
-25946
9431
-4027
-529
27720
-29214
26325
5126
141
10828
-37753
-27487
3034
8478
14065
382
-9301
13148
-31861
-37763
-27943
-29030
31197
-4224
26229
10368
-37809
26534
-28365
37894
15055
-250
17568
-36807
13893
-2888
-30045
-36272
-43632
-1673
6823
-8022
6563
32031
27071
-3127
-31487
-31555
32201
39614
38644
-3019
10243
14215
25092
37446
705
13880
4344
-28760
10803
27046
-25476
40685
26843
3157
4106
33285
-33547
-35716
-29353
-28596
11034
20207
10638
-28337
-1802
-28793
-22991
7590
24224
-13932
20827
10834
-38051
-29584
-16943
-11205
28018
-29034
-22186
-3498
23559
20579
-44677
9985
-28205
-20454
-21142
-43072
-29322
28732
18133
15885
15548
31018
26117
-24823
21947
-452
-35559
-25817
7648
-33745
-35456
10362
-7026
6711
12518
38441
-25229
-2104
3364
-11812
23995
-31631
32260
-2460
6451
21368
-33581
39196
-2942
-5916
28339
29663
-11403
38842
23153
-17208
-38119
-32965
-36140
-23565
22260
11241
10176
25753
18948
-4478
8891
9643
-587
-9875
13254
-35584
-41765
-37756
-20469
-40927
6163
4783
-12395
22254
36897
34162
-36875
-25061
-24864
25256
33537
-36537
8520
-15430
20961
41080
-12795
-5061
24139
9706
2097
-36849
37848
-22634
-36051
-33341
12320
-22920
27603
-41984
18185
-5749
19881
-11637
39947
16647
-34893
39383
-31539
6268
-27911
-6018
15347
22074
-31318
-42919
18692
32717
-15205
31436
24981
17663
-39504
3541
-11458
20524
27553
-537
25569
-14317
-5532
-1187
25665
-41576
38238
35763
32076
-11523
4010
1001
38485
-28695
-13320
-28462
-11447
-4649
1741
20779
-38988
-18026
33170
1058
30346
15686
29707
13823
33012
-10152
21471
-22389
35988
34409
29342
8794
34512
-26564
20235
-17727
14276
-35766
-10369
-29484
-26599
1981
22564
-29961
-30067
-29273
29415
34953
-32883
-22897
-7235
33581
-15374
26395
-40217
-48568
32805
32868
1361
-25720
4215
-35940
3200
-37038
9718
19712
22749
1643
29962
42523
9586
18435
997
9658
10163
-12124
-3419
-39112
-31233
-28354
-6551
1883
33275
-20306
24740
-38767
21633
-28643
-20982
12959
-40204
32610
-28363
-36028
-32648
-4294
34424
10178
-11396
29422
32167
-25848
7540
-24074
26240
25330
14148
-4166
-19339
-24754
24098
31761
-27944
-5196
33539
-6139
-37269
8261
25442
-18078
-12956
-32516
-38426
40552
23259
38275
-10654
11723
-28150
-30277
27176
-8018
-19586
-20349
-8765
-35592
12441
10372
38456
31582
1838
-20608
-14899
6112
-19234
-38160
-751
593
36033
-16083
9297
33794
29083
-14909
4393
-3459
-36527
13104
-32862
26379
22103
10892
-22596
-26580
-42592
24422
15800
-31504
21651
-19764
-20322
21862
-3507
-360
10141
-171
-37768
-36804
-14202
3969
-15304
24356
-32457
-14112
-34018
-18780
4101
-22273
-30863
20554
-16383
-26411
-6746
39731
23803
32605
27475
-5720
-2113
-14689
-35669
-12526
-23594
34771
-30085
-10671
-3662
-6256
29997
6685
20235
28219
-39274
1507
-41401
17957
-15875
-24483
-41552
7823
31987
-10411
-38470
-11470
40393
12003
1610
-32174
-15946
-35590
35065
3464
1087
35827
14892
14964
23695
15002
-30437
3188
7964
-35091
14910
-30286
1292
-26052
-31404
-9521
-20956
14421
-13105
20266
12217
-20597
-8228
-1157
22472
-23163
-28451
-14688
25574
12535
13703
22095
-26687
-24041
12435
-18644
8209
15088
35212
-28901
18314
19341
34705
-15605
39501
-42013
7703
4857
-21586
41220
10100
41664
-14956
-25222
-12683
-13104
-17542
-6966
3370
-11438
33003
-26766
-22051
-13932
-5512
28334
-16035
12901
-21673
4867
-15034
-7137
-698
27444
7660
37997
-23737
-5669
-25125
-32369
-26657
-34394
-35120
-22411
1767
-13711
-18031
2115
-35526
24120
8544
-3565
-25155
-6364
-27123
-10547
-14279
5693
5552
28184
-25540
-8424
-26056
15617
13138
20188
1357
19836
-34167
-39540
-5573
-282
-39329
43379
-23945
-31183
-5997
6583
-8455
26709
32253
-27929
9952
614
17154
-14600
1730
34942
4466
16813
-35601
-1900
26208
-1952
-16661
31284
-2760
-8558
36831
-10935
4213
31566
42598
38928
16545
-3905
-25029
-35978
20150
6042
-14648
35856
-42894
13705
28800
20652
-34765
-23784
-39999
39957
12106
9399
29468
22586
19895
20220
9745
35615
11240
-39451
27067
-16344
26849
-8609
15141
30859
-6359
-14045
-6151
-22260
-27826
-13243
13924
-27370
-35255
-27116
-34564
40888
-28914
-11460
-30748
-25252
-3799
-18458
32110
-36913
-1827
11378
13268
41872
-33419
19944
-10603
32204
16916
-26921
-23414
25879
-11850
-2902
32710
38006
-15712
-6219
-42729
-5181
-9796
-19090
-24761
20464
8936
-13482
-9210
-3979
2821
2784
32005
-38227
11099
40304
39291
18687
-37139
7136
-16076
17886
-1027
-34565
3312
19984
4715
37642
-1477
33614
-3760
19291
-23147
-11087
27625
3390
-2429
4251
-557
-11118
4515
12703
14987
31113
16959
-12771
25475
27645
-30150
-7926
-20870
-6869
-39535
-18902
1676
-9631
-3621
-11183
-7154
-39994
-32336
-2421
30798
-42154
-12453
-7785
8043
39498
-32111
-13379
-716
17617
5647
-18881
32811
24911
-31607
-3328
-32911
-16892
27514
-18127
11200
35704
36975
45437
32563
43176
15277
-34955
30161
42381
-15307
18048
-28468
-30468
19056
1219
1250
-39253
19659
-12852
-4485
-30209
-31766
37831
13604
-14751
23997
41673
-27407
31819
-32831
-30418
4456
-4236
30637
13257
-10934
250
-39977
-10147
32804
-20429
22086
37910
-38470
29615
-8604
35095
34625
26891
12827
-1128
35706
14790
4788
31922
39309
-19785
-28907
28015
-27973
20516
37804
-6490
12489
-15825
-37891
-38000
-8318
-35690
36811
-14296
6312
-17388
-35436
-31520
-25708
-35249
6322
23733
38189
17861
21325
296
37348
-32942
22445
-21146
18592
33663
-2578
-13942
-34832
6234
-40996
-8437
-6175
15903
7716
-32206
8175
18480
3310
10706
5900
-15065
14329
-33159
-40508
-21606
-28605
-1735
149
24929
-13153
31456
-11623
-17155
-7178
2595
39215
35535
-17234
-21412
-29866
-31269
36869
39471
42802
-34091
8553
-8776
23984
25312
-36325
16497
18252
-1125
26442
21306
-15196
15218
-22145
-16453
26800
-33838
33550
-22789
6549
-33958
30144
-18049
8509
-38678
-1162
31214
26304
34508
-22654
-14436
-3961
-5626
-23583
-4263
-39616
24124
-4865
-39584
36126
-489
24155
6610
-14672
-9752
2309
-234
33567
-17259
36074
13791
-1758
18275
-26723
2081
-25323
24925
28375
21682
39665
3104
24417
914
14606
-18224
38029
-34743
-20487
-34957
-12634
-30500
30989
31866
-12440
6031
20756
-1866
29307
-27324
-17079
-33182
30432
26692
21462
-13376
-32186
20589
-14189
-36549
-24502
20240
33914
22030
-346
24298
20997
-28571
15351
-39431
5825
13940
-6676
-5348
-5617
-8468
-14973
-14381
-35462
-7340
-13468
5246
42609
-23964
34147
2990
-1127
-35438
-37188
23232
11871
37043
-17502
-22085
40817
39748
7528
-27318
-6574
32054
-37563
34496
11973
6265
34039
13517
23208
-22061
19067
9201
9662
-36393
11277
20162
32575
3062
12419
3615
-21640
24186
38359
8038
-42161
26571
-5642
7883
-24933
9321
-22714
-4586
-2315
-11570
26044
12080
33814
1087
28767
14822
-31116
23733
-33228
-22386
-34096
33761
33300
3090
25552
-21925
-18841
21646
26484
-16461
-5421
-23919
3710
-2800
36030
-24251
-28302
4825
12027
5375
1765
-26781
-12022
-17985
-31982
-41676
-22489
-862
18449
22483
-24725
-11460
30988
-34461
25343
-71
-26678
12165
12766
4161
4398
-22283
20906
348
7503
-28569
17315
-19459
36660
4042
-34409
-21771
-32338
-32479
-29369
9143
-3710
-33636
32294
-37875
27767
19635
578
-31048
-21302
210
-27590
-32745
-34250
27949
20013
17841
38072
30063
-12511
14311
-25354
-23222
11136
-24878
26754
32798
-33322
-8480
33620
-36011
6617
10902
-15641
27574
10330
3206
-25965
28925
-18917
35262
788
24177
26366
-6980
24876
31385
26312
-10207
-12844
-8054
36578
-34417
34244
18857
-34352
4059
20291
-4239
-38108
6461
-1100
12325
8950
5812
-1676
-26606
-25473
16691
30827
4239
7364
-10896
7365
-8847
16154
41319
-34753
-34579
41149
8800
39834
-18129
24840
-32841
-8863
-37271
-13708
26644
-10212
-24540
-42590
443
33258
17728
8116
-8438
251
15324
-7361
26807
-23284
18896
-16675
20759
2295
-20076
-27689
5146
8200
29717
6929
32758
-5630
-18591
16320
-36727
1816
-11091
3731
38674
37040
14388
21735
-15785
15229
28476
-9612
218
14321
-31744
-23562
19345
17991
-10580
-2285
-18108
-34088
-20555
-35336
-26690
20499
26319
16443
-21270
21774
-24740
-10273
-28184
22625
-16265
-14978
8904
-25067
-4746
32532
13999
28080
7633
-5995
16786
8335
-27801
1201
21123
-24764
-32056
3112
29406
-41601
18239
-14933
38645
-38841
5048
26393
-37143
-31868
-8690
-31379
-23332
10730
13198
-6243
21114
-2515
-37384
15049
2476
-12263
-22390
-23986
30967
10033
17212
-18487
-23031
42118
-14692
-16159
4917
11136
-22153
39343
-38729
-12738
38157
-17832
18825
36864
-15332
5692
-31940
7489
18591
16037
-22299
38772
-17006
19094
12331
26041
27619
-9247
-5624
24966
-21581
-12171
11988
-10071
8614
9706
-31398
-16715
7195
21853
32557
38619
18828
27580
20142
-37713
-17463
40786
19096
2451
-10058
-16604
-19425
-26053
-4354
-11509
35089
17148
42461
33966
32618
26895
39829
-4891
-4180
5834
34944
-22045
37578
-12369
-761
13765
21176
-11042
24870
-43173
-17794
38924
-3376
29526
2858
-15252
27233
-14544
5627
20717
6664
-19736
15935
28294
36532
27906
-5484
-29503
-198
-7012
30316
-38472
-10872
-29312
-39742
-25830
-9530
-31986
40280
27005
-39890
-25007
-14688
9701
13324
27441
-13583
-28226
30318
12211
39862
40458
-28265
19092
-32943
-39582
24743
38301
13639
30085
16198
3715
-37774
4204
-13974
-43289
-21025
-13118
34012
25721
-12408
-32291
-41381
3881
-26921
33634
30592
-635
27284
7986
-6538
38710
15218
-4624
-4327
-43424
-25050
-18838
-17609
7806
1538
38866
-4404
34037
23131
33424
888
26884
4594
-22927
-25084
-34971
16717
35637
32239
-25953
-29289
33842
-6765
7346
-3049
13284
42216
37063
21261
-19083
1746
7712
34153
-24918
-8963
10552
13889
18871
9571
14082
18995
7187
-8271
-36051
-12600
-21098
-31655
-37863
-28299
-11826
-4151
-28074
-40565
11856
-39797
10928
-29092
25947
19611
28192
612
-29632
9926
21079
32653
-8090
-37858
28908
18289
1548
-32810
-25366
4128
-19027
-32897
37649
1824
13535
17414
35439
-5246
-18950
-9914
-363
-19797
-6749
-38864
-26156
18062
3566
32865
25896
37286
35250
-35534
-3282
-42996
507
20920
23920
31464
-29927
21628
-37042
21289
-3645
-34173
-43650
-42554
6981
-15992
-5184
3788
30451
32658
-41706
27264
35330
-10861
-14274
-22508
-39481
-2808
-40435
9421
15496
-23095
-18121
-33599
-41134
13731
-28507
3151
-14955
33944
18386
10682
33264
36097
20879
25114
33701
40502
-20756
4066
5988
13649
-34621
-29157
24666
1936
-34270
9602
-34101
33295
34177
-6740
27879
-15309
-29556
19924
26207
-11345
-10606
-4374
6070
13978
7323
-10339
15346
7941
15723
35146
-28093
-10287
18343
11063
-2207
4357
31150
-10188
7567
-21551
435
-7948
4184
-18324
25506
-37300
34322
-16811
18334
-25681
35236
-24969
-32819
-17928
27188
10557
-5880
-6186
22999
-17655
12800
-1641
26470
-39397
-30410
-27679
10480
4802
-22541
-13638
-34078
27138
-41378
13590
-10652
32937
-27045
6649
7184
-4411
10548
9937
12554
5780
8616
12733
-16234
32696
-35474
26618
17826
-23111
16427
3186
30884
38721
27364
37490
37812
-40905
39118
-38267
12136
-19434
7256
11609
1745
-1147
39268
45
-39324
-38047
-13092
-28386
8195
-1439
-39437
28164
-35101
33360
36193
-2625
-38223
12465
26624
6818
-34702
-8272
-1732
-4697
28593
21391
-19776
8136
24336
-11009
-40516
-15207
-38199
-5767
-30485
-14328
-21294
36330
4883
852
314
-14866
20631
-14694
1596
-25789
-38937
-29957
36988
30741
-41970
12685
-16584
-8476
31987
-16666
-37856
-34214
-7957
-32464
-41130
29862
-32307
-31222
-22107
10658
14770
-2980
-19364
36935
-32823
-35666
29142
10766
18081
-14188
22336
-35000
25576
39945
29001
-14888
10063
4275
25036
-11968
17999
-33786
20618
30069
36927
22732
14033
-12047
-18763
32331
-18425
17106
-7427
17147
-43110
32010
32141
2214
-20276
-22548
4765
-38055
10447
31097
27520
36212
17767
32024
-41925
-22331
39432
22152
-31925
10483
-38023
-36147
-9654
25807
11182
41205
16381
28761
-31069
-12942
-31378
-14081
-30405
-20955
-27173
42029
14530
14815
-12674
37796
4047
-19819
-29036
-16283
-30638
-32386
12854
26421
8128
-1071
10080
25881
17819
32653
-8509
266
20163
-25958
22056
-22448
-20360
-41570
-12465
13999
-36384
20657
12606
16084
33337
6591
5215
7949
-6359
-13105
10038
16657
-38956
-26108
-3138
-38247
-22960
20586
-37798
6398
-22847
21670
35849
-449
-27022
-15684
24457
38090
-6355
593
24186
12802
-2199
36221
8325
-8414
156
-29227
1168
25170
37473
-18064
22148
-13087
6489
23907
-10928
36806
-9727
-938
-14446
27602
28830
-39810
5729
32504
-24039
-21962
-16522
29296
-27738
-1336
-1863
-24921
21564
12251
16922
11081
-8084
4580
-5790
19021
-26707
9318
23643
17604
9179
-10818
35150
8728
-13632
-18814
31783
41123
22987
214
-27885
-24558
-38230
-31294
16511
-4034
12306
