27499
-6039
-37651
-13245
-11266
32336
27682
38589
-22707
7836
-36449
9966
-41584
-25358
29275
9628
-8606
-38933
-34849
-406
-11408
25987
-21219
35894
-22727
-16113
18486
-40059
1951
43
-21707
864
-1655
-26509
-28717
-30608
-5551
-6767
25085
-17022
-10421
15750
-21574
27807
39505
9220
11077
-8551
-15967
14125
-2455
9554
-26784
17031
10831
-27002
-21394
-40675
-1371
16941
-36430
-36303
-5212
19702
4418
20779
-27300
40220
22742
22527
24899
-37522
1023
8907
-14
-31626
-9612
14150
-6021
37467
6084
32394
25502
-7796
-12783
-39830
-31288
-1744
17432
-9461
28702
-26289
-28590
-35887
-4527
554
28682
-24583
28599
-31114
-33869
24142
29071
-12237
-23557
35010
-7961
-19216
36167
4762
-23483
-14295
-27088
962
-27163
-6852
38533
-26580
-14916
-27033
13386
17598
-40189
-19654
3783
6905
-34613
17169
3088
24196
-42547
17510
-32206
-207
16465
-41959
1163
-26252
-26583
23049
-17977
-11756
1366
-28764
6867
12189
4190
-5550
16111
20072
8817
15777
23187
-3943
22200
13467
11036
-41409
-4157
1647
942
-33701
-5162
-38528
21936
11709
-21495
-40889
-29610
-5276
37276
-15114
-39645
9458
-38356
25386
-34021
16089
-35614
-7279
2280
-5063
269
-14956
12554
38283
12106
37019
28055
-15859
33899
-20812
-18554
39700
10766
19122
37410
-1606
34682
38582
-39808
31822
3875
11938
-28289
-17259
-30227
-21034
-8427
30576
9565
-15882
29030
-25799
-28405
36807
32742
39990
41196
-8920
1568
26944
-37996
41370
24987
14063
24519
-34010
-33032
-40140
-2142
-6690
-37205
-22819
-40220
21120
24516
-1893
16484
-39662
-24962
-680
-27756
-12312
31955
15885
-11560
13293
-33840
4493
-41464
403
36991
32756
15451
32945
3268
-22133
-18358
13413
25850
-10194
10353
20823
30979
-14947
-13318
4087
-27673
2775
-36729
-23949
34034
37875
-27891
-1840
10347
-15129
-21515
-35725
24196
10153
-30258
38880
4943
670
14549
18058
-30493
-22254
-34557
37659
-38557
22664
-38689
18983
-23716
-22420
-2995
-20155
-11003
1682
-28343
-22590
38905
-42147
-23070
29946
-25961
-42212
-36288
-2577
-28382
-35849
-14649
38808
-7843
33553
-40130
-34808
25184
-39766
-10418
7701
-38815
19085
-36699
12537
12774
-11789
-12107
22794
17325
454
-34542
-27131
-16310
-28935
29885
27120
1635
-14601
-35916
-39677
27093
99
-22014
18888
-23475
7820
27932
26168
19768
-28033
-21729
14313
-23769
33881
-40039
-38050
-15524
-4913
2585
26654
36797
-23987
34757
-1318
888
38229
-7837
361
-26879
31473
-35515
-33946
-4336
-26739
-35030
-36476
3443
-19160
-9888
10995
-3583
-30977
36671
28926
-10466
34068
23412
37883
22383
6743
32255
35569
-31252
39431
3886
-24955
3633
23842
-32155
28351
5483
18714
-4142
16265
-15916
17056
4366
20626
-19296
-35528
-33897
8597
6107
39293
198
-19891
15883
-29233
40030
24433
-1374
15671
26471
-30162
-41731
24244
4472
14144
38156
-19751
14351
15736
26361
38960
-28235
-17184
2204
-22005
-23339
-14300
-11548
24518
1612
-15795
18385
16947
29679
31287
11212
-23208
-30844
7907
-9915
6177
-1691
26533
36925
2688
13124
22082
18929
26945
-21554
-4443
-14150
-3703
882
39382
29300
38278
-3708
1838
-17029
-33256
-15144
6645
-34254
16724
10292
-38713
38248
4319
23813
-32382
2616
-24570
11578
-9977
24116
-3506
14115
-35016
-37985
29872
-37780
-8347
-22290
260
19669
-882
24647
-17286
39493
-19580
-27735
-15199
-1483
-15693
-9895
-23744
2975
5796
34763
24754
22975
-19051
-9050
35059
-34965
5573
39817
-40323
13996
13222
32707
30509
-16239
-36088
39431
30914
34714
-27685
-27845
-4360
-22651
11302
25489
38614
3958
26520
39684
-32245
30240
30681
36487
27311
18254
-35434
17751
6435
18292
-31771
-41583
-99
-15741
-30239
31184
-7829
11467
3284
15228
34949
-9891
6380
18116
38444
36326
40448
-38972
10277
33281
8620
6121
19684
8311
-20333
37387
11537
41202
5918
-7599
-20921
-29704
34906
-9012
26719
-20395
38168
-24643
23379
12362
-34568
-40846
-32847
30906
-5490
34407
33409
29858
4762
-18288
376
-6053
17147
-20851
-26564
-22348
-13480
-8936
11330
-21897
-9635
32428
13171
-851
28383
-30027
22246
1499
25566
-35670
27910
-26550
-22807
21558
38349
31094
-3608
-40460
-23399
38757
37892
17480
36781
19939
-4837
-21010
9809
37244
-11823
-39284
-20514
-34332
28709
35569
34282
34481
-8978
38238
-31792
985
10571
35455
-27031
-3487
-36706
-7327
-32223
29878
-659
-7457
24515
26758
39328
31540
219
17484
-30444
7717
16911
22338
-32755
26690
-40167
16190
-6169
-34555
37796
-394
-37602
25150
11577
22690
-17038
21619
38339
33161
-39499
-27181
18885
-37691
37404
-15060
-18315
30748
-13748
38865
1252
2638
12948
37352
21991
15909
-17954
17230
19553
27202
11310
20618
12544
-30916
32997
-29682
-32377
-28507
-41146
-22077
33328
38686
-7915
-4441
9140
-34230
-22996
-12213
-12046
25704
33804
-24906
-12960
20850
26111
-30059
-21688
35208
13164
35937
-35669
-20662
2851
28693
10694
-19641
33005
34382
30116
-34249
-33945
-19021
34176
36121
-34811
17544
37323
5978
34109
-23534
38329
29703
-4348
1229
29318
37658
16505
-4324
1152
-8813
-842
-15306
13764
-6794
-28390
-3536
-38888
20105
30595
-5638
38411
-4306
-20192
12799
38420
-17818
-33683
11248
-12050
-12333
8811
-23027
-34779
32050
-3695
34223
-13502
-2198
-33128
17963
2997
39511
22328
-26506
-9001
-19906
19914
40170
-3226
-35418
37946
19849
13258
-38046
5418
-35735
32568
40863
25542
6715
-27409
-4093
37399
-9666
30077
-7636
-12229
-31988
10715
3966
33166
-22249
-21265
-31809
-32581
27188
-12708
28266
-28838
-4479
23642
38932
17931
-30426
16795
-25743
25716
9772
26087
-42747
28439
-23969
-37962
10719
29550
-34601
-9178
-24509
10196
12048
38993
625
-20634
-1701
12448
19646
18395
37968
36763
39361
35003
3996
16389
-8683
1181
-29086
4700
-7589
-132
35769
-29447
1519
-25728
4834
-26406
-16275
21671
1317
19952
-23120
-13806
-12317
9607
-10698
-30141
31909
29909
-15920
-40268
-39871
36540
-42800
3244
6465
-28025
-15515
14001
33737
23162
2922
-28326
14278
-14130
-32996
18520
-26701
-30626
-16813
-28436
38545
36916
13965
3428
-31258
-16101
24451
38873
29788
-22427
-19653
29995
19822
31196
-3422
39137
-29100
37989
-38730
-28582
-26480
-26841
30346
-2943
14762
-24664
-1421
-20938
-17425
20896
10145
6611
-25901
32014
-31179
13868
-21830
-41896
26821
33316
-32189
-25368
33144
22648
-13278
-42505
-10044
-15746
-7000
-24718
38598
31168
29679
3913
-12899
32089
117
-3906
16573
27871
31316
-25950
-24929
12095
21261
39497
28902
12627
-2638
-28360
-23335
41410
10106
27365
-18011
-21209
20460
7118
-32966
-11441
-11333
-1266
-30385
-30536
-26274
35328
376
1780
40598
-14580
3947
-18051
31479
20319
13495
17723
-13259
494
26224
-793
-25538
17991
-34361
-11335
-40030
-5133
32683
-23294
17364
-36515
-39773
-2362
33074
-3816
29390
-35975
10275
-33339
-5726
16444
-31919
24578
-18944
14871
-4746
5374
12653
40151
10821
5780
9311
-40434
-20884
-48
-4535
-36479
24102
-3255
-12089
20001
-4192
11132
-23203
-40180
21203
-10633
-16877
-18836
-37695
-18838
7493
-9843
8998
12297
24017
-38622
24736
3983
8261
27710
19140
10996
-40938
18688
-5176
-25557
26543
5216
-7120
36730
-360
17538
-29508
-28845
23684
-11680
-22383
-940
-34404
35370
-15212
-33652
2118
-18754
-13133
-24266
-24525
-4306
20909
25200
41826
-28397
-12630
4924
-1436
-26410
40415
661
27004
33151
15744
26153
-10312
-39334
24367
23692
-2445
6703
39299
38583
23862
21704
-3185
30092
-33785
1634
-14762
20707
-12699
-42211
19202
-19976
2956
12087
-4587
-25071
-14400
-11701
-2410
6911
-33845
-6240
30931
25823
-39036
38620
-24461
-17214
-40751
-4797
-37763
9136
19570
31670
-22240
-27500
-25798
-20908
-10225
-3862
6166
-12593
-1872
-18584
277
-7145
-38263
-29070
36635
-15304
10424
-7905
27231
-27877
20967
-22514
-31610
-28487
6115
-7807
10518
38146
-7206
-39440
-25074
3827
16124
-36711
37556
-30634
37696
-4886
-19606
22461
13728
-5708
29858
37446
25442
-32363
28492
-26623
-4433
29429
21053
-28265
-39586
16497
-983
-30092
-30086
-25358
-31020
-26632
-13502
26717
-21973
34380
21566
-8435
33747
-28533
-3213
-6728
-32704
795
-21366
-15531
-18132
-22268
-17773
30248
-32402
24494
-20137
17036
32754
-25197
8983
-6511
-32070
34863
40151
-31553
-20887
-5564
63
-39284
2664
32711
-33752
-12717
-12562
30261
29438
33818
-8516
-36346
-7560
-23651
33460
-42405
-36529
31819
-29423
30319
-25900
-37072
21922
-19567
27355
14668
20665
36910
-4268
-21354
15502
-38652
-16842
-3266
-20945
33512
5111
29372
-37283
-830
33043
15831
35611
37294
-7853
-34147
-8238
-37160
12039
12872
36921
27239
-31389
-10886
-33785
-36500
-23616
25530
-9948
-21649
-22010
-14828
-430
8045
-19923
-2676
-40875
10401
-11384
-5266
23970
24737
-10560
18558
-35530
37094
10376
13799
-6883
1060
17026
-31154
-19916
31172
-29266
31218
-20484
4800
-16651
-2003
-27289
-25446
-39899
-17558
22268
20642
31774
26036
28459
-13995
37828
6317
-11470
34522
-38805
25537
16979
37939
-12535
15145
-34669
31558
7798
-31578
-9529
-11373
-407
23031
-41914
-12479
24575
15149
-20363
-25629
23408
-35525
-22277
-2032
-31938
-41647
-19557
4857
317
-35940
-27874
8060
-607
-16750
-33819
22100
-33756
-23619
-96
18369
10480
40546
-22417
31399
-12284
37625
6436
13111
-17561
2478
32920
-31401
8878
18963
-27973
39889
20471
-2492
33219
-1293
13687
-1694
-19536
22100
41409
29921
-39065
3613
26714
15952
31
-19525
38587
4776
-12634
-42630
-5761
-4976
8318
-21918
20141
26664
24036
-32178
-10169
-3060
4587
-15591
-25681
34611
6504
-30878
-20289
-25528
-22699
37266
-29682
-32563
-19505
-35501
-40182
-13257
4011
37494
26196
1028
-7108
40359
-10514
40137
21880
-12279
-7773
-30332
-10270
-4644
-4939
-15668
-38550
-1296
33729
-4199
-34285
-20027
20336
30192
-26201
-25294
-37460
14638
34327
26491
4372
23710
-35023
36796
-23041
36226
15937
-30321
9738
38371
-23213
-20210
8930
30239
35776
-2514
-18548
-16282
-19279
17978
-23654
-13565
-15861
-37329
-28057
39782
-3869
-37791
26280
-9192
974
-32121
35958
17086
17296
-5680
-20117
-2119
22809
-36788
-10661
-2453
-17943
-4180
-25698
-35500
18117
23371
39881
-11049
11279
31811
-17852
-18755
10530
-24668
-36051
-10586
-10516
8709
-33641
-25027
-13743
-3803
-1502
25724
-39783
16407
-24748
-15148
21241
-23658
-19642
-44747
-40822
-33935
4114
16908
15814
34759
31841
-10032
-37159
-27425
-14608
-14884
35190
-19567
-19920
-32357
-4132
27697
-36992
-4005
-36162
25330
-29682
26452
-37301
-29696
25602
31394
788
-4737
3963
18594
10504
32402
-36236
1057
-25323
-18023
5586
22572
4565
1901
18719
39194
-3379
25652
25025
-29422
-8188
14159
34040
-32373
30884
23894
-16937
-6177
-21074
31920
33106
16798
19845
211
28258
7639
32062
28137
-23195
25136
26943
-40770
22149
-14339
-39785
9205
-35170
38321
-29740
-12775
33019
-10269
-21538
-39119
17451
-29439
9608
10723
42895
14278
28485
40192
-7101
36895
-10100
-30903
32755
15735
28982
8124
-7996
8550
-33890
-33716
20506
-11446
10868
-28249
9444
16748
11153
30701
-23473
-19540
10822
-20716
21200
15080
6842
-43383
-40422
5669
19797
13182
33029
-23855
21656
26197
-37486
28386
22730
24229
9121
35320
10658
-85
5588
-17671
-5863
1438
-31275
-28949
-36827
39456
-33856
24429
-36695
5992
-8364
-4372
38532
21975
16030
-12578
38477
38806
-4142
-21410
-2937
30380
17659
-15440
5040
-36790
33647
-16979
37908
6430
13339
34426
35730
4491
3380
-10627
41574
-21217
-10252
-39210
-10462
-39825
-4863
-22070
-20863
11048
-23886
11638
-17854
15922
4076
38528
5201
26984
-2904
12379
-16213
9037
-7708
33149
-27564
35653
-3689
-11403
-11554
-2269
-15540
16652
25097
-38853
-27297
-22135
-14332
38801
25384
19856
-6382
-17957
6569
-29843
-33736
-16377
45268
36774
44224
15427
11170
11045
23441
-20313
24546
40484
13939
8709
-33954
42824
15181
39806
-29553
-14100
1140
-38425
-33494
25836
13059
-11810
-8426
-13643
21887
-12993
32965
22570
27699
102
25832
-13864
-34039
30081
18107
15818
-21255
-5945
4575
13188
-23677
-24654
4517
-22180
-5444
18448
34751
31669
-23934
41173
34568
32958
-31853
38668
-24076
-9371
42548
344
-20463
798
29732
17504
-8455
-5059
-29415
-19969
41747
9800
11858
-13201
-7813
-6703
26703
-13128
-9730
-24513
-1608
-13352
25829
-42477
1961
12727
21061
11026
-11363
-29860
4860
9918
26397
-21076
-26133
34486
517
-556
-25350
-21067
15749
10833
40346
-20446
31826
36439
-13348
-22628
-7910
-26324
-13317
37093
14161
-17334
-14765
-14937
15068
22905
14639
-27369
46851
-9296
-25285
36687
42069
5078
-18520
48243
3319
-28159
27261
31360
19263
-5914
-25963
22905
-13012
10599
32315
-9137
29708
-18515
18517
-2694
36979
-20738
7136
4425
-25416
6075
-16682
-3732
8470
16004
29125
-15833
-11078
31539
-5345
4197
169
27055
895
5522
21964
18084
11752
-4409
-7044
-20627
-9291
-14567
-22766
34547
38105
24294
28623
9146
-14645
30457
-19415
7891
-3307
40495
-30318
-21621
-4085
31555
-15126
12331
-17949
20047
19021
35817
-10677
27103
-5120
-32993
31618
-26295
10204
-8250
23178
-13486
25179
-1531
6542
-35312
-40270
185
38613
-2954
-9053
3139
14127
39540
35234
-17973
28480
24574
-13519
34421
37237
16388
-35695
29579
-12612
16732
-17149
-31038
-19591
-3959
-21557
38609
39926
14714
18571
-12964
38591
21702
11731
13045
35602
-9347
-3934
38012
31995
11009
37295
21976
21292
-17540
-5288
-19865
-5683
-4039
-28580
13866
26871
2957
35120
-30401
19190
-21201
-8991
-18519
-38715
16983
-16132
-12305
-34633
-27745
18974
40926
41010
-7256
10065
19941
11333
1291
-20376
-20376
-3608
42506
-586
9688
19505
24590
-17853
36653
-35394
-1050
13613
-11203
40246
19689
36572
22580
47082
-19819
41226
-8793
-19428
-3371
-490
19710
12027
10529
-13437
-24294
-15952
42542
46222
-11976
22928
-25414
19262
-4322
-38160
6376
-4331
20917
14338
18238
-14407
37324
18289
-3867
-13810
4177
2906
-28442
12930
-12848
33406
250
37791
1850
6155
-32450
19234
-37155
24591
36048
-25923
32264
-11300
38466
-7775
-14555
40009
-21953
-33917
3566
17953
36577
-8061
8871
29524
8714
29192
-16552
28090
26691
-26306
-16278
50984
-25039
41513
29741
-30842
31378
36025
168
-13233
-44028
-42231
12312
-2450
-31620
-17225
-16782
-27291
21649
1993
37484
17894
35948
8685
37950
20016
-20678
-28729
1836
-19201
-28623
11408
-9639
-21340
-21505
39227
-32551
-20774
-4701
27210
-30814
18355
7708
31535
1649
11555
-3509
-18219
-5004
11059
-23869
-22556
-32016
-2606
1892
30762
-10794
2829
-6348
-881
13389
-2446
21452
30563
-14390
-5475
-1564
18524
7622
-618
25614
23650
6836
1814
-23518
-28856
-30842
26943
-28932
-6607
-36914
-15928
4315
-19690
5173
-35725
41620
-16574
-38228
-18870
1072
1286
-10731
-15487
-11645
-1158
12543
-37898
2218
13087
18416
-2627
-6080
-6533
879
18992
9828
3225
33242
-17886
-25418
-32596
-32992
7104
-16622
37498
-31613
25291
5601
6279
32274
-26122
10167
35148
12782
-39489
-32630
8927
-8320
-1415
-35394
29355
17156
-8944
-22459
23417
-29429
29073
-802
10023
-4607
-15817
-23440
-14672
-10575
-13846
-31750
-11691
-31642
-39018
-38193
37591
-22555
-6803
341
-5019
-20724
34715
-22220
14361
3545
24810
-22455
28110
12461
-30820
-27399
13881
37584
4090
-21988
-27025
-27078
-34348
14882
33167
-29984
21989
11888
26226
24362
-22441
5786
-12082
-12053
-39786
35702
-35251
-22800
14160
-36016
-16609
-29065
33558
7878
20418
-11929
-28641
-18768
16617
35641
26981
-6037
-5269
-19287
42258
-31180
-27480
-10685
24349
36786
15969
31684
24814
11975
13219
21563
16227
14022
7950
-38433
-34560
-6922
7346
9872
4231
30687
26682
-18172
12523
6335
25321
43720
-35707
41016
30416
-9406
-19739
28211
43519
-1347
9298
25800
31028
14623
-12904
-25917
-38811
28982
-11819
-24265
26794
22395
38685
17659
21881
41530
33324
-32490
-18734
267
16485
-103
19929
23889
33086
-4504
31962
24688
-19719
15808
30871
-14276
35322
-13373
32860
-35312
41163
38403
-7173
12773
-16499
39182
-24046
36404
-7809
13684
8363
-34374
35022
-35384
25961
38463
-14095
12865
-4996
32190
25364
14563
39023
38862
26892
-30845
25740
32862
6489
-19047
8723
-26191
19906
-14105
40514
-35949
-384
27819
-9995
38500
7899
10867
18534
-32788
-15344
-16014
-16775
34576
-11111
12562
16781
4412
22839
16091
-14835
-18688
-22699
36756
22219
23448
-30528
41512
-5699
-22818
-6024
-32067
7638
7337
3564
-35224
6976
42430
-869
23112
-28502
11317
7368
-16650
-37755
13654
-29893
20674
11840
-34249
-32492
-9177
19303
3516
22547
23060
23216
-1204
-6633
5763
-12737
13640
27519
19552
35087
-32282
-13242
-36035
-23209
13204
-325
4013
-36308
-21694
-26808
-30226
-16258
-17195
15640
10006
-20630
-22087
-463
-32720
-16445
18605
-21288
19810
-9682
26577
34022
-18196
-15099
30224
18403
36701
-19332
-33476
24524
30624
10859
-10880
-22799
-28630
-36777
-24827
-30944
6544
3654
17485
-12843
33688
30715
36740
-24029
-29758
2888
-10533
-29269
-26209
-10364
-25836
-4031
-5207
-36884
40506
-6755
1937
-17154
28764
4203
31001
-37869
-9580
19770
6555
18266
10182
-10991
-10177
-32290
-1784
-27685
-1128
-34192
25661
15427
-3646
-13101
8142
-8952
-37212
-31334
36767
5600
-26486
-18649
12754
-27967
-6632
17478
-21025
-21945
-4233
4962
12635
21913
22030
-751
-41501
-2248
-11013
32527
-8072
1528
23720
5721
-14866
-25
-39395
-35112
8078
29162
-17784
25261
-30903
39858
-38683
-17172
27371
141
2650
-8936
9248
-18569
4188
-4711
11947
20498
-29505
-15960
24748
9072
-3461
-30989
-33611
-39031
-10952
-22005
-21609
-10661
40174
-10701
22219
-3878
-6260
-9737
-27023
38373
-5604
-43888
5257
282
847
-34830
-25757
9415
-451
28709
28936
3600
-28069
-24004
40058
-16430
-7097
23652
35924
-11546
14353
-3127
22819
14542
38095
-6140
-4718
-27536
6848
25688
-11835
-3209
-6850
17012
-37546
-38091
37316
30534
41320
-15007
33780
-16491
-36429
18894
6002
-263
-27096
-28280
1147
-21260
33900
14100
34646
6608
31014
-33249
7644
-43609
-13666
-42940
-9805
-30961
31360
17677
-4829
-9916
26809
-8117
25372
21444
-35887
-9448
25859
-6217
36166
-26760
-36934
17311
-7242
-35905
16110
-24028
-20496
12884
1419
7998
28476
-27248
37259
20533
26623
21971
37641
9379
-33020
34538
-25240
12777
-23206
-6837
-5001
-38140
-30715
39589
-21074
-14994
9623
31685
34117
32935
-15656
35632
-30497
-38262
-29315
-33800
-20392
15873
3932
-38858
-11246
-37649
662
1604
-42178
20364
15477
8907
-18156
-26446
-7382
-38540
9172
-36469
-33500
34463
28184
25287
38319
-26170
-20991
15344
9252
-25793
27371
35794
29288
30892
-12477
-10428
-18312
7730
-24247
12442
27994
-26779
20476
19415
1105
-37303
-19728
-40972
28445
14223
-18544
-40498
-394
-28884
38953
15963
-20058
11718
37382
33244
-5506
14569
-19228
-33476
23042
-17050
22400
-8385
19560
-19696
-26399
-15800
-38662
-26397
-4757
17271
-26303
33105
-613
-10824
3727
17139
-21157
23727
-25007
-19611
-38251
28843
20397
38176
-34363
9120
-17728
33192
39000
-6564
12301
-24320
-6299
22556
-13611
-1746
-33673
-35790
-13176
-39515
-3264
27966
7257
14844
5453
24189
31009
-16628
-37454
-32290
35882
-6847
32268
-39155
30473
-28686
-22258
-37809
-34641
-38279
-16221
-2903
-40028
29994
36097
-27498
28663
15476
35370
35167
-37561
-17588
-3027
-33757
24181
30665
-17766
8863
-4390
5335
20450
-33131
-38746
-3423
-8541
26831
-9220
-21985
-28079
-5907
-24990
-30053
-1610
-2931
-39887
23712
18342
36445
-4423
2671
-38906
-10428
7225
35891
16734
-37586
-8322
37893
-32742
-4694
-31169
3907
-21255
-36812
14657
-1792
12489
-20725
4845
-31964
-4247
20820
6822
-27556
24452
-38717
18354
31958
-5448
1762
7132
12382
29918
-5352
38145
-4675
13063
41158
8654
-21602
18255
-14989
7930
2439
-10605
-35400
-40791
-24722
-18862
-18346
-12657
23677
2456
7014
-18545
12230
-11660
13067
-10652
29586
22809
-12278
-7325
-36871
24336
-34236
-12437
-37745
22948
20595
13701
-2169
-29557
14625
-530
731
-30151
33595
26608
-36386
-12610
-20600
-17602
37477
37219
37524
9430
-6706
-10989
-24292
-1757
-9197
23440
-40570
20976
26445
37623
2362
33831
17381
-37011
-6506
-24183
-2183
-38366
-17044
24834
29359
7427
4562
22358
-18402
-36410
13633
-19749
-15248
13228
-26729
6938
2000
23184
1331
25749
33018
-11750
-37498
-22152
-38048
22633
21588
-2360
30341
-14128
15803
-29695
-14456
-8118
22320
-18523
4534
22905
-6083
6533
-13645
2279
-43119
-22471
-28799
39162
2831
-4159
22405
-19598
-20828
-27731
-5187
36595
28436
1657
23781
15633
35717
-35051
-37362
-12339
-35090
2509
26825
28249
37483
-14167
-5858
5293
-27260
519
9876
-15586
-15413
7678
20697
-41775
16908
38894
39483
-39066
-26287
-12514
-22188
-18459
-14338
23651
2863
9222
4527
-33035
32736
-37026
27150
32249
-35347
-34890
-24379
1383
25197
-34949
25307
-34334
28256
-28211
24430
12624
-11494
5888
-2836
35727
38404
-27024
22427
-26584
1710
-16070
-11909
-23103
15975
-9765
2334
29325
-2488
8776
8988
24843
18584
-5468
23060
7986
23760
2194
34318
-28183
-34491
36766
-4376
-6986
28759
-11046
-4861
-5899
-17070
-33104
-26493
-14070
35263
6002
32913
16061
-44127
-25930
34052
-10609
-26347
471
22887
34374
37990
-12587
15695
26419
-39957
30863
-15572
4245
23747
25146
36997
2528
-39528
-38777
-22997
38215
-32592
10933
-7811
31284
31004
-25148
9518
14440
-32681
24177
-23359
7793
32229
-40668
-3759
-21014
-37398
-22586
-22033
22725
20052
-7579
26231
-7052
20863
-27677
24825
35914
20991
-36638
12988
-10911
35948
34495
3876
-2437
-17518
-32961
-41325
-34191
23786
-17324
36542
9681
8635
3408
31767
-20294
-1447
25379
-10463
7323
-41233
-2624
-35313
30650
-1913
35707
16704
-20886
-30139
-9278
21644
24213
6941
35315
-421
10029
-10813
24760
13367
23695
8750
881
2730
-31112
-34171
-29249
-34894
-38482
31424
-20266
24365
-39109
10396
33459
-13317
20250
35541
-8759
-36266
791
-12777
-38450
-32328
-37792
16921
-43311
-42301
1204
34962
-27029
2723
4848
-9606
-23783
23074
-35285
-24955
22780
7054
-19408
-30562
-18059
-38190
-9745
-22996
21076
-13846
27982
-36560
13416
-37651
13071
-4173
-8699
35326
27625
39735
-8588
29002
2111
12867
-23219
-35923
22252
15927
-35704
-22654
37641
26835
-9045
-946
-26200
35146
16579
-38690
-5212
5666
13705
18466
36306
-14110
7043
-7298
28446
2435
24731
-22563
11320
31681
-4049
15051
-17775
33766
12683
-28335
25820
22861
-20982
4249
-21049
-2487
3317
23283
-18565
-10712
-21363
-24159
8221
-3716
-5513
31367
-29868
37931
31696
2743
-11555
37169
-19360
-38119
-34412
26408
-25242
39222
15392
28674
-9752
31772
5240
-42836
-27491
-19405
39200
22604
27050
27115
22889
1961
-14225
19907
-39470
-13047
35277
-34626
-7380
968
34392
-38532
-27524
19313
-25540
26901
-454
18213
12632
-19489
-5182
-33879
27929
74
-40614
-35389
10573
-24176
-27168
31032
39366
-37198
33667
-35302
-34247
608
8059
-31552
