-34567
36125
-23630
-23604
-35862
-6138
15793
29504
14958
31049
7818
-26915
32811
1511
-20669
-26885
11949
21310
10109
31094
-2707
6949
-6452
-8124
12572
32424
-15756
-23761
2302
-2456
-38551
-19130
13001
40108
31022
15239
24735
-21965
1399
21525
-18886
10411
-4205
-2261
-11894
4928
30459
-36508
41667
-30472
5988
39787
-39744
-5423
-17263
-32805
-16054
2236
37497
4591
-29543
330
-5929
-9437
37202
-5737
15677
-43372
-31005
-13961
19530
22476
-16126
31081
-24091
28001
-26135
-41344
-6739
-20541
-5461
11789
-3588
26135
38882
-10508
10167
-2724
-32284
-41632
-6938
-20051
-31830
-1270
24786
-35209
4525
548
26381
1479
-11749
-13098
-37938
-15972
-27935
-11095
-35889
824
19005
39526
22054
31622
-10159
6841
6681
33794
-31118
39476
-23823
-20610
21986
6907
31883
5881
2428
33871
-34422
-22843
17810
17817
-22520
36381
24076
-5208
-16365
-16237
28289
26383
7290
-40780
-17885
37875
-813
-39040
-14644
10199
-8364
-27942
28508
30753
4369
-31591
-23221
28166
-30742
-4867
-20586
-2548
25254
-6397
-10588
-22247
26743
-20601
40787
29548
-13073
-37549
40057
17469
-597
-824
17424
-34995
-33029
-34531
40260
-3616
36502
-38161
-20407
-39403
-10212
-9763
-854
-33606
29919
21699
38688
37013
-9951
-24994
21990
32002
9835
14523
6858
16732
-3270
17562
4297
-32453
6289
18863
17287
-42113
27274
-21508
-13859
-19316
-9545
33945
-37201
15998
7468
-38391
13823
-1249
1006
38933
1956
-16069
-34087
-16531
-22959
31414
-31588
29808
16842
-13694
-22684
5804
30628
-2700
2695
-8070
18100
-350
14491
29870
15505
11513
-30675
20604
-40473
38028
-27181
-23165
7604
-31156
-10333
-20456
13303
30866
-625
-5660
21628
21857
9305
6316
-32555
38791
10437
-32099
-15386
6969
-42429
-1270
-23720
-1842
-5589
-28186
32649
-36347
-15324
27581
-6863
2306
1911
24261
-6437
39343
-19956
28147
-29244
1136
-35628
19496
21123
-14690
-37639
-21816
-20655
-30822
20946
-25332
-5631
-11339
-20873
34647
-24007
-8031
16041
33698
22347
-19394
-14225
-35528
-478
15655
4387
-27175
-16025
14392
-18754
-490
27135
14435
34967
-5749
11979
7354
25060
-38429
6731
35591
3059
-10206
-5413
-30817
-2175
-19702
36823
-28904
-19686
-28476
3547
-33593
28134
-34874
-22654
18708
15688
-125
21600
-12331
-35393
-20783
-26682
10113
9960
-15921
689
-32772
14012
-8667
-42751
-10826
-23786
-1101
-3672
-40064
-24705
35857
-8968
537
-20617
-19567
18784
2271
36556
-101
34769
-17233
-15812
-22089
7297
-2816
-15605
-15745
28483
3001
7886
-24610
-36497
-34303
29359
-10267
-10989
4113
11208
-34504
-36869
23188
17141
24515
26176
-2281
-4140
-34965
-9714
1565
36121
29613
8194
29760
-31784
-2
-3926
24785
1670
2439
42000
-9587
22857
-38473
10738
-23002
-34530
-10790
-2557
-39557
-16137
26953
-18173
-22979
-7212
17032
11329
15059
24310
11934
14952
36283
-6537
14619
32337
3657
29723
12018
11967
-2780
-19465
25472
11692
-24525
-15110
35788
-24316
19393
-36210
9706
-19112
10634
33406
-18483
27812
5311
-3955
31562
-8834
-419
-6098
-10230
20372
-36477
35209
-4507
-31128
-25792
24046
-20641
12039
18739
16665
-37093
-10170
-24374
4494
-7670
-4985
-9557
-34915
38515
23728
-23092
38160
-37227
-29693
16730
23261
-11390
123
26704
-12112
-17873
31823
27602
-13739
-38171
24524
-11936
30945
20736
-26351
-29147
-24389
-22668
-32198
15532
31657
20566
-24507
27949
15538
-10170
-17141
-23375
-33384
-27960
-26724
36295
26879
36211
30717
17927
-16610
33076
1506
38846
28487
-4462
-4898
-14408
2209
-4331
-1714
-1433
9374
-38338
16295
-7423
-16298
6851
-38883
12780
-28983
-36616
20338
34710
20739
30702
12329
-2901
24986
11157
2096
-16942
-38539
-37581
8294
-19961
6817
37364
-25516
2121
-22811
-12731
9198
-1239
6021
-13121
-136
31481
-2068
-32526
36695
-25534
17904
-296
26115
-5610
-6968
-1837
-1800
42174
27512
-16551
-24621
-20368
-7213
-41025
26502
-964
20929
33043
11328
11444
-16292
-2000
-37248
20154
30180
-2426
-16159
22131
33075
-14114
-10795
-14367
-16122
22163
32469
-42351
-5591
-18264
-17415
-7645
-6479
13179
34463
-1774
-30500
-11089
-24978
-968
-2593
33414
-1019
-33929
4904
17506
36603
-26086
-4448
27798
19129
13012
-1607
-31619
-10377
-12102
17161
28996
16186
-16299
4651
-22083
10599
6842
-24236
21014
1153
34876
38378
-6114
23554
32209
-7314
37236
16274
-1882
-15320
16421
-25418
36791
-3026
13533
20882
-12277
18654
24430
-8771
24340
8438
16358
8229
-41421
18099
35033
34688
-28621
-16722
3866
38899
-40073
2724
-5591
24926
13218
-20388
8540
17428
2449
42238
24588
10810
-8409
27418
36443
33743
29326
20277
-10987
11603
18943
2755
5859
-41459
30729
2686
-22469
-21906
-23128
-33118
17659
-40962
5371
-14062
30896
-43938
-4967
-25121
-39407
37017
-5258
17632
2735
-25542
-40678
-25124
5226
-7237
-17089
27563
12237
10251
13681
-32939
-28970
-39598
-35581
3077
-10077
7207
-15442
5547
-8569
-11468
-6382
9635
-31667
-32675
-17073
-7922
-20258
23739
-35870
40018
6733
31005
-30029
-5653
-18515
34746
15470
37237
-35388
17962
18024
-42369
33702
-15926
-33578
12023
37718
943
23638
25572
-17757
-25951
25432
1997
11563
-25094
-33240
-32763
-5271
8446
5872
14408
29702
26306
-32813
-37708
25335
33257
-38789
8215
-34518
-10504
18145
-31723
-1858
9037
15058
31471
-19935
-34420
-36534
-2293
-27630
8200
-15345
-29713
-976
-28559
-12674
-31774
-20524
22279
-9024
-2603
37071
-6057
-26849
36316
37320
-18840
37488
34132
38365
37211
11087
-23171
7502
-35365
-10030
16879
-19124
3514
-823
-28570
17755
-20607
11184
-6086
592
6041
28
-41711
-23329
-40460
-15008
-10970
6276
-24270
-18992
-24146
2977
39091
572
-25414
-30116
-30700
16065
-31722
22007
13419
-15727
-4213
8752
29506
13655
18011
-39415
29713
17179
2788
32586
-14510
-4453
19436
-4050
-14647
38232
-23294
24422
-18253
31502
30055
19277
20829
39225
-12073
-25585
-35257
9954
37164
10828
-23877
-32809
14508
-23704
38
-28443
-2700
-34132
-20128
6455
-44827
7963
22522
25183
28338
-5777
29748
34470
-18440
26255
383
3931
-35934
-8436
8705
37950
7518
-5951
-32116
-4642
25585
38069
38132
39226
14312
42675
-2915
35695
16260
1097
29087
-38516
-19399
-19239
-7029
9781
-29692
-32166
-39220
17781
-31198
-17889
34960
518
-2529
-40812
18938
-18486
-4758
-22088
6856
11245
-44494
-15347
25338
5269
14736
-41221
18749
-12321
16345
29984
27724
26674
26268
-37349
-34128
-5806
-3663
-3896
37473
-20322
24829
1924
-15565
39066
-8320
-21715
29786
-8830
36056
29489
36162
39695
-19465
-1343
-4584
-12055
32235
42636
4282
7111
2154
35647
-40287
-596
16971
37738
39555
38497
38061
-33670
-27462
-3465
19999
-36216
-40129
-22875
-24889
38354
-1832
34898
-21322
-22288
10147
342
-14674
-13020
21589
-4652
-9184
-16872
32177
8321
22933
-8698
18677
-7061
-18466
42063
343
-10059
6355
4638
42000
25428
-39764
-33279
-228
17608
-25443
22486
903
-6785
-3497
32459
-37261
-14405
38010
-24213
-28904
-13133
2242
33541
9537
5896
-19410
-19425
7883
-38840
3541
1239
-22558
-20316
-17505
-38679
-20122
-12363
34550
6441
36367
-35028
-22834
-20449
8822
-2565
-6783
-36132
19427
-24178
19265
-34036
20437
21915
-6626
-20934
-22700
14514
36526
-9120
-32758
39754
-7278
36408
-19287
545
-35993
1425
18461
-17329
-31152
-1118
10278
-8670
42524
34269
-27618
-26808
16211
18866
-33450
10125
27358
-40961
-1310
1535
1502
38079
-4446
2139
30999
9033
36974
-14516
4088
7327
-11932
33532
-11033
12773
-30207
-11142
21161
2937
13907
-9959
-12373
-36404
2121
10102
-29860
-3296
37049
-11374
-10347
-34828
35386
18187
-9783
15710
-11729
481
6062
206
-20554
-21841
13997
-38663
-5286
-15745
-6631
-9282
-36400
27815
-7670
-5913
35486
31250
6632
-8954
35669
28771
-12160
-37711
18454
-26547
-15227
21502
38796
23098
-11012
-1806
589
-28476
-4453
-5683
-6145
-43028
1133
-14812
37731
5061
-11455
18610
-6063
5480
-15501
27627
-31220
33535
-28082
27075
-9808
31998
-1505
-37833
29441
38828
39779
-32883
42644
-7010
-32263
-4944
34318
-26116
-9421
-34264
38683
-12908
32373
-28601
-22464
-22755
-13987
21854
-13757
39100
-22428
13802
18961
31496
17238
17945
332
24540
33924
27126
3145
33296
30995
-9220
3729
29520
-34713
36575
33192
15416
-22725
-26136
-11822
-28438
-26318
-19419
-13932
9325
-6836
-38657
-23051
-40246
3925
-30602
-32466
20309
13103
-8551
-7150
14963
38960
-23996
7213
13505
37515
11607
19678
30074
-10475
-23413
-19549
-34764
8433
-21563
16155
-12493
-26778
-36579
-23854
-25919
324
34906
-18585
25697
25664
-25282
8790
-34414
3716
3287
28935
-23927
-14084
8134
-34792
11170
-29605
-30537
15759
-10679
-19357
14536
-30290
-40410
-33573
5815
-8408
-20502
-705
-41098
-11182
-6917
11053
29549
-34728
-27582
11755
37416
-20652
-27737
3595
-8086
26263
181
26098
-9909
25627
29085
-29677
12086
-31861
-13737
-35545
29107
20123
-24401
-19655
40711
-29072
8391
-31232
8033
21799
-5219
-5701
-6969
27616
-35571
-904
13182
2076
40144
5790
7906
-18572
32500
21956
-20089
-25700
-22615
-39145
-33021
-40097
-26064
-22651
5749
2309
8236
-23238
-21561
-29998
22732
29013
-15346
-33432
18951
34103
21690
-24278
-25231
36770
-16488
-32566
18114
-32215
28434
18857
22454
11270
-25761
19975
-14708
18867
21615
2576
-16706
-20615
-24096
-40381
-17043
33966
16983
-10463
6734
13354
-33367
-3032
-29446
38369
-30762
31253
2883
33516
-264
-13971
17099
31106
-12673
-2314
-14610
-3669
-27508
25868
-35356
-6334
35023
-1542
3754
-6242
23818
27261
32335
-5061
-4750
12044
20540
-15982
14535
5369
24547
-13749
12956
-19105
16897
-9655
30453
-37657
21718
1713
-6561
9105
32497
24513
-23543
-30704
-3624
2740
-36379
-11317
-26477
-16042
-40903
39444
-19679
17378
-10090
27056
-32577
22391
27886
9830
-11252
-17942
4451
-16946
-4567
15040
-2543
13893
7298
-8936
13337
-19597
18528
23483
-42898
-36539
-44271
-11008
18316
-5953
-19900
6401
14998
-14161
-6719
-38199
-9920
37582
24360
-38240
-17155
-33696
-5473
31094
4073
-7079
-4549
15610
13475
-1964
-11277
15005
-38194
-19278
-15011
-4956
-10502
-17817
-25354
-21643
5590
-16146
-10219
26691
-20960
-1711
14599
-36607
21593
20560
37187
16064
-4674
39595
33032
12957
14526
38442
38310
-40069
17751
8776
31240
36933
25062
-6563
18791
-22245
-28744
-8337
13400
-14398
-16962
-33948
17633
-34071
-22550
26423
34414
-2353
-26252
-2549
-16124
6798
23379
-30057
1499
-9214
23526
28787
32383
29295
25246
39529
28347
6839
21370
4760
40837
-21545
24307
26959
1402
-23698
2333
-5175
-8896
18667
18346
509
26134
-7352
-38976
-12055
39041
-7449
32530
-8238
5771
-30651
32101
14799
18298
-18594
25854
-8606
-14661
3201
-12428
-26490
-3018
5149
36772
-38227
-20223
-3156
-13751
23590
-26637
15411
7397
25111
33776
35872
9966
35223
7095
20986
-39536
34882
22546
4087
25351
33073
10137
3283
4228
29929
-19697
-19326
-34795
-38875
-16801
29894
33815
-30891
-28787
-20636
3155
18952
35953
-16368
-18195
-19175
31397
26357
36020
41805
-19693
11374
4680
33049
-34821
-32085
25028
-26621
11802
-5420
-26350
35025
-31402
-36206
-15976
29159
26971
33940
39038
28822
27404
-11777
-12969
-8015
21433
-12765
42407
-5544
-22257
-20807
-39399
-11638
-29104
-30036
-10468
-20
3910
8074
31254
-20980
11671
-11160
-26916
40313
-16975
19264
-26377
6520
2262
29311
-7888
-8391
-574
40977
-9889
35223
40993
16602
-25616
17131
-6702
15098
29262
-40387
27
-19959
9529
9289
-1759
-5043
-6119
-17296
-12646
-8004
31456
113
18373
39448
-11627
-24737
-35051
38613
-30038
-34426
40728
16342
22785
-1105
25772
29071
10578
12147
33608
-36999
19900
-25259
-21514
8649
36793
36641
-11200
-16528
14471
25683
10054
-11990
6383
-36634
21009
-30054
31098
-10080
44238
33091
11040
7390
-2300
4269
-23416
-34792
-8075
23167
13424
34207
27451
33593
14063
5664
18946
-26728
-7839
18805
-23016
-6488
-9007
-7538
-6634
38866
-14270
-27217
-2525
-17518
-36959
21050
30172
-19246
34926
-34934
38727
-35343
29822
4871
17032
13150
-31065
-29388
-23581
-24771
-23277
-16822
-16128
-30604
-23463
11801
-36978
7858
36141
12757
-6290
20255
-6648
-21605
-3776
43038
-8789
7947
24470
12657
40516
-32181
40589
-10251
-4823
5457
-25697
-26827
-1704
-10040
-14799
-27929
-30458
-43107
37904
1088
39161
-38643
31434
40334
6157
-23842
-15638
-17009
2866
5577
23986
-25164
17618
18652
21128
-28891
28126
-22699
-40012
35224
32253
-7463
1771
20489
28356
23952
34958
36425
-18722
10621
-19357
37297
27228
14775
37459
-30311
-2605
45765
-26158
23601
4524
41259
18652
-23521
42352
9197
14696
34308
-23081
4263
34999
-13413
-35607
-18746
-33858
-25193
7046
-12945
10777
-28599
40258
-38115
16145
26905
7955
-27080
-18794
36250
-7690
-14129
32424
-4498
-19623
-11354
-34746
22154
39633
-5294
3847
-37967
26101
19165
-25152
41231
7339
2619
-11739
37663
-20069
5578
42693
39090
15026
-13898
-17642
11811
36349
34406
-15914
-6046
-22139
-9781
-10220
30858
41459
-32684
-32018
-29617
8420
6330
3799
-29007
-1726
9492
2079
4408
4398
-17790
-37755
-22969
7958
-21094
7028
-13689
19166
26006
14107
9228
20524
-36695
1380
-11390
-5796
37592
10204
38270
33618
12976
-30964
-27860
-40123
6402
26746
-12957
-26743
-5896
14943
-19908
-19443
42868
32712
-6993
16403
-16724
-34460
-19678
-26174
24675
40594
1069
15891
36166
-33918
6200
-26848
-11333
5698
30684
-10275
-28998
18999
-13398
-12080
11539
9472
-24891
17309
17931
-14653
31994
24931
14751
-2334
-37459
-32262
14236
28634
30645
-35275
-12896
43528
-35702
4129
-34109
20568
11088
14509
6957
-14888
31993
34051
39673
38750
34200
36547
-28085
22406
-27958
9399
17706
33096
-22939
-5857
42574
7141
-30810
29449
-1386
-21104
23851
42912
31552
-7715
-31592
-20153
-29907
-26639
-42559
2405
17034
-13414
33541
26743
-36611
12027
40224
-7071
-14535
-25465
16943
-1836
-18513
36464
-27714
3778
-8259
4717
-32939
25039
-23541
1282
25937
-16725
-2709
-31341
-7445
-4083
-25257
-34426
25437
7567
26095
5075
16302
1138
-39285
23851
-1222
36183
25744
39722
25279
36869
-18435
19326
-435
-28466
-10431
-14707
-5249
42988
13882
17492
-24838
7620
22800
-5335
16088
-38266
39071
35566
19717
25764
18161
20575
2276
8572
25439
19554
-17277
-31607
-1385
32321
-36824
-3139
-38293
22936
-16389
-13329
24885
23772
-12271
10688
-11435
-2423
-9554
36061
10691
-22895
38623
-30253
-14777
-17323
39324
14426
36343
-27542
40767
18223
12117
-32512
-22622
18778
-28566
-21847
-25851
1402
-20650
-13116
42270
26979
-29940
11654
33098
23585
5967
21715
-41949
-9311
-419
21236
-10162
23405
-36951
30214
-28364
17126
42092
41028
17038
29772
8523
-38420
-16253
-11300
16515
-33426
-33096
18296
-20799
-13217
24069
6828
26609
189
20725
-27028
4794
2389
21247
-40417
-1515
18712
33521
9650
-3066
-22525
-29991
-34839
43147
13734
28777
5127
19795
35223
-12580
-14552
24887
-40061
-3289
-14139
20730
25760
18599
-25359
-39028
5619
-205
-16668
26398
-5469
-20931
43513
-24440
-6771
32949
19186
-25114
26562
-34223
27074
-27158
18888
-21652
1775
4742
-38520
13230
1225
-4928
32923
-2636
-31792
-6149
-31912
27345
-13093
11259
32456
22559
41568
36060
-40211
-9964
-29645
21665
-19711
-7094
11155
-31488
17360
-38222
-17489
4710
27607
-30579
37641
-1979
17632
-6850
21020
29449
28942
30360
-40274
-40814
-2585
-12099
-33203
11360
-17313
43715
-30901
28862
-4966
-2719
-28252
9281
23786
-13994
-8834
20355
8113
-7905
43747
7337
2693
41640
11379
25167
-14757
9912
33647
-19756
7910
17055
40794
35894
-33751
15236
27934
-13651
2902
-20966
-35456
3991
30727
-28398
-14243
11626
-16008
-11282
-34020
37894
8351
15002
22032
-14188
13935
-28596
-6329
15693
19204
-40513
24444
10254
-19322
1147
40742
26997
24549
12763
41025
-14804
-6711
-5453
-36511
11902
11436
13739
13976
34871
-33674
43193
-9945
-32451
-9390
-35375
2726
21489
-18489
-11652
15974
1395
-17325
-11014
-15760
1510
-16752
9382
25516
11058
4381
2281
6149
-1779
31503
22514
-17947
29996
29205
19693
-2268
18632
6048
6420
-38207
-1511
-14103
-41506
2829
22110
38260
5693
1073
11281
6658
-17100
13722
-35761
-31625
-805
-28553
39357
-18636
10393
10111
18859
-13776
12176
-9560
34357
-31277
-17430
-10635
-26862
-18784
2551
-22023
-1530
-4891
14872
19109
-10403
-15145
-30212
-31546
17686
-18453
38738
-34537
-17827
14062
-16112
33409
37795
-4492
-23582
33214
6475
-32622
35484
-35773
-6023
-4210
-33714
507
-20312
-19088
-21969
29085
-40891
13473
-16893
-18934
6891
7419
-167
36101
-31382
13931
-19864
36457
-23909
-19594
22496
14678
-3185
33159
-26942
-14326
-606
-13258
-21994
-18181
40507
31596
21368
-29077
11293
6153
16393
14610
38032
-37934
-18858
29416
-38242
-37966
-27224
-38410
-21511
-19539
825
-22127
17362
-11473
-15830
-16988
-17102
-42396
-22794
-12915
-4651
-35548
9747
55
11112
-26758
-17394
-37444
-28365
31500
26005
2875
9983
-36362
-1367
41977
-36535
-25217
-10971
43388
39622
-7135
3155
-848
6712
-11793
13801
-30393
-1084
29058
-20349
3523
11031
-5103
8481
30947
-41613
-3339
-36838
5080
-15114
37455
26526
18716
2571
-39654
29889
-8069
-21168
23165
-32224
-20
-798
-6842
-7938
6567
9254
-40118
22199
-36467
-39454
33565
-41860
23274
20180
-55
25182
23669
11582
34588
24543
-19937
12152
-30111
1207
39148
10947
-4289
3269
-32177
-26422
1197
23922
-9670
7477
40683
-3612
2837
-20821
-38562
42374
-566
12251
20998
-10733
8653
17865
-2996
33805
-26043
-2505
16964
-8756
-7393
1462
35520
-25744
13684
1692
11287
27450
-3606
-25957
-19663
24397
-19512
19043
-15428
-40752
-6126
-45571
20259
10788
35372
13156
-25929
-13942
33154
-3626
-21827
34855
-13472
4331
12827
16046
-23189
-25658
9920
-31991
16425
-4155
-35412
5899
-37897
34065
-9129
27951
25372
-1479
1150
11384
1631
-23542
-393
-31355
-20371
-41041
33078
-8501
-27220
6122
18940
3392
-23678
-24313
-13144
37878
-31541
4072
-35009
7767
-42244
4094
-36559
-9888
11833
37033
-2312
-44273
27452
32884
23073
9574
35712
12868
-14004
-10757
-9288
18443
23277
39669
18671
-19317
-36691
22541
-17714
1024
12902
-8072
10137
-11881
-9453
-7704
-3648
38501
42162
-22873
-33560
-31012
-19782
17872
29262
1049
7286
-14427
-41784
36637
-22902
-35844
-23439
29483
20708
-2772
-20900
19642
-30499
3084
-37231
17929
13375
-30542
-99
-21106
29284
-16128
-27330
-18932
29986
17162
-34115
7532
17512
-16074
5426
16775
-6200
-6860
2179
-17639
20095
-1858
-12737
-11495
22022
-8734
-37951
-23815
-27697
2474
5881
-12957
-15061
43480
-3585
-14960
40070
-31306
29894
-8450
-31583
-28182
-39340
8034
18224
13631
21996
4248
-34040
-37770
-19104
-24491
34885
5548
-17111
29593
9915
36474
2081
-30610
28526
15233
-13014
-3011
-24883
32315
600
-28735
-8266
-13386
29777
38600
13235
-37560
26345
-8093
-31305
-3320
13702
26417
2272
2980
-34898
36118
-23350
4437
-13543
-39094
31478
25206
-37970
13771
-17674
-21107
-24748
-18814
7610
-14426
4804
-41617
15939
16279
7715
-28634
35976
-5674
-4288
39825
-2251
37613
-3382
-40567
37341
-21007
-26618
-13119
-28125
-6443
-24973
-27723
27691
18701
-39160
30596
26966
-42716
17315
33034
9807
-23919
23718
-7150
25
-23008
-14905
31371
-16688
32582
12483
25547
-1484
-9272
23025
29460
21385
11196
-32095
9940
21482
2157
23719
24981
-9869
41257
20380
36471
-12698
-3878
-4056
35301
12030
-2400
7302
8949
-38368
10035
24691
31406
-36315
38797
-4766
32924
-9381
18413
-28085
279
-28468
24011
14300
18215
1562
-26632
-26778
13420
-28172
8775
37196
15793
-31825
-36733
37033
7388
-22028
-15710
13156
37736
-4927
-29064
2380
4941
-15660
-30111
4974
-28635
19482
-11392
25260
-32653
40665
3418
-18475
24493
22302
-31239
21290
38667
-12875
3461
29854
-33291
31422
28097
9801
38807
-13691
-13931
35224
12006
-42322
19072
7222
-22322
15571
11074
-3889
88
10226
-12665
6528
26884
497
-7230
20206
-13323
15623
20003
15965
-34300
-32357
18825
4994
-11576
-16919
37515
4343
37582
32183
-27544
3074
30540
-6393
-22678
30628
28083
30106
6729
-14607
36965
-22715
-34104
8218
-35728
-23225
-28358
31645
29149
21944
11410
16157
-30427
-41028
11739
-20761
-43101
4037
30095
-30844
14961
35378
37172
-28485
7387
-5669
-37280
10091
32768
15981
-22553
4601
28190
-26657
2972
21207
-15656
23278
17808
29272
-33348
-12825
34261
-10487
-22283
-2638
-36377
12478
-29730
4766
-12985
-39147
-35365
38872
2870
-2442
-30572
29240
34001
-21536
-16002
-20206
-24069
-5576
43333
2264
10807
-22308
31932
33368
-21075
7684
-6425
-6921
-37912
-19539
38543
-13396
20406
36499
15018
-5415
5136
-18059
12717
-10022
10740
-28707
32629
-16582
34720
26085
36740
15408
-37521
-13714
-12604
-6410
-8814
-10243
-13299
-34072
-21093
-35114
16295
-40807
1175
-8786
41994
-23752
-38261
-12546
20479
-30174
35343
5689
-36206
-14676
-24391
20879
-20868
-5696
10794
-18130
-16200
-24383
-8485
29188
-20605
19841
-39304
-40640
-30663
1603
-20085
-14840
16913
26196
29365
-41530
-17493
31411
-24062
-43803
13566
33164
-13712
-12898
4190
-37563
37111
26645
-20210
1549
9959
-27678
27525
-31655
23615
-42732
20991
18570
30905
19958
14467
-27675
-37774
34803
-23443
-4638
-10141
42479
-24889
15286
-34815
30043
27042
30216
-7182
-9800
41424
-16947
-27640
-29560
3297
39148
-37156
34074
10370
15368
36983
-4138
28132
-38304
-42702
-36612
-30539
22298
12920
-34947
30910
17156
32450
38692
-8106
-8928
21977
35213
-31084
-4502
-6899
3558
424
24408
3930
25062
12970
20502
-11840
-35358
-34068
4449
12780
32865
16728
32133
22080
11760
-38100
-34408
-27240
501
-12470
-28654
6040
-20123
-24847
-7542
-27158
34890
-212
-35236
-13740
-25217
26199
-13646
12592
20450
-39926
-7474
-32130
10315
3370
13413
8339
-21962
-41173
-23296
-10115
-16167
-25392
-22110
14738
-13296
-16760
29163
-30015
-28199
-5574
-38994
-34966
-1496
20608
12381
-13359
22794
38838
13915
-1219
-33087
-11347
30336
-21627
-13495
-2123
-29442
16398
34648
15246
-1148
-20202
-33206
-5418
20701
-37765
22949
-35374
40850
-29986
-33083
33261
-17403
-20332
797
-42986
-7546
702
-12105
3618
-19807
1286
-4559
20059
-19776
-37035
-8115
28730
29546
3436
27567
13568
-10864
-30516
20696
27501
-23918
32631
-20799
23681
-37248
-9003
-20100
34156
27351
1710
-262
-40301
-41336
-1573
9558
-41295
38844
-26107
24082
17300
37479
-9375
18977
-34356
-23054
17243
25818
-38764
-15266
39037
16936
4964
42713
-20849
-11201
-8420
21625
-37500
-26970
-13507
8629
-22565
31055
-16072
3422
-29934
17688
-5785
-24604
-37826
30569
-43085
6931
12560
4145
3811
1216
13829
36319
-34441
-20913
5160
17435
-33118
-663
29689
13460
5554
-15731
4074
-15717
30471
-7327
25162
906
-26242
-22215
-18713
-18310
5359
26476
7916
2881
-38147
25326
16380
38060
11162
17288
34438
-30172
-38654
-10305
-7566
-20613
-22256
