-14352
-29410
-16485
11777
-8746
35364
3409
-34704
13926
-25821
-745
17383
9454
36690
-36643
6456
19192
-38154
-39275
35202
-39961
-41902
38214
-1962
-20982
20098
-34008
12427
19039
35554
14264
-18359
9116
13896
27957
-21206
-34427
-19958
-27004
5887
36650
-15985
-27783
-29619
6824
-27143
-10198
-34417
31486
-25930
-5680
-7887
-20166
-32193
24509
10848
39599
36494
21354
-8562
37200
-30999
19581
38828
34403
26231
-5191
9030
-36408
-20030
14178
-12868
6900
16808
16124
-8774
25188
29978
10192
8430
4459
38591
-39260
31912
-5830
-25229
28310
-32544
12227
30623
-35065
-482
-40052
-13261
4377
2220
-2168
32278
29293
-27959
34627
4352
7946
-40674
-27632
-1681
-34221
27990
1637
13679
8542
38536
-31139
-40508
7173
37194
20009
18988
36814
-16328
37733
-927
9242
4655
11293
-16772
-26178
-26526
-40062
-19681
5193
20811
17508
24542
34875
2709
-11973
34127
22360
6062
9672
-20996
33723
-18909
-42120
-8704
27038
27007
4394
8998
-5182
9915
31639
1883
33723
-22331
22566
8889
-8091
-28546
11393
33988
33215
13959
25699
23583
34596
35460
-24683
29764
-22347
17652
-7237
5787
31926
5937
26869
-18349
-29681
1952
31424
-41629
-30
538
-36260
35655
11119
2466
-14064
-24267
20137
26222
-19766
-5052
-9828
6527
-20135
-30776
25400
9600
-35063
35315
1113
16678
-12780
-14298
-12340
-37657
10495
36998
-24907
24751
38017
38683
35599
27978
5616
13912
-23960
25169
-458
-42715
9914
10739
-16868
-28524
20845
-34594
24706
-29678
34207
32902
24796
-1020
-5763
25976
-20985
9139
32228
-15980
39008
-4987
-15814
-31487
-34921
-21197
19704
-36626
-15590
29655
-33004
36388
33369
27449
-16792
19257
2537
-23282
7979
27685
-15224
27527
18799
16246
37340
-19311
13904
-2113
-37512
33003
-20433
-23274
14830
-33262
13341
-21907
18205
-9157
-39193
17794
38356
-11928
-32379
-20828
-17271
15073
14164
-23274
5834
38451
9013
-3650
24251
-17520
24900
-17965
9235
-23587
37998
736
37153
-4001
4382
-12606
6482
18187
-3007
32154
12993
8948
24465
38620
20985
-37114
21123
-37274
38133
17636
-17476
-14732
-21421
11807
-26797
36259
23840
-39400
-22807
-9029
-37959
23056
3691
20816
-23115
14107
-1204
-30978
25501
-7546
39743
-35434
-21959
7347
5157
-2849
39664
-19006
-26367
-22439
-5158
11762
37069
-32672
24326
-40764
40324
-32361
-33832
10837
3697
26941
36325
13137
1502
14493
-31210
-1420
-24967
-18303
-40617
8165
-32382
-27658
28138
13743
4078
-14272
-31517
-16743
-35093
16661
-9708
6821
-17573
-11923
1451
36746
32640
-28428
-31352
-39876
4450
35730
-2326
-4370
8973
1453
-18384
36664
24587
18529
30586
-34384
36086
11772
36604
-18464
26515
26967
13594
-8848
-11240
34203
-13423
2937
-3637
10470
39873
39807
1625
12962
-367
29059
-38930
22086
-39159
-2830
-40645
13627
17330
17434
10613
34232
14772
-16679
18127
-5997
-26385
-12945
18350
-27031
15758
28474
-10522
-15578
32665
12148
37337
-26994
-3743
-915
30951
16729
30633
-39719
-37063
18994
16785
39242
33106
-10893
27204
35897
6072
9153
-40485
-710
15153
-20361
-16808
-4096
-13402
18745
26148
32582
9777
24580
-17678
-16598
-35688
20422
-27317
-7793
33109
-36393
-9308
38865
2768
35100
30317
-219
34547
-35278
33132
3169
2505
-26861
11276
30923
39558
39204
21118
-1326
30553
14271
36745
24867
35634
-42665
17856
-10810
-22096
34138
36719
3300
10636
1281
10492
-17106
32297
34381
-29503
21959
-23579
-12492
-17362
32327
-41936
10732
11748
-34390
-30654
-11924
3300
-40419
-20482
2419
-29933
-27583
5757
16930
-35573
33132
-36248
-40411
-41974
35399
-33720
-16979
-25919
38671
7826
-29262
-15792
-7429
-21366
13103
29225
-933
-17242
-17612
35903
-8410
4402
-1304
3263
26046
-35656
-15606
-35759
-35243
4680
-38495
-16394
28964
30244
-21727
15571
-10403
-28291
33297
-31513
-24424
-28473
31176
19985
6592
14250
-35140
-10933
-20918
-2831
-25660
-28832
2627
3214
-763
-30170
-19566
1264
8968
-11826
23599
16974
-32363
-40985
15627
22404
9923
23644
-41381
-17690
28642
-10687
-19146
23739
35951
18759
-6824
-36305
39318
-16189
4454
27039
13688
-5496
23647
-11921
-15285
-38412
19919
-22578
-2238
26462
32852
17637
-28574
-6709
-25341
-15777
33153
27344
-23581
30268
12521
-20415
-1681
26960
-32623
22543
-15139
-40535
-41904
23206
-8973
-8164
-21452
17485
14228
-22187
16807
35879
14568
27255
35753
-10296
39748
-28298
35454
-6325
4822
-3969
-22555
-12037
16248
-33580
35776
10974
-24755
38075
7207
-7698
10784
-2420
-18692
-7549
31190
5316
-11021
32516
26389
-4827
-15884
-22641
-6707
-1039
-23159
-13863
-20078
-19547
-21242
-38811
15928
-20383
-33427
-17046
25328
-19484
7395
12087
-480
11731
32568
25443
-5078
11296
29950
5481
-11319
13910
-37322
-7833
-30478
12746
-22920
17790
3986
34030
15057
25839
34532
10099
-2427
-24393
13663
33465
-38015
19155
-12092
-13758
17165
-11517
15388
9109
37759
1252
-14204
6994
-6596
-11624
-34078
6873
3065
33464
-31725
39623
-4444
17030
18077
-7527
-3381
18918
-29556
-13019
1877
-34639
13842
38224
20408
-42257
16975
27300
-23373
-38602
7243
-11676
40384
28513
-17572
-33741
-32600
1912
-17
267
-4706
7027
2831
-11349
-37216
5519
9443
12045
24796
22320
36978
38816
14960
-25022
-23041
-13180
-12173
15399
15139
-19218
-37585
-21461
-34615
-28560
32418
-33917
-24245
-24884
17420
-12633
11639
-2000
25135
966
10697
-4903
-20539
25646
30519
33694
-13587
16267
23616
15621
-28550
31129
3389
6664
30278
29894
-5715
30332
30055
18621
26822
-12775
-3278
34117
36791
-42055
-15919
24587
-11785
30431
-25758
9966
30031
-27467
-19226
20107
11132
-31919
14669
-17350
-11256
-26207
21793
-7184
25118
17803
4523
19362
9952
12545
21089
-12564
-23607
-5295
-12969
17598
-17551
-17085
9016
24193
10970
-33546
35318
3468
31994
39157
-31759
40146
-8752
-39522
-21861
142
28102
-27961
-28874
11684
-33722
-2531
-32673
-20976
15540
-843
31374
-13410
-16555
-25182
-921
-32872
-18119
-16133
25357
-38928
1545
8488
2949
40402
19069
5764
-13825
13059
-9450
19130
25660
16450
-19280
-6839
38632
-21829
17431
-25763
38207
-23783
30170
19903
12397
11087
32193
287
20341
1605
6394
32382
-37324
-22041
36619
-9789
10828
-17578
4819
21451
-9360
-11064
-9352
5775
32942
-28571
-24178
4667
-11871
-2240
-38268
11946
-41126
4320
12084
-10633
11354
-31316
-384
-20684
-26461
31694
18869
21417
19609
-40562
-24420
-17897
35920
-27847
-40410
-91
31271
-13839
-15961
6298
-28868
37311
35383
-24833
-34696
-27463
-21176
21115
1220
4396
30685
-16941
30763
18437
15888
30422
-33959
34175
28891
22430
-33464
19535
23590
-29501
21004
-19345
20498
-32876
26779
-39627
4112
19993
-25324
-28908
9093
-21772
-12388
13006
-330
35317
397
27977
6050
5673
29615
-23618
6966
-10890
-19307
19589
12338
11306
-41337
-8992
-14841
-17593
-19999
3017
-3235
123
19068
-5046
-39563
-4175
-33653
-3673
12366
-25483
23800
-10806
36707
13253
-37742
-39737
37322
15879
-11203
16176
-8512
7254
-11920
-202
-10716
-18678
-2110
10530
-3245
-5078
-41375
-31243
-5891
33286
-18882
33472
34305
23411
-17371
13807
-31285
-15862
12384
23690
-9676
-7935
16037
-7488
-29784
-33
-20643
-30434
-20618
17432
-17733
-13840
-7348
-21925
22187
34500
-32453
-23988
19069
7215
31791
-29430
-33548
-14412
-6990
-20365
-16420
-111
-27675
-5946
36545
5965
19932
34190
-39861
-14100
6682
35660
8130
12891
27677
-21651
-33677
-3546
-39314
26221
-35041
10802
1536
35360
14994
-30855
14321
-26663
29448
-3464
-38528
-5795
30765
33266
-36501
10551
-23760
13020
-27005
-29222
30408
13921
5173
27376
-15186
29675
9815
-13507
3067
33186
20396
-29174
294
-13710
10542
7277
-37981
19961
-13313
-14700
17676
32163
-38166
-31062
-1401
25403
-34798
26330
18359
24298
16127
-10183
33494
-12312
9136
36505
-23971
15675
12580
-27256
30018
-35388
-30315
297
29281
38154
16174
13887
-1181
15503
34638
4158
16994
36882
-36805
-2432
36885
24524
-26572
-35760
-3588
-35340
29131
-40075
-12922
27943
21401
5337
34240
-34745
-38017
28047
-691
19262
16032
-8078
-39285
7054
-20300
-38403
-40768
-40564
-33260
30467
24195
6453
32645
20804
-28855
-33737
32124
23661
31718
12943
25934
22441
25057
-7836
-37424
-27444
-38929
-1771
-40859
-2842
-30009
-41954
31819
-23890
7909
32506
31983
-5092
-40385
-7331
28706
17942
39265
-21486
24645
-36059
-15900
-22025
29703
18649
35912
26726
-11798
16269
-28435
-11650
3568
-5483
-26744
-13132
-14261
-23836
-38311
-26318
-797
-28600
-37730
14661
-31201
-670
-6552
19322
7247
-936
-890
-17776
-35541
-27098
-12896
30864
10885
-29902
14085
-4077
-25000
-25109
32848
38078
2086
19532
-27073
20953
2103
33280
27469
-2386
33184
-36457
-14187
23371
30551
33128
-1897
-40058
-21395
26254
5548
-31476
-15904
-3843
21249
-18016
15861
26643
-19188
26283
28040
-27953
-31497
-32448
23873
-8699
-38067
646
32181
-298
33013
25649
-33419
6408
11568
19715
40396
39109
-34744
26145
37315
-477
7835
36457
-28617
-7175
-34824
-41256
8286
-42050
-30030
-28527
4655
-30227
-27700
8241
-41172
27692
37946
-27566
-33005
36078
29967
-31820
-2802
-20385
28971
-15247
6294
35079
2986
-8001
-26447
-20295
-27575
-4282
-33843
27417
-2784
-23690
-6808
-20619
37508
-14759
18645
28450
-42519
5684
22037
-33054
-22954
-34483
-27352
-30471
25574
-1427
-9582
-1203
10916
-22829
-3360
-9424
-38854
32567
23797
16105
29842
14724
-24036
286
-16339
38230
26986
13840
-24287
19274
-40746
18624
-22412
2680
-40913
5662
1682
20050
13
-30061
5505
-18645
-10821
28949
-7263
-8279
-2699
-9229
32138
5684
17706
-35277
-34524
11433
20112
-30467
-35398
-12361
-1861
-25729
-6619
23355
34033
-14045
-39868
5793
-45
13857
20695
-31732
-10786
29377
27796
39663
-3809
-40135
40030
26072
2575
6612
-21295
-3794
-40045
29133
-29896
-32159
-1573
1283
-28906
-38007
14801
-34329
18759
-19104
-43897
2518
-19969
-44230
34506
7460
14130
27759
-17028
-13101
-21584
-28298
-28503
11214
38800
-18314
-29439
-19247
38528
26046
-27179
5856
-22737
28127
25635
15440
-22312
9439
26884
10831
19327
-36871
-7342
-5731
35565
-22575
-20575
-7662
2892
36092
-7418
-9796
37983
36586
25152
6285
17104
14264
-20118
16787
-21608
-41568
24129
-36921
391
-14111
-17375
33584
14410
-6595
10436
-29334
-35562
-37862
-43425
12878
-28474
31699
-33841
-43252
22494
-11640
-37218
13714
7242
-14330
33552
-19249
-35714
-39878
-21159
14339
25408
-15814
28243
-15923
2916
-38598
16075
-25331
2271
6790
-20261
-1793
7232
13042
6382
24935
-31144
-34227
-8969
-387
19275
-8172
-35124
28516
-31637
17702
31052
35626
14520
-28431
17205
-25697
-10177
-10139
-29487
29792
-19245
-20017
13638
2111
-14754
12628
-34971
-8285
6300
6168
-23563
-10548
31310
21988
28630
36049
4993
-10787
35058
-14862
-28308
-21336
-33891
-29424
-6406
-783
13369
-2636
14287
12638
-11195
30807
-23845
-863
4608
-30536
26113
27772
-25753
-6460
32630
-29973
1537
-2087
9553
-37437
1958
-36171
20861
-39468
-42316
-11624
-21068
19466
-22439
9019
8151
17870
-29931
-9984
-47879
-9243
6077
7629
33275
-35344
24418
19042
6687
24340
-15477
-14667
-13460
33273
15272
32424
39674
-9638
39524
-11437
27951
-16179
14380
29662
4899
-41304
36224
-5018
16535
-1650
20779
30719
29112
36675
-19943
1589
1388
-5161
18303
30363
-4441
29041
17428
-35298
7194
-19261
39185
-40615
-18044
-36343
8327
-4731
1821
20923
-33622
-42480
3388
-25611
1010
-18914
-38865
18304
27554
3090
21001
-13449
-28416
37755
2721
6540
27042
-37373
-27121
-35572
21791
36252
19051
533
13018
35797
15892
5510
24929
16879
-18486
-26570
218
41251
-17577
21011
38404
-12684
-32319
-7146
25229
12585
-31147
35200
6616
-6834
3
-15658
40300
22726
10198
-36213
-14702
-41484
-43811
16913
-24521
-19083
11752
-17869
21470
15364
28660
-42887
15656
-24238
11178
-42749
16868
33596
-37168
22191
20850
-30711
32636
-24866
37297
17593
-4639
28329
-27644
5003
29900
-5988
2222
21777
-6326
23827
23142
26475
14263
-28250
-27709
1232
625
-7258
11665
-37905
15636
30837
-29835
19101
32245
-7006
26309
-12262
-35112
41946
-35691
674
36089
12026
-12748
34412
-13729
-5287
16878
29444
14628
12191
7412
-13517
-39520
17503
2904
18053
31881
27186
-20477
19445
-12990
26642
-16695
-18162
-20410
-25907
13186
-18149
-943
-7908
-38886
-2276
-855
-19180
-39600
-32287
31978
27743
21021
14731
-8291
19554
37936
-5712
1472
40309
-12576
26301
16028
-2071
-38258
-22749
-32915
-17459
-17992
-34638
-909
34603
-6509
34165
31469
38219
20455
-12409
-5936
-37454
-23970
-34973
-37649
-3395
42057
139
-25597
13138
-11649
17599
3794
4997
7920
19035
-35611
-39676
4894
31717
-30672
-31340
-20500
-7749
-38366
-11309
-320
22166
3685
26714
23674
13621
-12929
16961
-38783
-31471
-32577
31884
-29938
-23363
12831
-39625
-26109
9360
-7040
360
-16895
5396
13593
-27663
10026
-18222
-29411
26366
16619
34986
-8714
847
39483
24886
-29906
33606
-3930
46611
25498
-2250
-12985
20399
-3454
-14533
-21641
-40200
37833
1160
20508
19135
17713
4570
34022
-35400
24244
-3070
7461
-33342
-26000
9591
-33134
33558
-34482
28248
13813
35497
-29887
35802
16586
-35201
5759
-35202
-3369
25407
19356
15536
39076
35503
-9387
21556
-24649
-29676
33937
-33592
21892
-19415
-10907
-27998
27359
3551
6474
18185
48492
46839
-17199
14688
8040
-3843
-27551
13873
42851
36734
-24222
25260
38235
-28647
35628
5164
17911
-18906
13479
-9209
33245
-26805
33263
-7769
-36277
-7505
-12040
21654
-2628
-29607
34342
2366
-3346
-25031
22388
-14641
-34566
25994
-4155
-10757
13527
1289
-17943
3466
-31672
29207
32114
-15928
43527
1873
17416
-23577
-29916
26842
28609
4030
23154
-13686
-15163
1235
26484
-24272
47217
-11142
9455
7277
-4789
9854
-11274
-25292
33732
32710
2045
14713
-37426
-13029
-14235
11336
-13806
-34839
5651
2996
42212
35984
-23311
-25389
28794
13225
-29323
23900
-10671
21790
13726
19113
-35303
-24756
-23794
19223
6509
41659
-18427
25069
-13345
19270
21351
-10696
36667
-22424
1097
4977
34086
-22278
-32735
6552
-12139
27630
-29018
-31574
37549
10479
34153
10346
-13579
-25532
-27143
-5820
-1734
34352
-13445
-27142
32332
-7958
-26120
-40993
-20169
23065
28828
37253
-1773
-33391
-2189
25347
38988
13461
1782
-32220
32848
-24863
-6339
-21734
-17751
16026
18525
-13737
28808
-167
-36811
-12394
3724
-5557
7564
-13569
27786
6378
-12446
-35496
-28335
-10372
38708
42761
-19037
19203
33405
-34312
-21028
31695
18944
18823
39683
15169
30547
5100
-14555
4882
34548
6332
-29342
-1163
-29590
3415
-4529
-33657
145
-12483
-14437
-36035
13643
-957
-25926
-22283
-23748
-18626
-6529
-5460
-30104
42968
-12141
1817
4786
-21766
25928
-4955
32257
-38334
-6358
-24272
-20942
-8632
-4909
-39224
11608
-21380
-25832
-8681
36601
21379
-19190
43355
40189
17033
11464
-29621
7350
1089
-23059
20847
30708
-12766
10682
-31714
-32170
20757
46184
-34134
-6873
-1048
19689
-35899
31211
17359
36603
-18949
-25298
-31668
41179
28740
-14309
13
28192
-4522
12397
7098
-23653
31766
26414
-27367
-19581
12718
5366
-16668
38631
-14322
-31727
20091
30413
41630
40527
-24132
22248
39727
42358
28407
7808
23411
34874
-22303
5276
-29379
-15842
19569
-3827
-32220
1727
-15225
-25805
33262
39342
-10722
-18064
-26930
5250
834
42591
9885
-16857
15786
15029
-34825
27655
-22168
17071
-28820
-29280
-27430
-34317
2137
-8588
20297
-11335
-11317
-26451
29201
13413
8185
-35425
22833
22071
-12220
24032
36978
-34733
19030
41878
-2795
-8666
-13492
-1464
28247
-5531
-36809
-4415
10341
-20305
-8273
-36369
37934
6412
13761
42674
-24807
1562
28813
-32356
14881
-22412
4831
21598
6584
11317
-7187
7652
-14326
-26508
-13921
-14067
7174
28908
-30593
-27612
3001
7771
42781
34582
37977
-37661
-17151
-20991
-1588
16856
9125
37735
23676
40345
27109
-10051
-10715
14839
26154
37154
23366
24556
-8180
-6417
40382
3257
-20295
25316
19302
31167
-624
-662
20987
-32040
-34263
-3766
39183
13553
38616
5116
844
37494
10085
-1938
30476
-7647
11563
6882
40713
28102
15438
1546
-18717
-26389
31539
-25684
-7551
27614
17957
28326
13765
-25940
-11602
-15924
-22723
-6681
20998
5736
-11473
-37842
27188
-13455
-17226
-28522
38613
34589
-24904
18617
18009
25640
22570
-15500
-1484
25847
-27975
-13453
718
2072
-36189
6751
29515
34528
-11048
32957
-29498
-17567
24006
25802
13796
-30070
30973
-15400
26990
-19174
-6124
34724
-1849
10132
-14975
-29825
-33370
-8386
-13435
-40314
35438
1555
-27715
-31837
37059
11554
-10515
-29079
-32908
-21860
30002
-28893
28193
23084
-11274
-9363
39632
564
35920
22414
-20540
8108
37150
-10056
-9708
-6786
35708
-23214
-10733
40402
40480
3869
-27670
28128
1497
-33592
-21530
-37095
18809
25374
14074
4909
-25397
-36631
-13909
-20296
29028
24894
-14269
36700
27674
-6138
-24441
-5129
16248
-33010
8333
14970
-12695
-24675
15214
10569
-40990
7115
28665
5855
18277
-19572
-27724
-10475
-23109
35313
-10875
35775
-2724
15276
3253
-5055
-17464
8943
15957
-11542
-16152
-26118
-30597
15450
30846
-21261
28822
40647
-39031
11462
13163
-24251
-9104
4950
3922
-30534
4950
-37933
27584
-38875
-26080
21210
41726
-36081
29004
-3862
-28635
3887
31944
38308
29304
-17659
30888
25617
-39151
-2503
26479
-20376
-20408
-14614
8352
40923
39949
41066
20553
-27541
25352
-14058
19862
-21523
3567
-31262
23326
-34167
-17714
-36690
-12624
8351
-9851
-32090
14594
-35689
-32312
24444
-32019
19901
19853
25685
-32338
-1101
-32158
-23742
-2945
25460
-18145
14448
-28288
33875
35049
-30692
-3300
-37642
23842
23100
-25607
-28867
-4899
4010
8668
-20079
27493
-35447
-13053
-16871
-20779
34677
-24196
4528
-30596
-31500
-7104
-23479
33132
19167
13167
16897
-33294
-37014
-29414
27875
-6155
-33392
367
12402
23792
36318
12012
-30885
-5753
16329
38033
11645
20643
20424
-31504
11818
21741
-38393
31232
-10774
17287
-27273
-1650
-2957
-31827
-23800
-10798
-14653
39451
21486
-33410
-4289
30139
-13344
-23083
40022
-29248
-1115
3992
-5458
-36906
-37212
23069
32615
9701
21062
6533
-35149
10456
-29180
14093
7136
-12076
-25734
31288
21980
-24948
-13738
-35082
29347
-25984
39824
38936
-38698
-2863
-21510
22524
-32851
39315
4616
16527
-8250
26535
-11790
-8826
-29120
-3362
-3162
-33754
-8783
845
11884
17755
40450
-17313
18919
-13154
34944
-27186
-10740
-2652
-35889
-28974
19170
29497
26486
-17648
9970
13377
36168
19703
-2949
-6616
17573
-29675
-8095
5649
23166
21427
36571
-25578
29349
30708
-12503
29628
-37318
-35465
-39382
-2712
-13848
-12840
-34855
21709
26982
-9033
42865
41684
-6170
42962
3289
-18179
14797
-10725
18282
-34183
13583
-15545
-3463
-23764
-14949
25337
27803
32280
-7275
40766
36319
16705
-22445
27700
-34379
40401
22464
-22736
26214
19680
3669
-2000
14100
-21894
10940
-2367
25091
-8075
-30695
-8323
-29597
23317
-2020
32410
42197
-28381
-19998
38022
25529
-14637
-1851
-36000
31671
-6317
-30040
19690
19764
-18521
-15786
-13581
27943
32006
17480
22267
-28647
-13068
20351
-33504
3566
34093
-2733
-5144
20276
40447
-31447
13341
22616
37947
21153
-7401
-23238
19119
-21997
-10657
38908
-34257
11358
12593
-40165
-21590
16257
29848
13888
2679
3012
30566
-22613
4247
-19735
-32837
-35292
-25114
1424
27374
-37586
35938
34846
-26902
26715
13316
27095
-3189
38389
-21335
-25608
-74
-352
-26737
-13573
36035
31545
-9037
24834
16593
-28686
30755
30756
-40362
-25612
31167
-34108
4871
1230
32610
-40468
22342
-8639
-12043
4750
22875
5802
29596
-22362
-16301
19207
-29330
-23816
5998
-9488
-7901
22627
16312
23394
34987
16033
-14959
-8462
26195
-17431
538
-31224
39973
16290
-31779
-7732
13272
-38992
-17434
-16586
-11426
-34497
-18809
32217
41004
-18722
-33128
40238
-21136
26129
36645
-5932
-15500
-36766
-20730
-35620
14540
5781
18708
-36540
3101
22809
-12411
16701
-35497
19171
26105
-23374
24603
14893
13463
28485
-9030
31075
-37855
-20149
31375
9723
-27217
-23874
1873
26497
-5624
28410
10237
30346
-22127
-5543
2536
-38358
-34114
-33150
-6967
-10322
21379
-17429
20522
14909
25742
36672
-36725
-28361
14760
25435
-36496
-29235
-15582
15200
-14010
8825
-26921
7781
-4731
-25937
30876
-9987
-39333
-2690
29925
-37218
37340
22747
42017
18461
9313
-7396
39340
-4234
-22185
32541
32563
23640
-32344
-8615
4533
-9771
-3973
4682
38052
40269
6893
22650
37766
19624
-13040
-25135
-10951
37214
-36403
35035
36549
-29212
33561
36958
-35568
-30141
-4401
31154
21385
-40125
-583
4940
826
36251
-9528
-7056
25825
-37925
6390
-24420
-19020
-31987
7028
-10029
-39359
-26434
1824
28947
727
6019
10611
30805
-6982
9169
-31247
-4278
-14839
23078
35274
7478
19622
-38809
-22199
-13070
3080
7843
24128
23087
-9786
-9487
-31926
-41388
36028
35136
-14962
1101
16773
19114
-28085
20945
-29948
35879
15828
-6699
-5843
1496
-23475
-20720
-36096
-8487
6017
4696
-8108
-36025
-16709
-7646
-28888
2174
-22764
30525
-34530
-14021
9596
-732
-35730
-8977
28468
25833
22089
30239
-23257
-21234
16504
-11050
34578
5450
27506
-40873
7400
18197
2111
-10745
-7483
-21133
19199
-4987
33936
30286
8267
24555
39713
30800
-15829
-35167
28325
-40067
24994
-13198
21911
-5529
-2508
-16328
-27726
33510
-19689
23000
38141
-3956
28084
-35056
-14134
218
38580
13490
-16321
10207
22513
26891
-34113
-16842
27684
21651
-28846
-5309
-21501
-26321
16466
25237
28929
-35166
8920
-16384
1430
-5390
-18871
27552
609
23741
29765
14868
-28695
23226
-21074
21736
-33208
-3940
-19689
-36754
18591
41269
-14570
20341
-20995
-14262
-32236
5539
149
34416
38956
-21071
-22930
-27956
-32237
-3653
9148
-39499
3148
-12650
-6778
-27005
-12514
7352
41991
-28703
1040
13201
20450
-25969
41494
-21765
735
33250
37730
-1142
-16545
10836
23129
-15517
-23110
35249
-37248
-40056
17415
31117
-25150
31222
16682
-17255
15095
803
23205
-16405
-6310
12053
-15887
7503
-38788
23907
16180
40401
31415
27824
24282
-39073
15261
7576
23412
8552
-3504
17990
12037
-20517
6804
9690
-23152
6124
-11288
-12501
13464
29808
-25201
10263
39839
28440
12358
-8349
30191
-36350
-39016
41203
3173
24523
3561
-24865
-40568
-32377
-1850
36397
11706
-29974
-20569
-21520
5444
-18949
-3752
20352
2218
18684
-20019
-1274
-13177
24909
24308
3769
10672
-2804
-18892
-3147
-4027
-36403
37167
-41167
15380
3118
-40975
-29628
41328
-26771
24152
16556
-26165
-19622
-24855
-12003
-1589
18317
23137
12250
-38837
17613
-16871
-471
8026
2746
21764
-14308
35933
-1269
14099
-19542
-25007
33521
39300
38371
6882
32490
-1636
40448
16593
-22232
-37925
-20048
-17393
-22171
-19379
-34760
38443
-37816
-27088
-659
-37114
-27446
1419
37851
-37541
35507
-5863
-36607
-1729
-32367
33824
16700
-30458
5838
36894
7331
9217
3216
-35327
-8822
2774
-17643
32336
-36583
-26570
-26779
18333
2232
11092
-7251
-33429
-24534
40316
30406
407
14717
-31448
