30601
-23196
2539
-21714
-31016
-20182
3253
8718
7367
-1025
-11993
3574
11157
13036
-7000
22392
24532
-35976
25689
-9233
-34036
-22417
-745
-28085
4460
-2557
-18381
-13709
22367
1433
34353
39757
39364
-31395
-23997
-15274
20259
11428
-34004
-31719
-7076
36470
23110
-28898
17848
-16584
8308
-18129
29367
28746
374
-28821
4966
10931
17572
35425
20375
-12248
-12188
-34224
26929
-26447
26823
39850
-16551
-40604
-2995
-30032
17020
-17993
12218
-17827
37651
-12111
-39631
2826
-12036
34694
1347
8290
31327
36908
-24901
36951
16728
13551
5136
-4798
33497
34319
-3356
8435
-17270
16524
21534
-20331
-16691
9865
-20150
40666
30406
-14227
-20613
-31786
-1510
-16510
-31501
-1475
3710
12579
12621
-38161
-7117
-24972
199
11692
36234
-798
32508
35024
-5271
-3245
39937
39783
-20017
-13290
29594
-2777
5735
31397
33331
-38895
-31710
21500
15454
13953
5566
39736
3910
-22960
35640
1329
-25066
-10198
-35775
-19750
32823
-338
6496
12714
-34040
28562
4768
31607
25158
-15502
-17688
-16871
-14401
-41673
-39465
-26907
-28074
-12324
17118
-32229
-5131
5920
13301
-17365
29097
-29037
660
24438
-6352
-26909
26504
-40836
-12570
-17904
-40487
-38354
-22583
-6607
14710
-38057
25953
19753
38122
9831
40590
27322
-14432
36655
-13255
5641
6035
-17141
31330
-15812
-11683
-26625
11166
14889
5807
-8014
17658
-19127
31697
-37702
15057
-30172
-23874
28256
-12939
-19604
37007
19624
37382
32888
30997
-25641
17111
32114
28505
-40104
-35107
-14437
1853
-25034
-28631
18243
-8700
25999
15051
34714
1854
5950
33950
-34254
13471
-38490
-7241
-2613
-19249
20671
6127
27225
542
34918
-31712
-41410
-23164
-18857
24208
12007
-28240
-4715
17703
2132
-23176
-26560
17780
-27327
-30772
27052
-19740
2282
-20057
13708
-35639
12485
-23373
-24500
17812
-10149
-21024
10203
34664
19223
39909
12662
4543
20894
33291
17238
39556
-13507
21322
-38524
26309
-10871
-14200
38446
-23779
-8909
94
16828
6787
-33606
-4856
-19526
-10051
-31652
23519
-2718
-16439
27043
-9605
25440
6342
-1760
26497
32665
29653
-35659
1793
-40796
-33684
34604
-34053
27372
28794
-38958
22567
694
-9237
-34354
-29098
1463
26215
39083
-7694
-18581
5441
-39449
-16014
5678
-25172
5494
18484
37994
-10908
6987
19923
-34182
-41725
29212
26312
-15907
29135
-12942
-2803
23140
-4946
33932
16149
-29169
-40182
40146
-12392
-9816
-31105
-35876
-15707
-38433
12430
12547
-35555
-39335
-22947
-33760
-10598
-28721
-34698
-32646
-21382
-10899
-14708
-27054
-31117
34296
5179
-11406
4269
6446
31709
-33365
-36426
12191
-38458
20547
21278
18960
23686
-22433
38039
-2706
7423
6403
32128
23517
39283
-23320
-34552
16289
-16819
20120
-40664
-14214
-37185
27100
-1839
-35301
41154
15392
-1272
-5427
-61
39272
-23843
-3918
-25413
-3354
4686
37652
39722
-33966
-36427
14179
-25126
14161
-39203
-38941
30537
34214
32617
20121
-16986
-26384
33898
-23197
27345
-13354
-39343
12058
33983
23768
-5139
-32729
38512
-34567
-8902
27383
-23183
-16646
-13862
-10947
39815
-13430
-27892
4809
5482
6041
-15310
28579
23173
-38753
22521
-39122
-37146
162
-21652
-17718
12443
-36220
-20612
30876
15729
-4468
21753
29551
11375
22634
-12050
12053
30428
-34332
-10775
31994
-16197
-28667
-4701
-27705
21471
12086
-30960
23971
-29399
-30030
-38597
-23953
-8858
35536
-33550
27200
18233
-32650
14802
-2436
24467
26566
-29550
-37810
-18090
7879
-19895
10738
-16046
-8822
-26880
-7602
-38189
-11916
38080
-29969
39440
-22351
-24079
-21903
-38031
11484
27177
10301
15170
-21218
-10803
33160
-16829
21815
-1641
-23454
21204
159
-26083
2189
29651
39946
-13564
-40032
-27362
5359
4601
-35800
-23708
14507
-22104
-24064
-2426
-31171
10020
-27133
-34440
-29611
-33775
17359
31468
24000
37057
-32398
17676
-4707
19082
17380
17813
18641
24194
24847
-28111
-19757
15111
-2111
-10628
24014
-6374
7040
32340
10048
4964
13498
-19132
18287
-35055
-28701
19509
36636
-34109
13592
30942
-30641
-5959
-11466
-36303
-7678
4294
16706
17416
30356
37219
-41402
-33097
-24146
-7224
-10280
31126
-27233
7925
-909
-15671
-32473
-12182
20880
15584
-11670
19015
40091
-9162
-9540
39860
8031
17482
-14451
-28819
-31978
-12458
32893
-32981
41049
-1824
32278
39680
-1118
11713
-16024
-10709
-33555
-3776
-34138
-38527
-18923
34722
32683
40095
-39019
-38972
-5960
-22065
-36698
-12693
-31004
34716
2614
18264
-8840
-33230
-26551
20092
-15696
34807
29068
6211
-6073
-17233
-20125
-36671
-13806
-38802
-33290
21621
21706
8893
-37213
1289
10308
-23603
-36774
28357
35457
5466
5916
22938
2139
6360
18218
9205
11143
-6139
-28464
-22853
6180
26404
-11391
8023
-35279
-34277
-6123
-1256
10234
41263
17251
6789
-21444
-30747
-35859
-35256
-20719
5234
19720
12192
-612
12237
30669
-24413
-25449
-30347
-436
86
-40846
28331
-2051
18584
22216
-16936
-41255
-1512
36393
32339
27725
8332
6079
18914
33586
3065
-6254
-27920
-20006
-9306
-30657
-4911
-7019
31538
-28536
5233
-10904
40781
-30139
3974
-12487
-19589
-6979
8402
6636
-29384
-11125
-7868
-30126
-24667
4878
7254
-40607
32358
3200
-665
28763
1597
-28317
8058
-13968
12472
28842
-18914
-7261
597
33259
-32734
36805
-39572
-1537
-20521
-34939
-6115
-27560
-26859
24793
-42536
6494
33694
-15850
-37207
-19076
25543
-16598
-18062
14106
24002
-9094
-8413
25274
-20723
38118
18548
28988
14531
-8703
-37992
10747
-19275
12327
-23561
-5595
-23452
3073
-23725
6930
17368
-34995
-7967
-27183
16955
-5955
9421
21995
9445
-31110
30035
-4637
-3101
14016
-19970
-24855
-34472
-17352
-26930
1948
-19820
20858
-30465
9565
-40594
-15792
-41660
5974
20232
-35609
-42408
29687
18065
-23271
5690
12303
-6007
-35349
11525
5979
-17974
29455
-36376
-28602
-27572
26627
-8068
-23834
-39398
16578
13584
-39148
-19869
39471
19397
-14910
38678
2505
15928
3778
-33747
40938
31845
5959
35327
-12410
14518
10245
-39916
-24342
-37763
-37296
8804
7849
14703
-1949
-10529
-37062
1669
-31566
1382
-15675
22052
24549
34798
-14172
10232
25598
1891
-22899
953
-16067
-6020
-11743
2144
24255
-3353
28115
38962
29225
19748
-40959
-10703
-921
442
-13545
-10424
-9039
35765
19132
-3413
-36739
-13045
15256
-33771
-34091
-29722
35814
36918
9653
-13406
-6389
36979
-2865
-37565
-2564
22322
16459
27150
-27155
15729
38959
17089
-956
-887
-30605
-34315
-12632
-42030
833
-5608
28380
33376
-23290
4357
-33136
-24768
-34443
-33839
31336
15913
-25185
24077
-27291
29585
7633
5950
5518
-13838
30519
30668
9808
33861
5890
7701
17923
-6650
25228
-32340
4981
-1038
-31179
-1676
-5988
-20787
21475
26343
-11419
35870
-5752
-10980
-29935
36964
-5692
16467
19943
-6134
-23450
13935
-4281
-28488
36929
26296
-29622
-21086
-2711
-7169
3671
-10823
33486
7792
20707
708
2981
36143
-27311
25792
-37179
-21885
-17708
-32170
29627
27338
-11833
1162
-29036
-22611
-20158
29871
759
-10620
35980
23
-17408
-22823
-264
13893
-40658
-20797
14393
21017
-23792
-28812
1602
9042
34012
2381
-14617
-17684
-21335
28532
9555
-26711
-10794
-17686
-36057
27210
-10529
-35763
34810
39251
29714
15512
19512
-24857
4035
3121
13242
30520
9738
21049
24236
4263
10464
-2083
25950
-26092
-6164
-41440
-5043
-29813
11119
33349
-9755
-830
18596
-34223
-25806
35157
-36153
34424
-5900
-29793
-36549
-35188
8554
16929
-29700
4686
7506
-3959
14962
2485
21118
-15262
37973
33870
-35347
-12023
11656
-5273
-10291
899
-7363
-4
9308
32268
35386
30327
-36027
-21534
22997
31981
22489
-28656
-29970
-34690
-38878
-25562
18759
23078
328
-5512
36445
-39772
25364
39103
26244
13948
9152
14724
28773
-26049
7110
-17839
-31604
-9405
-31291
-4490
9644
-18002
40822
-4043
34258
27170
20529
-10038
39828
30783
21521
-16851
-26143
-26750
-2001
-31258
34532
1786
2025
-13601
-569
-37473
-30402
-34059
-31954
5180
6253
10814
34727
32482
-6380
31087
-30630
20983
34531
15074
-6409
-28230
16197
-11542
-9724
-9067
-3535
10956
-28952
-26586
-5743
9120
-29763
10637
-8619
34907
22189
-21866
-9194
-28858
26603
-8369
24372
-28178
-34694
-12775
24810
17250
-19709
21228
25372
32541
-13316
-17428
14114
-40294
-40902
25596
17574
-10131
-20474
-8058
-38952
-39636
-27645
15249
10502
-2337
33981
-5917
-27303
-29658
10422
-6944
12093
-2281
-39540
-22493
-891
-28146
25411
-18623
-38402
4840
7617
6678
-9447
27427
-33357
11727
30328
12570
16900
9645
-35667
-8070
28462
29422
11037
5238
-14016
34633
14586
18682
-33727
25656
-5960
-14601
-38336
-2554
35848
-15786
9164
20398
-40384
-38248
30792
33050
-38249
37636
-27717
24141
-31804
-26432
-15554
-1659
20935
9809
14535
-6665
23616
-12731
-30860
37458
10593
30343
8289
13525
-36461
-36982
-405
-14001
39722
22262
19189
36785
13939
-1676
2003
-13824
-23205
-37786
-671
28350
-24951
-14413
33505
-17175
24542
-16827
31118
19073
-31188
35837
-14269
31613
-6032
5847
-31113
4222
35782
15704
-12414
-12961
11153
4158
18571
6518
-16434
-22378
19089
11179
-21430
-15284
-39415
-19064
35751
3879
-27254
-11456
-3578
26233
-742
-6892
4305
29339
25153
-10401
19557
-33554
4712
38298
-8916
-23853
-22153
31282
-37447
37064
29008
37107
22741
-32740
-37694
25665
30939
1495
-866
11596
-8704
2842
35370
38927
-30406
39709
-18837
23753
25543
-35384
-14797
-16735
39641
-26372
-12892
3585
28119
-39103
258
11455
5938
-12426
2106
11942
-30399
7954
-4650
12361
-11033
2645
42145
37408
21694
-35867
17732
2173
-31609
30354
26560
-5099
1763
9759
33109
-29222
-35353
-76
5312
-3352
262
-4974
36987
17288
8858
-26243
-5200
22639
1919
38544
5413
8368
2684
-20808
-5758
-6248
-39922
5343
37338
27913
-38639
-33564
21784
36696
4015
-24510
30104
-2883
-39097
40924
-32475
-26750
14136
-34795
26734
35908
19961
-38214
-3604
31137
24540
-3872
37972
20013
-31763
6414
7422
-9294
-12771
26563
-5082
-23267
24988
30318
-4071
28616
-38566
23627
-26971
-6439
-22781
1308
4407
36883
-38510
-42302
37827
24162
10983
25135
-9599
16382
-32475
19150
-32233
4523
-6164
32234
-22464
-39557
-834
13444
31345
28018
-8623
-15532
-33628
-10746
18170
-20949
28442
9674
40034
7697
-14438
33440
4624
39698
-13768
7573
-19116
43263
-1454
8828
41109
13330
-34049
-38198
5001
704
-6568
5684
-6044
13789
-23955
-12225
14624
19683
-1200
-13787
-25826
23724
6894
11170
9191
-32558
8532
25536
-26635
34489
-1835
36619
-14373
26578
-1037
-27871
-34067
-13996
40003
-16404
22603
-23330
-33768
29181
20273
26185
14340
-35139
-36763
24694
-3628
-15463
-2025
-17982
-1198
10121
30141
14933
28053
-18538
33834
3476
1764
16798
-38422
27552
-35734
12853
-25028
-25365
25630
27228
17742
-9500
1533
-31246
-21246
-5967
10684
-3148
12643
12890
-10704
-4443
10202
-21914
30393
-3773
-15191
-27004
-28012
-34536
37593
25962
10519
25568
27224
7597
-24062
976
-21972
-13286
16045
610
30349
30094
-34565
-1539
-33492
35899
9267
28361
30293
1265
-6730
27311
-2775
12403
1393
33605
16482
-27254
16408
23398
17002
-244
-8015
-37581
1782
-9774
-16938
30135
24998
-18432
-20566
27459
940
11803
8075
30531
15468
6881
-39840
-35103
-27469
-18690
-17821
-11462
38513
-8448
17992
-31130
28443
38067
-29891
14413
30867
-7510
-28188
10758
-28875
40039
32796
27548
-31646
12760
-35253
-3652
8789
-36300
32689
2902
-27844
23011
-22998
-11149
14202
31298
19210
-33777
39587
-35253
19989
1675
-32031
-23572
-32359
-804
17723
-15094
2709
-22252
22289
-13828
-3150
-29277
11288
8098
-20358
-37674
-16470
-35813
-14087
117
4417
-14365
-5167
-828
-13117
-17221
38739
-35466
20886
17060
-28173
-37341
23948
11095
41137
-8472
-1118
21761
17376
32600
-33432
-23885
-37590
-15295
31583
14380
-13659
30164
21430
11571
31984
12317
39017
-20091
-26318
44274
2626
32517
-29495
25653
-24640
3479
-5117
-29912
-4935
-14755
-17495
18324
-2675
-29384
1310
-31734
-8104
-3602
-28550
-2737
-4935
36995
16532
-20621
-27135
33185
37286
-11276
-37193
2886
16163
-16410
-40190
26358
4511
-21584
-36779
-13309
-23831
-34800
17277
20607
41366
-10011
-14431
-10554
-36576
-3413
17396
-7449
38074
38691
15295
43848
-10018
-28916
-30809
-8676
-35863
-6341
33954
14123
25987
-28667
44922
-12842
42201
3968
-17295
-1040
34147
-33848
39607
36743
31858
9385
3570
585
31111
22813
8388
-42422
-4424
-3097
10362
19629
35576
3979
23235
-35431
-41344
22878
17388
-17496
15818
-23098
22039
19664
9958
10057
19316
-30173
-17334
-17698
34915
623
-17040
36096
34358
2551
-35979
25935
-27323
-37464
13079
1812
23670
-27740
-5393
15108
-13327
43922
22820
2986
13184
43116
48900
-15480
-29240
-13149
40405
-8739
47569
-9925
23205
-34182
-40350
-21076
-1115
-10651
14905
-37141
35335
3086
31966
37653
-12778
-37496
19868
-13178
35430
-3785
-31627
-26411
15936
-17795
-25570
-3967
38742
-14984
10267
-13392
10496
-1489
-20236
15256
-38170
11397
-15559
11090
-14918
32243
20226
43358
18058
37220
-10026
5670
6801
32150
-18615
16484
-25645
19923
25443
-25178
37199
26117
-31609
48
-31277
-14683
-10129
23567
7368
14116
2230
-18129
651
-40749
-13496
39072
38580
-37766
30501
-14404
-22547
3274
8529
-28267
-39940
-40065
18621
-19671
-7540
23579
2447
-15932
-39909
-30701
15119
-2181
6286
11533
-26897
34118
13540
-28082
25512
44215
13352
24994
18327
-17615
-9195
41941
40782
27522
6885
44950
29880
2400
23802
41313
3086
4407
-9479
43111
-28436
11067
40955
-10658
11045
-16806
-20880
10661
-26707
-16877
-13306
-2284
2087
-17614
-26119
2022
-35174
-4886
34315
12005
-37268
-10922
9620
35848
2615
-200
9118
-33640
-15476
4648
-33167
-27212
-15977
25966
39328
-35720
-15368
-18239
38073
-26473
25995
-4077
-771
12636
-10469
-7308
9517
10642
-4223
2094
-25574
-6911
27094
34365
47804
-16631
-22924
-28883
8919
26363
-26767
45771
20993
14308
5571
-23900
-26110
-32384
-17708
20521
14411
15376
42261
-9109
34816
-21695
7491
19994
11351
-24398
-23389
-21225
-24259
-25399
35755
8756
33090
17560
-33555
34424
9424
-25935
-13155
1840
-30489
-4555
39794
43129
39868
-3676
-2205
12913
41437
11774
14024
12219
36732
-34261
14969
16851
-3183
-1763
-5074
-3263
4179
1788
-15145
-3852
-14419
28554
-4486
-24581
16867
-3164
2371
5999
-10732
-37897
2075
7838
-22206
-26163
20290
-39635
19907
-14192
42221
-9066
-440
-30587
30608
35750
17874
14392
40143
-31563
18111
27489
1085
-8173
32987
26006
-26314
3859
10721
-28505
13068
34186
-28419
-4936
24546
17864
-20590
41142
39473
-21171
36020
29437
-8297
17067
-30227
23583
27964
25469
535
-26091
30623
27407
20908
-6664
-29306
16211
38806
35951
-31887
-31367
-11172
21064
-22376
35183
-2453
36767
38440
3960
11763
13571
29445
26280
-6653
35486
-35679
13574
-21311
19589
-11508
22124
-10101
9748
7446
22850
41734
25386
3292
42067
-28224
-8349
32247
41560
-19744
-5933
2442
28049
27711
-31757
16414
30247
22473
5604
-22777
-1148
11452
-16412
41977
15274
25642
-29800
29799
29013
7631
-3656
23137
-29594
-37085
-34181
32565
15089
-31755
-28110
-34857
-5830
-3937
-17014
-30146
-38924
36951
6756
-28320
20699
-7670
11474
-31424
36200
7723
-3691
-32872
-30315
-33226
26812
-9397
9926
35369
-11424
-4279
-5607
32386
-29795
-4870
42946
37269
3639
7986
-23283
31456
41505
30085
22845
-8688
9611
26335
33709
338
45636
-12861
-24460
-31736
-34270
44561
-28980
37424
-3510
-11730
6995
38822
-16225
39829
36052
-35979
44
-17782
38410
4346
-32634
9089
11990
28158
-17134
-38978
14116
-8632
12670
40583
41104
4194
-1166
8604
33899
17077
-887
-6724
1060
21941
-9893
-33575
-968
35501
-12473
5171
13896
-755
-9682
35725
40454
32908
-10822
-12095
-36408
37967
21172
-10096
30228
-18980
-24842
-34585
-26352
30952
799
8379
-7232
42646
-29251
-4975
10659
7730
35063
210
-29808
36502
-8501
-13314
36186
-2891
1765
38709
-32543
-10997
-11267
-2484
-35542
4822
6890
-14812
-5010
36813
-29814
23729
-33221
-31612
-5771
26746
-38029
18756
26011
15086
-1984
-29215
-30968
8269
12556
42096
35419
-21587
-15485
18571
24577
-26530
-19677
981
41684
-872
-22465
-26010
28979
17813
5908
7070
6520
-35244
11778
-37441
28195
-33973
26851
3180
41630
-30941
12319
-4666
16550
-24428
24020
337
-3987
33073
-38853
-24330
-33354
-26105
19285
-266
-5035
-16778
19620
-14775
25489
7671
-3874
-23917
-25133
33210
41318
-36289
-25833
7032
9258
-36787
-14304
-13837
-9426
-23901
-37786
-23438
14562
14634
-37811
-39827
34479
-22792
35787
-4727
-32622
-39554
39640
29457
40773
-36736
-21050
-13898
30672
12704
-38654
8680
16382
41628
31479
5162
-15573
24440
-6059
41480
26604
17140
-37394
4209
26297
-38574
2538
40616
28514
9819
24099
-15042
-17953
12328
-18818
-37029
28401
39682
-18957
-1636
-20323
2015
-161
22861
22426
-17341
27768
-6075
-15834
5756
17530
16359
25490
35766
12313
30218
13742
36515
19988
21445
-12989
-38847
24298
21008
27249
4171
-30800
3691
-11159
2847
-7585
3401
19929
-12194
18188
24875
-2630
22913
-22308
-14719
-6241
6156
15440
1560
11881
-36172
-20708
-2485
37936
4891
-17198
-87
-35614
-25637
-34565
-25652
-11488
-8018
-9914
24716
37897
42058
-18415
-3780
-3884
-12591
-29588
-21672
31753
-40297
-5703
-28633
-24152
-30471
-5392
-32001
22414
22099
-27981
503
13216
11067
11313
-914
-13450
17696
-10232
26970
-14266
10022
-11067
11112
-16370
-25186
9187
-25608
21113
34416
-7556
14972
-32474
-4644
-21511
-38795
-34279
-21843
-23146
-17192
-30139
24007
-10089
-8139
-8401
-28755
-13792
-18873
-31483
27380
-489
-23285
-14381
10257
23392
-33709
36510
-31518
-14564
27400
-33432
16561
-28542
12015
-14583
-30197
-26806
-28391
7719
-36352
-28118
-17027
-7279
1921
-21998
39037
-18388
40263
36202
5384
-449
-7729
-1334
27251
2800
-13013
-1474
-18866
30150
16123
35723
-13140
-28214
-6528
-30440
-11339
-11753
17190
10775
41767
5916
17244
15713
-11095
-3299
-12339
-11016
-33953
-3414
-27655
16909
41031
39933
-4950
-24367
-19417
39678
38940
10276
19530
38463
-32754
23429
181
-22615
-22055
28816
-16816
20380
372
-13297
-22356
-35905
-39404
32584
-26267
9660
-27617
-9740
15912
-32377
-24394
-23140
-19998
-12658
119
-203
19164
-25415
40909
-14259
2413
-1599
-18032
6547
-20755
-6390
21767
37885
8959
-20236
-8990
-16129
27695
-26704
18999
32407
-3336
-35839
-21218
-6226
32668
12106
35243
20062
27054
-36870
24211
-39537
19526
-17932
29239
-38526
-28755
36945
32919
-43658
36186
-28289
-19379
-42241
3290
13219
-5590
-30173
3852
37912
19095
-3050
-31548
36071
-13120
-13993
-19013
-31950
41742
23862
-8301
-8535
-31817
-37430
-32259
-12786
2138
26629
-14842
23596
-32608
32573
22804
6098
23820
-28751
-29889
-7342
-18160
-14911
-389
-23163
-10724
2137
-21064
-14956
-5690
-37106
-14683
36589
-4441
11877
19553
36473
20180
-26782
21754
-35058
18882
3278
37187
17451
35916
-25700
25579
821
34427
-42356
37918
2922
32999
-27140
30577
-13638
33185
32953
367
23879
-8822
-10078
23578
-8786
9013
-1016
2568
-37103
-21067
21122
19676
34336
-40377
-23610
-27864
-24215
-35781
26041
34008
-29065
-27687
-18980
12230
38477
-38539
-39982
-29707
-29481
-31134
-31795
-18471
-8375
26491
-38984
-17274
-35069
-1518
-33104
-6654
-5327
-34339
-21864
-20568
-32847
-1837
28447
34123
12108
-38059
19958
-6788
26509
-19357
1309
22149
28998
-11839
27430
35539
-15474
12301
25561
37754
6655
-30778
-29051
27696
-17248
2480
24645
34150
-14260
-19373
-13339
-20171
-26852
-32410
-13368
16170
11195
-10629
-40815
-40723
-2853
-39180
-11915
-26683
5368
38492
-27598
-11051
3984
-5651
-41112
8194
30199
10811
-10709
-36294
-11964
-19843
-30570
-32816
-40886
18325
18948
-1586
5773
9826
12376
-22307
1806
-34225
-23942
38655
-21379
30077
2698
-34752
3103
1619
-29222
-26643
-1431
8666
18300
-22825
23428
28390
-25428
33767
1105
38140
-38017
6439
27757
11754
-2569
-12538
-23817
27810
5897
10813
33500
-26411
-26573
1813
-40461
-17729
20860
-7228
-15700
32655
11444
-40572
-6518
-7385
29693
-30478
-35639
30103
37365
26205
38110
18387
-13992
35373
-13758
34859
18837
4460
-25143
35781
13188
-38560
22727
-11056
32763
13566
5196
-33370
-14576
23184
14574
-5518
26511
8877
-38421
-27651
5078
24652
17255
-36566
-41435
-21869
9009
-34825
33012
-35637
3402
-10491
-568
14021
-26355
26994
-13397
-7134
-34422
4407
14756
18069
8116
-12135
-15206
-18742
-19628
34900
36338
30097
5544
26082
35465
-19099
-1060
-26244
15603
-34398
3710
-28289
27413
-37587
22164
39113
38070
-41223
-37044
28445
21785
-3619
1718
-34988
-29504
-27212
-5390
-5113
-25645
30525
-25203
22137
-11483
-10192
5751
16187
9857
16207
7085
-15313
25584
-32112
8025
3427
-34546
26714
35998
-10438
15895
10880
4124
3281
-14259
7963
4857
-9084
-7110
-2871
36397
16555
-40446
-28602
29490
11392
4289
11442
16814
25010
-8533
-40980
-3399
17073
2686
8251
5197
-17819
-1534
-10166
-20644
-535
6840
2078
37441
14205
-38170
25390
963
-9110
-31012
-14129
-17319
12897
24801
-40480
13709
-12911
-32342
-16362
16774
-29004
-36927
-19235
-9559
-27653
7785
-31524
-8391
4441
-22444
-25175
32810
38035
-28076
-4615
22267
-34599
-20414
25555
-3359
10498
29503
-34969
19690
-38773
39482
-28232
-25569
32715
-19344
4510
1548
-10082
26804
2835
-16601
10885
10666
-8364
12589
-41054
-40432
-11521
-33609
22479
-37251
-30113
-7455
-7168
-7379
23841
-3035
-34508
40438
35044
-32074
18678
24859
-29267
-6697
-38120
4818
27117
27115
1518
-17588
-24084
-12635
15225
21022
-12142
-5792
30907
33759
-9541
-32648
-16736
9556
7160
-39196
5377
9211
6305
26895
-23676
-10144
-24842
-2972
-19415
-28848
-38605
17543
39566
-2852
12087
-26421
-17787
8116
-8955
-6025
2144
-40921
-16639
38171
30149
-27120
7386
28963
-7735
12122
17910
-21869
20823
34480
-28022
31945
-35093
11044
22250
2418
-12669
-32513
-6052
1813
9060
-25304
12720
-27777
-1035
-35160
-9671
-5163
-26899
-37522
-17135
8244
-40617
-32589
-42879
-27727
-543
17112
-17393
22859
-18854
-7022
-3675
19102
4772
22427
1449
-377
-5169
14323
6807
-35389
1484
-24997
-39887
-11096
36978
-30626
27896
-19518
19158
12253
22599
38428
-14421
15619
-23465
21678
-24571
40165
-39177
21306
27217
-29949
22523
-29825
17812
-21899
-8360
-10215
-29257
-6412
-25985
-18457
5030
-28954
-8254
-1307
-37666
-27139
-34650
27637
24354
-9546
-37356
-24986
-29059
-7595
9393
11677
25185
-14125
-14116
22437
-24819
40817
14980
12444
6406
-24639
-37592
-13498
19980
-40230
18752
28544
-19945
11207
-21087
28263
40103
-518
-29496
28188
13865
27858
4358
-39693
17328
-37221
-7826
-36762
-39613
-34736
29544
-2291
-11571
-33181
35053
-37162
-1565
15243
10115
-26258
-546
-5971
-39086
9596
-3919
-9121
-9104
6187
6174
-22294
-31349
28437
12426
-6747
-35253
20837
-22054
-24122
-35419
-3670
37227
25415
-37640
1307
22976
-21025
-4110
-41070
20692
23346
-27613
32344
-20290
11035
7210
-2743
37123
-14362
11585
-28669
20892
40599
