-4447
-28740
-35890
20125
37092
18557
39212
42162
-35542
23886
-34721
2236
28106
39316
16710
36472
35311
13693
13485
13929
-10250
-32624
38333
595
10435
19804
-7081
-39775
13464
-1215
18514
4292
5668
24347
-18900
5840
-21635
-27228
-16233
24140
-26313
235
-34819
36563
-7506
-551
-16418
23732
9717
-32779
17608
-33690
-5555
33037
39580
-6245
-22655
24149
-28142
17330
37461
-2035
-24896
-2032
8785
-4470
-39244
-16533
-35525
-9269
1709
36761
-3093
-1441
-25606
-3314
-6217
-18098
8971
31249
35960
-5054
23115
-6851
-21850
-35568
-24218
6596
-13328
2102
-21148
15141
-3434
-34599
3882
-283
10391
-34047
11091
-489
-22114
-32843
-9800
4634
-32124
-26915
40105
-10568
18175
19238
17376
-5813
369
-40895
-6552
3239
-37956
-19155
7278
41450
24284
42588
-22887
7952
32705
-5117
37165
26137
6068
-30408
18312
23057
-29145
33744
-32463
-13029
7372
38070
15620
23919
17411
25660
16454
32482
27984
36151
9697
-3858
-2847
34817
14634
36986
-971
-32040
11703
-7045
-11567
-27226
-11630
14282
-32032
-31232
13416
33975
-30524
-24166
18325
-5594
-4373
16717
-11836
-813
2217
-1523
14648
6197
16381
35563
-17677
18716
-8934
17589
41898
-9333
-1300
16060
-34871
-31815
34579
-5679
189
-26942
-7689
-15360
37712
-21727
-1259
35057
13551
32449
31203
7641
-21522
25156
22191
-25056
9817
7685
31711
-33353
542
37902
-10499
-31637
21859
-410
166
-8588
21253
-28929
-9778
-22609
5671
26831
29334
28019
38118
-16340
-13329
36911
24556
-17234
32187
20397
-31515
-21046
-30355
32401
35663
-21372
24614
37601
32229
-32460
26535
-22681
508
-7632
38734
19741
-9457
-10032
33275
-24598
21877
33846
-5643
-13849
-9837
266
24214
20055
-26334
4068
-12700
39722
-11638
-37755
11481
-13575
25025
5162
24524
30032
35241
32017
-5041
-335
10122
-20759
16021
37189
-15579
-29302
33550
-13828
-827
31056
14547
17203
-13809
-29687
40127
4143
-25900
26106
-30192
-6811
42145
31346
13242
10805
-35646
-24541
-752
42914
-37618
16478
18024
23888
3354
-11417
25705
-28300
21138
16622
41878
-27140
-29739
-20830
29364
-7696
11107
17293
-17623
31457
-18060
-20371
-3362
-22301
-34124
-6806
-16242
-14440
4708
-6750
-15132
-14512
5125
29393
1790
-17244
9616
4090
-2671
21900
19368
22238
18335
795
38745
-41818
3328
-28474
31146
2323
-26167
9588
-18662
24331
-30719
735
-23501
-7828
16888
17064
-16981
-24255
34862
-8852
-21439
-1506
-24643
37651
13209
-8199
35957
11864
-22307
4809
-32710
31132
-31070
35172
-10243
-27137
-33539
26426
-16755
6680
31635
-5085
10132
-26135
20159
-19798
-25167
12984
35011
-13801
-31831
35734
4545
-29670
-7803
27200
20388
6454
-9852
27035
17158
-40619
-10049
4555
-6501
2726
-37731
-34563
1948
25650
-19234
-16259
39793
-5624
-38296
-14857
10532
41598
34159
-24826
42861
-19585
13450
31267
33230
-12514
-33449
10450
14323
-15688
1416
-21016
-32041
-19970
7685
13103
-26097
21251
13486
27690
14379
-2000
-1646
15184
-2708
-40612
-22896
12426
-16128
3649
26447
14167
14012
22917
-11004
30247
-317
40338
35000
-3725
8227
19627
6242
-36511
-36378
-27342
40950
-27974
32640
-8671
29449
-2765
-15201
-10435
-26023
12862
43320
39783
41034
35733
22489
-10453
25564
-38780
38715
35989
-39302
10660
17468
-33832
8179
32983
15120
-38078
-24540
-9276
34658
17576
37252
-1021
-27697
22991
-3417
27203
-31336
-40850
-41484
-27334
-9627
29544
2529
-21484
-23738
-34316
19454
-3103
21816
-5837
-42056
24086
37550
1943
-3512
-20495
6693
-29990
33201
-15278
-27236
24768
27731
5130
-25042
1538
19673
-8394
1101
26483
37749
36388
18890
-24071
-4360
12543
-28407
28712
-28499
26624
34205
4032
-33298
-36894
-19844
-484
35419
-21211
-10191
40065
31726
21699
-21644
-12114
2251
11680
29150
28681
15193
32082
27113
-22508
-40883
-18622
-33994
-3701
-10486
-19781
9359
-31701
-10613
13967
-24793
22847
1520
10718
29558
-3798
12138
-25200
-9292
39956
-28775
-17069
28061
15049
16564
19187
9137
-5212
22197
626
-19247
22820
-12532
35947
-30832
14298
21701
-7729
4903
20546
6371
-22582
30854
23428
-6578
-31874
25868
7114
-879
39042
-26961
-28638
-40486
-21692
13478
31027
16498
5282
23946
-20635
6380
-27567
8651
-7986
-1366
-3486
-19316
6217
-11916
29441
-37970
-6838
22030
8676
-2547
24700
-37384
17639
-22497
29490
-7575
-31230
-11798
-17851
20865
-28
36679
16457
-33939
-259
26467
-36700
-13177
12397
-32150
9103
-14098
3419
-23888
-25233
34221
-29045
-31586
-16957
-9761
8262
3330
5722
-4261
36632
25545
2964
-21181
-37830
-13079
-16666
27908
29590
26234
20896
23163
-4145
-32310
15342
7255
36334
-36786
14020
19569
-21429
-25661
37305
-4860
7340
-30265
-27755
-13977
-31003
-32018
22302
-30755
3673
-13206
12433
36303
-11264
-11698
43431
9188
39845
35380
4248
-14945
-17585
24542
32118
12611
42309
17382
-15619
4954
-4788
-21345
-25203
16724
-12102
-6962
3585
17654
32795
10766
-24083
15576
-16649
-12150
-3324
14698
-18489
33141
-22559
-40717
-6606
-9709
21942
28775
-1179
-31099
27341
3714
26246
10477
-16228
-19348
6926
43272
31891
-218
-9904
15313
42240
10734
12633
32370
-8233
-25174
16654
20701
22412
-37977
26096
-24959
-27178
-19105
-31249
23117
-37118
-35405
-39120
-30398
706
17349
-31482
-39555
39294
29932
-6176
921
-34451
31390
17343
14668
11341
-19267
15100
33284
328
7891
-8134
-6709
-39535
25105
17443
-6528
-11121
-3830
39628
-4654
-18471
-31966
-37879
22183
-29830
33172
17905
-26688
-32291
-7122
103
-35292
31916
-26129
-38227
29796
2773
-35918
20525
41270
17951
40473
-35558
17897
30534
36184
23840
-33321
-17224
-20582
37268
26197
21806
39172
-30175
1871
19481
-1097
24696
-42186
7715
-7836
8606
-28243
27763
906
-30877
6535
-26506
26158
37682
936
6341
38682
24375
-38125
15748
39708
4646
23661
33253
-2222
24888
2423
37926
-37236
-35008
-21120
6511
24499
-33158
4098
-38121
-14511
-9159
27794
-14349
36341
-34310
35826
11674
31286
36677
-34615
-29544
-20848
11193
-1462
-16463
-40177
-1916
-36855
3699
7764
19865
9832
-31550
-26368
-2885
-37050
-31637
-13182
19323
6439
2934
-13065
32620
3541
-8673
20705
20479
17588
-3354
22285
37910
40135
-1536
14912
-26989
-4542
11002
-34790
29164
-18688
-21209
32335
13943
-18199
36751
-15927
-20321
-17938
-17165
34252
-18296
42811
-8543
-15999
2363
4022
-29292
-13430
6138
17554
-32066
-37240
-13324
-35784
10053
-30585
33392
-11113
37478
-33933
-22385
-17526
-11164
11716
9561
14201
-21064
-1687
-38779
35179
-41462
-23795
-36501
2321
24724
-24605
-15053
31090
831
-31464
29543
37289
18532
25535
-32760
41289
2033
-32661
40238
12715
-9138
11748
12146
-27560
1328
-14493
-10076
-15116
27124
42482
-36067
14372
11160
32619
-36680
9428
34466
29428
37446
3301
42826
-12563
-25244
-37978
-31062
37633
-4839
32389
-24424
-12120
-26529
23484
8293
-2799
36139
-37192
-583
30105
-6013
-27868
4545
-15310
2263
19958
-18010
32055
-28947
-2854
-16131
-38671
22715
-1749
21535
38100
39473
-26260
13255
17611
-19453
21198
-12392
15721
31753
-28984
-37164
31891
12938
-1161
12658
20159
-6156
-33718
-22749
-13111
-14793
-21361
25325
34685
-24636
-1511
-33630
5301
8418
-9918
33027
-23162
37959
-14348
16150
17057
-30780
17363
-36627
-32869
-6528
30412
-17399
39838
15888
-13127
-13533
-9792
23295
-9455
23372
-27167
-1469
8028
-38455
28083
-37668
31150
13559
-3463
-26272
-10212
-18456
39349
26364
-5276
33177
3185
16274
-4926
37299
-27998
4789
-16753
-3803
-17964
-28537
41159
4052
12187
-20797
-24800
11535
4640
-35619
31534
43129
-16360
34184
5928
-36135
-24035
39094
11533
-9419
-35278
26000
30577
2208
2361
10528
-21943
-2540
-35970
-33844
-10255
3590
-3226
37022
-4403
-17630
-26379
1486
-8490
12388
8554
-29101
33249
-3065
-31036
12811
-28994
25064
-9771
1695
-17235
-30689
41334
21548
-17520
-15621
-37805
-29684
16615
18712
-4355
-21048
-14964
-37479
-36383
26511
-5522
-11861
-8578
18510
16210
22871
-39610
-15712
3064
-19124
17576
33044
26353
18616
-21620
-28347
-18568
-9731
-26199
-14267
9132
-5766
-7261
28495
-30242
-22514
-29667
-27607
1345
2585
5165
-33285
3633
-18292
4322
-22751
17746
-32663
-19911
-34145
-922
13629
-36262
-260
35516
19210
-21717
1831
-26327
-23331
5499
-12887
-1969
24557
-34041
-8138
38959
-31630
-13008
4136
36644
5177
-14411
13034
20530
24295
-28577
-33558
15886
-30821
-9084
-11562
-32383
391
-11363
-9278
23436
22144
-6187
-16198
-21226
-13868
25039
11771
-21273
31231
-41372
-31644
14593
-19388
-16533
-36104
26843
30462
-34667
-20844
10242
-17832
-5758
-15382
-34162
-23485
-35123
23319
-10194
10795
14330
-5884
4069
-39711
-38427
-24862
37190
25219
24083
-8861
42029
15611
9497
-19464
-9861
-17918
-25991
10232
5077
8340
12163
26255
10882
-32333
-28794
3822
16537
-29360
32213
-17582
-14773
-14370
-38993
13363
-7671
15274
-22425
504
8727
7633
-16712
3688
-31095
-7994
-36276
6069
39371
26098
-28515
-6912
16364
-38014
22949
32578
-27082
9919
33906
-4279
-1798
-30981
18930
16100
15283
-8103
9911
-5077
-21254
-24955
27481
29159
25781
-30493
39905
-5446
8831
-4155
-21421
-30271
36928
-39227
-4310
-40955
13464
7486
-1657
767
-26935
-39361
-18603
-16682
22967
15268
-18928
-31857
23933
-12518
21858
992
7339
-37454
-25874
-3421
-8811
-25746
35528
11306
27975
-10208
26109
27110
13244
-38559
-14251
-27995
21726
39893
-672
26806
21720
-8303
19330
-29721
-3981
31456
-19235
27494
24514
5346
-2603
-14537
32838
-33997
-33102
-25059
19092
19964
-17363
-35303
-39543
35050
-38338
-9664
-33023
33899
-9272
-35296
6002
14717
-6819
-1184
14525
-7550
-15517
-1559
7923
20390
13953
14485
15478
4427
-23311
28196
34192
40437
38736
-27209
-40353
-1196
7179
8661
34307
-20673
-21083
18607
-26234
39127
20714
-15172
20376
-36832
-30662
-26341
-19212
-13862
6374
-15174
40238
-6407
39304
11163
-6827
-15973
-105
31004
12464
-8389
-8872
-7407
19619
10926
-12216
-6060
40969
18091
-8233
-25271
-7369
27386
-19743
21819
-3065
19130
-32200
-15266
9017
7036
-8464
28206
-26192
10492
25582
-15838
17717
40361
40039
-7514
12941
15132
32662
11215
17392
22806
33811
25453
35591
13771
-30158
32540
-26858
-1254
-29891
-37327
33813
-5548
-6895
16083
-42293
15645
-13489
-7548
-20822
16390
8694
-13821
-22870
-506
34153
39985
-9581
-18423
-27039
11032
6396
36943
7604
664
-16247
-37803
-32673
8244
-33607
14467
-19919
10826
23641
-46
1713
34574
10628
-312
8730
-3867
-26550
24223
-6914
13894
29403
19629
4203
-1558
-10154
31524
-23455
19671
-25186
-20963
3605
-15695
-9897
-4082
-14828
11160
959
29759
-30475
-31629
-28159
-20296
23718
34637
35439
31237
-24468
-10447
10811
-16618
14431
-1053
-5828
-31143
-8894
11907
-13591
9223
1385
-26650
-22614
-37058
-23951
40609
18778
15217
-19921
31834
-15149
25265
-12293
13446
-17827
28336
21101
25331
5902
-32884
33231
22656
-27456
34318
-33503
17887
-31016
25762
17138
2397
30298
-8967
-18434
15363
38151
21852
-4207
-6924
-5163
25610
25483
19228
-2807
20966
-3950
5230
-34588
-30499
-30721
-4767
27787
5777
35144
41833
14268
-21998
-37510
-18484
-33899
18266
8217
-39557
-29644
4590
-4579
21058
1517
12750
-2988
1739
-9617
-22084
39837
-28213
-19764
-16839
-25237
-30282
10435
-17598
15697
38084
-30954
3964
32707
19512
-25591
-19625
31132
-21920
-979
-6839
-14293
-11328
-32556
4737
-40564
34281
28416
-20794
-38506
-37332
28081
-36595
16848
-848
-28459
-34675
16508
-34449
11336
33172
44883
-29348
42688
11960
31102
-21601
21394
37751
10751
-22116
32201
1729
-29847
28983
-2596
-18809
-8673
23905
26842
-9261
37549
40241
-1109
-33630
33846
-26852
19031
34201
-1106
28049
15549
27866
-23136
-5384
-33014
-32613
31206
-1802
-42818
-762
-15637
-15237
36095
-26555
-34026
-2131
-2010
-7294
-23654
385
25215
-32424
20469
9354
12205
44349
-17545
-19777
-20986
-8420
-2599
35433
23707
-10138
19264
3204
-34129
-37337
33516
19040
14202
6927
-36337
37386
-35218
2163
30174
-38707
-15811
-33946
-164
733
-29796
12647
25442
38617
41657
22113
7711
-17646
18709
10912
33409
-9433
-32819
28019
-13154
-33358
11726
-8161
-11779
6832
-30818
28585
982
-38118
-30412
-36867
-36705
10031
35582
-33663
36853
-23180
16704
46270
-2933
5173
38933
-27162
-20846
-16699
-25597
30609
-4962
-3500
427
16840
-12073
33359
-16813
-38511
-27664
9550
36927
-37530
-9631
-10957
-30149
38278
-18567
-39942
13911
-37712
18847
16113
10538
-24092
-15708
-32285
-20762
-2899
12396
-1045
32060
-4762
10899
-37628
-10897
26488
-424
-16080
9537
-20837
32676
8551
19004
-42078
35485
10008
-33636
-35173
-14075
-7791
-21712
-35544
27124
-18088
6000
-2324
15038
-7522
-11955
7937
42122
-13742
-28982
-33216
-4992
-27132
-34222
-38877
-750
27238
-3421
-10210
39819
-32148
-8485
-28297
10778
-1680
-39972
17225
-1425
3356
-28427
-36241
-40873
-9195
6525
-11723
19612
-6198
26327
-27311
-12500
13091
-7131
37394
20198
-18716
34596
39229
-2592
-30954
-29443
8704
-39760
35780
25056
24422
17713
-17967
12129
2862
-11473
-37959
38562
-4260
-20810
-30551
-4520
-38567
19551
-32407
31579
39970
11414
38305
15965
-40119
-18379
-39073
28331
31099
37863
-36442
-26155
37324
-13909
-34334
-32308
-15107
-399
-32494
22546
-32777
-7401
37917
-29044
-30577
-31138
20732
27100
24480
6164
14716
-40177
-14943
22243
-30088
9914
-6466
-37842
12662
-10522
21833
-8748
1661
35081
19272
-29015
-8813
24058
2494
-15551
2547
-36745
-34944
-15689
17595
-32043
26148
25120
36099
35141
9097
-31335
-30353
-23998
-38331
18785
29666
28422
-14020
616
37328
39876
-25045
-21186
30330
5743
-25871
4798
-13490
21359
-31483
-14893
-36242
8539
-2708
38955
-35112
22608
-37821
-5106
-9333
-2054
39196
19317
-35804
22411
14058
-35146
-14362
37324
7530
29568
31539
-1228
15998
-34082
37307
-25538
-27519
42609
31445
-23498
14712
-3653
16715
-25204
-16099
-28988
-19960
40020
40526
11202
18071
34301
-780
-4581
25555
14735
36471
-8214
3614
9900
-4465
-8861
20287
35410
37897
-7496
3765
6021
22465
16741
-30379
-17465
-27002
-19565
6097
25685
-19822
33787
-7304
34619
36386
-22129
-24735
-11389
1171
-33523
25942
-18735
-23999
33187
-14766
-5529
-9502
4617
-10541
12657
-2469
-38761
7064
-33889
25376
-36714
-10501
38741
-6078
-7039
35007
-35497
-13380
-8153
20627
-2585
26116
-5926
6238
24016
9353
-25245
28141
19260
928
-34659
-36967
-40045
30296
-15169
-22536
587
19122
-36159
-26724
38584
-36040
8791
-5642
35648
-39994
28894
22105
-21485
-39212
10375
-6352
-18833
37170
-16142
-24496
-26143
-35249
14029
29813
4696
15145
-9655
37090
21083
31387
13850
-32062
24303
-11949
36497
23740
-18813
5137
-10886
2389
-15381
-35052
18556
16413
13962
28462
37370
38727
34757
-26036
10385
-12877
4972
8781
-15229
2885
17356
-4595
-22462
-17469
-11651
24141
29234
5157
39000
16772
-19099
-29571
37551
22944
-40284
-24539
-13587
-39082
37816
-16934
13075
26094
-28574
-19049
31032
-5241
-26058
37465
40600
-965
-5630
-3361
25328
-10627
31959
33873
29065
-25241
-32480
-25886
5997
-21528
33512
-13640
9465
33029
-4340
3173
18599
-38337
-4404
-31455
22972
29471
-33418
5077
5570
18634
37783
-29326
-12490
-4021
-35808
36288
-26360
-8755
30204
9206
-34457
-30732
1742
-1471
-22950
-27226
-995
26516
26772
32025
-38953
-22795
8367
-23160
27705
4607
32930
-35451
29430
-39205
-13665
25134
-10926
-30972
-25459
-38087
8059
15376
20560
-6138
-21565
25912
7019
41098
15204
35500
-16167
2272
-8048
-30741
22864
40855
33144
-28790
-37547
-10906
27546
-7386
18182
25078
-37228
29216
39926
-26039
16338
5045
28276
-3210
24669
-34852
20369
-27138
-16122
30598
-34326
-3624
12469
-30085
25802
-2505
5152
-238
-7119
17382
-40141
22361
-8356
5206
-37060
31565
41597
-22011
-10310
19683
40072
14383
13025
32042
24627
14862
16711
13705
10414
31973
14364
-5541
25195
-32369
-26668
30272
21606
-23716
40391
-30118
18883
12562
-2003
-6559
-4328
12575
-40668
3554
-34659
34127
-22304
36970
-33955
-35920
-26111
-5146
6017
-9866
21512
34510
-15552
-9633
8479
9148
1500
-36030
13816
24116
-33298
8296
-35811
-20844
11525
7477
1242
15946
2254
9707
13346
5737
-35621
23429
26848
-35038
-11370
-28452
-9339
10859
41506
16553
32572
11166
15890
35170
5547
14172
-39886
33243
-636
-193
-21952
30351
34958
-14515
-37986
21369
3824
18774
17938
16431
-16555
-17228
-13884
-31983
-24093
28541
-19694
-37596
24609
28185
14783
16077
39862
25092
-13456
-4355
29300
29914
-3027
-32347
3234
-29228
-18393
-15304
-21091
-10987
2741
-31357
-17448
-33916
18072
1461
4933
27962
38111
-20693
-27958
-26889
-28897
-23990
-13162
-10997
-18088
19535
32685
-30234
15802
-6376
11078
3761
6790
-6123
-4508
38340
36259
26899
-15861
26566
16579
-31075
34870
17709
1837
16605
25262
1122
21584
29008
39178
-33447
-38596
35328
-41494
-37034
-35370
16393
14222
-3967
22707
38542
-1831
-21578
22475
28125
34900
7505
-23660
29862
-2379
-5510
39124
23389
19391
33587
-38748
-37060
-12912
2606
27771
-20892
13894
-6301
1907
-36377
-32316
-38876
9057
-32001
29566
8255
-4077
-32776
12312
-6336
-19555
-2249
33861
5040
8848
1547
-32297
17840
-16942
2649
35715
-5725
35953
-5126
-9424
-39791
17066
-30724
28499
33430
-9365
-12051
6455
-15220
-3119
-24622
28444
-1136
13260
-29270
17050
-33201
-36281
502
32981
4915
-27198
8581
8889
-2941
41172
24210
-3400
16693
-14683
-18890
-20929
-27844
-1753
-17412
-22935
3169
38562
21433
-36324
7136
-30824
15895
39853
15728
39517
24161
-14151
-21349
26006
12738
-4545
18969
-40222
10479
-33280
14922
8145
26308
-34523
24934
34254
-22642
11799
383
-7109
26447
16543
12509
-5538
18205
-31398
-14639
3653
-19723
-37285
2682
2085
7335
6864
10844
23215
9182
30841
26334
32312
40484
23128
29488
7098
3922
-22962
-33462
14654
-29544
-38665
-21895
27954
88
-4097
-1664
-31359
-17296
-29824
-25476
-11765
-35621
-34429
33665
14747
-28814
14136
28146
-39826
30408
6034
-21437
40632
-31606
-37601
23325
10746
-41207
13910
10685
38176
11278
-20200
-5517
-13538
6629
-2597
-37247
26192
-15010
1105
18835
22345
9289
-39425
5396
-31447
5231
-15581
34513
8924
29863
25306
-26931
-37595
8810
33714
-2018
30234
38786
-17590
-20038
19825
-13543
-6082
-8053
-36787
11011
29347
15590
26119
-21319
-34110
-3421
-19662
12436
34120
38427
1459
-1706
28452
5001
28889
-211
28383
36370
5411
-31823
-16927
-19499
-3342
-10301
13185
1410
38102
16320
-12358
38107
22923
32546
7266
-8787
39007
-20837
-22380
25269
27365
37384
3221
9110
-27613
5165
16452
-19848
-4179
25719
21124
-38052
30934
-6643
40136
-17698
3865
19661
28040
18048
14167
-26461
13940
-21641
-1302
40666
-12074
-33879
-8038
39997
-4759
33555
-7410
-17534
-21503
-5855
40463
38549
12144
-8726
-25671
7743
14808
-16934
9239
29649
13269
-40290
-30950
-38162
23625
26464
8453
23223
-17357
-4498
16805
-12565
30866
23566
-28650
-4140
22891
34726
14723
-30502
107
19920
-35094
14081
36673
35164
-35207
-28811
-6717
-5395
-21335
5451
38793
-26985
23257
14223
40281
-5163
-4116
25524
29043
9266
-17688
-40570
9766
-24214
-32278
-15533
18555
1196
-18265
33925
-20099
-12616
-19478
39675
-10173
-41598
-38344
7668
-2741
-38487
-38620
39518
-28321
-32972
-37958
-38165
-27615
-9170
-41004
-29042
-39089
36
-8940
25580
-3181
27193
39038
-1044
37965
-3535
-16550
-26133
37021
9926
4084
-24308
6065
-1495
15810
32950
7551
-16432
-32908
30369
20375
-9081
-29504
-4463
1576
33079
-30525
23659
35986
-20151
20441
40542
13111
-28904
-11984
30559
-36062
8004
34732
32777
-1306
34918
18400
-50
-32830
-35972
-8828
-34950
-28625
-20755
-32330
-25743
-29524
-34993
9335
7840
-4009
-31209
-18823
-35137
-22498
-18001
38185
14315
10702
8177
14351
30659
2917
-8331
36688
-8547
-9430
15352
36416
13107
34518
-1811
-39592
11062
1681
16648
11402
-38347
-5267
6171
-26833
36224
-24197
-23413
-13578
-33867
-40824
17761
-35405
12119
-10851
28740
22950
-24699
24510
24038
-1366
36978
-26662
16095
-31583
31193
-18242
8372
-40681
-33086
40219
20500
25505
11024
33792
32893
-7063
-28367
-33117
1571
30244
22990
6032
824
11393
-18025
32138
9435
39310
39499
-9272
10182
-11448
-13155
24137
25617
-22596
30915
-41053
-17187
9162
-35942
-16350
28437
21536
6061
-6247
7352
-10096
19999
-33213
-29682
23631
-41682
-39721
-41195
-4175
-32988
6437
9819
-38166
40911
5163
-39899
4266
-12928
-2515
5839
16460
11609
-12886
-36842
-24298
-36121
33703
-31257
-19764
-34759
32724
10940
-7668
-24455
32591
8783
13524
32322
-5988
25991
-6463
7901
35011
9539
-5483
-17229
-29085
25147
-37621
473
-40138
-32457
-14614
-30775
-18828
-24147
-38491
-12269
-38198
-39468
16895
8743
27451
27231
-41236
21518
9376
1969
-31901
-9524
26354
22784
-33808
16380
2305
10357
-33365
-17764
-31640
-17736
-37271
3608
12942
13860
-27336
10086
38742
17081
6356
-1185
1695
2193
-31061
27209
28667
-19211
34142
-2940
-241
12448
-6805
30096
-32557
11532
-2939
16033
37560
-22261
12348
-6040
-39587
-4524
37581
40096
-1492
35915
-36923
-5137
11904
-9941
40296
-6870
-38516
5530
8189
-40935
-11116
-21156
26597
-17141
15363
1175
-8040
-30238
38595
-15180
-30201
25156
-22242
-28811
-14728
-748
-447
-3427
40385
39021
15427
-39822
-27389
19956
15714
32020
-35453
26200
20247
30998
1984
17895
14519
-31498
16174
3904
-38623
-10395
30640
9438
-2667
31800
18940
-38001
-23123
31492
25033
4083
-9479
-2320
3048
37344
19000
-11084
-32745
1964
32399
38773
-32580
27214
-34195
24160
-10881
9568
-9642
37439
-31324
-15644
10380
2839
-10656
17591
-16623
18223
27875
-23320
-2477
-12194
-22729
27142
-40360
-28866
36088
-20067
4743
-6073
-24361
-34448
27710
-39241
-1602
37601
37266
38946
8390
4438
-40137
-6307
37167
31653
6401
19754
-7434
13407
18481
-10731
39822
19697
-21934
-5825
-13396
36800
14076
4993
-33021
9676
-7375
-25549
-7298
-8849
8193
-28699
-3982
-38410
-41666
-26407
-6656
33934
19379
-26620
3103
-1766
-9608
-28753
35523
13514
-4629
19908
13733
32619
-29480
-24998
-21859
-37134
-32322
30552
-28706
12545
-36803
-23267
24598
9064
14636
-32544
10135
29074
3598
-21450
39533
14638
-35459
4164
13622
20647
15091
-32178
-26095
13145
1275
2093
5936
-39618
-41825
-13287
-22081
13440
-13647
12427
12477
-25474
-12016
-3609
4645
31590
4722
13469
1357
27291
-20143
-34488
27600
17873
34412
10258
33550
-23773
7878
16107
16684
-2673
15547
-9625
-37100
33276
20894
-2362
18993
-14469
-13849
-29824
-30509
-31306
-36255
37313
26075
-35847
36692
-12586
14292
-28727
-18147
-22093
-23845
3329
-9801
-39749
38379
-20374
-39948
38635
39197
27961
-25453
18742
-5648
17932
-41579
-22360
-31422
-9151
8069
16083
-33236
21943
2720
-26531
-38096
-6804
-22733
-32205
-1840
10903
-21393
-2091
26701
-13127
-24144
14591
-11051
14789
-29473
