-38266
-30481
27164
-34816
8782
8365
-28108
-7372
20904
-39969
-36488
20565
-25844
32346
-4173
-40074
-19398
26541
-4673
-23508
15001
-13984
6640
-4730
5849
3060
-5281
9545
-41258
-1690
-37634
14701
-6867
5880
23655
21182
20408
5917
-26245
38390
-10675
14378
6702
10856
-38164
-4229
6320
14320
-35034
13729
-26877
-30714
-24576
29878
-12497
-9865
33123
14717
-33353
-29947
-16998
-6266
-31016
-28617
13632
-10869
25626
31276
-755
34708
12818
31918
-33975
28441
763
-9416
13742
-28120
18137
-29926
4401
-41564
6603
32345
6012
18210
31585
37344
15859
38944
23273
-17888
28962
8176
-14712
-32103
24493
-35332
26659
-29744
-12599
-5588
-2754
-26460
-4980
10293
29725
23707
-41440
6220
39719
15156
31829
9905
20021
-27756
9465
25451
25763
-14829
22475
11807
34557
-6373
-211
6020
-11492
9962
-24365
-34855
39927
-5622
36778
20587
25465
-25522
11362
-36591
-34099
14094
-40433
-32091
-33595
-34586
20605
-37015
-40034
33082
2923
10690
-5458
-8515
-35485
39957
7726
-22821
-21935
8470
18653
-25939
37123
-3322
21308
-39656
22294
-24420
26328
-23572
14121
-8868
-2555
-25512
10122
-3675
26119
-14459
38216
-23390
-27134
-31231
-33819
8496
-4914
25071
32345
-2263
5215
-5968
-38455
36136
-17559
8893
-34961
3739
-30614
2987
15975
-38311
5348
20518
-18915
40223
-21827
7261
5867
867
12641
-13842
28375
-14939
2014
-36063
-41829
36212
-2515
10249
-12455
-2017
10940
12053
-14206
-12723
9765
-8538
-5730
-22645
13071
12449
-11671
30144
736
20117
-22415
-26595
-35673
24475
-37100
26547
1644
-34777
-8366
-14678
37725
-3663
-14622
-35142
-36460
4529
1772
-14579
7292
33236
31473
1616
-10127
276
-17225
3401
-37655
22897
40232
28080
2133
25821
-14311
26461
-33331
136
28355
-29092
35982
40195
24099
-29577
37494
-34691
39925
34177
-6473
-1756
-13546
-26518
-35192
-1360
-3084
38054
34457
-27453
11011
16459
11091
24794
-39709
11447
1874
-36964
-37304
-9275
-39468
-36888
4125
-2257
-12501
-36820
36508
-32031
31587
-10302
32120
-16949
-38256
2091
35916
-37345
-14355
28508
-13800
30302
-8037
364
22364
37845
7084
4546
32415
-37182
14629
31883
-18280
-3821
25603
-20342
-40079
10744
1683
38177
35533
33878
24403
-40778
-13592
2090
-23098
742
-32682
-23290
-16335
-711
-13893
-12713
24440
919
-16715
-5415
-1859
29823
-25814
-39689
19290
-18561
-26103
28154
13335
4172
-2481
553
-20714
7319
-24701
-10938
-16423
-27483
29768
-31027
-4701
14178
-28819
-38678
32789
24119
35129
29833
-15578
-27096
-15842
-14418
-35502
36467
18574
-2364
-34426
14582
35925
-6649
35045
-2378
40525
-27775
24016
4348
9957
21179
35104
-2551
9028
15120
-14823
-28148
34961
21360
26217
1728
26363
32810
28946
30637
24361
30280
16747
9998
-23704
19139
11210
36509
-11087
-381
18208
-14454
13429
-34949
37983
-23554
-40720
-31602
40682
-40167
-1437
2616
38012
5043
-6362
-17085
39405
-14503
-6850
38196
1577
24665
13117
11762
26742
7801
-4180
-27107
-22243
-9094
-30868
-25175
-20115
8876
25117
-18870
20188
-10867
-11417
-4957
35307
1519
-21272
1845
-17383
-4823
5943
-31748
38896
-35638
-34499
-20332
-25927
8859
14593
-27729
-9050
38989
6041
15451
37391
10072
41213
-32341
-23943
26037
38038
24549
8703
8134
-23779
-23659
10974
-2668
24552
7244
8837
34585
9435
-29670
146
16984
-12258
-7404
-35496
28346
-21278
24293
-5150
18836
4157
30183
29291
11465
12476
267
-23566
3388
-9257
-6419
-17243
-2982
16810
-34913
7428
-28705
38818
16210
7854
-36751
6361
-18841
23950
-23384
24577
37062
-28966
3008
8224
-17784
19471
-16498
36404
17067
30870
-34437
25628
-10880
38443
-5117
-33117
-40073
4132
-7925
-32051
-35499
3499
-13859
-21641
-5182
1328
-27984
-28663
8558
32024
19093
-24187
11216
-12066
-24183
37566
-28630
27725
-35205
6573
-28383
4103
-18410
16207
-20904
-4563
-28260
1740
-13509
-36681
24667
14184
-34947
13853
32477
6028
-13581
27306
38166
37953
19548
-29083
-27122
-32205
-28258
-31387
34180
7490
11037
25096
33881
-9499
-15936
-33988
-3018
32461
-18755
23208
-10279
17480
-23647
-8782
14915
19928
-8711
39714
-22932
-4985
34197
14127
-34024
14573
-12222
25220
7051
22375
-34769
20313
1132
8091
39497
-14984
-17745
-906
-12609
-16058
22099
10308
-33913
7557
36448
1464
33502
-17239
60
-24325
7977
20011
31531
4345
28624
-22679
24881
-4151
19490
-5520
-2901
10182
31323
-40404
-753
1081
2480
-16849
32323
12107
-35866
37526
-12176
40076
-2097
-41681
22207
9717
40278
-15692
1338
28216
13271
41027
33683
10937
-8128
11315
-28488
-34530
39021
-41337
26401
4561
20175
15857
-12091
25426
-8580
-40827
-36220
-33852
-12870
-14362
7564
-31686
-4996
-32945
-28839
8102
13443
-12794
22710
-433
-15698
-20033
-16795
29949
-14640
26280
-14671
-335
10201
13281
-10865
30499
27021
21192
-29477
17221
-8431
10197
-15920
8760
-19503
3286
-1258
11853
25431
-15178
-2491
-17497
-1668
-8578
-33901
-28889
10605
4844
-22927
-39966
-8723
8699
-33255
22774
-38820
34998
-21694
-38211
774
-15519
-35750
-7266
-8973
36743
11816
4152
17832
-21054
-11012
38002
-1807
-34602
19810
-33033
-13529
-6578
38207
-1164
6559
35687
35610
-902
-31220
-39823
-38286
24130
-9562
-141
-22773
-19833
7809
-39458
-1768
-36449
-23365
-988
-20715
-8582
-2681
-32707
40625
13229
14526
-10535
18406
17711
28647
-35308
22239
26796
-8610
-20250
4324
-31443
-27147
-919
-3745
6493
-31074
9854
41145
-28398
-1105
22982
3623
28352
-16039
12887
6837
-33021
-8903
10299
36892
-9964
-6968
23375
35320
-32419
41281
-22872
25303
-19507
-19368
-19526
24884
204
12588
73
-301
33886
21752
-34323
-33332
21557
8678
128
4453
28669
33017
14492
11437
-10660
-28841
33549
11526
-11277
-20843
-41004
-20554
-7855
-29775
-15887
37950
22039
-13007
9508
18106
7280
4216
14596
-35984
-26235
22008
22881
36348
11459
-18704
35265
-24397
-29713
21429
18733
-9268
-9210
39744
-39624
-18968
-22357
-33639
-14103
-5891
32189
26511
-2544
5688
2020
-17022
-13435
20448
-34170
-8021
-30878
6926
12278
9211
9593
-20330
-15835
656
15382
-29815
4617
12965
-8196
-14330
-12717
-15450
-4881
3036
25274
35759
-32365
19957
21477
32554
-23263
-17486
41607
-31445
-16843
-17215
4542
-15384
-21039
10594
597
-39505
-5261
4135
-6933
-18959
-3698
-6367
41852
-1760
-36031
31743
4928
35485
20620
40470
-22810
-34740
-12384
20336
-9830
-36864
-3683
-32022
-1461
-16841
9597
-34290
-8262
17822
37521
1281
-13633
-2041
-5229
-21727
32113
24904
-27131
-1886
3626
-21654
31795
-19659
-35894
8124
20272
-17010
-5759
-6804
23406
32860
39614
17841
38831
-24942
10505
14134
-6317
21420
-23118
-6568
-38992
-28285
42350
7400
-22017
-9840
-1726
-2568
-34218
-19064
17197
-5896
37584
-21617
-21332
32864
30210
-31964
31732
-6546
-19036
-40905
30813
35663
-13790
-89
-27117
-19324
-9507
5059
-32349
-28867
18426
-26510
-22042
21623
20239
12905
-3309
-28674
38366
-17169
-29164
-20459
26690
24056
23773
22532
-24324
17246
16576
26944
-39491
-11031
2341
-22548
15235
-4668
-23872
7571
37224
-29964
-35766
27527
42298
38232
23205
31079
27381
-6604
-18953
-6204
-20582
-37555
-35931
-9511
29637
-31862
-21864
10101
-11830
13451
37221
-10024
-71
-31325
-23154
33678
-26724
-3260
-32694
39501
17891
21978
26961
21207
3774
-7321
-27904
6284
-39567
-27076
-30159
862
-30864
-35951
10608
26166
-15274
-2629
-5653
19115
-36638
-14858
-21078
17341
-1990
-21829
-4360
12771
15346
14968
-29736
27505
-6950
-15886
-7202
7612
-9097
6200
27327
37304
37679
-29464
19818
17047
-21387
-38251
401
-15442
7923
-16716
-5730
19766
-37962
-5064
2503
-32654
-23559
-40236
-7340
-29335
26359
26805
-28982
21584
-21576
-21403
-16098
20805
27218
2513
-9269
30199
27142
15252
-25767
-2566
-17750
-6400
1407
32248
3588
-11200
33798
31870
-16392
23557
-25302
8319
15642
31596
-24999
-3430
34468
-23517
-7955
33455
-13497
-26378
26810
36133
5997
-27479
17134
-4349
34332
-36751
-1095
32405
-28030
-26906
13721
-24068
-40787
22269
8230
36740
10860
13260
1247
-30563
-30023
-16258
21964
28633
25912
29018
-36064
33808
26128
8615
-8790
-14636
35732
-24009
35701
-16741
-24767
-8806
2262
39730
24365
8637
2663
-31054
-711
22948
28080
-37030
-19029
-15308
-25852
-32029
14736
-13217
-11906
729
-34524
38086
31391
519
24036
-23403
18412
33416
29927
38846
35817
11388
24379
-1770
-14364
14852
-40643
-32911
25165
2274
26185
14272
7961
29618
7334
19267
-21162
-3093
-29548
-1784
-42363
39551
-41166
7341
37929
17536
9001
-15057
20806
-30713
18191
13282
21921
-30420
3284
24428
-34198
16937
-33790
11275
15538
20891
4450
-28827
12732
34036
9832
-32983
18364
-8945
-34465
25214
-2430
29686
40329
-22949
-20672
-38326
23499
38174
21171
-39002
-37402
-17184
-29568
-33327
3892
-1875
-5287
298
-8678
39537
27439
-27497
16127
37824
-36660
-2592
-2687
19661
39545
16668
11329
14077
32795
16688
20692
21815
-15385
-4012
-37748
-35832
21560
-36942
10330
-12222
-26195
-23754
-34746
43659
-29184
-8869
-575
-6344
45975
-3397
28615
-29877
-2648
-10226
40842
-22201
36621
13939
-9000
34671
-3114
-40489
-22572
5811
-1383
-25166
29563
32196
-7108
29974
-7560
1515
10668
27693
-26616
30877
-15194
-30708
-21035
38704
-36817
-587
-29919
-17885
23689
1956
-23881
-36906
39118
28857
17053
42311
25725
-34053
-30553
-30718
40809
8375
18726
43914
8479
-9968
32410
-30428
-16189
31105
1140
6228
34345
-900
10332
-24003
29523
585
10110
33602
17002
33336
34149
-40630
-5598
-33996
30282
-34289
-27403
-14208
16160
34052
-19239
18315
35278
-5116
37856
2120
3786
-6549
-326
14217
-7336
29258
-5592
29866
26529
20235
29856
39179
21631
13940
-3217
-32052
-150
33303
-36823
26107
-26014
-31485
6884
-18490
-37024
34701
-34364
-7890
-12577
-28157
41866
11560
2307
32837
-26610
31915
46037
-26651
17543
-20268
44014
28534
9958
28073
-16811
-24713
-36622
-15516
-21036
-33673
-16012
31460
-25100
-38840
5846
-380
-19708
-3997
37303
35478
-34597
-5322
10632
33638
-4371
15343
25632
-7249
-33541
-2639
25595
-9690
30437
32679
-6206
-17713
-16376
20180
756
40845
14849
18672
-23349
-27470
23569
-25048
8835
41929
-5945
-33077
-20278
-3123
20130
-19660
11656
47686
-7917
35774
45196
18729
37339
22971
34803
30813
-37053
13494
22283
-36712
21441
-20680
31345
-6327
29805
32916
18104
22467
-326
-15071
-1160
-25646
-36089
-33452
27904
-6214
39127
-15056
-14477
8187
-18330
-14910
20297
-13257
5079
9680
-1312
8924
13529
13499
-9787
16983
-28078
-7488
4187
-4946
18761
20512
-31300
15012
46742
24525
2448
-7285
43098
47875
-29413
16026
11816
977
34424
-25841
37113
-16681
36608
4088
-3570
-33942
-19691
33484
6233
2460
-2319
-23323
34538
-11014
22847
-43067
-42460
2874
34624
4936
-20360
-21633
5370
-11846
10402
6744
-30339
-17410
-18830
4897
-19814
-6556
-29713
41242
29081
-12423
27955
-38571
-29846
-36855
-32179
-17807
33668
10723
-14553
19361
8560
-18949
-15039
-10289
1244
-4448
-14052
-16803
28968
51309
2236
28847
38046
-26567
-18044
-26749
32787
-9367
12726
20454
-4817
-32925
-25835
14822
-31394
20021
2614
-14193
-23133
-14392
10834
-9408
36186
-33563
32521
8610
-30089
-4673
-7154
-42282
14429
-38376
3719
31722
22314
-29504
-28353
9344
4061
-3488
15151
-2905
22967
-19491
37060
25823
-12337
-33638
-3902
-3333
30390
-8651
-18568
-7611
38296
7175
41123
11080
-19045
31709
40994
16507
45353
38407
20300
-12403
-25012
-42620
-10863
23664
7932
33154
27649
11855
-22894
35158
-29202
35677
18539
-18743
-19931
-38097
39137
19862
15904
-4589
-8579
11188
29180
-3493
29538
-34322
-1872
-14134
12197
-15868
13706
11194
35472
-29205
-2694
36250
-33638
21376
-3283
-27580
-38689
8847
27624
-18399
33117
27526
31422
36932
44013
-10417
-24567
5566
-6344
33437
-17095
-6111
-7211
30429
22163
34025
-32312
11470
20546
-43957
32957
26796
-41133
-40436
25909
-12001
18772
-37794
14705
10437
32916
-8722
17801
-7038
15581
-6477
-3944
-35059
-22478
-17993
38332
17232
11419
-22309
-13344
-16926
6538
15078
-20354
-17026
35567
21359
21902
15283
24962
24315
30268
-9839
32226
-7235
-5914
-5878
-10807
-8436
-24637
20189
-32126
11973
-25785
-27564
39104
29732
29459
-1616
13028
-27699
-5166
-20545
-23153
36684
-32619
17499
-11418
13441
1466
-16890
5900
37910
-39328
19069
29698
-34907
10662
-11509
-13874
-1427
26560
-7143
-37530
30627
35577
-6465
6537
10030
42081
-21941
28622
20121
27924
-6179
14024
36259
6913
-37843
-31119
-29709
18144
17473
37858
-39110
5551
-4427
31039
-31205
-16458
-36428
9716
16110
-527
3541
-24282
-35333
4993
-35701
4134
-29319
-23316
3216
22335
16142
24084
-4891
-37720
22047
-43401
-4312
35544
7646
29729
-32367
-31175
9893
34273
6221
-19912
-24471
-6170
20458
1748
11053
-10406
25781
14641
-38854
-35302
-39490
32311
32041
-16702
21817
-17251
-9242
14180
1003
40175
35976
27195
-37220
-2553
-36174
35448
31046
-28855
33659
-37952
-20050
15503
19326
-30835
23856
-38172
26457
32544
12207
-36966
-39151
-31488
23744
20082
19108
23618
-38163
-38639
-23809
-24963
-19706
23074
-23614
-5683
-2171
11743
-11842
-28631
-41960
-38885
-40392
16493
-24411
20388
-28445
-2321
12348
28659
-289
-23218
31606
38314
-29324
-7877
30881
449
37647
13009
-26225
-39504
8582
16964
-8193
25383
32546
9499
36215
-27350
-9245
18692
25434
-28656
-5533
558
-35409
-33131
1445
-28285
18176
-5499
-28697
402
-33316
-9203
-42611
-18981
20193
-38063
24332
25994
29469
8525
-3805
-36938
-18630
25171
20863
30081
7544
525
7552
37372
-21886
-30154
-15076
39839
41411
17434
26248
33450
-36978
-9191
-33966
-25370
-35838
-12577
-34494
21919
-9331
36347
33791
-2526
27868
18371
-22225
-44801
2466
-39503
33129
15392
-12418
-32691
6974
-27777
-31915
-29582
27379
13627
-7117
-26986
-957
-19783
21916
2230
38595
20862
-5685
-23143
-6775
-21223
30465
-32372
13803
-29671
-26127
2704
12395
33985
25625
32382
12834
39041
-24899
-35357
-22594
-9967
14696
2858
8998
11521
30366
37277
-19716
11249
-35688
-17634
8824
36723
-31618
-38901
-12837
-46026
12467
7717
30108
9718
-17694
-8447
25605
32937
24934
-10268
-33058
-30257
23024
2643
1695
12828
41971
9060
27168
-8965
-27847
-25075
24128
26117
14976
-17742
494
10578
30611
15989
-11404
20503
-41082
13699
29037
-24574
-17421
18438
-30649
-41029
38583
-4111
48
-26561
-26752
-26616
-23300
-8848
-8678
-28460
17251
-2876
-2114
-16319
12552
-1258
1961
28307
-34135
-44726
32240
32551
-46247
11435
-33907
-25969
-35660
-29580
-13713
2471
39297
4920
498
10751
35318
-33881
39994
-631
-41692
-36098
-40532
-4884
-6782
-5163
-32368
-31845
345
-40563
-40323
4450
-14617
22246
26044
11848
4073
35077
34864
25430
-3307
-40059
-5537
-17535
32537
-32604
-41472
-30875
-27051
13019
-27083
33887
-40961
-31271
-34091
28995
-35921
-6165
-12696
16376
4707
22414
-27465
3503
-45502
23115
18202
-16691
-17102
-28522
-31874
-33598
34037
-16194
18973
-30793
-3337
8340
-9306
-12609
-15665
40361
-16196
-39828
-6465
40236
-24454
-24400
11197
19679
-2510
31899
33301
-11082
8193
-18981
-11598
23941
-7373
3050
-25878
7750
-2464
3685
-29625
-781
-25571
17184
-10383
14090
19406
-15459
-26797
-32878
9043
-12623
35648
-15311
-31769
15055
7460
-43727
27113
-26060
-37649
34305
-1111
34272
-6847
25155
646
41890
-24540
20227
-20942
41603
-24488
-1453
-5379
38962
-39907
-36006
-30249
5653
-36657
-34210
18727
-15832
8520
-6776
-11731
-12285
-2840
-20101
-14250
34128
-1750
36625
-6090
-12706
30911
226
-36857
16665
20558
15047
-41328
8456
29910
-32960
13709
-23325
8007
31673
-4897
22001
-27919
-22694
26570
26515
-18640
-15563
-41701
36690
4745
3762
23490
14148
13911
-20253
-33770
-14935
25046
11869
-35177
21078
-32855
-39871
35783
5912
39641
-30505
-23200
38639
-35959
15905
-13491
-13695
-40298
-41803
15605
-8190
-8410
22881
-34472
-24295
15857
-10756
-6634
-5828
-33693
-9193
10773
-6008
9473
-18245
16065
14178
20555
-39534
-161
-22845
7985
9976
-8301
-23222
-13538
19779
15337
-12318
-25323
10466
26092
26554
-33287
21508
33888
15143
-36247
-2835
34142
16778
36932
-9760
10900
14734
2029
-9847
24112
-7120
12679
-13241
36873
16435
-4854
4526
-5448
20611
-34896
-22181
-27157
-95
25926
32887
37549
-12020
-20925
-29541
37859
32745
30327
-1732
2239
10497
37433
16517
40265
25991
-13410
-16428
6425
-8745
-22587
30142
-30996
22071
30843
32230
26819
17140
8425
11093
-29947
29506
14072
3435
29975
-22601
-9038
-33794
33500
8242
19685
-17109
-36762
15892
14237
31793
9175
-25597
-20896
14398
-3697
-18631
-3249
-11188
31920
-23513
18375
-2254
-17580
-25744
-37780
-14490
-21676
18698
-32765
-2775
9615
31816
-565
24051
200
-36551
-4110
-38409
-28658
38481
-33447
32202
-36099
-14703
10868
7117
18232
-2608
33937
15714
37903
-39303
6238
12919
-18907
38139
-27056
467
-26790
-8675
-37203
13397
-24211
5721
38752
-19902
35698
13698
-7220
-23946
-14003
34559
6561
-22434
33496
-12469
-470
16569
-39298
27682
31101
23775
-22781
18722
-24712
32795
-8099
-23968
-23078
-389
20019
16732
37252
-3296
-30729
1044
-6267
22009
-30737
15390
6369
961
-24567
9762
31369
37067
-15625
23267
-4283
16060
14671
-13284
2948
9737
-34411
-9721
-5744
4171
-17654
-1708
-11126
27867
-30789
3633
-30353
14266
14450
-11474
31159
1709
-38192
19350
-32546
-8641
30542
-7825
-8556
-338
15656
10115
17763
-15947
-22256
13864
-1531
-5096
23133
38821
-6098
-17555
12197
-18435
-549
-39392
-31339
-34915
-34172
22473
29840
-4570
35567
16019
-27637
-39360
19769
12921
16793
-11979
35392
-17000
13787
2098
4133
-22578
-22653
31999
-22870
33315
35243
41943
-22214
26343
-20239
-13453
16122
-29422
22808
16462
3958
18554
-28706
-13961
-3412
-32880
35872
33845
12620
-20262
-279
-24226
29938
-20643
-29378
-13611
-10084
40749
18806
3793
-5148
-14080
40159
-1556
-34884
-20630
24585
23924
37030
-36850
40180
10686
4950
20399
-37197
22591
32110
-18920
-12295
-29695
32075
-17907
10877
24496
38304
33467
-20156
39364
-22686
17287
-24678
-14261
37877
16625
19869
7009
-6780
-40188
25701
-20480
19887
9635
-4946
-18066
-12784
-8046
-16203
-20475
-19372
38957
39264
-10027
11002
-33811
-2598
31614
-4823
-24079
11116
-10920
-13971
-6094
-1250
-20223
3654
-3083
24228
2885
-9234
-2593
3274
9743
-1377
-37990
-30610
1291
21068
-31041
10279
13651
7784
13231
14115
-24263
-36292
-20716
-38190
-35707
-25370
40256
-14549
-38081
-29386
-6123
-36721
18939
-36327
22010
-2017
-26635
21959
36055
-5456
-13764
24851
20268
33959
6532
22438
7020
-3835
-18938
-29416
19625
-6585
-26977
36823
24616
-38604
-35448
8044
5536
21218
4855
36484
-8705
-30616
32820
-13492
-31894
13129
-8083
29089
-33126
-25791
23
27307
38790
-15869
-30403
16115
-31158
-34207
25871
-6525
6258
-6989
9086
38326
32801
-9537
-1859
28404
-15810
15557
-20521
-18667
21241
22503
27038
-40449
10755
-16295
7164
-6446
27280
-7009
20757
7260
4559
-11450
-15709
8500
-25218
-34890
18342
-39984
-14300
-6345
19188
-37442
275
40016
21285
29102
-60
-34972
-41259
-11993
-38251
-5918
6348
-3482
-16540
-18643
10654
8046
-16284
16325
-1019
-35704
-182
34043
42798
-10955
33316
4926
-9365
42590
38013
-28908
21836
-28840
-34578
38790
13473
-4970
16701
3104
22662
39200
3805
7776
-28760
-14684
-28187
11679
25671
-27968
6245
32030
1975
973
-37414
35823
19708
-8051
13814
14728
-5217
3528
-7662
-12682
37092
-230
-19104
-24386
-30146
-21494
31058
-38098
-36128
41214
-3938
40617
-38019
33091
34446
-34552
13287
8394
18153
8790
-1240
41840
-11334
34475
-10053
-8749
-13123
-36463
18071
-31257
-3364
35444
6116
3669
-18042
-8998
-40043
4391
-1845
-3223
-18438
36546
31301
20480
13130
-28963
24929
-36273
-30956
-32278
31133
23952
8430
4156
-28347
4689
-24375
-12975
-18923
-32720
24398
-35707
37292
36953
-3222
-34515
39516
-15364
-35330
4061
-9419
-29032
-26293
16474
39069
36395
-15808
7478
-1025
-798
4756
11384
21873
31506
37609
-11435
36844
-23647
-27881
19091
27540
-35478
14260
30575
-11011
23600
-33756
21236
16167
21514
-18562
12988
30893
-34001
-3167
-30304
17450
-8551
31890
16275
2256
26287
-39670
22041
-41262
15665
-14534
-36714
-6232
25440
31400
-57
-13177
-25479
-29108
-30192
2144
-11853
32342
25424
2910
-8443
-10409
7963
5030
-19699
32309
-19842
32282
-22093
34949
-29198
23092
8463
36744
-10931
33348
-38385
10035
41900
-24370
37850
-35161
636
32005
-23457
5701
32393
-31356
-29037
19117
28283
-25689
-9309
26421
-25880
-35609
7022
-16329
21172
-23785
-32984
-28809
16965
-29405
2219
-38224
-8415
29889
-5769
11609
31931
-1432
37245
26625
4219
930
-34983
26218
-14128
-21378
34144
-12472
6228
41144
17941
43001
38995
976
16918
25042
-4319
-5081
-299
-13068
26851
-10666
36389
-17955
-19203
14994
4985
33189
20474
-28930
-30162
25302
-41033
-30202
12376
-40523
-20966
28369
-20821
-16741
3160
-39008
-4575
-36412
16840
38124
6627
25273
-1050
41296
-31795
-4788
-14198
-24723
-3383
-21787
-31166
40815
24235
32527
36857
40317
16566
-21259
21179
14701
-11969
-32336
-34869
-30685
-10458
-26833
8797
35279
-33281
20888
17091
23620
37396
-11279
-17565
30468
40462
38830
-10552
-25720
-4090
4744
21167
-21302
-26489
-26691
28432
13825
-39810
-1599
-31181
16567
-38816
-32257
26672
-22108
-36022
1327
-9376
-38043
-34796
40397
-24481
15623
-29842
34152
-6364
-8148
28049
-32707
-24467
35424
21035
12663
-18593
-26858
-1429
-38121
-12564
-39693
-35185
9290
-4995
-20848
25568
-14648
1774
28733
13816
-4471
17518
8305
-20693
39574
38146
14069
17646
-20610
37495
23285
15313
-19529
17133
12288
-15727
-28270
40783
10005
34998
32640
12451
-22085
-29071
5019
-29649
29135
22383
-1046
12444
-13381
-8753
8653
4808
883
-3776
-26758
15499
-12440
-40185
2630
-16155
-10264
-35424
7613
-6178
31213
-35819
-13432
31051
41479
31785
4780
17054
5408
5445
-33576
36897
2496
-6568
19496
-39914
-39268
-6167
24542
37536
6817
22941
25630
-5479
-8784
-20964
5954
-8309
3756
27790
-3364
16799
6332
41105
3565
20748
13117
-12867
-22164
-17832
27577
35179
24481
-17972
-13289
-12233
21070
10266
29317
-14862
32811
3818
-18049
18155
41187
608
-32380
28512
-8678
17028
-20537
-20840
-28589
-13168
10899
2871
-34583
-10602
-23079
29057
23132
-39138
-12419
-18709
-7417
29189
38438
8959
19649
10180
18637
8319
-6410
-32313
1262
18166
20729
22960
13228
-25486
-5613
-17404
16992
22379
-22393
-39421
28476
-6672
2046
30775
-29565
25284
-9691
-34418
-38375
9111
-1525
27961
-32166
-1794
-26849
-24718
-384
23124
-19377
16396
15676
31949
-33728
-20711
-38641
4444
33899
-8005
26571
-2407
39262
32965
24245
37188
-28768
-18214
31460
-31686
4334
-31814
9344
-27908
37216
1509
-35116
-29695
-11254
-23183
10748
16666
-37165
-3590
-24330
30594
-39059
14326
-15809
