5956
31315
-6439
26662
12554
36315
-35625
-25832
-42288
-20281
11966
-204
-25505
38447
-34234
-652
3159
-38562
-9588
-17194
14748
38934
-17533
-32270
-24679
38299
13878
-27024
-33299
-41731
-31478
-43399
-43624
18528
-26649
30722
-16905
-43588
-19913
-16265
-34439
19357
-3744
17425
-186
26832
-21217
7739
14443
-43681
-24329
-11605
-38204
-8986
-20339
-1898
24854
-26698
-30809
-9727
-32237
-30034
-38660
-33966
-16364
31752
26446
-2892
14593
26622
-21999
-8719
35675
-24855
-35085
-9981
-39118
9162
-6661
4015
11157
4568
3117
14184
33853
-9136
36207
3024
23441
-9035
34943
-22343
-14896
10389
-36035
-42599
-33100
-40569
1036
-22009
15240
26155
-1921
-13620
-20489
-7356
24185
-26611
-4826
26281
24997
32463
-20101
-30607
25612
-40742
-29206
-1477
-4103
-42803
18582
16225
14046
15661
-558
-16426
-33724
5015
30409
-28120
-38841
-6348
-30827
-15051
11873
-23867
11760
-2148
37494
24630
28292
22961
-16786
-7427
-4898
-22794
20495
36407
19561
-16088
-3323
25151
2055
-10671
18554
-23351
-7519
34838
-26435
32018
-8116
8431
-16001
15010
14364
-26516
29335
25020
109
32167
27238
-8874
8553
33360
-40290
-36652
29522
26094
22849
21387
31010
-16134
-28140
-41287
-33480
7060
2441
-18403
31592
-14080
-13413
-23203
38405
2197
-34097
26712
-30649
-3576
-25128
-34939
38888
-8970
18966
-42456
-8592
-27008
11347
522
35155
35800
20505
19823
11338
36612
-40691
-25380
-43703
23770
15084
-13888
688
-36843
-5849
-29402
-5629
-1191
-23450
-20086
-19005
35662
30324
-9696
-16357
16198
33950
24204
35450
36954
-14724
7355
-20836
11950
22246
-41080
-35774
-7663
-19112
-11879
30232
34186
-37139
8793
16494
2363
-23292
-17549
1306
17666
-39891
-28353
32945
26727
-13588
-37951
32320
24465
27089
3402
-24240
-32972
-11994
-39359
-18299
25623
36499
4408
27645
-13358
33755
28009
-40324
-2968
11644
37143
-24290
35660
-16656
-3197
4305
35574
-29763
-3615
19124
32979
34968
-35144
-28626
-40390
34158
28105
18279
18129
-14747
-6514
-38784
11739
3263
28834
36498
23628
30036
1087
-6311
-26663
34831
-13212
13532
32493
33648
23752
-34575
-13797
-3646
-18054
-43428
-16485
-33564
29163
-20598
21906
-34155
8984
-43498
-40439
-36205
23362
-1665
-8380
-39000
13493
12907
27890
-37085
8474
-2184
1675
9179
-32613
-23655
-5625
-10901
27051
28514
14951
12213
-33408
31704
-13614
17023
-27178
-10447
-14450
11262
-30487
25344
38996
412
15832
27452
-17956
18254
-6973
6995
31524
34585
22937
-7518
27122
23437
-33410
-42827
-16413
14674
2454
-35547
-41755
12810
-27529
-9012
-34728
-32424
-21750
26031
35545
8918
-3917
-37577
32310
-18945
-42951
21119
619
30496
4668
1600
29219
-29646
33227
23571
-7660
12412
2424
-26693
31002
-36081
13940
-41004
13472
-37113
17832
9922
-11843
-23654
8524
10422
-27075
7299
-42542
14977
-31480
21456
28855
233
23702
-22175
21456
18755
-5912
-445
-37565
-38786
-22704
28858
-17958
36235
-39982
-6104
28799
23499
11390
2903
32863
-21294
-16012
34227
16076
-26542
-4972
15361
34649
37750
-32284
25616
9792
-5911
663
14356
1267
4207
-6954
35790
13532
15113
-41505
30790
25437
35394
13917
5911
-39344
20992
-26052
-42774
9750
2478
-3480
-21590
34338
-15084
-24800
16221
-29778
-6960
-11930
-11635
-23517
2553
-42751
-10376
16511
240
11241
27979
-29882
21619
11893
32173
-31915
-294
36178
-23452
-25538
38883
6399
-17860
-8129
-35099
30037
-38262
-14401
-26972
-32006
-26013
27136
-2614
38250
14359
-29800
16995
-10735
9723
38037
30362
-20494
-6743
5328
35820
-18066
-26281
16410
-10247
-36
36082
-11677
9785
12503
31126
-40568
-17170
-20645
35459
30259
31381
-32345
-12095
-17636
-1341
6094
-17027
1663
-10411
37541
-26627
-18352
18330
-5018
27105
29640
13559
-8806
-36152
-21456
20352
35320
19707
-29557
-20601
-39232
27296
-14356
11949
24448
-35852
-1560
344
-8455
20547
-10648
-3316
-18363
-15070
335
-39562
-27167
36836
15654
-41763
-22037
-26310
-40816
16821
200
-40715
21171
26005
-26124
34928
16882
38839
-17083
19813
-43708
-27960
-21019
2450
-22317
-26812
6497
-38447
-32047
880
14149
-25437
11768
31057
32091
-14951
-29805
-32844
22838
-3097
-16250
39177
-4617
-33834
-13551
-6416
37756
-3719
-23493
32300
-15759
-9820
16915
-24977
17887
310
9131
19933
-2068
-24325
3435
-29086
20565
-16635
-16863
11084
-30653
-1138
2412
8448
28412
-36689
-13794
-29754
37519
-37720
12514
6564
-5361
-28010
-7011
20375
5183
-3789
7685
5474
-6699
-25792
4927
37489
-1331
-16393
22390
4222
26664
-36309
-10791
9058
-27922
4310
5763
-29136
-6486
-7000
-6101
11955
38090
-29388
-9844
-15512
-31390
-14312
38598
-42497
-2500
25000
-2932
-24258
1619
20990
32892
1463
-17692
-26998
16014
-34996
37920
22739
-34892
-23213
30610
-35902
-8187
-27584
-7642
-10499
4055
-16451
25207
-29025
-1597
-11023
10742
-5004
14551
19432
34224
22340
3204
-23893
9171
-4143
-34407
16288
14928
20803
4923
-10066
-5820
4861
14396
32752
-27168
-15642
-25664
3145
-3097
-7732
-32909
-32542
-16550
-10667
-36522
-5729
-35769
1109
2923
13251
38660
14944
-43421
22837
-28356
34981
24606
-4315
-33498
8598
25740
-36288
-35307
1471
-5145
-32503
-35756
2679
38308
33202
-8700
22766
14393
16105
-828
17842
-4929
-31944
5023
9186
-9468
-7854
-6827
-6163
17105
9617
-34333
30831
14490
-3558
27602
19703
1499
36141
21987
36446
-36650
10362
-19704
35494
-42814
13555
12997
31664
27656
-6195
-14721
30571
32464
-8626
520
35372
16615
-6550
-22905
-35338
6476
-28750
15630
-19946
9351
-8008
18046
7267
26704
-15464
-28197
-19941
36795
-9367
15678
19600
-727
-37165
15714
25407
14218
9468
2183
25638
-14020
-10177
-23762
-17826
-21060
-2910
282
21816
-32456
18689
38248
-32738
-27369
15719
27456
-38065
19719
-18483
124
33689
37855
24141
26620
6715
37512
25512
-30240
-25118
-3834
-40273
26438
24770
38234
25392
8082
-18016
10258
-18740
-36139
-17472
36845
-22512
-15190
-15547
-20964
-5921
15417
35761
-24792
-28385
-3182
-42050
27191
26881
-30982
39052
-31087
-13852
30797
16159
-2143
24526
-29799
-28096
966
-7713
-3460
37777
-24663
-8241
-42850
-25525
18741
31598
33586
-4985
-7828
2448
13552
7865
-40749
23882
-19715
-22354
12800
25265
34566
-32690
22318
17800
-12050
-15639
-21522
-32784
14360
-19165
-11019
-30086
24251
-13329
14713
14822
-37100
12277
-13237
23039
-38862
-22043
3559
34979
21550
133
-13556
-33471
-15157
-22584
-40229
27515
38960
-35287
-6711
24771
24979
6933
437
-31245
18302
-20880
33867
-36609
29159
36325
19938
-7175
19111
-190
-40214
9891
6703
-28252
35111
-21088
3814
-7082
36117
-10098
21816
12744
10024
36853
20564
-23883
9781
27952
25512
-2698
16546
20340
-21739
19335
27771
32843
13762
16680
20987
23183
21656
33126
-29606
-37964
35848
-7329
-7426
4963
15024
26287
-29947
4253
-19873
30360
29759
-30211
-35287
22827
1169
12679
25276
-12828
14505
-13083
-33327
23416
5190
36281
23143
12577
26953
38318
37350
-10197
-2234
-35853
-14897
-29103
17400
-17064
-12518
-39592
21695
36660
-819
18629
37265
13041
37377
-39310
-25754
-40277
27204
-12050
-41270
9838
4092
-14751
1562
35652
29718
12602
-7226
-1348
-25105
20692
15968
32595
29945
36756
514
1454
-5536
32582
31526
-13035
29544
-7005
-20961
-31545
-4102
-24896
-15815
38380
3072
6284
-34409
7522
-34225
-15623
8336
-31641
18561
-1254
20740
11588
12045
26844
-26674
-24105
31702
10572
31885
-2035
2916
-9573
14423
-5448
19470
29348
-24452
3060
-7097
38999
26976
-42809
19133
-22704
-8638
34440
8658
-700
35625
9260
22260
-37521
-40973
-19592
32755
-9489
-42057
-29197
-19172
-26658
22367
22108
38736
-12098
-4988
15110
-27799
24259
-38497
-32465
18933
23071
32078
18831
-39521
12561
17547
-2092
866
-28613
-30756
-30814
21622
-6447
1485
-21920
-16995
-9016
-1956
-29649
-34338
12221
11761
-29754
31310
-33706
2782
-11229
24559
-22404
32712
666
-5161
-36221
-18567
-8359
-24580
-12928
11696
-23171
3671
-24776
21862
-3305
-22237
-30635
10590
-18747
-29355
-5780
12405
19209
39672
16341
32126
-36144
17254
-20347
-32332
-21197
20471
-19959
-2439
-31240
38833
34035
-20080
-4403
917
35990
32094
26142
-18240
17331
30923
24613
-24103
-38036
-17482
15539
-21634
23643
-42156
34528
-23345
-26217
2570
38346
10735
-14679
30157
32573
31265
-31937
-9247
-1150
-32787
12224
-13422
6553
-6642
22960
16356
6519
9788
35321
-37919
29879
34928
-16122
-9174
-4114
31459
-16488
31188
-7605
-10409
11044
-3255
28313
-29557
-19854
18724
24448
19576
-13404
5302
22898
-32939
29661
36741
-19177
18856
33678
-26169
37005
22702
-34378
7831
9653
39488
-40314
38243
1486
35812
-15751
20521
2662
-22515
-14127
35521
7482
-33194
-13796
26771
26345
-14488
6230
-28447
10734
-31568
35997
-14542
-19663
-28556
21570
-33118
-41567
-24767
38293
14424
-27311
-695
-42034
-19559
-22017
-33228
38189
-37154
24428
-1030
26238
32236
1051
35684
33005
23865
9342
22420
28664
-38271
-34547
-37631
-1668
-22214
37517
-11459
147
-29692
-17368
-25673
-2246
-28226
24582
-31024
27683
-8546
-40911
-16445
16871
-42292
39858
32865
-38838
-5040
2793
8036
-38285
24888
183
13919
-3094
36241
-16721
6719
-12088
15079
2956
-3868
16508
-4686
10066
33376
-15583
-16476
-38797
-14240
-43081
30462
11112
-6016
35517
1329
-22204
21197
13459
-30269
10950
16367
2138
-36873
35405
-21861
-19723
18129
35145
37852
-38136
-39750
14310
35579
-15519
30820
30450
-36034
20515
27115
13281
2374
-15396
-22500
-36560
-39234
11190
25870
18689
-24051
-41258
-24473
-20611
10852
35483
-8418
41234
-30705
7834
-28648
-6255
22243
-24568
21078
23256
32235
30175
-18172
-33194
-25760
30331
-12979
24823
4971
20637
-9900
-13750
-15611
-2221
22807
-16189
13341
-34890
-1381
32515
-6836
19022
26997
-8456
-27950
12711
27659
33660
18399
-34908
23134
-32629
40812
-31071
1848
34939
7714
22564
-32144
35066
-15246
-26953
18878
17879
14883
27484
25107
-15870
20392
39375
38253
-11054
-8293
39434
-10191
20613
-39993
16096
13193
-34751
-18491
-5863
15503
14650
35523
1980
-9146
24241
2244
4798
6580
5946
-39498
-38348
26281
-20789
-40130
7750
26145
24105
-20079
19149
12783
-37265
-34464
38819
15130
-40215
-21266
7969
-23521
-35010
-27189
1828
-30806
14379
1884
29557
13433
-5662
-4601
-26551
1542
-12893
-30611
-2399
-5658
42740
15845
2255
-5298
-31083
5881
-11138
17652
5298
7764
37197
-24548
-15038
-81
30554
-37995
11507
12367
-11280
12793
-30506
36433
-26177
-4198
-38231
30596
2399
-31369
-35899
35924
22384
-32985
6411
6090
-18602
-40897
-9350
792
-35858
-1087
5332
-7478
-2702
-17643
36176
-35908
32836
-18767
-28502
20078
32800
33608
-19786
-5212
-33433
-4512
-36502
3177
-24826
-38077
-20471
20080
25698
-14607
38769
-27763
29544
-13287
28376
-30772
-19474
35866
-7040
-27324
306
-23788
31105
-25356
25373
-40357
9656
-23365
-2389
13069
11422
-9567
37064
2166
-24848
-26434
33563
225
28562
-41567
-13988
-2773
29684
31924
-10497
5528
31348
-29666
-27306
21085
16974
-19342
30877
-31661
-25158
-37081
-14552
16609
-12900
12482
34839
12827
-6707
7440
35280
7452
35627
8617
-36387
-9409
-3831
5818
17461
26509
22346
-33351
-35056
-7993
4534
33081
34442
-18655
15051
-9114
35443
-914
-42298
30420
3382
23113
-1610
-37021
-35306
30985
-8106
33940
31864
-10416
6463
30858
4452
306
37321
30987
-33157
2497
15468
1380
22482
16547
-27109
-31239
-38176
-39173
-21726
8527
32662
3046
28542
-10259
-2657
-29798
-19997
25211
-36036
31568
-22529
30930
9515
-36152
13085
10125
-22328
-25247
-6272
-197
-7826
30835
30023
11542
26350
20408
-38916
-11671
-26169
-37559
32941
19692
27089
-28680
-21396
-9617
-18557
-8881
9296
13115
22072
-15867
-12621
-16162
-19044
-10528
-1592
23430
33099
-35761
12452
22113
16504
-38848
36795
5132
35414
-21217
-25045
6764
22718
23918
20644
-7718
31338
41308
-3279
37012
15734
6972
26750
-34740
-15845
-19308
-33963
18664
-27987
25667
-39864
39211
-20959
18274
-32136
15170
17447
-25150
-20730
-38776
18619
-15315
-27141
-7901
-6517
-29567
20823
38787
33355
-16186
9550
-3416
-13696
39170
17516
32231
-34041
10301
-3294
-12810
-30023
5505
11787
-16562
-7180
7835
-17377
-7967
-10937
-17775
-28597
-25279
27099
42281
-28669
33684
-33664
-21888
-1657
-32242
-21564
-22071
11439
19664
39526
-17821
20771
28652
18616
28936
12289
-6525
-28795
-42103
29421
-39546
8187
3499
-34975
-10042
8611
-42908
9648
-39648
-25716
-23401
-27796
10562
-8188
14168
-26685
30165
10525
31309
19531
8237
31543
28199
-27661
35085
-15351
7458
32338
-21520
3571
35281
21720
24064
31223
-16034
-29736
-6746
29674
-18473
-19493
-13883
33167
-25017
-20657
-1442
41314
-1023
37314
24703
24949
-21371
-23518
-34600
14648
-32973
-23254
24016
-34349
35782
34320
-42069
-12031
-9604
10224
13013
-13873
-5239
10809
962
-10086
33157
27064
41353
-5670
11019
-4729
-12455
-37632
-29734
9075
28977
-36938
-42315
-39898
36598
36724
5801
-27021
11490
-1236
-41083
17120
-30901
-37950
-10860
15184
-37197
22435
-30726
-38581
-37317
-23526
34134
-5351
-34515
-4639
-1319
-1215
-31935
21871
5416
7041
25228
-14387
1891
-35111
-12685
36101
9349
31777
27182
-34245
16249
14506
185
3429
14196
19428
14688
-31840
-5966
24699
-9053
23973
-23383
-35270
-38489
-7198
-5447
10205
-6838
10796
1858
24743
18381
-15550
-37503
-9031
10524
-1624
34512
-14048
-24317
56
-13602
24628
30727
-34396
25410
42201
42086
7601
35561
-1710
523
-718
-6780
3047
-26327
2949
12654
8764
6624
31637
-25430
-16694
-21268
-3427
-25303
-13939
-3293
18558
6673
20346
-28389
32133
20923
-29967
-25868
-31691
-30506
3388
35752
5882
-30130
-23726
-22054
20827
-3251
-12558
2139
-44265
16415
-38557
15428
-4452
-46033
-38684
-28626
-32537
36305
-16491
-24823
-41952
-11266
3968
-11272
-36859
-35657
-14279
2438
-14838
-21325
-26727
24381
17768
10153
-5715
10172
-20327
-22407
11265
-22111
723
-40387
-3098
22265
-23404
-15392
7783
39447
-23999
-13556
25552
19171
10942
38938
31945
18976
24202
25828
5998
11022
7883
-2682
19599
15624
-1244
-4542
-11200
-36222
31759
-23159
32238
-2620
-13892
36434
-26355
17750
19803
11163
-30566
13886
-41654
5371
-6775
7962
18589
26773
25155
11175
-19529
3406
11731
-852
10281
-17045
22905
-11329
10626
20147
-599
-21480
-29141
36692
40038
34164
-987
7407
-28066
9976
24622
-6957
11605
-32067
-27535
-204
-22007
5647
28878
8087
-8154
18362
-40407
-15478
28815
30739
-28197
33031
-41205
-1493
-30296
29833
-20520
-36689
-43600
-31927
-42362
-26489
-4427
-3300
-25648
19501
-4731
36378
-20410
-14349
19823
-20711
21885
-13258
8844
-36382
36577
-11105
-7665
-4891
7258
-6428
-37123
-1237
-23011
453
20815
23391
26636
-23747
9056
-18190
-40025
-30356
28910
-32764
-34337
25435
-33296
30379
3218
567
-10700
-18429
16675
-290
-24590
9281
25306
-8030
-4802
1803
17450
7759
-21462
9438
39343
15495
-35796
28462
-32423
-18769
30952
-14252
15680
13227
-35503
19134
40625
14795
-1032
-10355
38275
29604
-2306
-38586
8756
11627
-20839
34780
4266
22543
27639
-19357
-2681
-15250
-36764
23566
-32057
32127
6829
9838
-36453
-6717
15089
14136
37742
22268
-3649
9590
-17924
34535
11217
-3724
-23703
-30086
-1438
9467
7278
-729
-1746
-11353
-25200
5484
36773
-35578
4949
-12086
13219
-8211
-25370
-18498
-4212
37432
-40804
-11884
24658
24156
35048
28247
-38891
17593
18705
27168
-40400
25186
13776
-26232
14583
-38876
-36730
-36438
20222
-15501
16161
-14737
-28163
-21765
9645
-7568
-36149
7264
-26925
-4687
14292
27597
36609
18845
-25106
-18843
1982
-32090
28849
-33768
-671
2207
4171
17274
-13700
25338
-13820
17265
27568
-35421
-5575
-2170
13539
-5847
30302
-35048
31986
7957
-24675
-19073
-13395
-32122
-30384
-14450
3459
-25204
-23092
-29126
-39262
-8313
-27243
-15324
3375
-27389
-16215
26544
2138
19174
-7940
40127
-18756
35505
7033
-38181
18783
28206
-40324
-17078
-20562
41367
20812
37640
-11271
-7746
1792
-16854
-6627
-3281
-26248
-36072
-33081
41945
40416
-14167
-34726
5137
-1787
-17553
13380
-30081
-34870
-13561
-15961
10081
-2812
38143
-21370
-30502
-13096
-12570
31905
-28829
-34699
31090
22669
-17049
-32216
-20999
28031
22436
-33047
-37436
33512
-29692
15789
3428
-29576
-28570
13356
-24288
-8941
-13501
-6255
31343
-2183
-28585
-13097
-16922
-29410
22991
12628
-31224
7863
35333
-31644
-6894
2545
-5062
10136
32244
36872
-33208
21574
-11393
9034
40057
27088
-22946
-29051
7534
-27220
20110
6641
10298
-5355
25823
26135
30242
28438
7138
13179
21906
-9410
-2928
-7204
28324
31861
12709
7553
-17037
37890
30939
23117
15817
8937
30408
39789
-30021
-15137
34471
-15456
-10165
29844
-1092
30133
25952
-27673
-29269
-2282
-25422
-38189
24863
21286
18853
-1230
-25430
6374
11190
35328
-282
-32372
28330
-1440
-27241
-19145
-26359
-34313
-36905
32737
6954
-28778
27380
12056
-10182
35221
-6213
-31617
22360
-21344
18767
-28288
32436
-34178
-19358
-19507
-10928
26351
8713
40867
1862
-8214
-29525
-9203
-14031
38939
-40779
8588
29339
-12475
-26424
-14245
17074
-19631
-11181
36167
39461
-27956
30982
29318
14214
-38391
-12105
-17254
3897
12287
-17297
10389
-3163
-12125
-37321
-22765
-27566
15116
-15782
11672
30042
37565
-13745
10919
521
38282
-26259
-30167
1104
32844
25875
-9984
-6761
12538
-14887
27129
-31329
4496
3529
-12379
20539
-34618
21296
-3887
-20672
15084
-28503
-26614
8376
39134
-40079
-40310
-16468
19400
-23000
-1705
27889
34310
-9065
-34044
-17367
34776
422
-14721
4960
-13437
-36341
10869
-2431
-498
13853
9115
-13169
31642
24023
8415
31280
-28536
16761
19686
30612
2629
13433
-9102
11849
-24033
-14128
39821
8874
10700
42048
-34600
-38560
1412
18188
-14856
-26745
9136
32703
-35859
-35914
-40550
25893
-27414
-6398
-1227
27989
38829
-456
-12544
-17960
-30847
-38843
-334
-39862
28624
-23618
-247
1712
6760
41683
-11485
33152
17533
-2211
35814
-36207
-17801
-35059
-9053
6918
4293
-26876
997
-13635
-15832
-36118
42067
31457
-32643
12268
-32910
11593
26169
-26948
17087
15673
23893
-21818
-20318
-13190
35055
-11039
-118
-29614
19990
41371
-39429
38087
-15650
-4419
-25999
-18739
-1643
14338
27239
-21836
-39271
-2883
-18922
-4996
-37409
38157
19627
30119
11662
-23499
-12783
-24719
28254
3730
-11961
43582
-15994
28850
-21288
-17804
28302
16882
-12316
38275
-24418
9658
14381
38922
-34621
-24835
3088
8302
-7464
30763
-20162
-16554
43198
41862
26586
-36835
34388
14443
-23830
-6803
23278
22228
-6239
12262
39462
23634
38654
40816
-30433
-17949
-5715
16468
-4428
-36665
-31115
11276
25041
113
31883
40373
2053
22641
-24811
27771
31980
31588
-22463
-21992
-6651
-27067
-18515
28050
-20779
40864
36363
40602
-5075
-24421
33386
39922
-2632
2508
38904
-22238
-31215
-15280
28039
26761
20434
-19090
15843
3014
43474
-74
28021
9604
-5966
-29047
-2547
5394
-34055
-29182
-7443
-19707
-33804
-6013
-37950
-37925
32139
-33887
-19390
36848
-251
25975
24457
41795
15988
-7093
-5232
-4862
-21662
-37074
-29687
-17112
-363
29813
6553
28938
-26597
20409
-4023
43378
12688
23428
-22736
-33802
15007
26571
-22965
28746
-22688
-17821
10079
1347
11134
16491
-568
43489
-25691
1287
-10600
-6378
-5621
41120
-5085
-31770
-10967
4585
-35349
-828
-36841
-21830
18319
-12526
35609
-19387
-9017
4461
-26209
-33541
-22114
-14412
-10407
22116
-40103
-21905
-17169
22387
12348
29211
-33171
-15521
-24667
-30585
-36441
-28171
35941
-34402
42856
-13149
27965
44074
-19261
13759
-34501
-19919
-30809
3630
-8147
1936
31497
14339
41478
-31904
1239
11919
28474
36653
37732
-15353
-417
-25481
518
20088
-8949
12771
-31550
3905
39688
24670
-12349
19574
25023
-19661
-34745
-16793
-13224
-20119
-18254
-28251
-21201
2194
20838
10400
-22950
-24256
35580
11861
23340
13461
38339
31764
38383
42385
-9280
-15560
-11294
-11781
-17821
9510
4597
-36893
16078
-25605
35807
-20202
-32222
28627
-560
-3974
35997
-33445
-28664
17355
39811
-29041
8591
-22430
-13675
-31061
-1100
5752
4437
-18248
19789
19774
-3348
-170
18171
7442
28287
11409
-21760
-25108
-12017
26920
-37283
23867
2450
-30258
-33810
-15771
39350
11970
36968
27349
-22060
-28301
22591
-29946
-14210
-5775
-23217
41671
-11317
6165
-4923
17746
-28647
-10701
33762
-19843
14510
35381
-30198
43801
-4821
-24230
-16999
38627
-30536
-16360
41211
-12743
-37362
-17978
17521
-8388
19007
37622
-12342
-27993
-27073
24339
33731
-5947
-38138
29497
-37354
-26911
-22101
-18663
29435
11820
927
34826
-20857
-24593
19291
40333
-11627
39686
-2311
4802
-3264
-32453
-28017
-22194
-37858
28024
-32229
-33333
-10050
-35946
8680
26795
-33936
27241
-17659
1592
738
-24894
-23821
-25731
26495
8214
37260
-1659
23973
-2828
44705
-20981
13404
-25373
-33877
12068
-30713
-6120
23684
34202
18669
17207
9724
-25031
20679
-38957
-24992
-32530
264
33497
-5884
-9766
13438
-37184
31869
-26653
22884
35653
-14523
18738
7884
-26462
26328
-35042
21766
22063
42534
-25482
11459
-6742
10506
-7086
-32271
24154
-8427
-32318
38962
-26227
-2644
17100
-26578
7574
-34645
24342
-6516
-11991
37499
-24710
41509
-37474
-67
19188
44314
19842
-36867
3005
34960
-36751
-2182
31871
-32948
20817
16975
-19943
-5565
-34380
2136
-37695
35773
-6082
33875
16424
16449
25522
-33669
35684
3567
37065
22440
-27177
36796
22556
8200
-33503
-1952
-32563
-10122
-15995
-6777
-16346
-5622
-10270
34779
26920
39598
12828
31276
1113
25662
-4660
-34809
2940
-25829
29556
-927
-4521
4661
-2796
24744
-23685
42430
-1140
8320
24696
-21912
5314
-19605
-3758
26597
-21892
-27135
-2275
34490
29764
2529
9359
-28144
-10679
21008
-25254
39247
-9849
-13453
13989
34273
-17380
15040
42703
7488
5208
23850
21565
-37655
31377
26379
-5549
-37869
28587
-37035
-23626
35795
-36860
43223
-38089
-38282
-18220
33442
21099
41308
26817
-36258
22346
16676
13371
15107
-21935
-15749
2645
-35025
-32889
28278
33026
14476
4419
26994
20348
14643
7425
2913
3216
12741
-26713
-19995
23165
39305
23900
-37694
-36562
-33833
32890
-36338
32329
129
2642
17240
3366
-8423
-20838
30804
40118
6835
17702
8256
41220
-6209
42338
21217
169
-1403
-14316
-2553
42813
-23736
31883
13170
-16698
17887
5610
40868
10308
17643
31320
22463
24426
20144
-29146
20036
-16220
-37232
-31632
-16388
-2040
-35318
34100
17817
20785
-16016
-19264
28918
32732
28407
-24049
-7949
38856
8769
5162
4999
8302
-4530
-33064
31397
-30550
-15459
32575
-34722
13057
18657
-31998
5513
20677
7808
-5017
-23511
15695
39768
3590
-37001
26213
39497
-31042
6343
-23876
-11480
30995
19622
21284
-7609
7214
-18305
21985
-32159
29140
-17821
12536
14449
-4190
-7528
-30035
-22961
1579
23747
28669
15987
14069
43084
-31919
-31309
-25210
1852
-30379
-16381
8412
-9339
-2046
-13334
9030
-20966
-5631
22458
37722
-8298
-24193
-16257
2751
10390
-2232
5176
-11603
-29705
3574
-38797
31152
-35058
