30286
-28756
38122
-37441
-27857
11230
128
13121
30521
-21797
13218
-1820
-6219
11414
30870
5520
-25227
15230
-6923
-29868
6297
25748
10957
20109
19848
23071
-1974
-24617
-7792
15353
-27073
13523
-4112
-11572
34675
-31093
5147
1634
32092
-23308
33294
27567
11658
-31233
37988
-5485
6170
8069
5945
-11966
27654
-26559
4187
4676
31191
19786
36273
38769
21955
13285
39546
20874
23730
3825
-507
-13709
37999
2344
-18562
10901
-3619
-30167
9576
-102
8813
29749
18634
35386
-21393
-6826
-19968
38955
-21826
6294
-34984
32753
-32052
19132
12075
25073
23316
11475
8791
-24493
-26321
-399
20947
-15293
33274
-38098
-26380
-31576
-12027
37879
-2045
-9884
15196
15211
-1648
-4245
-10502
-3156
25448
12303
16645
18270
3956
1071
-15616
-35184
-32417
6685
-35441
-23371
-41606
30965
6313
-38247
-25054
-34526
-38262
-8852
-24026
-35390
-33808
-33675
-30325
-5811
-9870
22772
27167
25643
-33979
4281
30704
15579
23853
-27642
-19785
-40324
-15096
40149
-886
-4532
-6122
-9399
-1867
-15238
28496
-38670
40101
-8273
31049
-4593
-10741
25891
-34267
-35821
18429
-37603
-30892
27906
-17892
-34871
704
3338
6617
24784
-6957
-41838
-18808
-22771
19408
-7186
-32615
-23125
13158
35465
33160
-34564
24751
36422
40534
25637
13347
40279
39607
-7992
-22154
-8105
-9946
23011
11410
-38464
25835
-7928
-26175
-17819
-35175
-33781
16561
-13332
10560
18326
-38097
-30280
407
32883
33102
30439
37410
-19028
-5685
-30624
39100
10416
33944
-19740
-37072
35591
-27957
42034
-6554
783
-29756
-30556
-36861
-12361
-32213
40409
-11078
9016
6042
40239
-21699
-32516
22560
-26581
-4566
25837
27216
-4457
20522
-41250
-11846
34053
-20319
-30822
-35488
-4666
-6234
-5680
4042
32234
15463
3507
-16102
19731
29012
31604
11981
18575
21331
25124
-20896
-18596
22795
-15630
2489
41160
402
-9834
-2698
40888
-25954
3524
35503
5278
14683
-37141
10394
-33992
28161
-18144
29004
-39001
40737
1151
-3289
12057
-19856
32132
-29780
17089
-1205
7510
-34126
-37217
32760
31477
-35759
-4585
17557
27922
19434
-31187
-27043
-36986
16279
-776
23691
-26562
-1205
-19137
-31323
40741
3178
-116
27016
33105
10008
28050
-14392
24195
30075
17807
33913
-9030
-1698
-18658
-16420
-16770
-7185
39107
29330
5325
-34360
1847
-32162
-16567
14969
9157
1183
33834
9324
-17716
24525
-22035
12735
-40154
30834
40384
34258
36123
34374
-34179
5936
-1128
20737
7103
-28149
-12252
12315
32649
-30448
4889
-40401
-30409
9914
35274
-25376
9993
-3511
-4250
-33172
30893
-13151
8528
39396
-10166
6948
33502
3554
29544
-32726
-32978
-5192
-18084
8402
24772
-17869
-28403
15736
-11534
-13432
36356
17356
-29848
36470
-40655
-26477
-27384
20338
5807
-37870
-22621
-19743
11605
35981
11336
-34288
-8459
-13123
29567
14131
-1481
-27437
28651
-13530
26859
23569
-24690
-23064
-25158
21134
40758
-1614
-17612
-6699
17064
-31339
1382
-33419
-36078
-33853
-14257
9617
17077
36706
-24281
-31281
-16371
12733
-37697
-14188
1627
35751
8194
15524
-32101
845
8134
-30628
9500
28697
-3130
-7451
9261
-8334
7072
16954
845
21694
-40767
11554
17267
-33656
7447
-14483
-38374
-19041
-1910
-9554
-26149
4063
-24681
3466
16640
-26010
-4575
38274
-39872
-17829
-38547
-25253
7876
10306
40902
30255
29676
29672
25228
39195
4397
14012
-22888
17839
9630
28891
-27593
-12491
28087
24938
38115
38499
-17276
39754
-27430
38366
-25649
32466
3926
-37723
30282
34221
30666
-39497
-22592
-34547
-20335
22021
-18865
8059
32139
34055
25636
4713
23706
14660
-1110
34026
-3252
-6109
-37135
37177
-27710
-25241
-29353
11260
37737
-13612
-36357
-19587
-39917
18248
35798
9204
27013
2923
-26452
9154
6937
-28670
29989
-6591
-28186
35392
5402
9511
26058
-33138
-31987
37654
16348
-39751
-25264
21788
21950
14394
-1660
6835
-1374
-26021
5585
7114
27008
-11942
-5588
-35753
-16459
-19594
8356
2753
-40404
-8742
12416
-15723
-32229
9225
-13176
26789
26832
27829
-15800
-16003
-15387
28277
30656
-40598
6368
4619
23165
27076
-35304
-2759
21623
-20984
-13777
-26913
-28684
29434
2293
9204
-9704
35911
-27467
30203
-39042
29389
-13426
8121
-38980
-23469
12321
-24466
-19544
-20308
28912
8075
39762
34157
-28482
32528
6133
18003
-24411
-40400
-19893
41644
7993
28590
29848
10426
-2579
-21661
11299
20469
36963
22689
8428
-6600
-33296
-2191
-22945
-34497
-4311
14610
28536
29058
22424
-5223
-24453
17995
-19819
-31990
40449
-10956
-4845
1681
-18531
-7052
28339
12066
-32687
32057
-34491
27167
-1784
10688
-30173
-22836
22891
16441
-26742
12234
19003
15062
-8979
30769
-25077
-29483
-38529
-38428
-39513
-28085
9693
-39139
1695
-23972
-5235
-5730
-738
-7492
-5277
24729
-41125
-9802
5360
23544
18545
37703
-42178
-41122
26885
-8427
-23858
25055
7455
19014
9153
-13899
-22036
-12762
-26804
-25838
-4662
-9365
-38867
-20573
-34249
17972
1236
-38945
12571
14033
-8853
22896
8386
-3657
24740
9253
-1595
24803
-16880
2909
30115
20077
15298
30724
-22638
-19945
-19941
-21806
-9442
4697
17744
1650
-29318
-38077
9665
-24906
-14974
12851
20103
-11276
2261
-29352
-32374
-9184
20105
-24621
28380
25340
-34302
18295
-2833
-36173
15105
2395
32354
21530
8602
8544
27259
25676
31203
16849
34305
-17876
-11428
-34190
-38950
38619
-25459
30985
32043
-39329
-7123
-36654
-35462
-35226
-21869
-2912
-24828
2338
-11150
-13792
-18493
35778
-24561
32722
-23882
26043
-20563
-19081
37049
-41059
13045
39640
-16111
27678
34661
19242
4467
24419
8265
14924
28161
-4941
-1946
1179
39004
26375
-10972
-39075
-33501
-1844
-36121
32955
34928
-10792
-39574
23106
37429
-40007
10988
-31051
-24759
-8567
-12460
22890
3592
-16938
-33857
10651
-40091
5998
-6506
-32374
33937
-18242
36721
34320
14319
-28494
-25665
37741
8676
-9086
-18638
10260
-27539
-6585
5537
-8811
8424
19495
34891
31771
24063
7707
-20098
-18740
-3898
-28857
-37897
-24823
11034
-27832
33579
19197
-31816
-42454
34996
-9077
19191
-13391
-40793
-35503
7760
38773
3712
5041
-21239
38605
23103
-37395
35713
-10891
-38074
-24078
30600
2107
12804
4434
-25330
-2710
-34571
-22814
37989
924
-17032
30614
34792
-13556
-8489
27328
20994
-33560
12114
-3631
40786
835
-22788
34119
34067
10382
-38318
-10305
-37881
1936
-6902
-31481
-29760
-39229
-32875
-9107
-21700
2185
151
2914
-12675
-40459
28649
-35668
-33283
-34540
-1341
-20658
-28823
-25889
6753
31699
18492
-21665
15071
38650
-8585
1860
-11672
16404
14839
-7442
11781
-29360
-6514
-12421
7848
10560
-34392
-2959
6761
9193
8283
-17782
-38907
30046
19903
39333
7289
-31640
40977
10658
-17067
26866
-32429
19120
10123
-33994
29691
-32175
641
611
21070
36638
38322
-25451
28000
-17922
-34059
-2215
5383
-12051
7583
22866
31241
-22392
-31466
-28813
2952
-40256
-7927
-8545
6899
3828
20663
-12538
17060
-10755
-33213
-2287
-13815
11938
12611
-29012
41744
-14336
21089
-8302
19016
36260
3820
23116
-22861
-9431
-22293
-22133
16287
24035
42261
-18381
-1628
18451
-16985
-7608
11361
8577
835
-5120
9531
22516
6594
5470
38654
-35216
-29735
32624
18587
-31104
-18036
32589
26576
38344
35555
-38301
-22033
-24717
-16035
30181
119
-5608
-31134
23792
-17701
30244
5995
-12909
34071
-8559
33917
-4372
33324
8501
14834
17299
26586
37129
-36297
-27306
-10955
17204
350
8431
9043
39908
-37079
2400
-21490
-18383
1432
-12227
24880
-38841
-5240
-29378
-37651
-15656
-28994
-34395
381
-4496
-3954
2828
28960
9154
-3106
15931
28510
7395
32852
3616
-41644
31192
-38673
29022
-576
911
-39410
24611
37798
18718
-23025
-27620
-40674
-19542
11990
23070
32605
-1646
-19377
-24637
-32653
-10686
37826
-18991
-5777
29209
11952
-4856
31979
34888
39769
922
-1087
19870
29912
-23146
-37414
-27802
21675
-22638
31279
16860
-38697
39826
3217
40177
9871
-38365
-4412
-15694
19586
-20087
-41219
20734
-28023
7371
18683
-43253
-1531
-5856
30890
33377
-28952
30441
16449
1843
-37377
27789
19186
30909
38990
-14955
-750
-11483
10116
-18745
-34718
-14916
-5569
-18728
7379
33289
7666
21829
24269
-8931
22517
-34363
33058
-14106
13341
28433
10921
41737
11776
8238
16317
-17611
26142
9350
20889
35919
26047
15798
-21437
9252
-33856
7711
14308
-41896
-26033
18485
19928
4398
35987
24231
-9010
-36456
18940
1770
36060
35305
33547
10433
-28017
-20732
14858
11701
-6769
-15743
-37965
15590
-31047
13774
1519
-34006
-28390
24889
32397
-11210
-35797
-28556
-10408
-20165
-32496
-27860
15223
-28629
8164
27869
-37480
-26025
39377
17020
950
-24626
14745
-40042
33657
-31948
-34333
-17301
-21081
40386
-554
38039
7356
7188
4657
29786
-25349
22344
-11425
18536
8781
13800
-18608
10304
29544
30352
7500
1536
-39689
-1873
5640
10072
4209
19567
-11178
-35269
3588
6681
-13070
-39456
38263
-39181
-33364
41782
34877
28100
1152
7681
14653
29434
-38397
-12793
-24552
18727
27564
12731
9206
-27964
-36900
17462
-29902
-25865
-16435
3663
40569
14318
-4043
-19205
-9404
-10817
-27040
17822
22282
10035
17691
6993
-6140
27210
-28259
-6376
36556
23016
-7176
27674
-11512
-5864
-786
-38673
35601
8372
8552
-5005
-21702
14242
3535
30449
4647
2154
35953
-11118
-24098
-24457
-34394
7998
-32418
36052
34661
16483
24888
-30111
30382
39415
4707
-5019
29451
33348
15588
-32789
34647
-14620
26909
-37755
-4558
-10033
-8614
34077
27613
23219
26537
-18587
29070
25093
33573
21101
-936
-11992
-14659
-19657
31261
-20091
-39787
-4736
9683
34531
12455
13235
-9564
-19188
-27712
33197
-29937
10572
24561
13264
22947
26621
-21495
24486
9148
10287
7522
12886
-32500
10591
-23370
-30966
-25785
-20795
22180
8904
-28790
34205
-570
-37765
1022
28665
6399
34074
-33357
-17410
30435
24095
30863
-26403
8592
3304
19895
-11843
17319
-28929
19533
-23131
-8483
-24440
-37102
833
-26169
8613
-10873
-31498
-42174
-36672
-34053
24319
-39706
32353
19929
-1943
-32722
18978
-31978
-4091
-19199
-7178
-34155
28153
32971
-6789
9504
-35126
38366
-5505
-39562
-20769
-16946
-25928
-21507
36454
-30015
-11746
-28593
25968
35239
-11626
7097
-12534
23739
-10898
-28927
25247
-12487
39317
40635
26172
-12796
22852
5850
25375
25529
25724
29893
14092
-34121
-33214
-15922
-6453
-29191
-24430
-7297
-9739
-43929
-41503
-8230
-4825
-13962
-25477
26025
36008
-264
-40707
6469
12238
-19450
16948
-39792
18578
-23644
-14417
29098
10294
-6816
-19933
-19789
-9012
-17005
19228
-39690
3836
-18676
-4290
2568
-9624
-26527
-1615
1780
-1266
-33465
-11645
31832
-20670
-39526
-36318
-16370
15731
29297
19041
-562
38770
-12681
7270
24920
-21586
-39700
26947
-31150
-20055
-17106
22167
-23272
-22873
-30409
16465
-9454
2769
9511
-2523
9260
-36741
22714
3311
38884
25046
-11649
-36307
24318
-10046
38455
3316
31592
33362
5069
7909
32079
-1467
-31115
20727
-35642
-27433
-26713
-26327
35405
19082
37899
30438
29325
-24761
23157
-1779
-40171
-16202
-22381
-8754
-28399
-22320
22341
-29656
5093
-17848
39472
-37632
-3494
39348
7397
-37851
19222
35293
-7369
-2316
-8888
-38642
14692
-38246
17177
28480
-13959
23225
-9568
-22830
-9783
-27302
-15715
20474
16249
-37514
-29500
23844
-22516
-31827
42515
28258
-10482
11001
17220
28296
-40167
-13654
23676
-27008
-13997
10815
29811
-8504
-22585
27187
-16091
-39100
-658
34922
-14822
17643
-9800
11611
-13087
-6285
-1917
33331
-497
-33113
23969
2569
31187
8953
-26094
-38094
11611
35742
22868
-22221
-43271
-15106
6206
-15086
-8194
-43550
34889
5146
-25456
-316
8122
-28077
-9510
41619
-27461
27778
22532
12016
-15876
30752
13133
1773
-25801
-10409
2494
15520
-20958
-15323
-21908
-35198
-31067
2876
26823
2233
21721
-16818
-28874
35493
-23032
34116
19416
-12637
-19522
-40634
4338
-11457
18205
-3873
-29673
25195
13058
-5954
-25689
16951
17263
-19299
39897
33592
-5894
-27045
-1182
-19909
-37241
-36623
31393
18994
13195
-5434
-34028
-39405
-39979
-33016
37590
-31936
25525
-23224
-11800
10501
28153
9440
-8924
19497
-36422
7735
-10312
-34135
-33886
-7164
-32732
7679
-16703
1677
24075
-8663
41988
-50
30858
-9543
4260
-14526
-34529
8070
-29734
-3681
19250
19441
23957
35835
-28455
-32996
26997
-23154
-20526
-37866
-16470
-27029
-11480
-5472
-11272
6272
-15239
13699
40054
-35455
11744
-5749
-25081
9221
-13712
17739
19763
31691
10725
-9118
-10325
9425
33623
35956
39362
119
10873
-5950
-28172
-29219
-14229
24598
-8113
23191
25503
-32047
-843
-2485
-30994
-17196
27346
38302
-4422
4977
-22306
-36341
14606
1227
31396
-12513
-37074
-3656
-8999
-3844
-14896
10137
17339
18135
18568
-34681
1299
33076
-29506
-12886
-22537
27026
41521
-7755
32653
-5537
-36605
-32722
26844
435
34430
-8611
18668
-10045
34578
10613
36615
-1494
40221
29476
28914
39811
-16484
-26389
288
36491
-11117
2169
-9530
-10502
31100
-6164
-10715
37043
7291
12496
-27898
-20043
-7942
32737
-12410
40996
1472
-18759
-6968
-21119
29862
-34472
-13254
23092
-115
4182
-7272
24928
34884
-8701
-24136
1873
-1642
-17560
-13596
35784
16158
6680
-1512
-12077
-32561
35074
-33251
-30474
5878
-30596
-40370
26931
40840
20200
-18738
15017
32078
-36350
-6007
14986
28468
-8621
1769
-27556
36918
-11478
33752
-39694
-22918
38083
-25801
10857
-24124
41968
-8280
9345
17831
-15109
-31191
-35815
-10436
38159
41085
35150
37264
-35559
-14811
-15966
18392
-7335
19631
-29648
43185
-11234
6731
27624
19610
20874
18012
27603
-27412
-15291
-18884
39782
3490
-20939
-20914
14836
14392
8428
-31738
9696
-28445
33254
15781
19308
929
-8027
-13689
27706
-3406
12524
-29845
-23619
-7682
11738
-17815
-28540
38284
-10103
-6981
-993
34462
-417
38413
-30972
16689
-6004
-27747
29960
38676
-12851
1928
-38263
-36541
-4947
33298
-34737
28560
-11469
29936
-8756
-13376
48160
38745
-3696
23775
29230
17259
-142
32162
20679
23336
-19940
-1397
-17562
-18265
-39546
-2164
-29922
-32670
11187
37460
28485
39817
-21015
18295
-35708
1848
-25799
38038
29804
21975
18680
39582
16160
-30889
-22238
-13980
-35740
-29804
-38277
8934
30782
-15386
11607
40176
-29578
-28559
38427
-20187
18965
24494
-11940
18399
-33512
18085
-29554
35195
-31213
7428
-34304
9197
31792
1671
3335
26650
-7651
38028
34223
14340
2748
26114
10448
10711
-15265
13741
-33594
-19431
9337
11079
-1594
25146
8062
-23451
-1404
4815
9671
27224
26978
-5077
-6489
30108
31299
7416
-40579
34960
-16573
7628
24922
35253
-28959
-9212
18727
-24770
9126
-17062
-2856
-1175
9997
-15614
-3983
-17137
7314
6278
12461
-26384
8640
4177
29490
33058
-10212
11875
-6668
-12496
30591
6331
31649
4956
3774
14633
-15956
-28813
18721
39167
-5898
16793
-39014
6113
24395
6028
-30352
40517
-19156
-33410
40680
-34642
-34612
-41055
327
-19491
25669
2584
-20376
1935
-33909
-23836
18698
-36750
12759
37059
3168
-3208
39083
-4150
-7893
781
-22707
13131
-34955
13608
12712
-22135
38687
17948
-32755
38609
21879
24104
-28685
31391
-28904
-1272
24076
15019
20874
-33571
-4407
13279
32416
-19205
-34536
-25917
13041
-19805
-6780
-27769
10185
-6229
9081
2868
26827
-24398
39029
14665
25503
7977
-9296
12937
-28488
-4086
39840
18003
-36759
18927
305
-11906
19422
35772
-9395
17902
42211
14625
-16557
-31904
41321
29859
-18199
4410
-2466
30404
-19138
-3459
-8474
-13110
19066
43305
-33365
-26366
30181
-24305
5102
35113
-27326
22789
37767
12444
3535
-23297
-6114
1081
8575
39075
-31047
-10588
-35693
30318
37270
-17440
1136
36889
-16984
4323
-39375
-29324
6372
9893
-14119
-16726
29788
16018
15932
-38229
7736
-8932
-5787
-25758
-40337
-40326
-3243
756
-35472
-33072
41870
-30986
-6783
-20399
30177
1984
24500
42755
26531
-9274
-5277
-3433
-29022
-18137
25600
-1770
-26074
-35507
-35845
7675
30157
-1094
11673
32304
-6441
1741
-40353
-27060
-37012
20691
-40763
-5078
711
38159
29372
-29166
-33009
-3283
21720
30917
-41571
-22258
16118
-15148
-33447
27409
-12331
-15233
9874
-31405
20978
-39786
-38047
36238
-16888
-28649
16720
37875
24355
-26030
24489
26465
33786
-7414
-15780
-32576
-28281
856
-13925
43672
42106
-31382
-12553
7292
3416
36032
-5298
-36563
32432
-23243
-18726
5189
-15045
32888
-16777
-34806
-21080
-33567
-10637
35655
-31634
-19804
-18137
18157
15268
4078
-25492
8954
40671
-16646
22634
20678
24769
-34293
-35998
12646
28747
28777
27036
-9319
2092
-34286
-3015
-23288
-1835
11665
34181
20835
27129
-13380
-35086
31633
5861
-20277
5287
-11657
-28980
19671
34327
-32617
26086
-31391
-29160
26655
29530
-26875
8720
-19923
-120
39985
17434
12606
-19448
32894
34712
19416
24515
-13682
8234
-39188
6149
38992
-19079
9902
-34325
-5728
-39151
-5049
-24984
16188
22594
-34426
-20890
-4796
-41102
3037
-8399
-14262
35200
-24425
31363
705
34914
4020
2092
-9619
12062
-35246
13443
-23154
-16157
-3222
41350
10585
33085
-31299
16409
20118
-33155
15901
20916
-7099
8544
3585
-27549
8759
38997
15984
40057
14019
32145
15399
39705
17143
12890
32882
-39979
-13272
15538
-21416
-35904
1754
36610
-35384
11731
-15625
-7461
7591
-15474
30340
-32887
-40720
4987
37218
-4504
-423
-32760
16589
-2835
5554
-21473
-33130
26953
-5642
-4330
17046
5063
-26328
27197
-14389
11121
35028
25010
14743
32458
30902
39071
-17253
23970
25352
-24363
12800
37030
-21704
-28830
-4491
5260
15120
35699
-41148
-17010
30569
34934
-1231
24245
8784
-8376
-3017
-34845
19004
-14368
8752
-5200
38215
-8786
-22817
23603
18024
-5689
-768
12923
-13197
-23271
-26496
-11203
-41109
-38667
35901
19766
4531
-35056
-39987
38287
5660
-24427
-12862
13144
26363
21218
-32446
-32609
4188
21071
-28703
-24452
25800
-35863
7104
-30131
10023
29178
2768
-39589
38241
-27499
-36233
8462
-20983
36144
-21367
-14067
-10785
-8447
-16801
24756
-2653
33590
-37048
-32430
-33939
31971
-26628
-24252
-1476
18784
-24467
-4734
-11452
1349
-2928
-26897
-726
-3726
38507
-21935
-15307
-13493
-19926
34852
18977
-20391
-34794
18379
9049
30369
30797
-18631
-16323
21849
-6088
37260
17423
9091
-38083
-4739
16229
-4113
29789
25287
-10971
21803
-2805
26220
-29143
-2995
5129
-36516
-28986
1567
-8712
-39430
37979
-41172
-26329
-13015
-12735
37211
30995
-34643
37257
-18705
26937
34917
26023
38966
36365
-2842
-5613
4526
31004
3158
-18400
-25424
15812
5985
-27279
26751
36219
-23997
613
-32110
32760
12477
-22909
6301
-17229
-29867
11296
-19340
24341
12538
13727
-8164
13738
-36489
34231
38813
-8683
20980
-2984
-14393
-14052
34505
-19817
20145
14957
38363
-11955
28805
-23315
24440
34907
37095
-10007
38344
39500
36056
35210
-16959
-24269
-27918
32331
-23764
40338
-22916
459
38875
1763
12397
30227
-25364
-14394
11434
-4361
-36311
10220
-24611
23768
-21512
-30145
10042
38408
-28823
14840
-32456
-6838
-4091
-30798
12574
23771
-33215
30310
-25389
-18356
7058
775
13128
-3864
-5862
-27756
-123
-28563
-9402
-6684
8865
-42052
2340
-11098
-18409
-1882
-20245
-24291
-21019
34695
38043
-1602
20836
6929
-4026
-33116
36841
-5074
38809
380
-38072
-17742
36076
12009
4952
-6679
33107
-29437
-12181
21057
37061
-35448
-14938
-3922
-34164
-29487
23170
-36453
-16637
35810
-2896
-14666
18096
-21718
17538
33269
38872
37368
36412
-9987
-2729
-30954
-6991
-12389
-27588
29785
-37118
-11990
-9755
-25316
25069
-23868
2003
2280
-22642
-18377
33246
-35844
12816
-42710
23650
26616
13789
14922
21159
-12064
-17147
-32634
13303
31340
-4546
-41447
-9770
-22638
20083
15598
3470
-2266
-17433
-26968
26173
14196
20939
5378
4987
-37219
40795
-3628
16474
-32580
-8032
-26157
34453
-7586
-40902
14786
798
-4092
-20444
-37219
3046
1009
471
-17109
-9072
-31385
-28274
14455
-2507
32848
-23624
17234
-31868
-42604
-42612
-15533
6206
16422
39825
37605
20614
30999
16835
-9997
24542
11815
11136
23939
-10953
-24235
-37023
-10092
39843
9136
30794
-229
-11970
16940
15445
40209
-37690
-29122
-14677
-36817
-5669
4819
36625
3721
-27126
-32272
-8671
39701
-36610
-23707
-19804
38619
7625
-18481
28365
-40426
16646
37561
22047
3927
28327
-1592
-1398
26695
28459
29942
39183
8341
22912
15498
15019
-38959
37826
-22354
3032
4791
-2734
-27484
-14962
-17244
-76
-40455
32027
35468
11752
-441
-7323
-12525
-1681
-17547
15933
-21016
2465
39501
-13659
-37858
-22567
24342
2401
-28432
4320
-2824
4104
713
10946
-33746
-7266
-9392
-11584
-7870
-21797
34470
-2381
-40904
-23667
-19884
19036
22476
-29884
21343
26761
-1348
25790
31028
-718
8404
39752
-23433
-35951
-37292
6414
5235
-33909
32028
-14702
10663
-30689
9044
-23452
23867
-1809
22222
11139
37977
34824
4655
-34319
-15727
-12253
17643
20027
-41752
-39354
-16088
41040
9599
15297
8451
16897
36770
39680
30676
-15141
18738
24889
-41104
39727
18677
-21401
12336
-9916
-38247
3678
19751
-3678
-22603
21330
28394
38239
-24472
-17898
29232
-20620
36777
-36107
-13334
-20160
1002
26118
-1248
-14874
-6542
-13059
29005
27935
22916
17121
29462
-22161
7829
-24380
-24453
-7941
-7290
4401
31188
34970
-3569
29427
32101
7635
-7420
35680
-9996
11452
8657
39133
2448
-1274
2505
-19698
-34634
-29868
-35788
2758
-10661
11629
9412
6331
-6778
-22999
4717
24424
-5527
-24624
-10142
35877
32325
-2404
-32043
29984
20871
28500
4163
29590
-18245
17721
-33020
-8587
-14217
10063
36045
-8492
-21946
-19655
4335
-37215
-1806
-13579
19089
21487
19899
-8497
-9220
-34297
-14922
8590
20464
39946
-22628
12030
22418
-40416
-21048
-25795
33489
-40140
39915
-28368
780
-23175
-19843
-430
11923
-20696
28782
-8293
-23171
-40759
-23226
28551
-22368
13933
9547
-9362
7451
24724
30170
-27721
4040
-16925
35521
24945
7851
29778
36487
-11997
25299
28080
-33500
-24962
21915
-36276
-375
15428
20092
9269
37037
-28362
-31413
-11668
-16029
-403
6309
-36438
8015
-25708
-1725
-5148
-37269
-20992
-30755
8653
936
5179
8151
-115
20593
-10602
28300
23367
-22363
41286
-30516
-35084
-36508
3343
-13814
-32828
29218
-17182
-6137
14827
14568
-3508
13631
23115
-34257
-15232
-20512
-20660
-37451
30015
24520
3353
-12172
29480
-32575
13896
-35978
-31957
39288
-4334
-36418
-9052
16986
19383
-35593
-21892
6794
7011
-505
-18644
-35938
27855
3264
-23650
2750
26040
9067
-35168
27476
-16116
39028
31492
35596
-39766
27635
28806
1486
-5136
7177
31593
21176
38047
39029
17357
-14212
-13652
-35512
-38879
-20743
-17269
10309
9755
-8335
-3576
-9035
8795
7967
377
-23516
-15764
-38816
-5744
33205
-20819
-24567
38115
-27423
35551
-37407
34155
-18630
612
36694
32275
7252
-7628
-26789
6804
4141
-17776
-19662
-9374
-30823
-13421
679
28148
18378
-6836
37401
38051
-5926
34852
-4844
-18852
-23356
-7429
18581
15894
-7986
17330
-38551
7717
-38583
9800
28900
-32006
-36029
33903
-34502
-19618
37028
-20557
-2117
-15026
22748
27958
11604
28163
37871
14354
-30937
24658
-30194
18043
-7413
-11579
-23063
5035
-11753
-19431
3498
-17646
-39751
-28667
4929
27463
-17305
2047
32574
-20755
-7138
9067
-16376
17972
