13938
36411
-31702
-40875
-5948
-31336
-29547
-20831
-2730
1130
30528
25003
-15513
27675
28860
20518
32438
32051
-8831
-39595
13644
14995
27626
-2817
21205
-37293
-20133
26631
30397
-3197
-4379
23940
-3377
37669
-38839
-32155
-4720
-23309
-40668
-24977
-5689
9682
27660
7958
-37248
-33677
6747
-14477
-41605
36556
-1833
30280
-29279
-8154
18050
-40986
32852
-10333
11755
-32954
30237
23732
-22198
7489
-42722
-39022
-18647
-9347
-20541
-8411
-41069
-3360
-27851
-16722
48
15404
12822
-40633
-3881
-3497
28162
-3135
6298
-25268
-29114
-20748
25238
20053
2665
20329
4881
-39589
-18220
-11666
-12758
5471
-13379
-39723
-8111
-23841
33615
24029
-20970
-28251
9637
36210
19576
-10793
23362
11548
-29706
34740
-17248
34614
26643
-17650
-15014
-20942
-22543
-38922
7113
-21304
-42614
5927
39018
-20119
9824
3496
19587
5484
-38941
-3492
20938
-31303
-23667
21271
22768
33952
25281
-22478
-25387
8047
-22685
35657
31635
19248
-7000
-32899
-1019
-38654
10291
-15333
-28475
11397
33212
-36403
-6467
-32108
32502
-31647
-18120
10194
-1433
-12040
-15515
12564
-13740
975
38325
20343
-22840
-14677
-19857
-31826
29849
16926
36548
-33586
-5009
-35098
27747
-29969
-41063
2749
26029
42
-33461
-19002
-25471
16534
18762
-28762
14459
5055
-11899
5890
-42934
-26677
-39937
7358
-16697
-25683
-34034
-4784
26491
-25135
-16393
-26136
-42069
18490
15523
-17519
26917
26804
-23729
2096
22735
40351
-9805
-39223
10117
19382
-38346
25757
-24978
-33109
37812
27094
38404
-36000
8109
1283
-9329
-27161
-26922
-10019
-35135
-9981
12542
-2969
7638
20164
29138
-18967
29511
7984
-7047
26873
17202
-20555
-40804
-21899
-10476
12865
22423
33022
19391
35878
-30980
18006
-10418
-6464
25601
20881
15911
16845
-21409
12222
10577
21830
34313
-26441
14927
-18013
-21541
-14167
34244
-9546
11644
2798
16706
40191
-19164
-2341
-13628
-1355
-6106
7101
37226
-29558
-5820
-8020
33844
-40995
3656
-30330
17920
-1082
26136
22776
-2555
-19468
-39959
-6750
-39439
18245
-4558
-8626
32622
24089
-38237
17647
4889
18936
24266
-1144
1949
-39501
38185
-4487
-10243
32161
39074
20820
-6843
-24724
39236
-28813
32337
5539
-16518
12130
13642
24908
-15096
19691
-33842
-27884
18495
2638
21384
-10413
-39577
-8810
35534
33494
-4718
6472
-3132
6634
33996
28125
18097
37014
-2671
-1401
15196
-3150
17676
-31905
-25173
-14731
7454
27747
-36345
-973
-18675
-43161
-36803
24287
-25801
34603
-25524
28438
-28088
20285
-28355
18376
-14166
17024
26487
21351
-33217
14235
25924
18429
-9723
31180
-8486
24607
36495
9189
-27517
20693
-15042
14944
19550
8570
10185
-19188
4526
99
34638
-7776
810
15466
32718
36910
-609
-41442
-31003
-37592
4622
33218
-36125
-12654
-22267
-5093
-40209
12975
8967
-14920
21165
28855
23522
10367
32365
20457
19207
37498
7226
-1239
10864
3248
-1016
3707
-12933
33023
15142
36612
29048
10236
-8484
15787
6554
38971
14458
33681
12144
-1323
-3929
16631
38953
-1035
7465
-40621
-33560
-25615
-36115
-12639
-28772
10414
-1442
-5490
10199
-34190
-14476
-41087
40377
14515
12522
7000
-24493
-37820
-1186
10554
8330
36745
3021
-42498
15929
21847
33593
-17659
-7081
29203
-25602
25323
-24767
-25363
37761
-14646
-3653
2227
-18609
13937
-18017
12468
-1766
1943
8888
34328
27125
-12423
16485
34867
-22455
-31206
34803
-40104
-19835
-17415
26663
30542
20057
-31487
-41196
-30615
-24500
-39642
-26762
18791
15919
29899
-16265
-16019
-12041
-30991
29844
-40851
34165
35084
38601
24317
16788
-4916
-25802
29414
-10848
-30612
11757
13628
-1734
-37766
-8315
11947
-39743
-29613
4930
-29614
-4058
9129
-3152
18412
-15672
16513
20532
37767
31056
-20149
3812
-35259
-19930
37673
20941
-7997
-17283
-34913
18332
-25692
-34288
-18971
34022
-33012
18099
248
-23852
19553
17548
5562
-4022
17464
281
4982
-32200
29064
31379
-28243
17640
-28861
40148
-20309
-41170
-7256
38007
-28746
28539
14122
39628
9491
-35753
19675
31533
-7240
-19055
-23277
8211
22696
-8924
-6941
-38226
20081
35291
15645
-7477
-12451
14291
31141
21769
-1042
-30523
-12629
-21986
14557
13500
-19188
18707
-16714
21365
17462
-23871
1734
5770
17869
34191
-1984
36512
-8981
6462
21626
36652
-6434
28849
-31079
13093
-25803
-7588
18411
-21201
-21492
4772
34922
-11702
-19032
40072
28816
-18962
8743
-14893
-29354
-28339
10865
-26783
37897
-4908
21034
-3118
8915
27953
-32854
35776
8056
27726
6239
11452
15661
22795
32530
-28716
-6545
-28621
6848
-1359
15262
-27579
34209
-11436
-27037
14765
-22506
-19019
18719
15810
11717
38240
5722
3280
-28967
741
35851
10668
-9624
-29529
5546
-10957
-1198
29105
-37980
-11717
-5967
-34618
-14903
-12672
-25822
-39604
-29759
-15663
-33537
-29338
-41054
30296
-7750
31116
38548
-29177
36071
-33319
34804
-13789
-18657
27890
29800
-36012
-24470
-27669
-17190
27372
-31593
-22215
33126
21910
506
20835
-3199
38779
-3444
-7509
31157
8043
22302
-27054
30590
-8881
-14107
-21654
-25347
-34978
40301
23356
-29201
20933
-357
-26453
-6017
-23686
22723
-11926
30745
17034
19503
-24550
8587
24219
-21392
-16535
-25522
-38014
24865
-5334
-36992
-11596
35830
4455
38294
2837
-20780
-886
-24567
-40941
-4249
-172
4061
-24700
-12128
-18401
-29336
20444
-4323
36126
28236
-24854
-33707
19407
28735
-12797
6343
-22224
20868
-29089
-7981
-14273
26865
-10949
31642
-39088
5375
-13599
33698
27903
-732
33314
-26637
-24617
-31527
-39083
32756
-8239
-37519
-28402
-35843
-29867
37539
11972
-21988
-17335
4579
-899
12119
-25888
272
11001
-19699
8664
-28306
-41852
25073
36001
20272
-15740
26787
-3810
1347
-20517
-30239
-41911
-41322
-11068
18411
-32404
-27557
-7986
-3822
-26806
-27479
27907
-23507
-6283
30601
25460
14383
23590
14522
-10024
30101
3824
30916
-21095
-33906
-32700
26980
31532
-23996
22489
6916
32194
-22060
-16192
-42182
34419
1364
-14732
-41500
-38747
18620
9930
-37984
21680
-41979
-1774
-26013
24714
37165
-35449
-4656
37920
9406
22549
21162
9233
16436
32927
-8482
3217
29079
-9166
38303
19691
-29086
17855
-25377
-26821
-2229
31608
-11183
-37793
-31286
17900
28351
40956
26194
-33861
-36187
12829
-33439
33754
40608
-1769
-28319
-20354
-35900
-33314
-39318
7178
-24741
-31366
-35134
-26555
-15684
27737
6321
-10039
-3247
-14622
35110
-18848
-39391
-36922
9996
-1191
5706
28336
5168
-13136
-3236
-7836
-26217
-17975
-42149
4385
8824
20806
10885
38740
-9707
25082
10593
-33706
6042
-12628
-25394
-38842
27326
23520
-21314
39520
-35866
29109
-33977
-6287
36445
-32241
-36785
-13886
-28051
19189
-11862
39542
-7863
10310
32913
26710
-6791
-15750
26124
34134
-37150
16554
612
-29905
-29389
-32995
17239
7596
19831
6949
-9619
-14518
-32193
7426
4255
-41209
-22375
9897
-4281
26535
-22959
30793
25847
34322
31102
-30928
-34426
30463
-38860
28744
15871
14620
11881
19307
7466
21104
16350
-30181
-20582
-14602
11278
-32612
-6909
12269
14089
37312
-36758
-3307
-34313
-8409
-34895
-29317
-35977
-21433
-2829
28717
-38631
-20214
-14124
4491
28876
37851
-26982
-30783
-22600
38666
-20381
39259
26630
16022
-5565
26557
-20313
38214
7405
9188
-10826
33959
-6865
30119
24258
-36017
22942
-33449
-17677
-20044
26357
9075
-3670
21704
12304
-41444
324
8715
24227
16046
30721
-11221
16137
-24970
-13
32996
36253
-15427
24252
-9754
29516
-37956
19926
-30272
-31171
-20408
-18126
-34508
21344
27035
-35028
32445
-20971
-5634
-33882
-28083
35280
33725
39100
-8735
-4656
-27008
-5640
-32550
31349
-5762
-19757
-10237
-25214
-6766
-24184
6617
30937
-10184
28394
-20710
22601
31264
33370
4455
34011
-9237
20797
-27916
12889
16644
3907
25785
4356
-12565
37284
-38230
37240
-18643
-7337
7607
35237
-24088
22061
29780
25321
33894
-483
-2109
-34024
-11377
36807
-24008
-6465
-7851
38424
-13117
18825
-3976
34438
-21783
-37193
-28898
-19488
-37229
3796
30169
10505
40241
22188
-25173
18347
-2304
-35240
-22744
23102
-4748
-30724
-12188
-6963
39085
31850
-34120
-32520
15032
-11010
-443
24184
26829
13881
-34077
8600
39044
3344
33400
-35556
-761
-28931
-10903
-24122
-454
10613
-4262
30541
-35820
32412
-8274
-31130
5477
32660
151
-11943
27762
23457
-24266
34628
14632
-12035
-32144
-21566
40857
19512
29878
-33251
-32076
2999
2266
-3824
-13113
-39998
36768
8274
31399
10068
-23291
30827
-27812
23607
-27281
10998
-1422
9560
26138
32548
-22712
10184
-7909
27766
-34131
23275
-26406
8839
37475
-16981
-37109
-20015
-34440
-10227
-2348
7484
-8749
-17699
11639
34500
-3602
-5982
28010
59
1787
14486
30009
-28085
-1047
-35797
-10210
17566
39332
17121
13441
-32226
-31167
33495
-924
24458
-15576
29668
3170
20020
-7609
16654
22947
17218
-25364
-34738
31340
31453
24170
39443
26777
-11335
-25062
-9859
13814
-21171
4723
-30499
-18383
721
3609
2185
33019
-13858
-18878
-3494
20348
14701
41564
-31534
30495
17450
-24097
24495
-6535
-3553
-8850
26450
1856
28762
15011
33499
10060
-12797
-12250
8678
40272
-8300
-40877
25335
31159
-4740
-14203
-318
-31223
-2140
37486
39442
10314
29969
-2233
39285
2149
41361
11906
18110
-4016
-10105
-26802
-24437
38246
-5703
-1929
-16058
-10034
-31189
28704
15922
26854
-1124
10647
1985
-32379
-27410
16974
41427
-29867
25991
12268
6920
-13049
35768
10626
-21660
-14665
8123
11170
26897
34058
18797
2330
4280
-15959
12577
38506
16862
-24390
-22589
22719
-34432
-12288
-4785
-14870
13657
-17406
-2391
8269
-30531
43691
7637
-17775
-20174
15464
27883
-17427
14962
-2611
-5646
11384
21783
4523
5098
6768
-37853
24335
27139
-5226
-17604
-16707
33111
-37318
1614
31717
12375
-30945
21256
-34152
-17007
34094
18291
15147
18491
22940
3180
5157
8133
-1228
37504
18142
-11540
-19422
-18872
36228
13686
-16725
-40073
-12767
11003
39218
-31492
15814
-14126
15122
-9189
38526
27633
24582
-36156
22992
-8979
36393
41316
46969
19986
33391
-26637
4814
-22716
-13696
13149
24763
5117
12373
-4481
38996
-27769
-7474
-23386
-35853
-37217
-18728
-34
-19137
6015
-4453
-36169
24776
-39068
3271
-3721
24783
-8565
3374
29341
27512
21805
32776
26885
-27591
4206
5183
-29912
21896
-9387
37769
6832
26816
-37665
1314
19515
37527
27159
-28221
29625
-34924
42733
-23855
-31201
38225
-15091
-9541
40825
-15496
27669
19784
42286
3553
26920
-32497
28122
-21284
-5155
-35347
-19795
-35959
15016
3563
25468
-19990
6503
17754
-35191
-15886
37417
-36606
-34926
-3818
-21805
29135
10349
-33749
9183
-10541
14197
7160
-22867
-3152
30927
-4558
25477
21863
-32377
-31096
-7344
-24462
34067
29340
28322
26198
-24013
15840
-31998
-22769
18183
-16209
-20550
-19127
6448
13387
26984
20747
20751
1060
-18685
45305
28479
46525
18825
30229
-15950
33634
-1473
6404
-38738
28304
-16138
-33594
40030
30727
-2907
-26491
17293
-20182
791
-34608
-41116
-14934
3791
-3620
28283
22878
-36932
19090
-12613
14296
-17439
15575
-32049
-19657
16051
-21068
-5963
8753
-3012
39690
22729
23816
-31907
-29640
14380
-23994
-25050
14402
-16674
17882
21909
30531
-32645
-20078
37450
32349
29763
34893
43362
24357
-17633
48644
23147
38233
-1181
-1462
-2385
22053
-26398
19772
-16949
-26038
-34721
-24124
29289
17830
19033
-12564
-29573
2886
8014
-32339
21550
3726
16146
15510
3121
-19262
20128
-39847
30316
-14959
-25554
10288
-540
7
39118
-21345
29934
-33382
-15221
20809
25344
16033
4380
-24080
-30638
41737
-5525
31376
-20902
21943
11922
-29609
28579
46951
-7640
-2891
-25374
23383
49588
-20387
40544
40714
-13857
-15716
-16250
-38428
26541
4287
17952
-13999
25069
4778
-30566
26046
13342
-4008
-1089
-38961
-38233
-10883
-17419
12444
-4895
-31209
-14685
-20791
-15087
34509
-4844
28947
-24742
-32245
-17420
33093
-38005
-25909
-24804
-35372
-16311
-39074
7017
-13707
7332
-14025
-12902
41495
40632
-6388
44915
32430
23202
22764
6432
-27900
12071
28507
-11937
26730
-30138
42637
-26060
-31380
-2831
-36119
-30429
-23268
-3724
-37389
-40285
-3377
20768
-31236
40138
-22979
3757
31843
36406
-17948
-29992
22898
40629
-27849
-38050
-37977
-1375
-34682
-29883
-36603
-21617
9996
-14620
-13011
14112
-15955
-13711
36801
36753
36601
13837
37768
-37306
-35276
8656
30988
-1639
5272
-8106
15376
17439
26500
16192
16754
41795
2776
23424
44553
13790
-7411
15195
41942
-10440
-19272
20032
29427
-105
-39056
18641
37169
-27344
23701
-30951
33193
-33622
26469
-28005
-17917
1619
-35749
18246
-26715
-9807
-23936
6731
35960
14677
-9852
-2798
13250
35784
38414
-20727
25632
-32013
-487
40531
25224
-7291
36719
-25664
-25719
40290
32016
-5050
-7423
7528
29484
-17489
11004
-27371
31070
-17363
-12811
3173
-32981
-18154
-28216
-14930
-33903
-2437
28750
32739
534
9395
24980
17522
-40676
-28229
1
23189
-11474
-14094
-39608
28439
-27637
4238
18550
2437
5216
-3060
-27567
40786
-3779
34356
31971
31537
-13912
-21007
33561
23904
25584
-3642
-33764
-30914
34327
34135
15052
27134
33041
37451
-4351
9724
41122
-8742
8758
-22444
5484
-27275
-5910
-6656
33303
1428
-9567
8915
-36206
1567
-8041
24938
30092
7256
-27282
-29406
-7947
-40348
35754
18852
-3573
29093
-19925
10768
-14293
24593
17941
25186
28108
881
-28221
-31288
33806
16329
29969
-10501
-22992
-207
19899
-31142
445
-14264
12005
-13234
-13102
28297
24859
25806
19182
-28456
-23696
-32031
20203
6770
-18796
-2105
-16037
-3150
10941
-31277
20915
17481
29610
29990
-24875
-42803
-28977
-32390
10760
-10510
20520
4954
-18265
-15698
23446
8492
-2061
-10527
36881
-1785
-34656
31671
-6511
23688
-17590
36301
-40134
15034
7191
-4468
10382
26403
-9899
15198
6159
-490
40035
-15136
29202
-14158
15635
13232
9424
-40911
23897
12578
28490
37083
19619
31669
24277
-19040
9022
-29438
-14236
9205
-9554
-23732
-36483
30893
16285
-43676
-16472
-11421
-24736
-42480
31
1680
8064
-39819
-3311
5918
-41604
29386
34188
-33381
-28645
-37056
12551
14848
-4016
-28199
15425
26053
-37875
13278
14968
31583
39596
-35949
-3769
-12175
-3219
32318
-1956
26764
-30043
9400
-34647
18857
8865
-23229
34977
-30672
3580
33588
3370
-34617
-21905
27171
-3930
-38054
10155
-25807
22229
-45803
-14981
-17905
-14360
-27553
-933
21496
6350
5523
-33435
-39476
-21136
25056
17281
11050
27600
32163
-8134
28350
36566
-40513
13654
10372
12327
25631
18580
12316
-22671
-4306
-24874
-37445
313
-709
-10530
-4295
-37742
29088
5809
8665
24362
-12159
-36481
34068
38644
-22999
1895
30237
-27840
37426
-30195
20316
-27938
29394
-5526
12103
18499
-38976
-29413
9182
18008
8218
30766
-26563
14575
12938
-7871
22482
-4221
-22421
21467
-35101
-47218
20395
-43299
-41800
17146
28978
4396
276
-21056
2809
21044
40223
-34122
-41399
-8345
31915
-15800
-28120
28845
-36336
15087
-23397
8587
30232
23534
-34108
37727
35803
22727
-37753
-29733
16577
-38197
21113
-41244
-22629
-22830
32501
-8038
-26872
-1301
-42272
14077
-1989
2003
16623
20329
-20174
-45431
14133
-15100
33498
-28986
-45732
31931
15367
-26952
24421
-47500
11900
26025
-45503
-4031
-41664
-33150
37345
-5372
-21230
19436
-3054
-21791
28847
-20323
39202
14544
317
23377
-23842
19522
-6701
22070
11044
36629
-9184
35087
29883
22177
26123
-9218
-31090
17336
19329
-37916
-18939
-22443
-35369
-19107
-35456
-29864
-9891
-34570
22670
-19015
25332
23378
-42758
-14216
27843
-15035
29570
-44829
-7758
-12605
-45518
-14913
29986
-841
-10921
-27680
-6719
-24245
29785
-33924
-14093
-24161
35684
98
-9887
-38584
6461
4030
-9009
36185
12259
-16424
23986
35137
-3685
30742
3672
-19897
-8575
15240
29500
-16478
26131
7041
-37362
-28591
7574
-17035
25794
16593
-17518
9495
4250
-2522
34528
-36978
21652
-13784
20759
30428
-35882
-43166
-4477
25305
13791
-25895
-28307
27967
17365
26263
-35229
-12409
35215
19824
-6755
-22653
-23888
-13551
-44030
39001
4964
-15633
-23228
38263
4848
17165
-858
9325
6805
-28332
-26523
25685
-28830
7835
-36028
-25959
-22492
23376
18893
-11945
11736
-1868
-25204
-31896
37820
28639
-35645
22357
-26975
16091
-9444
-6788
-16838
-36613
-35069
29594
2749
-3896
-30313
-38829
-138
-1791
6951
5236
18006
-43656
4120
-38715
17662
-33128
-19905
-6137
13433
-16475
12292
16322
30134
-15144
-9498
36785
30205
-6317
-38274
20142
21152
-702
18533
-20267
13924
-25905
-14790
33529
25684
-37525
-35125
17907
-15607
7963
10763
15382
-23611
18717
-39396
-2771
9586
-24507
37765
7513
99
13534
38533
-13398
25841
-7424
33225
-35808
-39334
31481
29307
-16982
36854
-18144
-35204
811
-14944
-29488
13762
10690
-18623
-36154
19854
-33951
36823
37589
16702
-36595
-36859
22162
34629
3787
-34891
29063
-30200
-12784
29087
24194
13387
35105
-30398
-37397
38043
27045
-25439
-38259
4365
-21395
9022
-38017
-15902
-9488
39438
27268
-24733
-3583
10913
-10148
27845
-27520
25442
-39228
-40821
15755
255
-23905
15337
26176
1131
-24861
27582
-10638
18161
-8616
36272
14267
-6095
-20006
38224
-16505
14400
-30209
36077
-40375
-29544
-30708
-30743
-36063
34603
33673
1076
26099
32517
2577
22897
3186
-15220
-22146
-17511
-25490
-7913
14905
11390
12385
-33014
-17632
9429
8985
-34393
89
32357
-39670
-6549
-4824
-21203
-17094
11445
23097
-25461
-32287
9819
18025
18953
6270
18452
13699
6759
-24414
-5566
22805
-19681
14573
31587
-37521
41182
-5794
-3915
18552
38548
40479
-15775
-14712
37543
-5869
29010
21723
8526
-28590
29503
-17757
-17540
-25670
9412
21348
24653
-12350
-748
-20975
-29145
25321
6759
-1349
19046
34112
-24354
-27357
5707
-8463
30951
-30266
-27659
-19143
10222
-32743
119
7871
37224
22213
-8683
-758
-20883
-11011
-19609
38944
-23217
9376
2169
-13617
23774
40545
175
530
-18714
-22996
-1044
23447
-37474
33832
19072
12331
23880
40250
-24411
-27438
-27174
24554
-34027
27547
-7683
27788
-3955
19599
-40413
24471
-17511
11852
13232
-37214
-19675
-2562
-37327
-40273
40198
-28198
15117
-35219
13905
-19278
-4120
32583
-37155
-40097
-14038
-12549
-13741
17204
20835
8967
40152
-10554
-18772
8187
22535
37359
-4951
32823
26580
-4209
-13304
31980
-32668
-25762
-4206
-29193
24323
-25300
19432
-7871
28579
31091
31058
-25335
-19700
-17850
-16369
35091
-29586
32367
23616
-35782
-11395
2030
-22246
-23857
9974
-26646
-35584
8052
-21221
-23338
-38462
34076
27918
35523
-24518
-39576
-5722
-7165
12370
-15171
6388
13276
-11967
-18534
-25975
-32364
5141
-15809
-38265
-792
23197
15130
17688
24545
-38155
-1455
39973
31506
-24074
27045
-29732
-24525
2733
13610
15762
-38459
-32865
-21908
-31219
34050
-39644
7983
38254
38063
-17976
38308
10643
-23494
34845
-15758
21186
40305
11202
-35403
-22110
-1411
-8289
-24838
17369
17430
21562
22583
28068
-34015
9133
-15099
-34803
29883
-40556
-15437
-39720
640
-4299
6403
31030
-12521
22289
36105
12580
-36667
23639
-12283
10306
13059
-33414
668
-29744
5206
18922
-1783
-16049
-21907
-17880
28948
18168
35688
12230
-34934
37763
16109
-33362
-16355
35769
-40078
27259
20546
-10641
22242
40174
29977
32400
10283
41632
-3261
10823
-2369
21472
21970
-17529
-27155
-5027
2324
-25713
9286
-12025
17956
3073
-36500
-12522
-28266
30543
-20322
19353
-30834
39772
-3841
28992
1183
23494
36917
-29856
837
-15624
23129
-9701
-29735
27166
-11234
-33629
-4702
19624
30545
-25589
-33152
16634
702
23739
-20675
-4791
13580
3079
24629
36410
-23312
4144
9403
-5622
-33065
34555
22754
-40130
12662
-10067
-27599
-22359
-29618
-3463
-23906
-25797
24368
-14607
-24114
-34195
26761
-5360
-40254
2859
33953
14953
13501
33001
3313
-15503
26828
-40998
31026
4689
-32502
2025
21197
33844
33342
22401
-3109
-1622
4340
-7134
3864
17362
-28775
-5409
3191
28004
22161
1073
-2714
-8633
-2499
14312
-16032
-10268
31619
2596
10020
-39380
8866
35077
-39852
20676
-38472
41864
-27821
-26685
-38883
40442
26663
23286
-1717
38531
20463
-16075
-22715
19302
-40567
-13748
1819
1406
30751
3338
36105
-29039
-21757
5026
15973
-36238
26564
26332
20087
16755
7539
10156
19506
-8772
23363
34854
1426
-20140
25885
-39183
-18597
-39976
10131
12245
18795
3273
-16281
-10561
-37701
21779
40797
21024
2359
39302
-25159
32954
-7061
-35308
-16523
-27464
542
19085
31864
-35922
-16216
11965
19129
-18792
-7077
20303
-146
-20779
18689
1764
6084
5087
34192
-30420
-17673
14866
15372
-7880
20532
34868
7166
-22962
-22721
28953
-7056
-35961
-29754
-15728
-4895
-36618
40112
39986
-31650
26988
722
18819
-7848
8511
-29140
-36256
33855
-2345
-15812
-19334
-20318
-30991
37310
-34982
2437
20838
37276
-1105
11885
-30876
1263
-16069
36819
-37181
26713
-39733
-5020
-3356
31890
-14400
39958
-38706
1198
-23231
-19886
16877
30259
1074
25632
2236
-37262
13582
720
-3693
-25992
33628
8730
8963
-3922
-13817
-38809
14041
-39352
-8029
7050
-5717
36690
-7279
30943
1606
-13157
-39469
-8358
-10877
2800
-39193
21921
-19680
41626
37093
-35102
-13685
-12872
-15371
40573
31618
9953
-18372
-22418
-28729
12212
-27853
6330
16010
27657
25919
15911
19775
-21032
-13419
-26324
-21221
-25294
-10860
30595
37186
-30977
-22086
4115
29165
-21244
-20609
-22643
18328
-25563
-10248
19178
41108
-16945
27755
-4025
-31016
-37626
14574
-34673
-27651
5832
30662
41608
-27613
21163
-33389
-11698
11050
7237
15119
20189
12681
-26085
31727
41623
-68
10796
-17140
6269
-22199
34697
-27069
-1967
204
14056
33009
-7410
-20551
13081
37235
-20371
-23705
-2419
-372
-4419
1688
-23659
-9911
-19675
-15465
-40375
-17369
9608
-23548
-22903
-27688
-33859
-39364
11257
16741
-26763
-13916
475
36111
35942
-36475
1315
-31426
35369
30628
-13077
25709
27949
36753
-17682
-8602
36308
-18214
15605
-10748
30734
-23738
16447
22514
-30086
15229
-36920
-36697
-20431
24048
8746
36596
13029
25693
-32527
-36317
-20857
29716
28587
36420
-28653
31585
22733
41092
17197
-4942
26449
-3186
-7120
6980
-29456
-459
17713
10473
3343
-19975
-8988
19720
-5132
-2449
32801
6620
15286
31005
30881
2518
-14813
32573
34432
-34054
21535
27642
26464
25625
1337
38301
10127
40903
-16107
18748
35288
37334
-28790
18380
-7889
-12828
-33115
39801
-32041
18908
7852
-20636
3282
9338
35268
34227
-35979
5191
-20469
1765
-39864
-6543
3506
39369
4285
22921
39813
34663
5040
13959
-23853
-32500
-10704
4178
14177
-30635
10881
-9640
-30381
-23346
4223
-39130
-2443
-7722
-6988
-4662
1079
-31603
33440
-19488
-31977
-28096
-28390
-24230
-15427
-31976
11789
40307
21039
41889
-15496
28014
22318
-29676
10192
-25030
-33467
8506
27736
-28407
36862
-14336
-7982
39839
9311
-20033
-24667
37160
40987
-34675
-30617
-6285
25262
-12078
39703
7029
-24163
16011
29313
40350
6096
15340
14760
33991
2692
5914
-20743
-22477
37249
-13326
35431
-13133
20077
19593
-11227
-5172
-17603
40826
-20854
-21679
-21833
2262
-13600
11259
20413
-5097
41155
-31621
26495
-34199
-12641
-15284
1119
-32380
837
26157
24595
5487
-20923
-2019
-25712
4209
-9423
-19858
23800
-40144
-11558
31969
31593
33322
-35496
27446
-4645
-13423
1952
