39143
-16307
-18320
-31019
-19561
-25757
35902
23771
7192
-18809
-112
6239
23228
36425
16916
41599
-38322
16275
-5797
13332
-6949
33781
35403
-8932
22518
33402
23925
-6185
21504
-33206
741
34857
-16739
-13298
-18744
27276
11174
1497
-35297
22045
-20903
-7224
-5135
5059
-21355
-26436
20869
9733
-38605
-10292
-28393
-24808
2476
-14446
-28724
32212
-29615
-27322
-35679
41373
-27683
21951
-8001
22634
28498
-10786
-22936
-5221
31411
-7804
20551
15942
8457
5038
-39652
26713
-10274
-35548
-16364
17624
2895
-19460
36221
-14250
12899
26663
-28425
19
-22264
-3509
17040
-13944
-22099
-18917
-7246
15945
-14233
-9436
-7971
-21617
32736
-13938
-7400
-6595
-31763
-27111
-22735
20214
31258
28878
4082
3871
-12030
-13264
17523
35018
-26320
2711
16908
-23950
38452
-27830
-2812
-24856
26562
40758
-7941
-34799
9861
24538
36152
-29198
-13863
15743
-40119
-24306
-12675
7211
13253
-12368
5950
-157
2840
-34248
-30138
18045
40397
27712
12554
-4148
38463
22061
-14345
13453
6645
-4347
4002
-11307
31083
35479
-24571
-32825
-28713
-38340
-31848
33536
-26016
-17608
-10116
22798
29265
-19540
38933
27300
-4123
-25023
-11302
-11216
41816
-22881
7834
34181
15677
10653
-33747
27813
-29256
39676
-37199
-6672
36335
32919
29429
-32339
38794
15198
-31448
-21711
-32126
4454
24982
-27584
29548
-11643
21289
843
-5323
12135
15121
7825
14585
-35710
14030
-36930
-17324
8865
20756
31994
-22512
-509
19809
-9044
3419
1141
-30287
36609
-34571
-33777
-20330
28414
-25896
-21608
-37559
-40702
14868
-2612
-11712
15737
37495
-8129
-23377
-36266
-1771
31186
13382
-3915
18545
24550
20043
-34512
38842
39389
41253
24775
-13895
-28915
-449
42874
3618
-38736
36282
-34855
27073
41519
-23668
-36045
36920
-12652
-10289
-5160
-37242
-37918
-1245
-28563
-25637
-25440
794
35221
-15257
-5048
20677
23548
33346
23879
-25692
10075
31416
-5807
-10250
6988
26142
-21845
-2728
5130
-22035
-1617
-27563
-38603
25114
-18256
-11383
-15243
-8710
4462
-8346
-24697
-3007
-16927
38929
-11880
-32024
-35438
35793
8997
-11005
13052
-25093
24310
-13005
31817
-36654
-28906
37208
-3474
-19468
-38395
-32465
12604
10874
-5823
-11185
831
-28061
9261
-40566
20873
34554
38984
-38916
11124
33980
-12088
-33056
-34805
-35219
-20683
-35241
40175
25495
-21796
40840
8266
-30885
38684
-11425
13809
26692
143
-39797
-37054
17322
-25475
25762
-252
13832
-26682
18800
40930
-24381
9268
-26949
1968
13969
18236
-15215
-27431
10778
28255
44
-37864
7656
-31953
236
-16003
42132
11886
-18369
13342
-22465
-8176
1600
19712
-33604
-39008
-18141
-17179
-21963
15843
11556
-34199
-31965
-23095
-12171
16834
32164
15308
34144
-13038
35541
-20571
15807
-34027
-17902
25913
-2932
-27663
9219
22133
-25458
2638
9511
-22242
20944
22227
30375
-15434
-10244
16081
34599
-22019
-4471
-496
-9004
8864
6155
6663
-19248
-2727
-32266
29603
28102
2424
31200
29281
42387
-6615
40048
-39980
-23850
24636
-60
-13984
12013
20633
-39279
2118
-23406
25892
-16690
-34776
-13438
1896
26649
35619
22781
37985
21002
8337
-2258
-35141
-24798
-26420
13565
-37419
-13879
12513
-21872
4045
378
-34349
-2863
25332
-7465
-9183
6579
17915
-30933
11654
9912
9941
885
34822
11270
-30755
8981
22779
11540
-17654
-27780
22613
-1557
-30889
-3596
-7418
19102
-14131
-25166
-25782
-17734
-13599
-33774
-32499
16542
7974
-7373
-13546
-27713
-714
-26973
-22217
20287
-17788
1293
9477
-3018
10129
-15943
-30761
7011
-4649
-41130
-26946
27617
-19878
2301
-38106
22577
-34455
-36980
28015
-34673
11810
31352
-8912
37886
-24555
2286
34702
-29376
3929
12150
-39345
33669
28423
38151
34284
42528
-4446
-30107
11590
-9668
8170
27849
-33372
30101
-34128
19770
4343
-26729
22902
-10450
-31252
17990
-9328
-22419
5346
17684
28175
-24425
13682
11651
14731
-39342
-10204
-40169
-12482
-34340
-34876
5059
-21217
5376
36839
29288
27143
10151
-2715
11241
-1135
-40081
6096
40645
4012
-40356
18668
-30867
36320
29692
-7500
2422
-37370
30451
30269
32523
34589
-23994
2455
-20046
-30754
21246
-19875
36475
32544
176
40328
-32000
-7208
28994
2089
-11303
-10021
-40276
15230
-32724
22037
595
-4506
-24695
40393
-35621
39367
-27566
-29713
-24244
-36436
20631
23552
36910
-8949
7636
9075
9136
-20153
-10077
31138
-38167
17219
-30976
30371
23231
5657
-33830
32828
-32783
-17137
-28055
42322
13915
-5015
24953
21537
-37226
-3950
-15625
-13085
-26051
-15595
4107
-34615
-22122
31219
514
38234
15630
-2670
-38441
-14338
12538
-19184
8890
30346
32792
3660
-4672
-25055
22100
21809
-34393
-3231
39185
30383
34793
-37852
2628
-37086
-29827
-19218
25746
17286
14948
-39822
5054
30187
-36107
-811
33217
-3461
-36212
24268
10002
7192
12489
-10809
19978
26978
21689
16598
7104
-2745
-22745
8375
-1613
23571
8658
31105
-31405
17694
16733
-12595
-28956
-19557
-3412
-37985
26356
-1208
-13985
6056
16054
-36297
3297
-36810
12194
12576
38663
-35692
19757
24994
12183
24528
-22921
19240
5856
3819
3678
31715
27219
-21463
-12351
31730
-28009
26993
-3479
-2225
-27363
29415
4140
-38148
-22995
-37895
32513
-40669
31553
-21671
40017
-39610
18152
-27900
-22364
-37280
27337
-30013
-38855
-31127
13429
21075
-36321
4308
-17667
22958
27902
-17060
-2408
7402
23293
23433
23666
-7361
-22543
-28015
-8580
7228
-10543
-40184
32812
32658
-39164
-23564
-3413
-9397
24379
-18767
692
8617
-32684
33625
31197
21042
-8775
-22887
8305
10699
-14815
36542
-21830
365
11779
16454
23067
10208
-26884
-19295
-28668
-32283
27477
-10931
28414
-22926
36229
-8421
-25619
37545
-29780
-33815
26973
35165
5156
-27090
-27787
17683
9478
-20019
-31655
-30815
41554
36822
-26023
21718
2046
-39228
16947
10144
34016
18556
36467
-14288
-9611
41099
29882
-27310
13726
5902
5494
13890
-29301
-35354
6134
21436
19045
8021
7099
25295
-11899
3143
-9788
-36421
15521
14203
-38996
35546
21621
-40101
-40766
-8184
-35037
-15955
-10665
418
26766
7974
24614
-32970
16704
-3344
7613
-14321
31176
-34664
-31466
-22006
-27569
27178
21735
-25303
2290
24460
40439
28082
28743
-15597
5885
-26137
11399
-18525
-16629
-31122
23908
-19822
-10194
4894
33509
-30634
-22772
-16054
-28714
-38425
13615
27797
37311
-36772
-16449
39013
-39190
33741
6024
-26905
-2148
-15134
-27376
8725
13390
-30517
38478
23565
20103
-9974
28100
-1919
-39333
23739
15454
36762
-2549
-8632
33678
-31578
30592
9884
-23853
-23061
-10315
-30667
-2621
9959
7103
-41115
10734
34737
-29984
31162
-8317
4967
-2519
-4441
4848
-20210
34016
5657
26588
17977
-14488
-18146
25489
-13986
-6494
-22757
10821
-27243
11435
28901
15813
-19396
26083
31250
10059
15591
-6890
32002
-10509
33365
-21872
-24436
-20610
206
22656
14095
19620
-4509
-4090
-11670
-25915
-10728
-28284
-26197
35266
8472
-17965
-23738
5348
7232
39729
25987
18874
9818
-40830
12837
25456
8670
-20106
-6509
-28731
-30174
-756
-1400
-39545
31209
-8107
32998
-20779
18373
-16315
-28823
753
2324
33653
-37052
-35724
-11452
-1378
19083
-19503
-36013
9322
-4579
-14191
32495
14165
14741
-13316
-1578
-22033
15887
-2688
32483
-10912
-10343
-15429
4588
35068
233
12595
-11481
37084
26189
-26752
-19459
-39231
-33327
18370
-30436
-25015
24499
20800
-36087
21040
-9209
-12895
16228
28316
2713
-11087
-13991
-31786
-11970
-12314
30892
-27889
-26596
-19298
30487
7074
37065
11688
15971
-7723
4972
-5802
37674
5251
-29425
-38429
-30047
-39206
-21422
-5543
811
3419
31739
987
24067
-16703
-30877
-12075
12712
-40388
-28709
2263
36811
-13196
-34948
-24840
37454
-1142
6210
33905
20141
-94
-100
-1969
23092
-34276
30978
-20666
-37018
38327
-30691
11352
10771
34153
-19995
-4437
-20373
15696
15848
-10392
-12696
27920
1719
-21264
-13225
17708
-38057
-40176
-16804
-14632
2161
-17120
22761
21990
-25352
-32386
-14038
10189
-12882
-26538
-5877
-15001
38557
12883
-5544
-36725
3585
10897
-11642
-3768
-10418
38957
10237
40356
-14353
29446
-32775
18969
17256
38517
13203
23855
-22533
-28885
-3516
-23093
-17844
28197
3483
-10784
4668
16236
8041
35841
-22722
-19295
31460
11175
-17609
-38005
33551
13580
32051
-26440
-18359
35304
-39091
12099
-9114
-2997
6859
37983
-21288
-29079
-39423
-12675
7533
22384
38245
12908
5406
12623
28586
-8102
5245
-27774
-41641
12405
-12086
-11153
-353
6480
31691
9876
20217
34371
-21155
27322
-23666
12582
4923
-37301
-30189
-16501
31966
-24979
22774
2625
-17367
-36883
20326
721
7837
-25369
-1110
21076
30303
10439
-28858
18412
17289
38383
32778
12482
-11103
-19369
-34981
39413
12971
-24941
17287
6879
30537
-2646
-32968
3889
22969
-41062
-14550
25751
-12581
29977
36184
-37882
32157
-34373
6392
-33725
-5769
-15112
-34749
10307
-13764
-16698
-20281
-21515
-20554
-23373
19449
-21319
-25273
9777
125
474
-22016
17096
19756
-38295
7797
-29340
-31387
-33892
27929
-19394
31733
-1970
22741
7019
-28090
18350
-8833
13283
14086
18161
8958
12166
-18377
-8313
-37316
5833
3064
-1178
39609
-26726
26774
12439
23013
-9241
-40752
24430
18407
-22566
33217
-42947
15423
-20570
6462
-33716
6220
-16703
3078
33720
12531
26538
28595
8084
13700
-24040
-15370
-19673
-6669
32863
-8104
-24476
-40165
-9631
-14366
-12139
-20389
18792
18436
41582
38384
17485
-4241
-30120
-28241
-37635
-27817
12048
4326
40321
36445
23072
-21388
6798
10194
-35502
4188
-29797
7132
-10948
-19330
-33007
23841
-34672
36096
19009
12339
7052
6377
-13190
-22550
22136
-18534
10338
-3128
-30605
15892
-30128
27332
-16039
-31739
5404
1794
16266
28521
-16766
14456
19410
-13166
-327
-3071
-22624
-31795
3345
29168
-36472
39180
-4760
-35387
13494
34099
41017
6834
40731
-4886
-6304
22424
-7641
-2839
26784
4827
-22208
-17303
1852
9141
26500
-39593
31524
16859
-40848
-39296
8167
15134
18262
9797
-8549
15962
-106
2252
-10267
-42065
18924
-42991
-17279
-29587
-2998
-19270
-40845
-22632
-9599
-29338
-16863
-35577
-25334
3500
-17298
-15017
-23164
16511
-26715
-34054
-19683
20896
12734
37263
-9859
13213
-24003
-39917
-4439
-6240
5898
-2185
-7628
-25834
11625
-2535
-10484
6560
-10712
-15417
-13764
-10803
25265
22876
38516
-26363
27768
-9254
21099
23799
32971
-43022
-4076
-15828
-34377
14301
-42068
-4941
-24624
-79
-4092
-41550
-23321
-2879
7139
18343
-24281
-36390
22362
4931
8746
-19513
2843
15614
-12717
13976
8927
37323
-4290
13299
32469
29350
32426
8123
-37950
-9437
-9629
40429
20548
30862
-24377
38165
31298
-20013
26137
-22815
-11382
-8651
294
-30861
-9405
287
-14075
-16441
36748
-26964
39072
20823
-10303
7554
-36186
17070
-21371
-14036
-33974
31691
28025
27209
-11233
-42362
-16815
9486
-816
-44929
20588
-39876
-21949
-7819
-29749
-34045
-16657
43728
9015
-24583
13923
8148
-5866
14829
18427
940
-35099
-10534
-4274
24342
-6432
40528
-21680
41593
-13535
3182
2248
-4980
37618
30024
-3274
-23340
-7138
28273
4276
35245
25090
830
-12151
17256
4210
24474
34974
-37843
-24845
-23328
3103
-4741
26658
-37538
-37094
-1772
-38177
-3751
-2132
12570
1318
-13562
-25588
22083
-27253
6338
21571
-42292
19154
-23625
34427
328
37179
5625
2287
6163
42119
4674
-28697
6019
-38242
-32214
24780
-27257
20225
34355
-39041
26803
28061
15094
6723
-28322
7801
37796
36734
-7389
3378
-19410
40706
10920
16219
10969
2410
18536
-17205
-33437
-30757
37788
-10540
-26536
1942
-16327
21636
-13644
-474
-10818
16387
-21676
14141
-22241
9609
15046
-37980
-3109
-13944
5542
-37172
-2684
37711
13984
-13135
12685
-20511
-33231
-15906
30652
-10211
-30088
-32983
40243
39804
-11749
38795
-19112
36435
-3065
12106
-28228
12887
11744
41039
-33281
6050
-31423
39662
-17339
-17724
-12259
17701
-28150
-7204
30875
31435
-10377
29042
25298
-39867
-9757
8944
-7969
-21740
-16294
7636
25320
11150
21942
-32761
-2467
15500
11315
-43876
-5616
17923
-21767
29175
-18177
21874
28721
-37308
-33006
-18455
-19765
-5216
21379
-35315
-32811
3992
-16416
-21105
34839
-30534
19654
18027
28225
30025
8911
40316
-11035
3912
-4460
3139
1971
33235
-31690
30590
23465
31580
-16143
23581
-39553
-37811
8140
31368
-290
-39951
13805
-2389
-29979
5460
-4722
-8598
-31998
-14600
9325
-10728
-20445
25236
8474
14336
32065
12072
-7721
13251
-28854
30932
-35134
-24453
6556
-3026
-36925
-34192
1177
-32524
-8214
22404
-11384
13899
38414
35580
-30010
4463
-33162
-20225
33468
-35664
-30781
-22846
29950
-9614
-4383
32446
-13096
-26690
35470
25631
20527
9520
617
-34385
-31431
-13232
3667
20458
-24072
-20090
16032
21850
6322
-29940
-17821
-34522
-9918
36059
-12405
-35103
25310
-7620
29211
-42737
-22597
25113
-29797
-33689
5774
30073
-15962
-15003
-4792
11681
-21333
26183
-9056
10238
-14556
-8518
-36146
-17108
22533
18886
39136
15560
27297
-17977
39940
-10099
30724
-19187
13380
-7868
30327
36677
-9889
22398
-12503
-25301
24888
28143
25524
40847
26454
-29661
29506
30550
-11049
-36656
-2900
39111
22491
28856
30735
22885
-28765
-4742
-29040
-32323
26747
18062
34123
-9778
9911
-3386
-37073
-19922
41081
25305
13016
-21715
40606
-7357
-9485
-21068
-16034
-29509
10472
38363
17609
-3109
-14799
18707
40368
11122
26329
-12070
12332
28510
17473
-23697
-4370
-29450
-39455
-33593
255
-34503
560
39009
26942
20665
40640
-1542
-21915
-19187
-1991
-18333
-28663
-8821
14013
-346
-541
-11201
-13139
31715
-25251
31851
17533
-25483
14581
14809
48566
47678
-5251
29782
34022
-7664
23551
4252
28279
32764
6067
40795
25021
-32790
-29252
39695
30345
-25801
25800
-12026
25733
-10844
13299
8856
-18095
-10116
27483
-17451
-17056
-36794
-210
9140
-37679
13869
2963
-39787
-27007
27591
-8098
18676
-26959
5714
26650
28987
33089
-18693
9803
23344
-23861
9860
-21963
-22884
212
-12115
13762
19591
34225
-5890
13608
34833
-23155
-24306
17048
21133
-4797
-9730
-28640
4917
6760
-24772
-14649
-304
11082
34780
-23298
-16259
13
7075
4834
-12435
2934
2951
-27269
30385
-45
36816
12377
21354
-10794
-1309
-37055
-19777
-28670
-18004
6372
15850
5441
-3029
-25674
25165
20299
745
-28270
40562
-16301
18129
-12324
7146
-25873
12247
-25585
525
36589
14776
50251
34268
23466
32559
35312
38864
42594
4420
-17819
-37283
-23549
17594
-12308
-27019
-17514
-37572
24171
15286
-23440
-23674
22077
-37587
-6604
-38993
34928
-5286
-14564
-32460
29246
5659
-20439
14982
-1134
15240
33946
-7255
12131
908
13306
-6249
3818
551
11981
-25279
28891
5593
8103
-26740
41446
22314
9203
42967
22596
34999
-6005
34769
-23143
-5791
31540
34612
-16995
-18570
-18476
38245
30170
10529
-8446
-10894
-38510
9561
-7578
-41059
-42390
27944
16727
19130
20718
-568
38820
-36620
-18302
-4363
13421
-4509
23270
15322
-4737
-22044
-19810
-21598
39303
7486
35159
-39113
22430
41643
-27766
21955
-856
27431
-34949
-31964
-25686
23221
-36739
31864
21171
30932
-36330
-26633
-31560
-9234
12104
-22611
-30664
-12761
31117
-5926
17354
5432
-3339
-21502
38547
2842
31840
29199
33844
-22219
-9384
-36133
-3420
-14755
-34801
16843
19314
-8004
-33663
15833
-958
40474
-28968
28650
-2108
-34238
-15632
6147
24376
222
-7703
38820
-11395
-21011
13845
6264
3780
12164
9776
38841
21616
16256
9634
-2594
-24208
5385
19076
-29754
-22312
10279
7615
31828
-18768
-9489
-21073
-30327
2247
-12796
12846
-4006
-17222
14952
-445
-16796
42322
-488
-18816
30634
-12867
-40989
-5953
28591
-22607
37940
-34766
33389
17460
13483
-11550
23225
9871
33150
-16849
-2691
36399
22738
8547
19848
11870
9405
-2641
-34956
29394
-25641
-22868
-3753
18696
-24828
38463
21992
-37951
-39236
39030
15920
18560
-26113
7979
-18206
-22905
25143
27256
-35739
-16926
-34107
-6485
-21729
9830
19971
26236
-11073
23584
22237
23686
38624
-5941
29393
1361
-4406
36832
-36247
-35611
4841
-43001
5039
7516
-34050
4193
-4951
4416
17983
31455
32183
21690
33059
-1327
20709
-26974
10096
37962
-4304
33678
-32751
-13568
1406
-24643
-5932
-21591
-36218
-27399
-35722
22184
-33255
25744
-19157
13183
-14314
-25907
-6988
19659
-22444
26413
17066
-793
-7570
42890
41028
31843
-22130
20282
12138
-4744
39619
38506
-19665
2011
38440
-33863
8557
-22908
-801
1156
-22667
-39224
28467
15608
10193
-32609
6690
15154
-16266
37558
39082
-33005
38265
-5495
-39506
-5856
21464
-36534
7264
13125
-32259
-34336
35682
16723
-12115
-16357
40863
41626
21779
-14576
-12199
142
40626
43516
-1896
-6801
-18102
12759
-15791
-30415
-21860
-31514
-4879
39983
1365
10651
-2464
34264
16337
-22635
9977
17540
37193
-18742
29840
-18589
7440
5443
2121
-5973
32198
-2418
27185
13401
-25871
14896
9387
20934
-17504
4027
-30429
-12627
34091
-28928
-28587
-41884
17352
16688
-17852
14369
32638
21007
-4901
17678
13413
40673
22504
-38098
38104
-25003
-13760
39095
29564
-38396
3514
24996
28268
-9252
38387
-6807
4625
42319
16534
33633
16545
1864
-22545
-7451
179
-23742
15780
-40125
-7603
-11767
-29191
10210
-14097
26859
8992
13041
-41368
-41564
-8608
6177
-22299
-32068
-21298
12659
-32255
-3027
-4479
13382
23253
36232
-41976
15416
9687
-36489
-33381
-5276
28376
18334
-24690
-34816
-33605
-33737
33961
37997
-32220
-37741
43139
-15890
-4087
33660
-28491
-16546
7659
-38954
14283
14226
5792
-21544
18157
19949
-16857
16015
-19984
25743
-19273
-21966
-13195
-392
26550
-16901
-26604
11841
-5635
20745
-23525
-38626
-29398
12007
-1857
-17854
31534
36979
-14687
36929
11457
36314
-39572
-25706
24083
-12313
23738
26863
36869
-11426
-38984
34832
-35264
28391
41130
25307
34544
24493
29399
-39804
-29225
-9302
-23326
-37333
28429
-7543
-22829
7721
-19958
41357
15498
-8254
26239
-25822
24082
-14740
-1122
4666
-32505
-32640
-24374
-14285
-40567
37573
-16422
-36716
23052
-6532
-23415
2860
12753
-42995
23440
20289
-33279
-11265
-31779
-24691
15451
30642
-15621
39500
-9770
-22630
-34937
19399
-33133
18375
-1507
-8193
-6851
11700
36221
24791
41020
-29861
35973
-34992
4610
1934
2563
34335
-9141
-33572
-34907
38499
-14897
39637
-26695
-19623
16869
-38688
3664
4018
8916
-23967
8745
20916
-42453
4592
-5323
-38597
21776
4497
-39586
-42207
8463
3848
22536
-18764
-7748
17613
-6828
26233
-16397
-39056
-1607
23736
28461
28274
-38340
-330
-8298
-40058
-36848
-40895
5005
7996
12847
-36755
-29069
-25867
27351
-6908
-40218
42431
-8838
37790
13957
-24111
-14317
-16609
-21484
9767
22384
-21980
11551
-13304
39729
-9462
5578
37821
-17973
6934
35930
27958
35171
24098
-37234
22138
21031
26021
1882
-16277
31480
7046
24050
-24169
-13472
-11513
34348
12685
37939
1313
37057
-40918
-4541
12411
-40055
26674
-11086
-6971
-30477
29120
11100
-28575
-1767
-39486
-2773
-24
-27957
31169
-36813
13293
10328
-33262
-2012
-24834
14804
39900
29869
-2221
-13267
6627
-20406
41276
-12400
-23819
4389
-3896
506
37248
-11475
9323
26950
-40426
-12795
-27321
-43044
26702
-36562
-23240
-21146
-18886
27178
-12946
15078
-10785
-36641
19692
-11123
-1929
22208
14730
-10681
-8487
-32392
15471
-38671
-4105
-15570
36070
10561
-21090
-33478
38003
18341
29600
-28556
1154
-23570
42028
-12902
15170
23271
-34567
19253
-10841
784
13553
-10376
23268
5768
-8237
-7473
16124
26000
-4351
-40660
-4212
-11667
33125
38004
7255
-15182
-27856
31601
9649
-9513
-17990
-5680
-788
-16946
38381
8030
-15090
37172
-23955
5072
20877
-38687
20231
-14539
10137
34326
-14042
-1298
36644
956
-23323
-33686
-36093
15708
34650
11262
24223
40183
21120
-26765
30127
-38650
24175
36396
16491
-39691
17551
-28579
-6689
19404
32790
-15472
36787
20156
-6670
4564
-17998
38027
-7899
-25909
-4227
-13559
25555
-19938
-25439
-28627
-26992
30651
13423
13147
-34562
14118
-1497
-24453
-39412
-12375
-2178
-2960
-3565
-11355
-21471
-22990
-4692
23370
-41237
4685
10587
-35187
-32331
7777
10770
-35075
-28282
-14036
-21479
-18834
11915
8118
7078
-1475
-32658
36894
-28036
-583
39378
-11200
-21013
9036
-30416
25133
-10775
34544
-6879
-26279
27444
17238
-38761
-8516
-18304
-22816
-6217
-40292
-537
-19854
19789
-11928
-25702
-6476
271
-38819
-7946
17446
-35939
-12667
36597
19016
-30786
-41564
35638
35267
32884
10718
7753
-13577
17697
-42407
-21029
-11434
8265
11877
22324
6948
38189
-805
-28956
-35337
-32606
-25080
40201
30691
-4811
36953
42193
9067
-30803
-30358
12988
-7027
-16573
-21083
-21864
-31255
7509
-20193
39158
33698
-36094
24933
4293
-13825
-29416
-15003
26863
14544
-28362
-20224
28888
-20143
33542
-30649
-34624
-24632
-36672
18311
22856
27810
-40399
24893
-6505
14632
-6241
2969
-29268
5404
-238
13956
104
20101
-19006
-26805
-11913
-4481
16516
26281
38236
-2663
3303
-20445
38722
38509
762
31749
-11001
31629
40756
15567
25110
19868
28869
-33787
-34856
9681
-3406
-28039
14638
36030
7406
-18637
-38854
7353
29818
-35358
-35538
-22630
-17395
35112
34158
-3931
-42418
38133
14304
-40942
2228
-13961
-28950
26237
-3952
34018
-28673
8957
-39250
30470
-42187
-27726
-21371
-34092
-38732
32299
-7478
-30741
-8348
-31955
16017
38301
-14748
-9369
25951
-25830
-29202
39091
10334
-37600
-1441
-21249
-18712
-36424
-18929
-22097
32808
11368
-9948
-7599
-22874
-7864
12097
35766
-28465
4397
-39430
-40348
14023
-27438
18725
35069
1716
23660
17506
36109
-27663
-11086
-21362
-11367
-4986
-14717
12612
23235
5174
-36937
-12387
38458
16818
14554
29430
-18490
7614
15304
-2039
8640
22240
-14268
-13907
-11665
-3338
-33615
-418
36415
-13835
-7903
4099
-13496
-14616
-18212
30597
-25784
38704
-35601
-16355
-4526
27469
-25909
-14494
15123
-35797
18532
-6451
25432
24225
-28863
-37912
-42477
30607
-9364
-37768
8674
26644
-20281
-41933
-28086
3917
-24897
1686
-36075
-29401
-21633
-39407
-34195
-34589
-38372
5975
-17480
-9451
7213
30077
-16160
26007
-42587
1431
-6032
3092
-3673
39212
8526
501
38026
-35366
10676
11495
32598
-22639
2740
-2164
20839
-1738
10947
9656
4924
8310
-35617
10877
-7934
-14920
-6147
-37694
-8148
-23736
19484
-5433
-36359
34963
-20614
-20079
9570
-39946
-15179
-42843
-19399
24844
-20219
-28928
23577
11819
9198
35092
8477
11881
-28095
23467
-12714
16456
2965
-38056
-32424
3066
17153
27848
30330
-32581
30761
33750
-20688
32243
15413
-28438
-5049
-21184
38788
-26636
1739
7237
590
-24512
-2581
-37940
28049
17182
-25941
12998
-23974
-15753
36826
-27902
12470
4488
-20960
-22485
-16038
-42333
15418
-37403
-4358
35733
-27550
30656
33369
-25397
-2606
-35150
-31249
20793
13093
27522
-12316
-21155
-8796
25622
17255
-14323
22060
15548
9794
22364
-34663
15874
22091
-16632
27278
-29345
-17127
6811
5893
-10181
-21802
13941
-17660
31241
39015
12940
-24013
24102
6669
-2086
24361
-13518
40389
11156
11846
-31310
39791
-8048
-12969
31783
-10797
34242
-13945
6090
-40720
-22670
23065
23019
37612
35268
-37246
-32076
2374
-35237
4508
-9396
-10912
-31911
-38521
13308
15389
7670
38074
-27405
17044
-40904
-7919
81
-7762
12393
-5395
490
19278
-31302
-6961
14560
-19563
